4000 101260
4 63
31 62
84 77
79 90
30 91
74 39
38 25
13 22
60 19
24 18
5 59
23 99
63 86
87 15
97 12
48 1
7 96
49 78
88 20
69 24
77 62
3 67
2 7
74 23
64 90
86 81
70 67
25 75
37 59
57 5
94 52
40 21
39 18
77 80
70 62
68 9
3 18
7 86
32 82
14 88
30 56
89 93
88 87
44 41
75 7
85 50
92 93
33 55
85 27
31 13
53 78
61 40
33 79
54 36
86 15
96 20
40 16
7 81
73 94
76 74
15 37
66 97
67 95
5 55
94 28
36 8
72 15
48 97
42 94
56 48
62 85
23 49
44 40
49 23
67 41
70 99
85 72
10 33
55 53
69 50
40 97
7 82
81 41
73 75
13 17
18 55
68 46
52 32
76 87
92 92
79 58
90 24
57 40
45 4
94 30
3 68
80 11
18 96
50 64
73 56
73 43
63 100
95 4
68 83
12 22
13 96
89 81
48 45
22 29
43 85
69 46
62 25
2 66
49 87
86 52
14 34
19 93
53 97
17 65
94 80
45 40
95 74
84 55
53 80
91 77
29 36
7 47
22 88
46 83
9 62
46 43
70 25
71 62
92 99
89 59
34 35
5 94
78 91
82 32
78 22
72 27
2 77
91 99
73 92
2 15
76 50
86 25
20 8
81 98
2 42
14 39
77 38
48 15
49 93
81 17
90 92
29 80
88 15
63 31
75 62
48 28
8 25
96 38
18 41
100 23
85 49
4 28
56 69
14 39
37 59
85 42
37 18
38 87
76 40
10 9
39 2
51 41
47 86
11 61
31 91
49 79
24 99
7 28
48 45
24 43
88 96
90 88
52 74
27 62
52 18
78 35
74 89
12 95
26 72
43 30
11 17
62 72
98 57
18 85
75 11
34 67
2 79
11 28
23 53
77 18
72 88
14 6
80 11
19 25
24 18
10 1
19 55
99 68
69 28
66 100
74 62
8 75
55 39
25 35
86 36
59 57
55 21
11 24
70 51
32 45
5 5
32 19
93 16
3 61
49 56
19 78
88 79
2 34
81 57
11 84
31 3
53 45
76 41
10 13
71 21
99 59
71 13
41 76
97 78
91 92
58 27
70 40
50 18
65 65
46 26
35 53
23 73
52 99
45 29
92 75
83 43
50 33
75 94
27 58
4 46
75 1
45 88
91 24
76 34
26 44
53 59
6 88
30 40
28 100
15 1
100 61
78 10
38 65
92 88
26 39
28 9
49 14
95 30
78 26
13 30
93 56
64 31
35 3
96 54
9 59
78 77
31 48
10 43
4 22
57 57
13 88
78 22
2 44
55 64
54 7
27 88
8 74
59 95
56 27
87 73
26 47
7 39
65 34
15 63
50 26
90 73
42 23
98 91
37 2
71 1
11 21
29 9
35 31
97 75
76 14
95 41
27 3
6 61
56 83
30 25
63 18
68 23
8 98
64 61
22 38
61 57
42 48
81 11
71 51
49 27
68 36
48 49
7 65
32 21
62 63
56 43
73 93
56 38
53 33
9 47
26 38
15 5
89 55
12 20
64 31
65 69
58 60
90 34
70 81
13 94
19 58
84 98
32 68
78 7
99 59
6 5
38 63
40 58
86 68
61 65
40 84
5 55
8 65
46 1
36 75
22 80
53 43
61 20
77 17
58 27
69 66
54 54
72 32
58 72
66 25
35 62
74 92
23 84
76 47
95 73
88 29
47 4
79 70
19 97
24 63
77 80
24 53
14 25
69 90
10 20
74 42
8 25
14 26
33 6
6 25
2 53
6 85
58 19
62 72
82 53
15 46
82 89
88 6
39 29
39 12
53 82
25 90
12 4
27 17
53 37
7 76
14 46
99 92
37 97
85 42
22 6
13 77
8 46
87 83
81 18
17 66
12 24
41 42
83 43
45 81
46 67
36 95
50 18
55 85
49 18
84 70
22 30
30 6
71 28
12 58
69 70
75 9
36 100
32 73
53 26
88 88
90 100
19 71
38 31
26 48
3 64
60 37
39 76
10 9
98 19
71 93
79 26
10 94
63 35
13 21
6 74
60 1
48 15
55 91
15 37
96 33
90 13
88 19
77 90
12 40
99 28
97 11
86 48
86 79
29 83
39 73
74 66
18 34
57 95
11 49
96 82
11 10
22 37
86 9
20 71
20 7
8 2
50 96
81 100
71 36
62 68
86 25
30 88
61 83
92 68
96 76
8 67
82 80
83 94
85 8
93 19
33 74
81 19
31 18
19 52
9 53
21 43
44 70
79 39
29 37
54 18
26 72
39 99
28 54
11 80
10 69
99 12
18 81
60 16
79 11
88 68
73 84
16 87
70 7
34 18
7 54
17 83
41 84
40 85
100 28
25 43
85 55
32 1
58 61
15 73
2 53
66 66
35 15
45 22
96 4
63 3
51 91
21 75
1 1
78 96
83 6
62 21
28 7
1 87
21 37
58 69
40 6
94 72
73 55
61 13
79 41
31 61
78 95
19 24
71 97
77 22
96 18
7 52
60 23
53 31
21 24
14 27
70 96
7 90
58 100
66 51
69 92
8 90
38 77
21 45
37 37
73 82
82 65
64 43
73 20
55 53
73 63
64 26
100 76
97 69
25 90
78 16
28 29
2 36
96 91
50 78
30 9
91 9
56 29
41 83
95 39
28 4
54 9
65 86
34 93
12 8
82 88
2 84
71 49
71 64
74 80
8 85
43 97
55 45
23 79
15 17
61 49
48 41
31 94
60 25
44 62
55 35
37 40
23 90
8 70
33 31
24 19
37 78
75 91
31 47
29 13
22 81
58 50
83 21
86 66
91 42
46 81
67 5
44 78
16 81
37 68
17 57
75 18
32 16
24 53
98 48
98 84
84 2
45 41
28 77
96 26
40 2
82 63
32 17
63 43
89 32
16 99
38 62
77 62
43 89
69 8
6 74
64 69
26 10
40 46
49 34
69 3
85 78
67 90
64 32
52 11
55 57
33 89
27 28
86 73
8 93
76 75
84 8
91 46
20 15
11 85
38 23
11 68
45 99
70 40
25 11
85 83
85 38
63 72
62 44
79 27
83 31
19 69
42 47
60 40
58 66
42 81
28 43
94 96
60 70
44 74
45 6
15 79
76 14
23 33
52 3
83 59
98 59
87 10
25 4
69 26
98 46
63 27
80 93
94 45
84 66
56 55
78 79
20 55
18 26
91 74
99 33
100 57
9 94
40 80
12 96
18 59
34 12
91 90
11 6
93 33
34 16
8 11
7 11
9 29
30 95
11 65
43 39
80 6
97 27
68 43
48 31
46 24
82 69
79 75
39 20
65 86
35 30
69 98
84 40
52 55
11 71
82 25
4 63
72 64
74 4
67 11
89 75
7 15
57 100
52 80
99 47
91 67
59 91
58 10
99 48
40 37
68 26
94 86
19 42
64 52
61 28
67 72
10 28
42 48
45 99
100 47
6 33
31 28
20 45
41 25
35 34
31 67
23 49
38 97
2 31
96 52
56 59
90 57
54 18
12 10
93 36
52 64
2 77
51 78
61 25
53 24
43 15
80 51
46 9
61 56
44 54
58 89
79 80
5 81
99 36
76 78
56 80
56 21
6 57
76 24
96 45
40 90
6 42
70 93
29 38
7 24
65 96
84 96
48 80
18 13
96 58
41 16
22 28
49 34
43 45
34 53
1 9
37 59
14 55
98 69
98 67
9 8
55 57
28 46
65 41
5 45
3 75
20 20
60 65
61 31
47 95
8 9
52 20
52 88
77 53
81 10
10 12
94 48
16 5
10 91
63 12
63 14
2 58
84 39
12 47
96 3
70 91
64 7
33 13
83 45
62 76
30 79
43 5
16 84
9 76
7 97
21 80
12 50
78 68
32 44
24 32
25 14
39 4
75 52
28 1
68 56
7 13
38 12
61 55
23 69
99 3
23 66
85 83
100 12
59 57
48 29
95 14
28 47
12 88
27 79
62 44
73 63
8 57
4 100
40 98
17 85
10 48
12 78
80 86
87 15
44 21
55 18
11 80
34 77
29 21
91 80
53 84
36 33
28 92
13 39
10 1
78 46
88 56
94 83
29 9
46 64
94 64
23 75
25 63
5 51
2 53
86 58
29 65
61 61
89 57
68 62
29 45
98 56
80 39
60 31
36 22
75 12
14 100
47 1
60 88
43 20
37 80
13 71
30 52
16 23
77 61
39 4
45 20
64 69
84 87
73 29
61 32
77 2
47 3
85 94
33 52
48 7
70 51
61 16
9 67
10 59
29 77
89 12
7 14
60 68
49 94
43 87
34 79
62 93
41 87
45 18
56 64
29 67
57 40
85 67
96 41
86 1
75 70
40 13
1 21
11 8
64 93
62 4
39 9
10 95
98 50
72 60
58 1
20 100
32 75
18 19
29 11
60 4
58 82
88 76
19 23
6 75
82 63
4 1
68 19
74 49
49 70
23 34
54 67
57 9
60 100
1 60
94 61
86 70
92 72
95 81
96 77
55 64
8 85
35 86
64 10
5 34
58 97
73 62
76 85
89 24
42 32
57 47
49 79
100 14
44 75
19 1
5 88
77 37
75 53
24 59
2 37
75 22
99 92
55 56
83 30
58 92
55 67
77 43
95 13
46 90
23 75
43 41
100 5
30 59
29 78
15 14
86 44
86 75
88 27
14 81
74 50
29 58
70 79
74 28
80 71
65 53
93 28
85 11
41 41
19 80
8 21
94 30
93 53
6 12
48 37
75 34
15 55
54 3
3 76
62 19
99 44
25 51
4 60
50 48
6 61
32 89
64 13
92 57
17 15
3 39
5 89
90 64
84 48
26 67
64 91
63 71
90 72
8 70
47 33
82 64
26 49
7 53
75 45
18 1
64 16
74 81
44 87
31 23
27 35
47 62
92 41
25 78
23 12
95 52
26 77
29 25
26 41
89 89
72 81
94 55
92 79
76 69
83 71
75 27
53 87
98 61
89 49
42 58
5 31
88 81
75 74
30 31
94 33
1 18
99 84
9 100
74 51
95 70
39 22
100 37
93 31
82 63
76 67
15 95
76 66
1 43
95 19
53 6
41 84
66 99
46 13
84 62
93 19
81 83
10 40
45 5
78 95
99 88
38 15
35 25
86 20
64 88
64 8
31 52
64 57
15 91
91 4
89 59
61 60
82 25
40 96
53 90
63 87
15 14
19 36
91 5
67 56
14 54
95 62
60 39
79 4
41 74
43 53
24 74
73 8
5 92
68 79
50 55
3 32
58 45
84 79
40 51
21 84
100 86
22 55
37 40
66 28
12 58
25 51
26 87
93 82
65 46
30 29
8 21
31 11
48 64
98 25
50 66
13 70
92 86
9 57
44 25
84 12
3 9
67 99
56 71
7 52
86 77
58 25
9 83
43 73
93 56
100 34
16 56
44 93
21 40
52 47
9 21
85 97
28 97
86 59
29 30
92 94
67 87
36 50
75 4
15 3
85 26
24 22
79 72
29 64
32 30
22 48
64 27
86 38
88 46
72 49
93 41
26 74
81 74
1 24
20 46
73 29
53 9
35 1
17 73
73 100
38 48
77 93
9 96
66 96
15 52
38 77
9 90
81 90
25 79
35 45
47 92
10 56
58 66
26 15
90 19
41 95
47 63
5 97
27 84
87 60
76 46
19 77
12 34
56 19
71 100
31 79
81 99
23 60
66 32
49 71
48 11
55 31
77 16
56 58
72 26
91 19
93 34
81 67
72 60
70 12
15 12
70 4
31 68
25 29
95 18
20 38
65 76
42 32
24 35
43 11
28 44
52 80
13 87
39 77
59 50
84 38
21 55
39 48
58 49
86 86
87 70
5 59
93 16
64 37
13 16
64 94
6 55
57 50
44 12
29 67
26 13
11 23
99 70
56 80
35 4
93 39
75 70
51 31
86 71
51 4
46 41
13 14
2 35
58 28
3 42
60 84
41 17
24 96
51 83
51 66
61 34
89 52
55 24
53 1
4 41
19 40
17 46
10 47
76 41
12 58
90 13
1 53
74 32
88 82
57 85
8 35
33 21
83 54
11 17
18 43
33 57
56 58
83 8
86 91
65 37
37 49
98 26
58 53
12 96
48 8
8 18
73 29
88 11
14 42
77 82
92 51
33 33
45 27
1 98
8 73
9 36
90 10
8 25
82 68
30 92
16 9
42 54
62 64
99 62
4 71
31 6
83 70
11 28
65 13
21 12
75 16
2 61
18 37
32 68
13 56
17 96
39 38
37 37
4 7
53 79
66 70
95 57
85 63
62 96
47 54
44 35
70 32
89 16
3 59
4 51
70 59
19 20
45 4
31 22
69 33
48 74
13 27
3 55
58 53
78 39
23 66
84 68
31 51
92 55
16 88
95 6
60 50
54 25
84 94
16 56
58 55
49 63
62 65
94 17
62 11
9 18
37 3
32 94
49 85
92 13
35 44
18 43
10 32
31 47
100 64
30 17
30 73
64 90
32 71
39 25
41 80
7 36
22 45
23 30
98 42
37 84
18 88
10 92
43 60
1 81
25 99
100 14
1 44
86 63
94 82
62 54
46 33
82 36
45 99
94 17
73 48
31 42
63 12
34 32
61 40
14 75
15 48
42 12
78 17
47 70
32 89
70 96
53 5
54 33
93 78
2 99
42 68
10 65
11 42
84 27
62 97
87 40
36 92
14 92
73 55
81 73
75 97
70 39
62 8
72 95
64 7
87 7
2 36
78 18
72 38
15 76
92 45
87 37
56 87
69 61
85 6
40 27
38 8
37 63
93 11
82 85
90 61
34 78
43 1
53 54
70 4
4 98
39 93
5 95
17 89
63 99
85 19
44 86
33 89
98 78
15 80
48 96
36 85
68 68
25 65
8 74
82 43
68 9
46 11
90 81
88 21
30 68
29 8
78 29
18 30
73 18
59 65
7 42
58 96
2 66
11 95
27 51
5 15
50 40
83 46
74 55
64 90
19 16
69 40
96 79
17 94
83 72
43 74
4 30
2 39
20 90
11 3
84 33
87 99
56 65
25 13
27 71
37 33
5 72
4 51
54 14
77 90
62 16
61 8
34 37
15 33
71 54
13 87
72 47
72 45
95 84
45 1
36 35
14 100
13 93
83 13
82 45
47 64
26 38
37 74
100 54
97 27
100 76
35 86
35 77
7 93
59 50
61 100
44 77
15 22
64 50
97 42
91 11
78 17
57 49
77 99
92 49
80 55
89 85
63 47
3 99
35 21
59 100
90 33
100 72
23 44
73 45
81 16
21 59
50 34
70 41
21 12
46 13
69 68
55 97
80 41
75 60
66 46
93 40
18 36
80 19
56 42
15 30
71 29
33 58
23 78
47 79
77 7
54 32
87 64
39 5
9 31
21 36
98 4
98 15
21 7
20 47
22 12
53 74
41 5
23 45
22 66
61 68
68 9
90 33
15 16
100 50
17 45
32 62
92 41
86 32
12 32
99 82
100 61
82 61
84 40
75 39
80 39
60 98
80 22
66 54
98 2
88 4
38 41
95 6
38 19
58 99
67 4
11 30
11 72
7 61
34 26
84 37
19 28
53 35
26 22
85 44
4 36
42 66
17 57
95 76
79 97
28 88
46 58
79 58
61 100
29 49
5 48
40 91
88 46
36 21
57 96
85 47
24 25
94 37
32 4
13 95
52 35
98 60
75 24
14 59
56 72
8 1
49 95
74 99
13 35
74 68
58 94
16 22
67 33
26 50
63 98
46 30
53 90
8 7
76 39
13 89
88 7
32 38
4 31
75 52
67 58
60 27
11 50
42 34
6 63
42 6
54 28
9 49
91 17
81 3
22 7
46 88
88 4
22 54
19 86
52 90
96 21
29 80
68 12
14 54
54 81
82 61
11 35
59 70
41 67
38 25
23 11
28 73
69 62
27 41
2 76
88 19
38 19
12 77
29 5
43 81
6 82
35 32
51 82
96 50
15 87
24 88
42 37
54 90
46 41
12 75
6 31
93 14
92 6
25 94
58 67
46 86
6 54
69 53
56 8
46 72
58 77
78 18
73 96
27 38
56 10
26 23
14 8
94 29
89 100
94 12
88 61
94 33
28 96
91 42
90 83
94 82
14 82
83 19
48 23
11 22
94 93
53 53
3 87
86 50
29 99
61 53
83 36
34 52
81 57
90 95
31 76
38 85
67 64
3 71
16 22
75 73
80 94
81 82
20 53
68 93
75 45
7 66
62 77
2 40
97 7
3 59
48 73
63 88
85 30
95 95
73 62
30 74
99 100
76 48
15 24
27 98
88 53
49 11
60 1
68 61
38 5
90 76
5 46
57 68
44 47
73 19
83 40
75 92
53 100
2 45
42 36
27 97
60 10
55 12
81 88
57 68
57 23
28 61
71 8
93 4
22 55
43 69
23 77
72 6
70 68
89 52
98 3
57 72
90 62
9 4
24 33
79 66
98 31
81 30
87 33
93 29
53 48
69 25
67 20
57 100
70 21
60 7
84 96
82 30
15 19
64 83
90 97
23 93
43 43
60 4
16 96
64 50
2 24
38 24
35 7
72 44
26 76
84 10
28 67
67 37
92 65
4 51
46 55
41 47
36 80
32 39
33 76
40 28
1 63
51 47
96 27
22 35
10 54
31 74
3 64
76 24
46 8
92 13
99 16
88 3
3 68
14 11
3 52
5 92
3 34
89 10
28 87
80 61
72 19
7 53
47 98
63 35
62 4
92 4
3 82
49 83
23 42
87 9
88 62
75 5
37 55
36 40
97 39
99 8
18 13
51 55
26 83
64 73
95 67
24 98
51 75
97 86
89 60
54 78
1 77
91 46
42 87
80 15
71 6
14 58
87 68
69 55
28 92
48 23
60 58
31 25
97 5
34 100
69 85
36 19
9 56
6 40
23 58
57 46
56 99
41 23
7 100
81 82
4 95
1 18
57 31
54 69
98 4
45 91
59 46
50 32
88 88
1 32
82 99
10 93
66 89
68 66
78 100
93 33
67 88
89 57
23 9
15 44
22 8
92 94
3 62
82 63
49 33
25 72
38 61
56 83
17 94
97 12
88 64
20 40
97 82
96 95
26 8
46 37
41 37
84 5
48 68
80 24
84 88
29 18
89 68
1 29
48 83
18 67
94 61
14 22
6 76
68 21
29 18
79 35
11 14
83 31
13 98
11 98
7 2
2 10
66 81
24 47
98 21
6 96
95 38
47 2
1 42
20 97
92 38
93 30
56 1
91 58
72 53
91 41
19 75
12 73
92 69
66 10
29 91
85 81
32 31
86 66
4 53
12 100
17 1
15 67
94 31
29 50
25 16
100 84
30 59
43 96
75 83
80 31
48 44
22 20
26 33
100 37
41 69
69 70
93 67
48 21
60 79
16 71
39 61
78 54
80 43
82 81
96 63
8 34
66 13
27 45
46 51
69 66
38 45
62 3
35 32
31 27
42 4
60 47
82 10
23 62
54 95
57 44
2 93
53 90
78 16
27 77
52 26
70 84
96 98
96 44
70 4
7 77
64 15
8 65
84 30
43 9
89 97
79 44
2 94
6 10
57 88
47 45
26 75
94 84
60 99
13 58
24 10
1 3
72 56
6 72
76 64
77 2
14 15
77 8
29 91
43 30
56 36
80 69
64 65
3 34
28 12
33 69
9 10
91 26
92 33
92 91
85 87
32 81
23 34
86 80
89 90
79 73
85 24
15 16
25 57
44 23
27 73
48 18
97 77
50 81
5 89
72 40
26 82
70 56
100 100
54 25
64 37
55 35
85 93
28 2
57 20
64 56
12 70
65 29
54 34
4 54
9 19
38 20
87 86
83 4
76 99
76 76
13 77
60 75
42 91
37 85
3 49
20 16
37 2
99 25
21 48
93 43
22 16
46 81
63 50
22 67
51 5
26 38
76 2
87 49
5 91
85 21
51 5
17 12
1 2
56 38
72 17
9 72
94 9
58 3
43 76
69 7
85 78
56 4
28 81
26 20
44 88
82 81
45 87
80 41
33 5
65 86
73 35
54 21
62 67
87 36
27 87
64 71
12 74
3 40
51 72
17 64
39 13
53 76
85 76
39 14
8 65
56 44
100 85
1 73
65 46
42 12
21 31
50 75
49 15
100 64
75 47
93 54
34 44
72 85
72 95
66 49
88 71
96 29
19 21
50 37
82 17
46 59
13 59
94 90
100 99
15 30
62 5
38 63
67 57
46 32
28 76
75 73
53 76
27 12
27 97
17 21
21 76
100 28
66 48
69 90
51 91
93 94
61 44
84 34
64 78
85 90
49 34
51 100
32 70
20 6
52 36
14 86
65 65
17 95
59 27
16 15
31 76
20 32
5 77
50 33
17 63
32 4
24 5
69 38
11 67
2 2
37 11
83 42
53 81
3 58
51 32
4 71
95 51
64 27
87 56
10 80
100 68
36 42
12 80
31 37
55 99
64 67
44 75
71 63
80 61
54 1
38 77
62 89
25 32
42 5
11 73
41 47
25 8
86 77
61 84
87 27
88 30
98 46
69 68
40 62
52 3
72 51
95 84
98 5
35 29
82 92
7 37
86 96
17 33
70 16
16 85
23 83
33 82
12 59
45 46
64 95
65 11
82 74
26 35
42 43
75 31
36 7
82 41
51 38
74 35
95 24
90 16
61 17
44 22
58 84
52 78
95 24
81 34
47 62
44 81
15 63
80 53
50 17
52 58
96 37
71 32
68 94
70 19
4 65
31 4
14 16
19 11
47 15
47 90
96 45
88 9
21 20
84 51
22 49
23 9
57 86
16 24
12 25
69 2
11 45
22 60
20 79
5 21
2 93
18 92
48 1
69 7
97 96
49 17
20 17
44 32
19 100
39 10
65 3
74 64
69 14
30 18
45 75
16 28
76 59
40 71
55 88
48 30
23 22
76 36
71 91
79 59
43 59
34 67
47 60
53 4
55 26
19 90
9 24
9 70
88 34
8 24
77 77
37 29
56 92
48 93
32 61
27 91
87 54
97 63
52 6
7 19
26 32
96 80
74 98
2 91
88 3
29 85
1 20
10 24
4 20
71 62
41 82
99 79
57 28
87 93
51 34
11 53
57 34
60 9
19 23
45 67
19 84
47 51
81 96
75 75
95 95
64 8
53 17
33 48
60 22
56 22
39 67
38 53
4 2
65 64
91 95
91 4
93 1
91 67
52 79
48 20
14 28
92 12
46 50
70 8
79 56
49 83
32 60
87 89
60 43
3 34
31 8
78 26
49 36
63 3
4 100
95 30
27 62
8 16
27 30
38 83
64 38
18 48
75 87
67 91
82 63
65 34
9 46
74 63
56 100
60 76
73 83
21 79
52 87
71 32
90 86
82 42
19 67
21 98
68 82
30 9
23 83
51 89
7 35
24 19
65 43
11 86
18 48
43 4
18 54
97 77
81 38
33 43
14 76
7 25
99 85
95 39
72 58
7 82
20 1
79 9
67 57
44 83
99 39
70 95
14 67
88 77
51 88
32 33
60 74
70 69
13 93
35 56
72 58
20 27
10 26
37 100
82 65
27 74
79 56
51 70
75 2
11 93
84 12
40 78
18 69
34 96
86 68
41 78
93 29
5 68
19 38
11 85
49 3
69 77
80 79
14 69
56 53
82 66
98 53
67 78
51 86
10 45
53 33
23 43
29 24
62 11
11 95
62 88
41 84
41 2
13 57
15 37
52 94
48 20
55 66
21 15
81 67
40 33
13 92
25 95
97 53
31 30
35 31
97 55
51 58
14 9
10 23
58 10
95 26
7 27
24 87
98 63
69 23
77 71
72 6
49 46
90 81
82 52
11 85
30 16
22 5
75 93
97 5
25 50
22 12
3 70
97 64
54 30
42 55
9 8
79 24
90 7
91 89
13 54
86 61
93 46
79 14
48 35
50 55
25 91
6 13
74 93
22 54
74 35
2 15
45 11
75 81
43 96
26 14
85 17
73 63
100 18
59 10
21 67
76 67
32 73
23 89
25 83
85 55
64 43
85 90
63 78
6 1
28 78
28 84
43 61
20 23
6 97
90 47
70 29
82 40
48 59
95 73
4 93
73 45
48 87
100 55
47 77
90 82
78 68
31 94
14 97
29 85
41 55
34 63
4 3
72 79
56 51
80 37
9 33
72 45
17 78
71 11
29 45
44 55
50 46
71 57
15 29
7 94
13 55
36 9
89 33
60 65
82 81
44 25
84 10
81 20
43 79
31 86
23 53
20 98
13 79
36 49
48 34
6 85
22 12
4 37
77 64
29 14
35 25
37 96
52 59
51 3
8 58
80 55
46 9
9 3
51 12
61 38
16 97
63 66
48 98
4 29
74 31
30 31
47 6
57 92
10 50
41 36
39 77
32 2
61 34
4 8
20 51
8 67
9 92
41 14
63 55
37 55
21 27
98 80
74 3
73 37
48 34
33 60
52 92
94 42
93 63
54 3
6 79
8 59
16 20
53 29
63 39
41 2
82 59
61 96
98 93
44 8
2 32
88 70
75 61
62 17
91 77
94 63
21 35
51 20
86 76
84 42
88 27
7 55
33 73
13 29
31 91
80 6
97 88
82 82
25 47
89 2
36 36
30 78
97 12
3 8
35 58
11 51
44 9
68 16
72 98
93 2
11 75
73 29
80 71
38 87
86 97
23 99
31 50
58 84
73 70
69 25
93 25
12 96
27 31
25 97
76 24
57 22
57 54
72 64
38 55
81 52
61 65
25 43
63 29
9 77
80 50
97 86
19 79
23 58
64 53
42 76
67 59
27 79
14 57
98 81
64 66
51 53
20 31
46 15
61 36
45 1
14 91
53 12
8 96
40 22
78 60
84 72
48 95
34 13
55 35
86 49
66 65
67 99
62 91
28 45
75 27
41 92
76 83
46 5
15 50
92 35
87 33
81 60
18 66
53 89
79 93
81 31
3 93
50 75
78 45
15 81
94 75
92 87
68 92
2 23
83 8
97 52
37 94
31 2
82 16
43 80
68 3
47 32
10 78
81 93
27 77
36 57
22 85
54 59
81 61
88 86
45 45
68 93
69 97
62 10
20 33
99 89
94 40
74 78
100 64
72 36
89 58
46 90
15 75
8 1
99 12
97 82
4 4
35 57
79 36
37 20
77 88
98 38
83 51
38 66
79 82
61 79
74 74
100 18
15 37
54 34
87 55
59 34
73 79
7 52
73 43
44 63
57 92
18 35
18 40
9 55
89 22
58 97
54 97
55 96
65 50
4 60
52 30
20 53
38 69
82 65
56 24
66 56
80 54
90 75
4 73
58 87
3 5
29 46
9 57
17 94
82 80
47 11
27 27
7 10
6 14
51 21
50 72
14 6
69 55
19 12
22 12
9 29
76 60
27 8
64 24
92 9
82 68
67 5
63 62
71 88
100 21
70 37
37 43
79 26
60 63
92 16
88 13
14 68
72 61
48 21
82 61
5 92
47 83
8 87
11 1
52 97
11 7
61 25
17 54
31 14
79 88
91 65
39 42
7 47
69 25
54 17
50 8
51 92
72 22
13 21
21 79
72 94
82 57
9 73
2 20
93 20
100 88
90 32
6 87
23 49
89 4
87 47
28 40
35 86
47 85
38 93
38 82
9 91
98 17
55 35
39 56
29 4
97 52
29 49
87 2
65 76
83 18
36 9
15 19
54 91
48 29
88 49
77 84
82 86
96 21
79 3
26 57
48 9
68 86
32 43
70 57
8 89
70 41
97 48
43 27
16 25
35 40
80 8
24 67
84 8
86 95
14 23
64 11
82 98
43 23
50 13
99 73
77 40
86 21
65 91
82 30
85 2
52 39
59 66
66 87
48 59
37 68
92 95
47 19
56 6
75 37
16 27
63 94
44 77
13 75
57 20
12 53
99 66
89 80
87 19
34 74
26 26
1 93
98 84
60 23
95 16
47 48
58 95
71 7
84 69
22 37
4 89
69 22
26 75
62 54
86 60
25 85
50 21
29 54
71 4
5 26
3 90
86 30
20 72
99 18
50 56
76 43
62 70
48 22
16 22
48 40
82 47
42 99
100 33
31 82
1 21
94 100
77 30
58 67
16 58
61 50
31 3
20 46
81 71
56 77
33 99
66 30
80 14
83 72
47 83
2 69
39 49
49 24
88 98
58 72
99 93
89 6
86 15
60 62
37 79
1 88
60 53
70 25
42 87
59 37
52 58
94 59
5 36
80 87
51 26
20 94
40 88
34 28
91 91
72 58
41 57
24 90
38 39
73 22
58 13
84 73
74 90
96 13
84 96
13 39
6 85
35 88
2 44
91 99
46 1
90 22
43 38
5 54
11 98
37 76
16 90
62 56
30 35
20 78
41 94
33 12
91 23
33 82
66 91
82 13
4 91
6 47
5 54
93 30
30 20
62 18
28 54
4 9
9 31
64 50
16 48
14 15
98 89
17 91
4 65
43 90
6 65
99 54
100 95
16 14
35 30
15 36
77 69
64 16
86 65
70 15
96 27
76 87
2 96
13 17
57 52
57 38
71 16
13 57
50 67
100 35
26 75
77 21
3 96
35 5
40 22
71 43
48 71
89 62
87 85
4 35
84 3
45 1
2 88
83 97
12 15
88 69
49 85
41 35
51 84
34 49
10 1
99 62
61 88
11 96
63 79
18 91
67 34
33 46
82 47
68 52
33 32
60 73
45 24
87 27
94 29
36 97
57 21
93 99
25 59
96 58
48 85
8 61
40 58
1 25
42 58
51 24
88 93
90 94
91 11
91 29
75 94
52 11
41 90
35 81
14 7
3 20
4 23
33 92
88 65
38 70
100 95
20 49
97 94
96 19
58 27
42 23
32 15
67 48
86 73
8 73
62 5
34 10
67 34
1 14
86 34
60 43
3 38
26 78
49 36
46 48
68 58
75 29
97 10
8 48
61 62
11 16
62 67
17 84
43 59
49 84
54 5
94 54
20 32
2 51
90 24
30 10
43 73
73 90
96 57
28 97
32 15
57 13
61 6
98 100
9 27
99 91
57 42
63 16
24 21
57 29
8 15
91 78
83 9
57 24
50 77
43 22
19 92
11 96
59 58
13 2
12 79
64 62
6 7
83 62
65 12
95 30
12 71
7 36
19 72
7 80
87 85
50 86
15 92
99 42
99 37
23 70
97 33
7 30
38 37
20 5
63 58
45 51
62 82
97 18
53 27
11 59
40 40
71 18
74 54
50 97
83 71
37 84
66 10
89 78
19 97
82 74
35 59
83 67
89 61
6 30
41 98
27 45
55 67
56 90
25 87
6 55
30 11
22 19
12 84
67 48
93 75
27 93
64 50
7 56
23 11
16 76
17 66
14 2
87 45
42 71
16 50
69 16
30 6
81 11
9 93
49 2
62 84
96 3
83 21
2 45
1 33
23 18
28 89
7 51
78 59
5 27
12 6
60 22
26 97
76 89
26 69
70 71
2 82
89 70
76 79
76 44
5 46
45 96
90 97
43 42
86 19
5 46
63 57
16 24
85 56
72 1
16 78
98 92
19 4
98 50
100 36
71 88
72 19
79 76
77 38
2 78
83 3
41 95
61 51
60 99
16 36
38 71
30 22
69 69
27 40
5 100
44 12
83 37
49 95
85 8
25 79
87 13
89 5
87 35
54 89
25 12
10 88
69 66
23 3
80 91
18 15
22 90
50 30
41 33
52 18
27 67
42 62
35 72
19 14
54 12
94 70
86 1
92 34
75 91
6 69
18 74
80 42
1 32
52 10
80 37
86 91
76 40
66 1
74 95
14 27
71 89
99 58
24 14
91 54
73 61
55 56
8 20
94 2
5 85
1 53
97 19
83 3
42 66
31 90
1 16
48 30
77 12
38 16
39 63
51 54
43 36
8 88
82 96
43 67
59 50
62 84
28 57
34 89
79 84
54 3
99 15
2 73
4 61
74 28
92 26
76 21
29 35
52 98
21 74
33 19
52 50
17 93
15 22
45 67
100 34
67 89
92 48
76 45
56 57
30 11
78 51
98 92
89 50
60 46
92 11
47 99
73 81
72 67
32 88
3 64
77 22
31 54
4 36
80 82
4 34
96 14
55 54
32 68
47 11
75 27
16 87
50 12
43 71
82 60
94 30
42 5
100 100
86 78
69 1
55 56
67 40
99 51
4 100
56 89
10 48
48 10
54 88
34 80
19 28
86 27
36 44
47 49
68 80
92 31
26 82
71 13
87 96
32 35
55 33
85 58
58 62
22 71
34 21
100 84
4 30
79 51
94 88
55 81
64 80
14 41
10 37
83 19
64 43
65 88
90 7
73 43
12 49
43 46
6 22
82 28
28 24
94 17
28 29
95 56
85 48
53 10
18 68
23 95
36 45
72 52
59 53
93 58
45 22
44 25
45 41
48 3
22 27
90 81
55 84
38 6
3 73
64 72
20 24
19 15
28 11
9 83
91 9
40 59
51 80
49 31
73 38
31 4
42 99
1 66
77 59
78 98
5 76
94 78
52 93
41 72
17 82
10 97
85 29
62 3
53 21
29 21
61 58
26 48
70 1
15 41
63 5
25 73
30 64
34 81
43 40
58 74
94 63
85 48
49 84
97 94
33 30
21 21
79 49
26 29
73 87
55 59
55 26
78 14
49 89
6 70
70 85
65 70
15 66
6 65
78 24
19 39
87 85
39 81
97 38
56 38
5 21
11 42
80 62
35 84
45 22
74 1
44 9
90 36
59 1
92 92
86 82
43 30
64 13
64 30
69 10
89 99
71 41
23 88
66 64
19 29
81 57
87 48
35 98
95 23
44 64
13 21
66 13
30 48
3 54
62 50
38 37
7 74
72 91
17 99
41 10
68 65
91 51
36 18
58 100
1 3
27 62
95 33
43 85
43 74
11 63
11 94
31 24
81 3
86 81
48 87
51 83
66 90
86 86
85 80
12 12
29 49
49 52
29 76
59 48
51 57
90 25
96 85
58 83
14 67
64 35
50 92
33 31
6 37
86 61
42 83
58 40
64 22
89 15
1 24
58 47
51 77
63 69
88 70
31 31
48 2
87 8
33 13
65 91
72 93
17 44
77 54
53 41
66 48
57 29
63 41
16 4
99 5
10 25
25 86
12 71
73 11
27 29
96 2
31 47
64 42
38 36
88 86
79 15
78 50
88 61
37 62
28 79
51 82
76 83
58 61
50 35
15 91
90 26
67 77
86 83
58 69
95 82
90 76
75 68
51 62
52 68
43 24
49 66
61 92
67 61
12 36
34 54
45 42
8 89
16 100
60 83
97 24
3 38
39 49
74 26
43 50
27 10
1 4
45 31
54 45
58 16
46 17
68 35
99 41
12 93
6 69
8 62
6 74
95 96
83 29
57 35
47 63
25 4
57 100
59 6
43 65
69 88
44 59
40 58
76 28
59 59
99 92
72 4
14 48
89 40
45 29
56 97
67 2
45 84
52 80
73 46
54 99
97 96
40 80
4 40
9 89
97 100
63 1
66 62
44 48
97 81
74 97
42 10
73 85
31 48
100 68
16 1
51 35
44 26
7 10
26 15
54 36
57 1
49 18
67 83
46 40
93 46
74 32
64 41
89 81
25 11
36 38
94 79
22 6
28 69
49 70
82 94
76 69
11 22
99 8
19 16
8 3
25 4
60 77
80 39
55 3
12 44
47 91
5 90
7 22
53 100
82 4
60 9
10 100
30 21
27 44
7 91
74 18
52 75
22 84
14 98
77 85
58 21
7 28
50 42
37 90
55 50
83 36
12 10
17 71
81 95
31 77
24 25
57 98
42 5
56 63
11 52
5 1
2 5
67 41
11 22
7 4
100 44
23 82
68 3
81 16
49 25
26 46
54 85
100 51
47 29
19 34
28 87
4 49
25 14
77 29
92 90
31 63
11 16
4 51
48 85
92 10
86 27
23 10
48 59
27 32
78 24
11 10
84 32
32 29
29 3
94 5
38 32
81 98
16 86
5 87
61 14
16 63
30 32
67 50
68 13
76 12
85 84
95 52
32 60
10 97
24 80
23 2
92 59
34 47
78 52
39 43
77 56
