4000 100474
80 13
50 34
52 80
57 52
35 51
1 43
93 41
89 38
2 5
57 33
10 70
27 53
10 49
3 41
78 61
1 87
53 8
42 21
15 46
77 45
22 8
12 99
8 33
4 89
9 88
6 16
66 80
26 31
76 42
56 71
55 100
7 6
5 4
58 80
15 57
91 7
58 22
8 50
79 44
12 26
64 34
40 13
38 79
25 82
42 5
15 91
78 68
95 64
8 11
44 13
23 9
81 70
7 63
30 93
84 11
67 50
36 60
1 42
44 80
63 54
8 64
50 80
69 59
64 20
7 59
83 16
54 26
17 32
42 17
85 69
28 9
58 50
24 33
65 39
82 31
18 38
31 29
11 50
64 53
38 92
6 14
86 61
71 61
12 76
68 54
6 23
79 25
55 13
7 65
74 56
17 66
14 28
24 87
37 25
30 47
30 97
71 92
83 72
46 28
13 60
67 92
25 37
70 61
43 25
89 75
3 43
60 14
71 4
66 92
23 66
9 47
71 5
60 79
31 7
35 80
79 84
36 30
65 56
85 96
94 46
38 63
1 14
8 73
61 50
89 90
89 72
43 46
60 33
71 95
40 74
24 44
90 87
65 62
93 4
32 63
5 88
47 46
43 28
76 43
12 37
17 93
36 89
35 93
76 23
66 48
69 24
7 6
1 29
85 79
91 54
95 74
22 93
44 67
54 98
35 42
84 8
42 21
77 40
43 40
64 16
16 65
18 83
53 54
80 78
62 38
36 16
85 65
9 83
78 95
12 8
72 71
94 39
47 96
6 63
22 62
12 95
26 38
80 67
64 23
62 68
70 72
58 96
84 60
65 38
63 94
18 54
49 97
56 66
46 93
43 88
20 81
61 9
61 22
24 34
93 86
22 59
60 1
29 50
82 93
89 95
40 57
54 63
35 86
86 5
11 77
8 47
49 99
89 14
87 65
12 22
50 81
8 37
22 69
33 93
25 26
84 14
2 46
73 23
92 80
99 90
15 62
11 60
12 98
27 84
86 46
4 83
49 94
97 98
84 84
30 87
86 45
23 93
35 1
72 30
60 49
46 30
79 28
8 47
86 95
17 92
71 20
35 76
76 80
92 89
20 20
100 6
28 54
73 65
72 80
19 33
72 6
39 41
81 45
83 3
65 76
66 42
38 37
65 70
63 91
21 72
95 8
100 35
95 64
81 60
23 16
54 12
26 89
53 43
13 11
11 84
69 87
35 30
98 11
96 66
27 70
17 30
96 23
6 24
89 46
19 2
24 8
12 51
9 95
56 52
94 5
74 70
21 45
83 93
90 91
35 36
3 64
36 98
86 22
97 28
17 10
8 38
2 91
94 98
60 32
66 1
57 81
80 70
1 83
54 43
76 36
79 4
70 72
23 58
84 79
10 69
93 12
59 87
22 71
2 6
14 90
67 75
27 75
86 87
50 19
16 18
73 22
4 83
52 67
10 43
53 62
20 76
70 32
54 4
13 74
81 16
72 5
69 6
13 85
24 39
22 49
40 72
2 42
43 72
62 82
37 21
5 93
54 93
47 59
78 63
7 50
12 100
44 38
33 76
49 86
45 56
1 93
21 7
49 90
4 60
83 2
53 51
23 35
52 85
6 55
35 60
32 100
29 11
4 66
44 85
52 1
77 66
83 8
5 42
72 89
96 89
41 14
76 81
2 33
39 24
53 44
8 34
50 24
48 33
93 10
99 9
93 40
93 2
71 68
93 82
48 13
53 21
45 84
70 100
4 5
2 90
56 59
88 5
31 100
59 76
83 41
34 100
88 93
66 48
39 94
59 82
13 89
31 59
86 14
14 73
70 83
38 57
74 7
19 58
85 41
66 68
69 18
29 33
10 21
40 85
21 14
57 34
92 5
17 97
26 85
48 62
71 87
81 43
35 66
1 38
92 71
17 58
86 90
31 63
34 57
76 83
41 96
47 97
7 93
26 10
12 70
28 75
15 18
85 28
98 84
99 59
2 47
67 2
80 91
11 67
6 38
100 4
19 100
49 43
69 52
96 36
96 56
39 38
77 79
30 21
91 76
20 1
99 78
76 65
2 15
84 34
4 99
94 11
82 31
10 43
19 20
94 52
89 70
33 89
30 31
86 53
83 47
32 77
4 54
62 89
94 43
61 92
14 44
13 95
10 86
34 96
8 30
57 41
72 85
36 60
39 13
14 60
7 12
37 90
41 76
8 27
72 75
44 26
1 37
54 57
5 69
71 8
99 60
93 38
55 96
28 42
31 90
90 95
11 18
86 96
3 83
5 13
47 87
68 27
17 59
8 24
1 74
24 40
64 64
24 58
12 100
2 76
37 70
18 11
90 17
78 97
78 37
62 43
73 75
30 25
67 52
78 43
1 32
65 11
22 32
7 80
44 53
4 73
96 74
55 22
90 68
99 8
59 34
88 6
66 86
27 92
95 29
19 59
2 32
58 44
42 69
13 83
12 19
31 38
83 45
1 87
60 86
60 34
14 30
32 60
89 58
80 81
61 2
41 42
44 43
83 85
48 21
88 47
86 58
43 46
42 69
75 77
93 53
52 54
14 83
59 91
30 46
8 63
29 49
31 29
18 7
22 69
96 63
29 77
4 6
78 7
81 64
63 44
37 92
95 93
47 3
77 50
26 25
59 57
18 43
70 67
41 41
65 15
9 66
79 50
7 60
2 34
5 27
100 64
5 87
19 61
10 54
34 84
78 23
90 55
16 64
95 29
11 23
11 26
75 6
15 81
88 85
8 21
29 24
76 76
54 65
27 26
53 77
79 89
86 82
22 19
100 7
78 75
86 33
8 72
56 24
44 44
61 57
13 50
95 8
65 44
31 10
56 13
98 79
8 33
45 67
14 43
55 13
8 90
24 20
29 70
22 70
64 4
88 90
2 45
91 32
41 54
29 70
95 8
20 94
66 4
16 79
71 53
43 78
53 11
79 76
51 1
97 55
91 33
15 3
43 14
56 28
45 64
99 26
53 6
4 96
43 45
18 100
10 61
50 86
94 20
91 82
23 7
57 23
78 72
77 51
99 6
19 77
5 20
94 14
90 23
22 75
61 44
60 27
16 52
14 54
90 2
18 5
62 60
81 86
32 7
4 25
36 13
76 70
2 51
40 71
32 18
97 47
10 70
41 30
98 32
3 89
31 11
21 38
11 64
61 34
97 88
9 69
31 63
53 59
54 34
20 85
26 34
15 77
31 63
41 37
80 83
73 64
59 93
41 94
53 50
90 99
44 19
40 14
18 21
46 21
31 84
1 90
94 67
40 6
41 71
91 98
94 94
24 33
63 87
4 9
36 67
11 74
13 30
66 29
63 84
18 63
85 65
88 69
32 92
67 27
81 6
11 26
39 42
39 98
3 19
43 43
80 49
47 89
34 57
97 21
44 61
17 92
97 62
37 27
56 49
90 32
79 76
50 95
65 64
42 62
5 3
100 82
52 87
17 32
65 62
67 71
87 47
1 78
6 39
18 90
67 4
86 96
81 67
58 98
76 94
83 37
100 40
56 94
81 26
86 48
4 66
24 86
2 92
1 27
12 65
9 40
42 10
91 40
10 34
58 25
84 54
15 89
57 7
35 40
83 72
73 20
1 62
69 18
25 98
59 1
39 59
43 53
44 48
19 25
100 50
20 41
53 62
52 42
27 86
34 87
89 89
30 51
57 24
90 32
82 77
21 88
98 72
23 38
63 80
60 57
32 63
46 85
74 45
88 21
80 76
8 17
12 40
33 38
77 86
88 37
91 90
15 97
31 42
86 37
85 21
82 91
57 30
37 82
85 32
83 67
22 20
73 73
13 18
31 96
62 4
94 46
51 35
12 27
69 84
13 14
23 84
100 98
58 50
96 80
40 18
89 26
55 48
3 57
73 15
31 86
91 46
15 56
97 82
73 87
53 92
33 2
6 77
9 73
70 36
91 61
44 40
91 55
63 85
56 9
73 50
77 40
1 54
23 85
40 19
21 89
87 50
62 2
73 86
96 52
9 33
12 3
37 77
63 81
66 60
61 43
46 18
8 57
76 98
42 99
80 43
80 41
75 100
86 71
88 14
96 35
76 83
83 5
38 42
90 19
38 13
11 43
18 59
91 18
85 79
57 77
11 7
72 81
18 30
35 92
67 32
78 14
46 95
55 60
41 46
64 6
16 2
86 63
71 14
43 99
79 61
51 56
22 39
5 13
88 78
61 4
100 99
15 61
44 8
90 40
56 31
33 72
100 35
74 89
23 90
84 13
30 17
86 48
7 93
100 98
20 39
26 76
77 12
18 85
80 35
17 57
81 42
95 36
54 20
3 55
37 86
33 32
5 62
58 25
37 44
92 40
71 80
89 43
58 52
14 40
78 34
14 82
46 11
29 68
87 23
21 52
64 81
16 91
58 99
71 25
15 89
77 90
96 1
44 52
46 26
27 35
60 60
78 68
22 23
66 31
81 74
10 8
98 63
85 88
20 84
86 6
29 79
90 64
74 100
86 82
55 3
3 34
99 63
100 13
31 1
37 37
72 17
95 33
5 28
29 15
17 58
19 68
6 56
64 58
14 71
3 82
90 44
26 30
81 1
63 66
91 61
13 74
73 74
40 23
97 13
92 57
25 80
77 91
33 20
51 32
63 72
87 74
5 65
13 87
38 87
36 17
2 75
10 55
82 50
6 54
38 69
98 7
76 73
95 25
61 16
90 43
98 58
2 59
15 73
30 58
65 25
5 85
42 83
37 50
96 59
90 96
80 6
72 38
19 38
64 78
74 21
33 10
2 51
79 85
45 48
39 89
66 2
98 22
100 43
47 51
3 76
38 64
96 9
79 48
84 40
8 24
20 43
81 97
9 82
34 15
62 54
73 58
90 51
55 88
61 7
85 9
97 83
92 65
8 46
15 21
55 42
82 67
47 82
56 44
60 3
43 81
47 33
77 56
41 2
46 27
23 58
43 29
35 90
70 66
73 29
19 29
29 41
92 71
51 77
37 75
25 37
13 82
62 32
66 87
19 70
74 39
2 95
15 52
66 55
10 92
29 24
72 96
91 10
75 57
28 91
2 65
18 37
26 23
78 20
58 39
71 50
52 78
52 19
6 91
21 95
25 99
24 20
1 88
16 21
26 96
89 62
41 9
38 30
50 93
58 95
57 99
76 83
60 41
23 2
41 37
69 85
52 26
12 84
59 46
26 82
91 75
60 62
95 71
68 49
89 82
52 61
39 98
40 11
4 79
96 41
12 57
80 30
71 60
12 44
95 50
96 7
100 5
87 59
86 36
2 50
45 5
94 86
77 84
4 98
16 88
69 21
24 82
19 65
32 56
82 79
45 98
75 82
93 41
91 68
42 31
33 74
43 28
32 80
72 36
98 7
79 20
83 92
77 36
49 31
46 88
23 37
97 38
45 92
10 95
82 25
98 93
6 52
27 11
74 77
61 49
42 98
94 49
84 82
61 62
26 4
17 60
57 59
100 86
61 52
47 79
93 68
93 25
41 6
25 47
64 12
90 12
3 67
98 4
18 99
4 97
43 43
41 88
100 86
39 34
2 82
33 11
89 79
7 33
59 73
62 55
67 33
52 22
8 55
50 14
64 35
33 10
66 26
20 45
84 95
26 77
19 23
76 14
70 54
11 29
100 61
33 65
1 92
55 27
82 20
18 43
58 75
76 62
10 30
9 61
66 48
63 11
41 23
54 78
69 96
99 47
68 32
87 80
50 68
75 38
88 94
66 2
7 47
5 19
85 46
90 94
82 47
55 21
17 7
51 52
66 49
69 67
35 69
18 40
23 45
16 40
87 82
32 20
91 2
97 11
40 32
57 1
59 74
80 6
10 78
80 21
30 4
77 61
18 100
31 71
3 98
6 45
96 24
9 96
10 63
33 21
50 89
92 62
87 41
19 96
94 65
4 89
87 14
29 33
21 81
61 59
44 73
8 62
92 30
87 26
56 25
83 13
95 78
66 50
14 18
56 7
45 70
43 21
85 67
63 21
25 43
87 16
20 66
73 18
48 11
81 80
5 38
49 52
24 93
43 31
67 47
18 58
47 19
53 60
46 90
19 99
13 18
41 14
26 13
56 99
79 91
33 37
38 11
73 20
99 38
51 80
29 26
43 7
45 52
13 44
57 79
22 46
51 11
28 44
94 63
98 74
9 24
98 1
47 25
32 16
92 31
13 71
49 25
90 1
18 82
46 15
9 52
82 52
39 80
86 16
90 50
17 23
19 52
27 13
90 94
69 41
30 44
70 20
63 47
26 96
34 15
20 25
47 41
84 26
47 21
40 56
34 51
7 96
89 8
80 75
39 11
81 90
44 97
87 36
22 90
13 78
85 2
30 93
47 81
23 33
68 8
36 31
39 7
38 11
14 95
80 1
6 51
43 38
49 72
68 49
21 85
34 86
39 26
19 78
70 63
38 46
59 33
3 65
44 41
99 40
34 39
82 3
31 29
29 87
21 90
53 70
42 65
5 91
34 15
88 97
27 76
1 22
75 27
65 82
38 85
88 73
97 34
95 35
83 11
45 5
63 84
3 95
31 43
53 61
21 72
100 57
90 6
31 56
2 22
34 98
82 95
87 12
15 100
12 75
15 99
87 90
64 97
8 15
91 32
98 11
47 11
17 7
50 84
21 90
34 41
40 68
9 62
30 74
34 3
91 24
26 79
48 38
45 71
56 73
1 98
65 94
7 29
90 55
48 50
60 2
75 52
29 96
46 14
90 51
92 23
13 12
28 40
56 71
20 26
19 72
5 81
19 88
87 30
54 16
39 77
20 70
45 84
47 91
1 44
79 38
89 14
27 74
78 75
33 36
34 98
78 24
50 30
41 26
20 78
97 31
52 80
94 81
77 26
98 93
35 31
68 100
10 56
63 23
75 70
81 33
81 46
31 2
99 20
19 75
37 18
38 49
39 97
81 1
36 39
91 92
11 38
25 4
69 65
89 64
9 40
3 14
66 39
58 21
95 39
37 68
6 51
46 18
31 48
82 28
95 62
65 30
2 28
56 17
79 4
76 49
37 49
59 49
7 51
87 69
78 76
43 68
24 69
68 72
23 20
12 7
10 63
34 9
88 10
79 79
74 72
96 1
33 92
91 62
54 21
79 82
28 29
59 71
76 52
58 28
93 99
71 13
74 9
94 78
26 82
53 13
21 26
14 82
63 61
27 76
1 2
92 88
21 95
76 70
11 59
96 66
39 76
21 73
81 74
26 86
99 3
54 97
74 86
83 94
44 58
27 59
61 28
23 38
37 29
36 31
80 17
81 79
58 43
6 26
74 56
84 76
10 38
95 34
49 58
24 50
73 61
1 59
16 38
46 56
77 29
78 48
41 21
67 4
98 73
21 95
93 41
48 75
74 43
18 79
30 21
69 1
44 37
42 48
92 90
32 17
78 78
23 7
13 96
35 72
80 32
38 51
70 100
89 21
84 84
71 57
65 22
9 45
71 67
32 59
54 52
99 95
9 59
94 24
66 51
59 31
66 70
10 43
6 57
91 13
27 73
88 77
59 65
22 61
29 76
2 54
5 78
58 5
25 60
69 73
93 29
56 43
7 75
14 28
45 15
42 11
84 36
61 37
2 7
55 2
92 47
55 58
53 49
100 5
100 33
70 51
58 87
65 3
79 93
16 44
55 15
57 66
55 72
66 79
78 78
83 100
67 84
83 55
41 4
43 96
51 79
85 32
99 38
9 54
98 11
95 5
3 16
34 46
55 41
4 22
88 100
46 87
11 31
92 48
45 44
10 63
14 98
55 82
27 17
92 42
22 77
81 31
49 59
76 49
98 61
78 37
58 48
65 97
60 91
50 3
59 92
63 22
86 87
57 81
71 75
36 97
51 85
25 90
69 95
5 77
29 63
8 94
2 16
39 93
99 93
99 11
48 7
64 42
53 92
26 24
56 35
26 69
59 6
56 94
1 69
56 67
85 30
10 68
72 63
45 72
60 22
31 6
59 45
97 8
87 86
81 19
32 5
90 71
6 60
100 51
94 99
34 74
7 96
48 14
24 66
58 88
46 24
71 25
21 81
50 68
49 48
28 15
75 36
7 53
35 8
75 56
62 71
20 89
84 75
86 85
16 13
95 96
16 90
74 57
92 4
2 76
54 28
23 60
43 98
11 39
75 62
37 48
44 13
81 57
84 62
67 30
90 44
81 37
90 54
63 76
30 4
38 53
90 90
4 91
96 6
77 50
78 46
9 76
96 90
13 72
94 13
11 2
60 68
9 2
36 11
51 23
63 29
41 38
25 34
5 78
52 28
99 95
93 26
47 40
32 51
28 87
14 22
73 46
8 75
55 27
35 21
37 79
44 80
77 10
40 21
91 37
5 11
69 19
99 64
100 1
82 90
93 76
62 2
41 9
1 78
49 64
43 31
15 58
89 53
67 64
20 36
40 81
18 58
64 61
87 72
1 60
92 99
52 45
73 5
99 73
58 72
60 25
36 3
53 51
88 87
27 24
43 39
92 97
96 94
41 2
91 49
29 83
33 78
4 51
69 92
86 7
52 66
63 22
52 64
40 19
81 38
23 51
32 99
50 47
87 11
70 22
50 7
30 61
73 67
75 11
28 86
30 38
34 88
15 88
34 40
73 26
94 63
76 78
64 74
89 56
68 31
6 23
69 91
53 8
9 25
89 82
90 66
12 90
51 55
41 82
3 8
83 44
64 32
34 58
33 91
2 95
55 80
82 97
31 55
27 98
8 59
10 40
8 35
41 46
77 80
41 26
13 23
70 94
68 55
28 97
10 2
36 85
33 71
78 92
40 45
93 95
66 25
29 10
4 36
68 31
69 91
7 44
50 75
84 75
92 53
82 65
85 69
47 84
16 61
67 23
25 81
23 71
77 15
85 67
16 69
53 46
77 92
28 91
74 91
45 98
8 39
83 92
32 35
40 9
12 35
71 79
85 55
29 11
99 40
88 91
96 42
19 83
46 86
45 16
3 57
90 38
27 32
39 77
88 22
94 44
6 51
12 54
16 14
34 65
48 21
31 82
38 62
25 64
11 25
63 53
69 62
18 15
45 44
52 48
9 24
8 31
22 26
93 30
36 41
72 17
33 20
31 34
42 99
78 5
27 49
44 7
19 43
5 32
35 83
6 16
98 75
92 34
70 69
14 41
25 50
17 41
44 74
14 12
41 5
54 50
76 64
61 18
23 65
72 59
64 65
32 40
79 41
85 42
24 69
14 82
8 58
8 89
96 15
50 9
86 93
22 16
45 67
56 87
27 47
79 2
62 54
24 74
70 87
83 23
89 66
46 88
51 15
33 39
59 99
44 19
38 89
34 14
4 88
61 53
57 25
20 4
44 92
35 65
56 45
19 60
100 98
64 55
27 100
47 13
65 63
64 93
69 80
9 81
19 31
47 78
40 82
32 85
22 51
9 68
14 59
11 16
7 56
65 73
95 7
17 6
8 44
32 95
3 72
63 31
44 99
59 48
82 87
87 42
94 12
38 31
6 1
45 62
53 85
32 53
92 74
17 99
47 97
12 5
77 80
65 27
58 82
16 61
97 63
79 85
77 81
10 21
41 52
83 88
26 46
35 58
51 45
85 41
67 4
53 16
100 23
62 2
12 63
33 9
49 43
57 27
22 40
6 96
1 88
26 76
89 48
92 13
94 75
35 96
55 17
71 54
99 74
12 50
38 66
47 37
43 34
14 98
9 9
83 86
48 37
86 6
18 95
99 82
71 46
36 99
51 49
22 69
97 52
62 64
6 77
97 95
70 42
28 68
54 42
71 29
53 44
42 41
14 93
99 70
28 36
69 61
69 75
27 9
32 10
6 92
25 97
26 96
72 90
33 6
9 33
19 26
19 11
78 27
69 59
41 9
65 77
72 8
62 77
13 29
85 71
67 5
10 75
55 12
46 25
63 68
77 92
51 20
57 8
90 36
49 89
84 95
10 96
17 63
62 3
94 57
74 54
87 100
19 52
45 95
71 57
27 36
16 73
89 19
56 15
36 31
29 27
20 91
7 90
42 55
85 71
92 60
61 60
94 97
98 23
6 84
8 64
74 66
8 55
64 71
15 1
56 43
48 65
25 48
24 57
61 20
70 5
98 10
47 71
88 8
94 57
18 27
67 96
61 29
58 45
22 10
97 11
39 24
94 52
55 1
80 78
78 75
98 12
92 89
23 71
95 87
50 72
30 35
68 52
57 26
46 57
83 5
13 20
45 74
59 52
88 76
5 93
28 8
37 38
52 63
67 68
83 94
21 41
33 63
43 74
78 37
55 24
91 84
16 12
100 75
46 84
48 90
29 49
43 48
91 78
51 20
90 34
40 2
32 6
57 37
97 79
29 62
91 41
61 99
73 35
1 45
100 26
30 79
80 4
37 15
81 93
47 71
19 60
53 33
79 85
13 33
30 22
85 8
4 69
98 33
84 35
1 4
97 74
64 83
43 51
87 52
66 54
32 84
27 53
50 59
41 21
75 83
78 73
83 13
35 33
3 59
84 57
34 59
32 38
63 13
22 73
64 30
61 35
40 33
16 15
40 20
5 17
97 88
24 79
8 85
94 72
60 13
8 89
90 46
75 48
2 91
29 97
41 1
86 27
55 1
90 12
26 99
29 35
19 36
60 11
15 68
21 94
95 20
100 26
52 31
10 32
74 50
15 13
70 18
65 82
82 27
9 37
69 99
79 14
85 68
76 35
24 85
96 80
35 75
66 82
70 79
37 66
94 78
10 32
22 44
48 30
51 43
99 42
28 65
70 30
10 52
94 32
42 23
5 23
45 9
46 6
14 6
18 58
60 18
83 24
83 92
94 96
44 12
51 42
72 9
28 79
79 76
95 45
75 11
13 3
60 27
44 89
49 68
53 56
6 20
22 63
52 38
8 14
20 4
31 54
29 43
30 7
76 37
71 18
86 30
21 45
16 23
99 35
90 54
27 92
33 10
72 45
20 87
76 22
75 86
91 47
55 52
53 14
38 43
29 62
65 16
97 21
73 3
66 83
2 29
30 74
87 97
53 66
37 40
59 100
36 71
66 82
40 6
11 7
88 51
25 87
31 51
3 25
23 74
21 4
81 16
55 83
44 49
1 2
83 56
18 86
43 100
37 8
22 99
80 43
66 21
87 14
29 63
90 75
4 48
30 91
71 49
90 44
82 8
59 88
100 43
17 78
24 21
39 1
80 84
63 24
63 87
62 86
17 48
37 60
34 90
98 64
44 95
78 90
50 17
26 2
47 27
44 17
14 61
69 26
76 59
31 82
7 91
4 73
20 8
62 39
33 16
42 8
51 82
66 23
1 47
51 77
35 1
76 68
41 77
14 36
39 43
4 15
75 22
7 90
40 27
61 63
4 53
35 73
38 4
5 22
60 74
36 30
1 90
74 35
56 7
76 48
4 68
14 98
79 72
76 75
75 36
63 87
69 83
78 69
28 62
69 81
28 45
14 14
45 100
68 73
79 49
35 42
23 88
54 22
41 32
15 66
66 84
97 36
49 38
3 87
53 57
9 11
90 69
53 46
34 97
46 75
28 45
89 64
59 72
58 69
64 91
86 59
20 7
33 25
63 28
100 68
53 5
42 72
13 81
49 5
9 97
92 30
83 46
84 36
97 3
76 77
98 1
62 87
24 65
46 90
16 25
76 73
6 52
5 93
29 71
91 49
2 68
8 15
80 64
13 91
66 35
95 54
98 50
37 42
27 30
60 77
36 9
32 35
1 100
1 42
80 39
61 96
92 23
15 36
44 83
40 25
42 65
93 35
53 11
65 29
91 24
68 36
40 1
96 28
24 80
20 71
87 76
26 99
80 38
18 91
90 90
45 24
12 97
87 39
81 65
91 26
98 67
69 26
22 12
98 18
69 67
53 2
10 66
12 89
67 38
6 48
51 13
8 54
98 83
3 76
72 82
40 58
22 63
64 34
88 85
97 42
35 57
26 12
22 93
14 46
43 3
11 82
10 69
54 51
49 72
43 86
44 76
46 90
11 11
17 40
95 7
31 77
70 41
5 72
42 17
36 78
62 72
44 81
96 31
59 54
98 8
67 64
51 63
71 70
82 50
38 48
67 64
17 58
63 59
41 56
82 3
5 13
3 89
92 23
58 63
52 60
86 8
54 91
49 49
96 18
70 30
44 7
78 46
39 70
100 79
19 14
27 100
61 50
14 47
22 82
71 55
11 54
40 98
21 17
81 24
74 47
58 16
47 39
42 56
20 27
87 46
23 58
76 39
42 34
66 32
86 54
93 93
51 40
39 44
41 93
98 9
60 25
36 51
75 7
51 46
35 81
45 20
29 45
95 82
58 18
50 79
66 36
68 72
41 28
86 5
100 47
66 26
96 72
99 85
7 81
15 98
37 30
82 90
91 37
78 63
99 21
76 90
22 7
50 60
66 85
15 51
99 21
25 9
50 1
74 27
27 54
85 82
70 98
55 51
31 15
28 16
56 81
96 51
47 87
49 8
34 7
99 33
14 85
29 78
97 69
21 65
95 76
33 50
54 54
37 64
63 64
52 74
12 5
84 22
53 86
29 89
98 72
52 6
6 49
48 24
77 32
32 54
84 57
46 81
39 56
14 72
25 96
94 36
62 74
72 34
42 95
95 32
70 18
56 79
23 9
18 86
28 95
69 36
2 87
81 48
6 51
64 50
84 74
69 55
48 71
37 59
98 95
97 94
88 16
3 95
44 70
16 47
86 49
79 78
13 27
24 56
93 1
38 75
70 44
54 26
61 8
11 38
100 57
82 78
18 69
22 18
99 15
45 63
42 5
52 2
77 63
47 56
16 3
61 88
16 62
15 74
97 46
65 9
11 19
36 61
19 3
7 40
3 59
4 3
85 70
15 37
80 59
29 70
4 63
49 2
82 48
64 23
11 91
81 56
97 100
29 11
54 25
47 14
73 26
48 30
99 15
50 88
94 37
14 70
62 75
61 50
80 95
10 72
25 58
90 13
97 84
43 13
48 5
99 42
99 15
33 74
65 30
78 25
13 95
69 93
78 78
47 94
84 15
88 21
27 50
33 14
16 31
33 74
79 27
89 56
80 55
77 94
90 95
25 43
42 63
3 69
86 93
21 57
12 92
10 2
63 21
60 75
5 14
10 77
58 16
3 81
94 50
74 46
80 5
7 97
94 90
57 35
53 90
30 4
96 55
31 39
62 17
12 85
15 65
40 95
52 93
46 71
69 40
41 87
71 14
62 54
95 8
8 58
35 10
58 99
69 59
97 83
17 74
73 25
6 59
26 41
75 5
52 61
99 38
6 61
58 57
45 27
14 95
10 98
74 30
10 49
92 37
35 98
21 86
7 53
26 93
72 78
52 23
46 32
64 64
74 88
60 38
10 23
81 45
94 99
67 22
50 56
90 81
83 47
74 80
47 92
8 87
49 36
50 52
58 77
6 96
7 60
2 3
20 43
68 57
75 85
81 43
60 45
61 82
53 28
66 97
87 26
24 57
69 72
84 10
39 73
95 59
43 47
100 95
75 56
36 45
66 16
76 11
77 78
48 14
50 42
76 69
7 53
50 77
25 72
16 29
7 24
84 83
70 83
78 66
51 39
44 19
58 9
10 36
57 53
10 36
27 32
95 78
85 45
48 55
78 39
75 17
42 66
21 85
74 11
68 21
8 82
39 79
44 83
85 11
38 92
45 24
12 79
96 96
46 52
88 2
12 24
4 75
71 84
81 59
82 41
22 74
76 77
39 1
83 9
84 29
49 88
62 93
78 59
85 32
9 47
56 97
60 48
2 64
28 34
33 59
69 36
35 15
24 89
64 18
71 25
61 32
60 93
34 55
9 28
57 44
22 8
72 51
61 71
92 91
52 61
42 11
65 16
79 38
32 11
48 25
63 18
80 98
9 17
92 76
17 82
69 15
99 73
76 29
22 79
26 6
60 39
90 66
13 72
35 27
6 84
35 48
48 59
17 28
69 2
56 38
74 72
90 9
27 40
86 42
33 51
30 1
27 4
98 66
60 90
58 66
45 42
74 7
90 15
5 58
66 83
58 96
25 25
64 7
85 77
46 55
90 64
44 15
87 20
54 35
31 94
44 55
88 82
78 4
61 83
8 35
33 41
86 6
97 95
11 80
71 99
82 97
40 80
49 54
79 62
99 69
58 19
75 56
73 28
47 85
31 13
90 10
56 81
7 37
53 68
40 9
52 91
94 31
36 23
90 63
47 17
66 68
34 17
87 50
43 71
94 99
94 36
27 63
31 4
91 30
37 43
1 54
24 26
28 74
49 7
54 39
78 95
6 25
80 94
50 22
5 62
10 59
91 83
60 94
68 47
44 2
100 2
19 90
37 32
35 76
60 52
36 100
100 44
93 68
22 49
94 66
38 19
15 84
20 29
68 74
57 65
8 23
20 28
80 42
35 96
68 86
85 32
64 42
26 63
64 78
14 15
30 24
25 36
56 97
41 17
92 34
99 98
40 18
62 23
88 81
26 45
22 26
75 80
77 88
66 46
96 80
22 54
4 16
62 15
93 82
23 89
19 31
100 4
43 68
50 72
86 51
62 54
35 56
50 45
87 68
50 33
15 59
68 91
75 20
70 8
9 7
66 53
21 57
100 76
28 28
60 38
78 20
1 5
34 69
54 60
66 2
29 1
28 13
21 17
42 67
20 46
44 58
60 98
72 1
38 25
62 69
57 3
99 30
48 24
58 47
38 97
97 8
24 6
5 39
23 27
94 13
65 97
41 32
66 69
65 24
68 11
25 58
94 96
20 15
58 79
99 55
85 17
38 79
26 19
58 85
79 45
46 64
53 42
91 94
17 16
90 19
4 63
25 18
40 48
51 38
35 17
29 97
99 46
58 22
86 35
22 24
3 86
50 84
62 55
68 6
66 7
81 65
92 16
59 2
100 32
1 94
58 56
36 48
90 24
35 74
93 32
21 20
80 89
45 26
11 66
48 56
86 44
14 28
25 74
26 43
16 17
59 42
6 39
14 14
16 63
91 26
35 38
19 100
41 9
48 44
38 57
58 67
28 61
30 72
17 69
27 92
82 17
26 24
15 91
72 92
60 50
7 74
44 64
92 90
4 99
54 29
39 46
89 42
19 8
15 71
66 85
34 76
73 12
72 75
99 90
41 26
62 52
86 79
59 77
54 12
33 74
96 33
12 79
61 34
77 57
80 47
39 77
11 73
5 22
53 67
34 17
16 23
12 41
77 32
7 13
15 39
82 60
98 10
55 33
100 19
12 32
73 17
85 94
37 95
44 43
35 35
77 20
57 95
20 65
87 48
11 58
53 39
34 80
74 36
65 24
63 36
53 82
3 1
73 61
9 56
8 67
58 29
76 78
19 59
34 60
83 42
85 98
67 71
32 51
91 30
18 41
95 82
63 98
54 34
31 76
58 92
88 21
59 47
15 38
8 85
97 94
77 96
12 75
31 26
2 31
76 51
93 13
54 65
30 51
17 25
14 72
37 69
26 5
89 49
7 28
59 64
23 91
91 77
77 86
6 93
34 6
94 26
1 75
96 55
47 12
83 2
54 46
34 32
42 1
20 36
93 68
38 46
96 31
4 95
20 23
97 13
31 45
64 36
2 77
61 95
80 12
67 48
97 63
57 17
7 49
4 42
67 32
30 91
46 18
43 18
87 83
31 75
36 95
87 57
27 29
82 6
70 11
32 27
16 89
63 63
51 14
60 57
52 8
98 44
64 51
72 31
46 56
46 95
35 18
99 85
6 41
67 29
65 84
55 3
23 97
23 32
58 97
90 29
4 22
55 14
32 98
91 57
86 89
68 92
77 13
64 69
1 98
98 75
47 47
68 38
60 89
49 60
28 94
64 97
98 55
43 96
35 79
43 11
88 90
21 48
93 47
46 82
87 28
9 30
100 37
62 25
31 14
9 33
51 53
35 87
63 46
34 50
77 43
100 86
53 93
5 8
15 55
6 90
3 34
13 53
73 28
14 23
61 13
100 73
77 71
58 19
94 69
11 1
52 29
34 10
84 48
44 27
79 44
70 75
4 9
78 80
31 51
35 22
86 12
33 3
21 60
100 57
19 4
97 55
52 95
23 97
1 62
18 49
28 38
3 47
31 53
1 17
69 69
43 65
52 42
97 91
1 36
98 62
8 91
4 16
31 71
43 38
100 43
9 66
12 65
3 51
86 45
95 15
89 24
23 56
79 70
9 83
22 65
49 25
5 89
25 59
72 21
58 50
43 59
99 11
12 49
73 11
51 79
80 17
67 28
55 20
77 8
19 63
52 81
36 98
23 78
82 4
78 88
74 20
42 69
41 52
76 22
79 14
35 18
65 45
1 21
66 87
73 80
74 85
14 12
30 68
99 95
85 84
87 70
41 53
36 46
50 18
65 16
38 25
30 86
31 43
92 96
58 45
50 57
43 77
45 95
24 34
76 32
22 82
97 6
17 52
14 85
24 27
95 17
1 2
88 24
95 38
66 89
13 55
21 74
79 52
94 22
19 69
16 35
32 43
11 73
3 33
81 12
27 88
40 57
62 98
9 82
32 52
19 42
58 38
26 80
63 36
33 24
2 63
36 69
81 29
70 15
50 53
5 7
65 31
50 55
44 82
11 68
67 95
56 36
31 42
97 98
1 10
1 62
64 84
32 4
11 86
66 16
65 16
37 74
58 24
26 13
46 7
89 28
97 6
55 45
14 7
11 94
40 68
67 22
99 62
20 48
37 36
48 67
24 54
53 66
49 73
68 88
63 86
67 67
75 23
46 79
63 16
76 84
46 92
79 99
59 88
9 77
44 15
75 3
45 50
1 90
1 67
42 9
41 17
49 72
49 53
7 76
59 65
88 72
73 97
57 27
7 19
61 32
56 93
83 24
13 49
56 65
50 11
28 86
22 83
76 86
25 64
37 98
3 69
70 55
15 48
14 56
78 32
10 14
88 10
75 33
11 4
40 76
68 41
3 72
88 48
16 45
9 47
99 64
55 16
34 43
7 90
14 34
46 26
63 34
96 58
59 27
70 50
97 20
38 12
44 84
24 5
62 76
32 81
27 74
83 82
46 81
40 81
13 65
7 94
79 91
39 50
69 49
19 18
6 42
72 21
58 17
74 87
80 67
8 81
80 2
65 62
15 70
93 88
11 87
29 56
40 97
21 13
50 5
88 16
10 77
93 89
12 21
71 52
24 21
38 46
5 85
21 53
29 26
17 50
28 47
59 68
7 99
96 47
29 38
13 40
19 67
39 54
38 78
51 34
46 34
17 80
15 47
12 56
10 19
25 85
40 11
1 15
97 98
90 67
89 30
6 74
34 7
100 2
28 77
10 80
89 47
33 13
30 32
69 25
1 62
9 30
27 44
60 12
5 77
8 81
72 4
75 43
46 35
9 81
25 28
91 20
77 12
40 26
55 75
86 30
16 11
94 37
87 96
65 60
35 4
27 78
70 85
21 62
26 79
98 61
30 41
14 78
82 73
59 25
34 54
34 87
20 54
12 97
93 50
76 30
19 30
16 53
50 25
64 16
76 34
75 4
7 35
53 45
66 30
61 62
90 27
33 40
6 98
28 22
97 51
93 53
54 51
67 35
13 15
79 30
16 95
94 55
44 59
49 19
52 79
77 12
82 57
23 85
89 8
27 7
98 66
59 89
94 59
48 42
75 4
70 44
74 46
81 39
22 41
39 27
93 100
11 67
71 18
98 97
91 40
68 68
42 2
44 91
86 2
54 16
75 72
1 48
47 22
18 30
1 18
51 1
47 93
34 75
25 37
87 52
60 33
23 2
45 41
54 91
22 44
19 44
23 87
95 89
51 34
96 27
33 67
43 33
58 45
55 84
93 82
48 36
74 3
86 83
44 26
11 56
40 50
18 49
63 3
38 71
35 78
63 72
40 71
33 70
97 46
65 7
71 22
8 30
39 61
16 14
61 21
60 4
86 57
35 59
54 44
89 91
82 85
38 10
83 75
92 29
44 45
27 8
39 64
18 99
