4000 103576
39 80
80 49
84 9
99 22
82 62
25 97
75 53
30 60
11 89
83 88
98 39
58 24
29 5
24 48
81 75
17 19
39 43
79 59
80 17
4 75
82 5
88 1
64 10
8 76
100 90
23 63
3 85
92 97
53 71
30 67
64 35
91 2
9 16
48 43
41 75
42 77
24 40
67 79
71 88
34 28
50 66
68 27
44 3
78 70
43 74
24 29
46 41
33 68
3 87
25 57
36 94
84 44
64 9
52 4
92 19
63 51
74 66
46 56
54 47
26 88
75 22
18 81
69 89
35 37
17 76
61 63
28 66
40 67
28 42
98 53
74 46
29 59
17 31
17 48
58 81
59 56
92 29
3 21
91 24
46 15
80 29
79 17
30 58
43 89
30 20
73 77
6 39
55 37
70 84
59 38
33 24
97 5
28 70
53 64
83 94
96 45
13 79
11 59
36 11
92 72
8 63
61 8
20 82
25 46
29 56
77 62
35 1
20 36
32 34
78 76
18 50
11 14
56 93
99 60
53 3
37 64
71 88
58 93
91 53
92 71
69 30
75 28
88 75
48 100
27 92
23 68
44 96
92 22
33 78
31 59
83 45
40 93
91 66
3 26
16 38
71 73
31 88
51 38
42 8
62 73
28 66
59 10
72 87
35 10
57 69
77 89
71 73
79 56
86 81
13 77
23 26
6 63
88 5
62 52
54 14
66 48
84 72
49 9
57 21
16 49
31 19
92 65
8 93
73 85
94 42
23 30
43 9
76 81
73 20
84 17
38 54
52 85
95 26
61 40
86 94
3 46
37 80
56 18
82 1
23 60
21 95
56 78
28 74
8 51
17 29
33 87
25 98
1 52
81 48
82 70
16 53
11 66
73 34
23 45
83 50
18 75
98 75
77 11
93 56
22 46
13 27
82 61
74 30
7 4
43 100
11 75
9 49
79 79
19 44
42 49
1 90
39 90
97 78
81 64
98 40
66 58
13 2
22 89
66 10
94 49
55 58
33 62
56 15
79 91
8 6
91 16
96 18
5 32
19 26
41 25
26 77
31 4
22 85
51 58
89 7
64 36
14 84
50 7
95 66
32 28
43 55
47 55
22 17
92 84
27 70
19 9
57 42
40 24
92 97
22 51
85 72
47 55
6 64
92 38
25 97
13 21
34 6
73 66
69 53
53 83
13 90
47 81
83 87
86 26
49 91
24 45
2 13
62 74
73 52
96 78
45 1
15 58
42 85
66 70
6 42
21 54
36 78
62 35
60 29
28 74
35 37
96 1
26 80
93 100
87 90
2 29
57 20
21 95
74 94
26 24
73 30
38 36
24 5
7 68
76 13
72 47
30 64
77 26
86 20
2 15
24 3
30 73
69 25
65 87
48 42
74 18
85 93
83 71
88 4
96 21
62 96
74 40
91 73
39 76
66 91
78 15
41 4
23 62
50 61
66 49
100 86
22 90
56 84
23 42
80 57
31 49
46 88
10 73
59 74
83 7
63 87
82 28
65 31
31 63
98 67
12 72
57 32
35 59
46 94
44 35
30 31
60 90
69 74
73 56
50 65
35 16
2 70
90 20
57 78
51 82
8 68
8 63
72 72
63 4
30 56
3 80
45 52
27 43
12 52
3 77
10 1
27 91
36 4
26 32
57 5
33 70
37 55
65 37
67 80
34 1
60 71
49 63
45 90
29 97
21 18
95 54
63 12
22 39
84 25
71 89
72 20
43 44
78 3
95 43
57 47
59 58
49 75
1 50
37 52
61 26
55 26
46 53
87 68
90 82
71 36
95 25
23 51
59 42
12 61
41 31
45 42
71 83
41 93
89 83
99 79
61 62
83 88
13 91
34 100
19 12
35 31
57 71
61 56
12 34
3 66
18 54
22 91
52 40
70 56
59 95
64 17
25 33
56 99
2 37
14 14
79 86
48 61
88 65
37 27
59 21
81 47
81 21
30 3
21 39
22 55
80 34
34 52
4 43
45 76
67 3
22 6
79 6
76 73
83 61
43 39
78 90
52 67
64 82
29 29
21 74
74 28
44 46
45 6
30 26
45 34
11 20
8 11
93 94
50 84
96 89
51 66
30 82
29 61
32 20
3 20
50 16
64 53
36 71
53 58
8 28
54 25
75 63
38 34
29 97
9 76
80 24
7 87
60 94
96 57
87 67
80 67
69 84
31 64
77 72
50 9
27 97
87 43
57 71
19 42
88 78
53 60
22 7
70 59
33 20
5 27
72 78
82 35
68 79
7 100
86 44
27 7
60 24
60 59
65 92
89 73
20 34
96 67
47 11
79 79
43 24
85 29
11 45
64 59
15 93
87 68
13 20
94 41
25 11
70 90
64 83
64 88
74 1
85 89
33 47
6 73
42 15
4 76
39 59
61 46
10 28
24 3
88 4
22 3
36 13
4 95
10 75
55 98
51 13
8 37
86 76
94 88
92 66
48 72
57 47
59 58
34 39
69 18
52 98
10 1
90 59
15 32
25 89
63 60
52 21
58 87
20 32
93 87
61 14
58 42
53 32
23 41
82 44
92 35
44 44
17 56
95 81
5 70
23 53
46 94
12 7
8 80
91 81
3 24
55 51
47 79
61 33
40 42
67 96
64 82
1 42
57 7
79 14
26 82
71 18
30 34
83 20
91 49
74 72
95 34
48 42
26 4
17 74
81 86
18 90
12 69
49 93
64 71
16 91
72 98
61 16
79 49
79 77
51 96
34 72
86 80
49 27
46 4
77 21
16 74
10 85
78 14
24 80
88 98
55 96
46 97
69 83
37 15
36 97
42 55
83 48
36 39
19 58
52 74
68 76
88 47
63 94
17 20
52 69
31 84
88 17
12 84
61 32
18 46
63 32
94 3
3 25
63 58
40 58
80 97
78 31
49 43
9 10
53 63
88 40
63 57
99 11
8 75
51 72
86 8
1 29
33 71
21 98
71 38
84 96
89 73
59 36
99 90
5 92
10 5
29 25
44 61
73 88
89 57
61 58
87 71
35 11
16 34
50 28
74 69
95 30
79 11
74 63
55 91
32 73
13 54
69 48
82 83
72 28
19 19
67 42
72 56
3 41
40 39
42 45
39 37
28 63
100 81
37 78
84 7
61 85
17 2
27 19
86 24
57 10
39 76
72 47
91 21
54 9
21 74
16 41
100 38
100 36
41 3
54 80
83 60
5 56
22 27
64 95
76 84
92 97
30 36
99 91
95 38
69 27
41 36
33 26
48 41
92 68
21 3
83 99
5 4
37 56
61 17
90 27
45 66
100 92
61 73
36 38
5 100
34 99
3 30
5 89
85 86
44 32
58 69
67 46
48 39
32 47
30 40
76 74
23 44
11 75
74 65
69 33
32 53
66 52
1 10
31 94
10 19
73 12
14 44
14 22
9 19
26 61
55 100
54 36
77 52
67 25
41 73
82 4
100 75
43 2
86 44
36 60
38 85
95 64
2 5
38 24
78 11
83 44
13 97
1 6
94 71
38 13
21 90
77 75
4 64
74 99
7 68
13 34
46 62
72 12
78 55
55 80
98 24
84 7
60 16
26 27
50 31
100 40
7 30
2 57
94 42
44 26
37 16
84 26
39 41
91 73
21 1
16 51
73 16
85 50
68 8
18 38
22 62
89 97
94 13
77 78
14 95
53 32
41 11
59 56
24 95
18 18
13 36
73 18
53 24
24 3
99 45
3 6
75 42
57 26
56 14
69 35
1 3
44 29
4 13
39 44
34 1
24 13
6 46
59 69
60 62
26 54
76 6
81 76
66 50
70 18
10 53
79 97
22 2
50 63
37 52
97 96
20 32
2 39
22 66
72 7
25 41
20 10
26 64
52 35
28 87
81 77
72 69
28 42
77 58
75 81
18 85
62 58
50 46
24 30
20 78
9 59
1 83
96 84
41 34
66 85
17 53
50 86
96 81
90 6
52 1
32 84
86 2
71 32
85 23
7 67
42 39
62 15
78 28
68 54
13 1
6 66
100 31
84 70
33 7
76 88
58 2
3 91
38 97
59 99
78 73
57 75
67 58
78 7
4 10
59 91
95 91
20 14
61 29
90 23
9 20
12 29
73 7
95 21
82 12
58 29
53 39
75 2
19 95
83 18
42 56
83 96
88 35
94 86
66 17
72 42
69 73
75 70
74 84
58 21
85 69
3 8
67 95
3 26
80 15
70 4
61 68
74 57
42 70
21 48
15 80
50 89
84 76
88 86
96 61
17 40
97 66
1 51
92 41
15 12
83 68
85 96
49 7
22 54
78 81
14 75
45 47
99 5
40 45
19 83
8 26
24 13
73 90
74 72
26 90
53 4
96 28
38 9
78 61
89 97
11 57
93 92
90 85
94 84
80 77
38 45
11 23
28 94
38 95
54 64
42 5
72 14
38 59
42 64
93 19
16 92
7 38
37 66
66 96
46 34
7 48
73 73
21 46
80 89
99 45
98 87
84 45
46 72
87 96
61 5
34 68
97 4
53 48
75 4
43 87
84 76
12 48
53 62
11 69
1 94
58 25
4 25
72 59
95 35
45 88
64 77
62 26
51 78
53 42
27 22
48 11
59 41
52 94
20 57
90 30
2 90
69 95
73 74
99 61
56 42
86 30
84 80
4 45
90 77
58 83
46 84
74 52
70 82
98 45
36 72
70 75
55 69
92 96
42 85
2 3
88 84
57 62
63 29
91 61
61 55
42 2
90 23
72 96
45 47
62 79
61 25
98 37
30 26
86 50
96 49
37 67
71 79
79 29
41 12
60 7
36 63
86 95
85 58
57 45
36 39
73 29
79 71
42 59
16 76
72 56
43 61
3 59
80 17
58 41
45 71
41 71
51 42
35 94
12 18
47 41
48 24
24 42
44 77
77 49
9 43
39 77
14 16
79 21
69 5
54 79
91 27
56 20
39 25
75 36
13 64
26 63
47 16
43 86
68 73
62 92
14 41
10 85
17 2
93 9
19 26
61 73
85 32
69 19
47 18
48 49
15 59
94 41
72 91
10 87
23 42
80 85
48 64
88 9
11 6
68 20
41 87
1 84
24 39
31 11
75 20
88 54
57 25
74 87
30 40
76 49
35 78
95 32
85 33
3 80
39 41
56 10
64 4
24 24
76 29
62 73
71 72
43 39
8 13
42 14
52 78
30 6
74 99
100 93
69 14
36 4
67 12
9 52
36 39
42 3
91 14
62 10
29 8
99 90
87 97
58 99
74 38
22 26
52 31
11 71
76 57
43 23
66 80
91 60
66 46
41 60
53 84
36 69
83 51
12 97
30 83
87 28
93 54
55 81
38 72
61 20
90 36
4 35
21 71
77 74
98 37
11 85
90 84
26 97
10 26
77 80
36 95
83 64
50 5
39 77
93 34
25 14
81 51
10 65
16 25
46 48
3 77
20 9
34 17
37 27
31 57
15 99
23 6
23 10
21 79
60 77
83 29
10 14
16 11
55 52
86 39
13 100
65 88
75 22
38 96
26 13
3 53
25 42
9 76
52 10
64 19
53 61
77 23
44 69
63 78
92 47
42 17
65 54
11 55
27 33
53 32
41 11
93 31
76 37
15 73
13 61
35 65
49 53
22 26
50 27
3 4
59 64
62 78
19 91
85 38
52 73
45 4
88 90
76 15
53 31
39 51
91 85
57 44
15 73
35 53
19 21
58 72
28 21
35 74
68 78
6 53
88 5
60 41
98 35
15 93
26 13
10 95
49 9
74 65
83 72
99 35
28 21
41 36
12 65
47 11
77 25
15 89
91 66
16 14
91 55
95 97
55 65
81 39
51 40
21 89
67 92
22 60
79 12
46 12
8 85
98 90
51 17
47 41
10 30
48 51
61 85
35 94
9 98
10 93
61 10
91 21
60 79
88 30
83 56
23 43
86 41
60 32
38 32
76 6
75 46
80 86
70 54
81 62
12 77
73 93
54 2
31 20
94 4
32 14
76 83
1 40
81 55
79 99
100 32
42 84
78 2
60 16
77 77
87 51
21 60
89 86
29 71
80 39
76 68
12 79
55 33
14 8
23 10
92 16
89 65
49 7
71 54
11 19
30 20
34 30
83 63
83 22
64 49
76 67
66 87
40 83
28 58
98 41
70 82
27 90
40 76
47 35
87 5
68 4
85 85
59 65
56 41
14 7
91 55
83 8
77 85
45 39
48 15
99 47
36 7
37 32
47 53
58 60
47 2
28 73
43 41
81 64
62 46
7 41
56 82
79 32
98 23
35 40
77 24
67 56
62 81
68 99
13 90
100 85
87 2
98 26
58 1
94 42
63 33
48 7
28 2
39 69
44 98
76 68
89 15
79 4
12 99
87 20
88 15
10 100
15 92
31 7
90 64
28 89
89 47
97 97
7 72
86 21
31 88
35 95
52 29
44 68
54 45
16 18
95 5
40 46
65 96
53 5
33 39
27 28
52 64
60 92
17 48
96 61
87 60
5 63
26 16
98 58
92 82
66 82
59 10
58 25
48 88
100 25
37 13
36 86
96 21
43 84
21 58
79 9
29 30
24 86
22 76
82 74
91 4
17 32
73 71
56 99
21 37
57 61
34 78
72 52
69 53
3 77
19 64
55 12
59 39
45 31
5 21
50 72
10 12
63 30
59 48
9 99
63 6
96 60
44 84
58 27
90 95
16 41
88 87
71 24
91 79
10 14
4 49
81 82
78 46
77 19
88 32
98 34
33 32
74 61
21 37
1 84
28 37
40 100
56 47
86 28
84 82
60 67
88 51
45 93
74 49
98 99
5 91
36 6
45 58
48 26
46 32
35 5
15 18
33 70
57 80
57 96
42 36
60 29
89 29
71 81
36 99
29 12
68 66
69 30
2 24
89 54
21 65
81 61
28 5
76 11
66 40
63 86
87 30
5 90
59 78
61 30
3 88
63 20
48 35
47 98
62 97
93 19
33 2
76 66
26 40
89 33
32 14
19 75
49 61
20 42
90 7
36 12
48 6
9 24
56 93
1 29
97 77
77 58
81 41
76 81
4 20
99 80
38 66
43 1
3 70
48 43
3 30
57 57
10 14
50 17
4 54
71 10
95 35
88 7
98 76
72 74
77 40
29 41
90 1
77 52
1 34
31 7
12 63
100 39
40 31
68 8
1 68
88 7
96 65
33 8
64 40
99 84
83 88
53 5
93 85
38 9
1 100
95 66
94 65
62 13
97 82
49 71
33 23
91 68
37 29
82 50
14 94
65 20
63 90
3 94
41 72
63 23
86 52
4 86
14 14
77 34
71 93
66 33
64 41
18 9
99 92
79 80
69 93
33 31
84 36
61 29
70 39
84 35
8 46
16 56
97 48
56 80
16 26
81 22
98 47
4 54
63 23
11 92
68 26
25 64
13 37
60 97
39 38
50 89
64 34
52 51
26 22
86 79
18 35
42 14
4 87
68 27
72 45
72 31
52 57
55 33
84 59
74 96
90 67
91 57
89 51
87 66
46 36
56 28
67 39
95 34
60 33
81 61
5 26
27 58
5 76
70 14
87 6
95 14
19 2
2 40
47 16
97 76
87 18
16 51
90 41
42 4
35 29
61 38
65 87
86 85
68 70
49 45
59 32
57 88
91 53
99 82
95 54
89 88
55 61
14 92
83 74
14 94
94 5
88 51
92 3
51 80
57 64
78 9
97 93
27 18
31 48
43 61
23 93
18 17
10 63
64 85
11 72
44 91
25 22
76 58
30 75
44 43
76 55
40 7
100 31
66 7
39 40
47 36
6 47
93 1
60 27
89 20
6 46
5 31
28 70
97 48
7 63
36 33
27 56
4 7
62 2
57 55
98 67
37 94
26 71
60 29
100 31
37 95
3 71
76 4
64 52
84 46
19 99
39 6
24 4
71 29
56 65
62 95
69 16
14 11
6 95
28 42
54 82
11 92
84 25
81 51
59 40
43 87
68 35
37 47
98 45
81 37
46 54
95 12
69 82
71 76
6 92
21 12
59 70
9 63
96 68
74 22
44 60
67 66
12 79
19 63
89 46
20 43
80 9
57 61
85 53
37 56
36 54
38 86
47 47
71 30
70 36
58 38
13 68
37 23
94 37
10 13
69 59
91 90
57 24
38 92
62 65
62 67
58 56
72 35
22 29
5 23
46 8
66 88
71 40
9 86
84 2
11 85
80 81
16 11
67 45
64 85
52 66
2 98
1 71
51 64
73 28
22 58
8 2
37 47
58 80
53 90
47 59
79 90
44 79
55 82
16 82
57 95
16 49
73 89
80 29
38 29
29 11
25 88
55 69
52 2
86 26
38 22
62 86
65 6
5 84
81 30
81 42
57 1
82 79
81 12
7 65
6 58
55 70
66 18
95 5
64 49
70 7
41 15
42 91
65 85
47 97
57 24
73 31
62 97
81 12
53 60
51 77
10 74
77 99
5 45
61 75
62 24
95 19
74 60
79 81
99 2
54 41
59 23
7 3
88 71
91 34
65 67
93 29
45 55
30 36
39 85
9 56
52 94
31 99
2 46
68 30
77 47
59 69
41 60
39 95
91 32
93 19
41 72
100 5
69 70
46 68
12 79
83 45
92 86
86 90
13 26
90 88
39 30
71 100
97 42
26 52
13 85
13 60
71 32
58 40
43 95
9 16
18 47
46 88
92 67
19 92
13 17
68 65
29 12
53 76
58 60
20 43
45 47
99 83
71 99
66 68
96 2
83 29
100 12
87 40
20 18
12 37
28 79
10 99
34 36
76 20
88 50
46 73
89 31
10 82
55 12
83 25
70 49
72 58
80 64
61 67
43 1
92 32
29 32
71 12
97 59
86 43
42 6
93 5
36 25
13 56
58 72
31 78
47 84
57 84
69 17
18 1
20 72
49 47
27 51
53 60
24 66
66 52
99 32
64 48
75 85
5 95
46 72
45 34
77 52
25 87
57 100
71 4
69 18
85 83
93 67
65 77
23 25
87 72
57 33
58 1
99 79
67 57
41 79
97 62
75 92
61 47
66 14
95 15
9 94
44 64
99 74
33 11
10 67
97 57
96 59
84 52
54 51
94 82
80 37
82 54
70 69
37 88
52 57
38 38
73 71
96 23
2 66
47 95
82 46
11 99
57 96
32 24
77 7
97 26
28 37
51 98
9 72
45 50
97 12
18 17
89 65
96 38
2 80
98 32
44 94
49 90
33 35
97 97
42 71
65 71
78 50
12 91
1 58
81 59
1 81
25 28
77 33
55 46
72 23
58 31
65 96
28 70
90 6
93 2
76 95
69 43
95 99
84 18
14 92
92 63
1 35
54 9
39 100
54 14
51 92
82 45
3 3
35 26
31 41
44 25
99 96
60 91
7 68
99 5
41 1
8 48
76 33
17 33
62 93
47 7
26 63
78 89
74 28
15 69
70 90
49 22
36 11
16 41
84 91
1 54
7 3
37 25
54 14
97 54
90 90
4 5
31 98
92 44
38 82
61 39
36 21
89 77
20 81
94 88
87 34
12 81
1 35
14 18
28 13
14 27
60 24
6 76
91 67
85 3
20 96
12 57
33 76
7 58
28 49
69 66
7 63
86 51
5 43
60 77
83 4
94 84
15 33
13 1
86 80
5 15
25 91
73 100
93 43
96 71
66 39
31 76
8 51
19 73
45 93
87 16
84 51
4 68
92 43
75 18
89 70
64 38
38 26
73 45
70 95
65 74
93 63
77 9
3 76
97 5
88 85
85 31
91 40
3 18
49 83
28 19
7 32
25 74
100 70
51 74
20 96
17 8
81 2
27 47
87 32
25 94
14 14
71 83
81 14
57 56
97 52
21 35
20 93
86 29
45 32
90 39
3 54
38 94
18 47
5 81
34 50
5 84
41 11
76 89
59 53
41 93
3 8
17 36
65 18
54 77
67 61
84 14
23 37
48 62
63 60
9 68
24 8
28 25
31 2
56 21
84 80
79 5
76 55
56 24
65 33
21 86
45 14
67 38
10 31
14 60
71 18
43 80
70 95
63 28
71 21
29 99
3 73
73 28
97 34
67 90
79 56
64 95
2 3
1 92
63 56
64 14
61 60
86 15
43 38
92 13
42 87
79 17
70 18
69 42
34 40
86 2
41 79
30 53
4 40
50 62
43 65
74 9
45 93
12 11
88 89
15 13
92 10
90 61
39 92
89 43
8 50
17 48
4 89
10 53
69 91
66 97
25 18
30 2
3 11
68 56
21 15
96 98
46 24
42 32
65 91
79 64
80 85
5 21
60 68
83 76
7 82
2 84
9 85
3 75
65 47
96 73
17 39
9 56
86 33
7 31
49 50
93 34
76 78
52 39
54 38
44 20
17 35
79 56
73 22
19 45
98 11
45 36
15 94
95 34
39 19
31 84
73 49
18 3
87 5
84 69
100 31
93 38
85 4
60 15
95 64
1 50
56 87
63 3
9 5
93 71
22 33
57 55
37 4
97 62
8 45
91 42
92 81
76 79
21 97
17 2
47 75
18 59
61 89
61 21
12 44
51 7
43 4
36 45
20 62
29 60
19 65
72 92
74 50
55 68
31 58
20 13
55 18
38 96
35 15
16 74
30 66
56 99
24 80
67 21
52 60
84 24
9 62
43 93
59 54
81 10
11 94
5 81
50 20
24 83
17 1
13 64
74 41
11 56
48 60
94 54
92 68
18 24
17 97
65 17
24 43
47 54
36 29
30 60
85 1
70 96
45 86
66 66
77 46
21 17
84 87
80 6
4 93
44 100
23 98
14 46
24 10
85 43
19 78
73 81
8 77
87 78
85 96
82 70
50 86
84 55
27 75
41 53
53 30
43 72
57 69
28 73
41 77
92 49
58 84
77 78
14 96
54 21
43 95
90 42
74 38
78 81
70 99
77 30
22 33
44 48
91 27
45 94
28 90
61 5
70 74
36 67
99 34
6 70
69 88
48 19
90 76
95 62
88 71
94 58
89 33
44 91
22 30
29 62
88 40
31 65
6 91
1 35
84 86
100 85
90 28
58 75
77 18
59 26
86 4
98 50
54 73
76 82
95 43
82 63
88 86
16 16
17 81
87 72
21 37
85 68
86 90
62 13
31 81
74 13
56 22
19 66
69 3
29 51
99 27
56 94
59 67
56 69
56 81
42 4
55 53
98 8
51 78
84 70
8 34
37 33
33 71
62 6
64 15
79 13
43 20
52 52
94 81
11 52
90 23
15 69
47 71
75 65
76 81
29 52
48 77
83 2
47 17
69 31
11 4
97 43
24 77
69 23
53 11
32 9
63 26
59 15
29 16
13 56
94 37
36 1
1 40
27 7
97 59
65 6
5 72
91 78
16 58
51 4
53 30
5 32
65 72
99 100
79 96
40 5
27 3
79 24
75 58
25 19
47 7
85 62
22 13
22 35
6 36
26 75
53 43
20 61
84 90
81 58
84 68
78 26
69 11
85 60
56 84
17 69
49 65
12 7
8 46
16 74
62 10
12 27
20 58
26 82
11 79
50 5
18 86
89 81
28 81
44 43
66 100
26 87
28 56
39 12
48 73
85 91
64 87
100 15
56 4
99 28
33 24
40 23
28 5
1 34
24 82
83 40
17 2
24 47
95 47
76 100
39 72
8 56
88 26
10 29
86 89
50 4
11 34
55 74
90 37
91 14
98 69
7 36
16 52
77 24
45 99
15 24
14 67
8 37
15 90
69 70
7 64
99 13
8 44
86 68
51 47
83 26
69 8
19 100
6 24
15 6
95 99
96 95
74 61
34 25
5 76
59 2
35 80
16 61
13 75
76 16
6 26
10 95
83 3
73 77
39 71
27 2
88 52
52 37
87 90
54 41
20 58
45 54
52 5
80 1
30 73
2 3
62 26
50 32
20 3
20 1
64 37
66 53
15 48
38 50
51 77
72 23
48 3
85 9
39 83
61 29
13 76
96 8
22 24
95 79
68 36
60 94
73 32
7 87
63 30
59 21
60 79
83 39
55 26
63 83
62 39
37 99
16 38
75 17
86 82
88 92
94 17
50 71
53 44
61 16
39 72
56 73
84 38
86 74
92 81
22 72
98 2
4 56
69 79
72 77
98 86
88 66
83 70
23 17
95 52
46 51
33 38
6 82
80 89
88 15
21 17
93 80
24 13
36 54
67 96
61 47
23 45
13 64
62 69
76 88
73 80
100 40
83 12
56 69
38 65
74 92
29 41
87 18
78 100
97 71
58 95
27 85
36 37
41 64
49 54
82 88
86 15
82 91
88 22
17 55
21 5
8 38
9 34
44 70
43 43
75 81
56 68
18 39
39 97
18 36
45 78
11 76
17 27
27 90
18 96
6 91
100 81
98 36
93 8
77 32
46 7
50 2
4 17
82 43
42 66
4 70
63 82
79 32
85 12
2 3
95 38
57 68
9 92
3 72
52 89
4 86
30 52
8 56
21 24
68 48
25 43
17 2
31 75
93 69
43 91
100 71
99 59
42 23
98 58
91 19
71 7
95 64
92 20
26 75
76 58
34 37
29 96
91 40
12 20
66 59
92 94
59 58
22 26
53 38
13 81
74 67
8 23
42 32
33 74
80 47
62 32
57 17
96 100
92 58
49 37
38 42
91 80
47 48
31 16
40 38
89 66
1 22
35 53
33 37
26 96
62 11
66 26
55 91
52 2
29 45
72 49
96 47
39 54
45 27
100 36
52 34
18 93
7 59
93 18
2 18
38 57
6 1
58 34
33 56
97 58
7 23
22 97
40 38
5 70
52 12
31 27
46 35
5 34
65 79
78 23
30 81
79 41
95 48
36 72
30 94
75 45
7 72
77 93
14 98
4 98
76 28
65 84
21 90
82 38
9 53
75 8
19 94
15 53
32 93
3 49
63 62
90 15
24 97
54 51
47 36
28 9
85 77
92 22
32 94
1 8
21 45
13 74
79 100
15 92
49 97
61 46
89 88
7 69
37 90
54 38
10 66
13 17
18 21
83 8
46 55
79 25
57 67
17 48
93 77
40 11
19 49
55 38
30 78
95 45
61 89
76 13
74 5
45 17
19 35
5 50
45 24
39 79
69 76
76 76
5 22
17 72
36 21
45 62
76 92
24 10
99 99
37 10
36 78
68 71
71 17
34 84
46 95
79 35
50 84
38 71
19 45
20 32
45 60
100 74
14 28
5 100
27 87
87 85
1 17
97 21
43 86
97 92
87 51
12 13
72 67
91 24
80 37
59 39
87 85
7 28
83 100
85 35
96 37
70 30
5 5
66 5
3 13
50 99
97 39
4 96
40 21
67 36
24 79
36 81
66 9
37 59
92 80
44 47
76 95
92 48
40 19
70 32
40 40
26 21
33 45
64 58
68 45
65 81
74 49
54 81
71 8
8 100
91 16
18 97
78 29
95 20
36 1
32 42
96 71
32 92
36 89
87 91
98 79
59 20
22 23
15 39
47 30
65 3
58 86
74 24
8 2
49 4
44 55
48 41
26 25
28 99
63 51
93 21
92 31
36 99
46 1
15 39
44 98
88 68
32 87
73 79
34 88
67 87
56 20
30 58
50 30
43 60
68 100
99 60
53 79
42 23
13 99
100 60
6 77
22 36
25 83
66 78
22 91
20 90
65 71
47 67
48 40
27 21
39 87
91 71
14 71
37 40
5 61
57 20
76 7
89 47
81 98
10 46
7 85
37 69
91 55
57 67
79 29
58 55
7 26
32 59
51 29
20 24
83 19
57 5
93 11
59 53
22 82
67 2
79 94
38 52
13 68
78 34
64 24
4 7
68 56
77 94
92 46
73 16
86 66
67 4
13 62
18 63
28 2
19 46
6 32
18 8
27 12
37 12
28 62
34 90
20 22
78 42
5 65
54 92
86 46
97 76
12 45
59 80
15 77
90 38
96 31
28 96
19 23
59 7
83 2
87 78
88 52
26 99
11 93
25 17
44 3
23 6
94 80
72 56
93 4
100 63
41 63
20 67
36 26
68 77
53 56
55 47
46 18
57 21
8 91
31 16
5 48
71 35
42 95
20 76
13 24
37 77
99 71
31 99
48 83
33 25
69 76
87 35
58 23
79 21
11 51
1 77
53 26
4 82
24 32
98 29
55 44
65 95
17 96
90 21
32 23
21 3
96 20
29 40
29 75
55 10
12 55
85 22
26 96
53 49
56 97
90 71
41 26
6 20
20 69
88 60
38 44
41 45
74 94
47 18
19 65
36 45
100 95
24 42
40 78
23 78
21 71
94 74
87 24
89 18
36 94
71 46
61 20
31 65
99 38
41 95
38 74
62 92
25 68
15 21
66 93
81 17
4 92
7 70
38 88
75 12
94 81
28 83
15 56
68 75
74 100
86 72
3 71
73 46
61 14
94 48
48 76
33 36
40 21
34 99
73 5
75 67
56 97
33 24
57 31
55 34
73 70
46 57
68 77
49 90
60 77
34 21
81 6
15 20
40 42
19 93
90 32
33 23
46 75
56 39
52 97
71 26
93 63
7 19
44 24
53 28
100 18
91 99
85 63
39 39
76 97
57 67
65 57
32 93
41 42
22 87
38 78
65 64
19 95
5 55
14 53
79 72
38 75
94 58
93 91
29 17
64 2
34 22
62 39
61 28
42 13
65 87
32 53
34 75
71 5
27 76
87 2
71 22
69 26
23 16
61 12
44 23
32 82
78 20
27 67
72 75
99 59
64 45
37 38
17 53
21 51
2 90
47 76
10 25
47 99
92 67
39 93
11 100
77 40
52 83
71 79
18 52
68 21
54 84
52 78
39 25
80 59
90 79
61 99
48 37
12 94
73 62
44 59
43 27
50 34
70 77
67 2
100 92
86 21
3 91
17 44
58 23
56 33
15 20
67 48
2 31
6 38
57 92
64 83
83 29
60 27
87 61
52 33
28 47
40 44
3 10
66 24
20 55
92 41
78 22
67 91
4 34
50 35
62 1
98 13
100 20
32 29
64 66
99 11
69 2
18 56
67 7
26 24
73 40
82 78
44 23
75 71
39 67
53 15
90 5
73 95
12 41
76 17
25 27
91 87
16 13
79 89
8 62
35 67
71 29
85 35
53 9
26 14
35 70
67 61
75 78
86 89
98 89
39 43
84 52
18 90
56 51
3 58
43 14
81 90
84 87
38 88
7 12
74 53
90 2
96 16
47 99
2 94
72 33
23 78
44 33
39 45
1 66
52 94
25 63
23 46
36 29
29 23
100 11
22 50
95 35
75 89
7 90
44 23
65 31
43 41
61 65
20 33
45 50
3 30
52 23
80 36
41 17
58 34
53 40
82 71
6 2
51 39
35 64
29 34
25 16
79 48
67 30
26 81
30 42
43 44
100 78
65 22
71 18
100 88
39 71
66 52
74 76
45 60
61 26
38 59
39 53
22 90
9 91
83 2
76 71
13 13
62 90
68 88
22 99
67 29
50 10
27 100
17 67
84 73
7 33
94 82
62 73
73 14
19 14
91 14
67 57
70 91
8 87
38 74
69 79
98 57
55 77
94 6
42 68
15 2
83 64
33 72
88 44
44 55
15 26
64 66
56 19
29 15
31 53
77 17
95 43
32 62
56 16
63 62
16 87
62 100
56 95
29 59
87 13
26 9
72 24
53 21
96 51
31 10
42 46
16 81
28 18
48 22
62 39
21 37
15 76
44 2
53 9
2 71
87 8
68 34
17 36
94 27
96 100
100 41
23 43
42 94
31 54
78 11
4 55
98 40
91 10
12 2
27 50
29 75
37 62
98 73
82 47
84 12
28 34
75 93
100 45
7 3
23 66
61 83
27 92
89 93
56 36
80 100
90 63
95 44
99 85
59 51
88 22
94 36
58 91
62 16
87 29
88 44
91 26
90 36
38 84
82 88
1 37
64 85
10 62
90 98
13 10
43 8
73 61
92 43
70 52
24 5
98 98
92 70
36 39
24 89
32 62
44 75
3 40
73 77
38 70
1 76
31 27
77 91
46 11
88 17
39 6
32 39
28 12
81 84
74 74
65 95
62 71
26 10
80 32
24 84
15 59
92 41
18 91
40 20
83 35
87 95
15 24
80 32
30 64
3 63
3 72
61 77
46 89
58 11
34 53
35 58
10 38
16 31
11 48
8 48
56 99
1 53
91 39
35 11
82 88
64 12
99 57
95 58
42 74
30 88
18 41
56 84
21 28
88 84
47 3
3 15
26 78
62 27
34 98
56 93
16 41
88 70
68 21
61 29
97 32
53 74
95 86
7 70
69 56
57 85
66 69
24 55
58 89
56 7
58 65
39 77
72 71
8 21
85 34
13 96
37 9
3 27
20 79
9 88
42 10
67 82
63 2
67 39
80 60
96 52
22 83
95 100
83 21
42 3
7 80
80 4
94 76
1 17
38 25
14 84
9 1
55 94
89 38
66 89
62 100
46 2
56 65
33 70
5 22
41 51
97 17
93 82
95 77
17 96
1 22
88 38
35 77
63 75
54 76
66 88
10 26
28 58
60 87
45 98
69 12
18 18
76 2
14 40
18 34
13 26
28 23
78 34
19 19
16 60
96 74
80 71
14 61
51 91
65 92
70 34
43 41
61 9
63 68
89 69
29 4
15 89
76 58
15 32
78 63
30 33
80 19
39 89
57 42
91 57
83 38
77 5
8 74
58 39
90 44
77 59
22 65
69 66
55 44
40 35
37 25
50 17
20 5
50 37
52 59
36 49
71 23
47 51
48 57
85 90
35 19
77 12
100 30
11 76
43 95
29 44
92 60
75 13
67 84
100 53
65 21
50 22
76 58
25 94
59 60
17 1
1 4
81 76
38 67
7 47
20 63
74 43
8 63
91 67
75 32
60 22
78 15
45 54
6 24
26 23
30 95
92 43
54 34
81 24
2 70
96 28
9 67
45 82
70 92
75 51
44 34
87 12
76 24
19 43
11 57
35 83
88 96
63 60
15 11
25 14
70 6
86 73
50 56
77 21
29 91
24 87
88 94
6 6
20 92
45 17
31 80
1 86
89 11
84 14
81 61
42 33
32 93
89 80
87 14
53 37
16 82
30 99
39 48
91 5
1 42
1 57
77 39
40 89
64 16
91 49
64 2
85 74
29 21
65 57
13 46
57 12
88 96
53 39
14 69
59 87
97 7
97 48
60 25
85 18
80 13
40 37
27 50
63 58
81 16
65 15
16 94
96 49
94 13
6 93
38 53
46 6
59 49
15 92
85 94
74 17
57 40
48 47
58 90
85 13
64 4
70 87
93 24
51 51
74 25
7 44
62 89
71 31
3 43
21 65
7 100
34 56
12 2
85 49
49 65
92 69
49 15
64 58
87 18
95 80
21 50
25 70
40 85
79 51
39 61
25 31
52 19
95 53
24 77
61 60
32 65
88 32
83 46
24 40
90 82
56 70
82 35
51 23
78 52
84 77
71 87
37 52
70 32
83 88
21 52
18 48
26 57
22 67
33 5
13 26
68 46
5 7
89 95
7 82
36 9
27 8
83 64
39 27
73 12
59 41
100 86
4 28
46 24
34 31
80 67
87 58
89 52
61 53
38 80
67 3
97 29
60 18
3 54
66 13
94 6
75 6
35 60
20 14
48 72
19 65
32 39
15 69
23 23
72 85
74 50
58 31
98 92
8 14
97 9
22 3
66 6
48 94
78 82
63 29
81 76
57 100
50 38
21 27
17 52
39 69
39 29
13 81
98 87
93 35
30 93
44 92
68 40
64 52
63 57
67 63
82 68
46 47
34 31
57 90
17 31
7 32
66 72
66 75
66 45
14 80
87 29
32 50
61 25
64 11
46 31
93 100
20 10
95 68
14 26
89 62
33 37
52 7
53 42
83 23
45 41
83 86
26 66
64 32
98 37
40 22
82 46
32 5
85 20
15 28
88 46
53 50
73 59
53 18
18 76
39 4
67 49
56 5
22 53
79 74
72 15
67 35
24 73
91 76
14 3
37 51
31 89
46 39
40 9
84 30
80 13
36 1
66 67
57 78
51 84
15 4
96 51
33 29
46 60
32 70
47 56
85 5
84 71
20 66
90 22
53 47
10 69
56 23
9 3
31 74
86 96
