5000 126520
28 60
68 84
75 43
99 50
4 40
51 74
58 77
1 31
68 46
43 28
70 29
85 58
50 85
90 31
10 27
19 95
31 100
66 77
30 71
10 34
53 36
3 13
99 84
1 87
54 38
43 38
79 68
46 73
100 89
44 68
18 81
27 48
63 51
92 23
77 49
66 43
42 48
86 25
67 73
9 93
81 4
88 2
45 3
30 41
77 84
7 29
100 87
7 83
72 5
29 57
68 16
76 40
83 21
66 52
76 78
37 58
8 89
7 97
82 82
59 77
50 64
99 62
37 76
12 67
91 37
14 24
30 9
32 36
51 100
96 33
93 29
31 4
83 86
89 31
60 44
11 70
95 11
11 30
69 52
18 15
39 39
36 20
93 6
22 59
54 23
69 35
10 69
61 11
75 31
91 50
72 88
76 94
41 12
8 15
39 12
83 100
21 39
68 20
67 35
24 38
15 53
11 15
54 41
49 38
99 97
14 36
59 59
46 7
24 18
79 11
63 73
15 56
15 82
8 30
88 66
68 4
28 64
97 34
80 66
2 46
39 36
51 5
77 92
31 47
59 20
67 3
14 98
31 58
87 23
32 84
54 95
1 27
42 99
8 36
50 16
92 95
73 71
60 75
37 54
48 88
39 37
52 26
14 95
5 18
11 56
53 13
72 73
38 71
1 98
3 38
91 69
39 33
54 43
19 60
22 31
64 62
85 62
87 28
94 19
71 36
18 12
100 13
72 14
11 62
59 100
73 30
2 8
83 23
84 4
91 61
30 62
74 40
94 39
96 57
78 9
4 46
48 21
1 81
93 16
49 18
4 18
83 84
39 51
57 12
1 95
60 33
72 73
85 9
46 61
65 43
8 44
63 24
16 56
31 58
73 37
74 7
3 39
27 44
8 29
38 42
17 57
38 91
12 33
62 95
85 47
89 41
65 40
32 19
42 73
57 7
80 36
45 42
91 43
71 38
53 54
91 37
30 71
24 78
75 45
76 83
40 21
82 41
90 58
56 28
64 50
15 94
81 34
66 88
41 89
89 63
56 81
9 45
78 53
67 13
70 39
62 51
7 5
86 30
45 69
48 77
94 37
77 56
44 70
84 79
47 46
96 75
26 67
76 16
19 53
100 64
3 50
59 25
34 4
93 7
14 52
97 5
59 52
46 37
15 44
51 40
86 51
22 24
59 37
63 3
88 88
80 27
76 5
46 92
17 57
21 25
46 20
62 45
49 81
89 89
97 75
95 78
37 64
22 93
22 93
55 68
73 56
25 94
65 92
58 11
69 100
30 95
7 15
27 3
76 83
73 58
29 94
61 34
94 33
39 30
76 88
33 20
70 9
51 93
78 63
86 17
23 69
75 82
99 61
71 1
16 23
95 87
65 78
52 38
16 79
39 22
58 57
40 35
63 15
23 100
98 97
83 66
52 94
4 64
61 68
27 76
76 73
89 62
40 61
21 6
27 43
15 49
53 25
96 51
17 93
82 40
33 19
40 61
9 21
83 79
62 62
24 95
77 65
27 91
75 84
44 96
65 13
84 40
83 30
79 27
6 39
32 78
61 93
58 84
87 41
73 60
36 12
14 14
61 73
27 72
34 19
39 68
41 20
86 95
86 18
10 64
20 34
70 89
49 25
28 7
52 67
62 38
51 53
28 84
40 28
77 37
23 31
4 40
60 76
57 12
34 67
18 67
89 89
46 11
27 50
75 30
18 22
62 61
41 95
30 95
89 33
74 13
20 62
81 4
12 59
5 31
90 68
31 45
74 71
90 44
58 3
77 38
52 81
60 55
4 73
91 60
88 91
78 3
47 100
47 19
35 14
32 18
16 85
75 54
30 80
42 34
1 83
47 1
4 47
41 77
29 47
44 31
15 41
48 60
76 86
78 52
5 43
18 5
8 96
30 13
59 48
17 98
7 50
62 80
76 52
10 74
53 40
63 95
40 28
51 91
61 13
26 93
34 60
29 97
100 47
63 39
70 82
100 81
62 39
25 28
93 58
90 86
20 10
59 50
89 45
96 96
36 1
93 87
13 100
95 96
23 100
71 48
11 45
29 1
33 79
38 49
90 27
37 18
52 43
29 54
39 60
64 55
54 99
72 19
92 3
5 45
87 57
62 36
57 25
48 96
38 16
49 34
37 33
58 25
7 84
77 29
53 20
94 36
70 68
17 20
88 84
44 19
39 19
98 28
24 71
23 97
87 76
13 97
59 67
38 70
94 3
49 26
1 76
99 1
73 97
45 30
56 97
59 53
58 66
12 73
6 100
95 81
12 7
94 84
52 57
18 42
70 13
56 77
63 77
91 80
72 48
50 60
86 98
11 66
99 40
9 68
33 62
37 67
74 17
44 80
74 37
67 71
44 6
26 64
17 71
16 2
70 94
72 19
74 6
27 11
35 91
31 6
74 43
46 49
76 89
25 99
15 90
46 53
81 75
77 19
88 84
52 22
78 30
74 33
14 39
28 21
82 1
99 1
64 88
7 69
42 80
89 76
25 39
85 37
15 91
42 61
53 90
36 84
65 79
26 96
15 94
52 21
9 53
88 36
97 70
84 41
64 35
64 11
81 46
44 61
40 81
69 29
48 35
70 11
94 62
61 73
97 31
27 14
11 25
13 70
34 82
52 57
1 97
58 72
89 45
15 88
51 84
41 35
3 71
16 62
18 30
17 17
19 34
26 82
56 4
15 55
62 74
19 90
78 66
42 71
63 51
70 46
62 100
62 37
91 8
55 61
22 61
39 91
82 26
85 86
51 60
67 59
36 94
52 57
24 30
76 38
18 44
27 13
68 72
20 66
42 26
86 53
88 82
60 11
63 86
43 86
26 66
24 12
62 75
56 83
18 82
24 77
77 28
79 33
85 65
67 88
34 93
58 26
5 78
67 70
42 63
56 37
85 28
30 56
7 45
8 9
57 45
76 40
34 21
25 17
96 6
27 98
10 21
83 39
38 9
24 7
26 76
16 26
100 70
87 3
71 8
17 51
62 79
99 87
95 84
98 96
65 74
80 28
7 21
69 51
98 50
1 83
76 40
82 77
30 90
34 84
42 86
86 34
10 24
27 58
10 2
57 81
6 8
71 75
39 19
95 16
47 81
16 95
10 93
46 2
54 97
32 100
62 52
67 27
30 86
8 87
64 22
46 12
40 67
71 94
15 14
89 16
23 28
42 53
23 44
52 17
76 89
64 81
89 3
37 64
42 39
51 56
93 44
99 46
73 30
83 14
94 13
19 62
51 60
55 5
64 63
4 8
39 4
77 67
23 87
68 41
37 5
86 60
14 4
28 71
8 54
80 18
16 38
30 81
21 70
38 34
33 50
48 10
53 14
22 4
36 73
47 52
24 59
28 68
45 49
96 89
63 34
38 61
67 50
13 45
45 17
82 13
68 53
83 72
11 31
90 39
2 13
99 35
28 98
15 68
26 6
87 3
46 85
93 95
17 84
19 55
83 28
1 85
18 16
87 42
74 88
54 41
33 45
97 46
33 8
78 94
45 86
95 93
67 6
11 36
59 38
63 23
92 100
79 90
45 94
54 30
20 80
47 58
52 64
99 29
13 26
77 21
86 32
59 62
22 68
2 67
77 68
4 47
2 51
94 84
90 40
76 38
99 24
23 85
24 35
32 83
52 30
68 21
78 76
70 87
30 8
89 13
33 9
22 59
67 54
77 55
27 88
38 85
75 64
79 3
37 13
88 41
55 76
22 44
46 55
28 43
75 10
74 22
31 41
28 12
19 5
73 81
55 1
18 28
47 65
79 36
49 11
98 46
98 8
26 38
19 32
28 67
66 50
51 93
1 25
32 55
80 99
27 64
22 39
54 14
5 18
58 51
41 7
12 93
31 47
38 61
91 87
57 56
11 82
74 28
84 20
30 39
46 60
91 20
99 66
44 76
69 7
47 28
93 21
18 66
24 65
11 4
97 32
90 66
62 96
97 8
73 72
41 46
76 71
46 10
94 12
32 41
55 13
87 18
95 85
85 59
24 30
86 72
93 66
87 11
59 51
77 85
68 49
56 62
67 57
66 67
99 37
87 63
64 46
91 57
56 29
39 11
1 60
53 12
80 28
14 8
1 20
5 100
6 5
76 42
50 61
100 16
60 82
5 73
38 85
54 67
41 83
61 14
91 90
34 1
47 25
1 92
62 85
14 25
56 53
28 93
31 43
54 89
66 56
94 89
96 97
21 36
85 51
49 8
25 47
64 30
62 15
26 66
68 29
68 72
1 8
18 90
19 87
12 41
74 14
56 72
66 59
14 49
68 85
8 48
47 49
67 61
9 91
8 85
32 38
64 95
87 78
63 32
70 83
4 85
8 72
17 31
77 20
92 74
65 39
1 66
8 4
27 5
26 84
75 84
46 76
79 91
44 25
64 15
90 83
17 39
71 38
7 42
31 87
38 74
15 89
29 35
4 35
75 32
37 71
36 24
90 26
75 48
50 7
11 61
79 32
57 79
28 91
7 51
1 52
92 29
7 69
8 55
70 34
33 52
34 91
15 61
11 42
78 15
30 75
52 76
94 53
100 12
11 17
76 91
90 86
77 58
5 77
45 72
51 89
41 48
32 47
92 66
67 95
81 53
3 26
97 79
90 83
30 17
3 81
42 87
73 45
10 49
49 93
95 30
94 100
82 83
61 91
56 93
11 98
91 17
7 69
5 50
42 29
17 85
80 93
83 66
93 42
84 69
28 89
95 82
76 68
59 35
87 48
95 15
92 39
41 73
91 93
33 22
70 41
94 73
74 8
94 86
55 22
74 100
40 67
48 73
7 83
1 57
3 66
18 80
91 26
61 34
74 81
84 54
30 70
5 25
67 71
74 64
41 94
94 59
69 45
68 61
4 93
7 44
62 27
47 83
47 17
53 19
31 4
68 57
98 44
4 63
13 94
4 17
29 15
53 13
51 89
36 49
53 69
5 54
5 80
95 46
65 39
30 60
78 99
94 9
34 85
44 21
68 72
74 30
89 79
88 68
42 42
45 23
94 12
55 69
43 6
40 80
59 39
74 61
59 36
56 82
77 76
71 82
59 50
58 90
23 94
61 39
45 38
75 14
65 44
49 17
21 60
30 83
78 28
99 10
75 43
63 64
94 83
42 14
89 93
35 61
29 81
30 87
79 36
74 44
84 7
21 93
65 23
95 45
46 5
23 11
50 79
23 80
94 92
61 28
32 69
16 37
21 18
76 58
43 2
38 14
24 74
63 13
67 96
53 2
13 23
41 90
67 65
7 5
35 55
55 10
41 17
15 87
84 96
71 4
89 31
20 54
43 48
53 53
14 50
89 53
76 63
15 28
63 32
21 6
27 8
94 53
36 42
100 77
69 10
30 96
37 90
44 36
93 8
3 37
48 37
5 82
95 26
14 53
63 38
81 80
21 62
55 7
96 67
56 9
77 10
84 97
75 62
72 58
88 49
40 12
60 10
15 64
7 91
74 93
35 69
33 50
19 97
23 63
84 27
87 7
52 58
20 16
82 42
96 17
74 53
81 30
53 99
69 30
46 82
15 88
1 10
66 96
22 94
96 76
22 4
98 4
31 24
48 18
69 13
71 24
40 81
80 74
85 87
46 23
53 18
72 56
30 73
71 15
94 70
14 99
9 73
97 79
33 66
42 14
93 95
59 70
74 95
97 45
79 100
20 76
63 33
79 9
85 23
84 26
75 36
58 27
34 81
57 11
6 96
54 93
27 34
45 28
34 18
64 73
42 50
38 36
35 80
23 22
61 50
28 49
36 72
21 22
76 27
21 90
15 87
68 73
79 59
88 81
16 18
9 58
7 8
79 50
87 18
44 31
14 75
13 5
53 9
47 56
70 67
58 56
1 100
48 53
54 83
86 18
11 25
47 32
75 53
45 56
70 6
87 54
24 4
57 29
8 75
100 82
29 18
22 61
19 54
59 29
61 93
35 71
67 38
20 100
13 20
6 8
63 30
78 47
18 64
67 90
25 54
87 31
25 45
77 5
35 35
30 79
14 22
45 59
29 63
88 26
42 14
50 20
75 79
65 69
6 48
34 53
64 2
87 18
7 65
83 55
45 46
67 57
17 78
64 83
86 57
81 49
69 42
100 38
58 95
38 6
19 80
34 100
25 88
95 76
62 5
11 22
24 55
75 26
7 32
4 17
15 4
48 97
53 36
41 82
65 65
11 35
26 87
28 18
97 52
32 3
10 72
93 49
50 60
78 1
8 84
88 68
10 50
76 25
39 57
68 96
14 30
57 36
53 96
90 69
51 64
15 100
52 90
27 18
41 77
10 21
30 86
7 80
58 69
83 21
99 14
22 85
93 7
24 52
1 2
41 59
7 54
63 26
33 7
57 13
40 26
93 90
44 32
50 75
68 67
82 41
69 23
33 48
91 76
73 18
74 17
41 91
87 17
77 58
67 8
80 93
87 31
97 45
38 25
96 99
31 17
37 90
69 84
75 24
60 41
69 85
15 82
67 94
31 62
99 40
75 59
71 88
91 82
18 42
72 14
11 100
51 82
92 36
43 47
93 10
64 5
69 15
34 100
3 21
45 73
52 60
82 66
31 3
48 4
71 90
26 53
30 21
7 79
94 36
4 44
19 71
15 73
18 77
37 64
45 34
69 68
11 74
67 73
59 1
80 16
90 39
69 100
82 97
81 74
64 47
75 58
45 79
32 61
8 58
47 51
28 85
59 17
80 68
11 39
59 20
50 9
36 92
40 92
57 39
82 27
44 35
27 9
48 51
13 63
63 25
44 37
81 83
25 98
63 9
40 83
56 65
52 47
60 83
37 14
33 73
23 81
11 71
29 3
6 93
70 80
75 5
86 78
81 96
54 73
96 16
91 68
55 81
83 7
30 11
63 20
16 86
25 46
89 80
63 88
38 60
3 4
7 24
70 42
27 54
69 85
9 25
82 18
72 31
21 59
71 83
4 55
43 39
33 54
84 9
1 31
55 85
58 14
86 60
35 33
63 38
81 28
77 100
18 70
15 34
58 10
80 89
31 71
83 7
21 69
93 59
20 19
75 24
51 34
41 60
54 77
19 18
50 36
87 95
91 1
22 94
57 29
46 55
16 84
90 34
30 16
16 67
96 19
39 81
53 78
82 51
2 70
85 5
58 50
71 39
100 91
15 11
2 28
30 61
49 70
74 48
22 71
20 88
49 71
25 5
61 99
2 100
43 22
62 35
88 94
85 22
83 80
97 74
83 29
98 16
38 8
12 96
14 34
33 26
2 76
18 11
14 76
3 45
3 16
71 77
25 83
2 6
37 39
79 62
31 18
86 8
52 61
4 41
5 47
100 84
28 45
65 46
53 83
23 18
26 32
93 28
59 92
60 63
89 1
41 20
58 78
26 8
4 67
23 11
58 33
6 42
40 22
23 60
60 38
42 89
45 36
85 72
95 46
81 75
63 86
77 63
18 34
14 46
33 55
75 81
66 81
60 99
91 26
70 63
34 17
69 57
62 90
93 8
28 19
50 43
85 79
85 49
27 50
89 45
59 11
84 35
94 38
99 84
58 94
53 27
92 72
2 30
89 98
87 69
35 56
51 83
63 32
4 89
17 81
95 86
78 69
34 61
7 37
21 46
3 76
92 5
89 2
65 17
36 64
16 73
66 59
21 94
53 73
93 61
9 38
11 83
28 95
54 27
61 67
86 40
6 53
53 90
39 21
47 2
39 59
73 76
49 37
53 42
29 17
65 17
100 79
6 85
50 29
6 67
26 83
53 4
49 71
66 36
69 73
85 34
34 8
34 83
57 27
86 32
78 43
65 16
48 67
6 89
70 94
9 33
91 81
27 98
61 74
29 1
73 100
51 32
54 29
22 36
3 25
82 45
38 4
2 4
39 81
88 32
59 70
17 63
92 88
8 93
82 99
12 12
44 78
15 58
97 94
100 57
52 90
75 37
16 72
100 8
80 77
85 18
60 40
22 57
11 15
20 65
2 10
36 14
70 49
7 38
57 49
24 73
88 82
94 4
26 28
79 14
81 36
36 50
95 77
24 75
95 94
28 27
35 86
38 71
43 84
32 79
89 27
46 25
6 67
4 51
97 32
37 96
40 68
56 23
58 52
3 82
75 88
59 61
38 48
96 88
66 50
94 96
20 60
5 83
39 52
97 40
83 97
20 39
32 41
29 25
95 13
27 34
57 51
30 50
16 4
51 34
13 80
57 83
48 11
18 99
12 33
45 94
54 94
52 100
100 17
63 97
54 33
27 56
21 10
43 80
22 43
38 59
36 28
93 54
95 42
74 79
89 45
29 38
45 17
73 85
58 62
92 81
99 70
66 64
21 30
66 74
68 49
85 61
22 56
15 59
2 59
34 40
59 53
7 52
37 91
59 21
69 1
42 23
37 76
41 10
84 55
58 70
31 20
71 82
51 75
25 61
96 12
91 20
5 50
93 80
63 4
14 63
84 60
13 74
79 26
56 41
31 99
98 75
40 1
52 6
65 85
93 12
37 97
23 89
99 15
25 87
33 9
19 15
66 61
69 36
11 76
1 15
79 5
41 96
71 48
81 80
17 8
67 11
71 99
22 10
11 90
34 54
35 24
94 1
98 79
66 50
1 41
28 29
63 76
92 94
32 34
27 12
84 5
20 82
2 1
34 71
45 68
86 9
4 86
10 29
55 45
14 13
11 95
85 1
55 60
33 95
65 80
23 68
51 5
35 30
44 29
61 95
20 84
31 52
6 47
70 14
96 1
6 88
97 43
10 28
97 33
80 28
37 40
32 89
100 10
90 92
65 59
44 29
75 100
68 96
5 9
81 96
82 9
67 4
65 97
88 68
100 98
29 76
62 87
50 54
16 6
58 15
11 100
35 41
88 67
16 47
4 6
35 19
74 34
53 48
44 99
70 18
32 28
32 90
54 6
83 89
21 81
18 16
26 17
48 80
38 64
83 26
28 76
19 24
49 29
93 24
58 43
100 78
73 99
71 82
50 31
88 56
28 96
12 31
23 48
15 14
79 77
78 54
49 85
52 62
82 53
45 83
74 31
14 80
76 72
27 88
96 20
49 52
44 55
74 37
96 83
81 18
8 62
23 10
51 41
56 42
67 33
60 36
8 71
40 84
31 17
57 53
27 91
10 64
68 35
1 39
25 78
46 63
31 44
25 14
50 76
12 48
69 96
23 6
77 80
97 19
49 93
25 99
45 22
44 48
50 35
40 4
77 17
57 48
14 14
79 10
64 89
81 98
91 45
71 59
72 81
21 13
27 64
50 72
30 76
46 98
3 62
6 5
44 61
85 57
83 18
93 36
96 4
51 13
15 94
73 83
99 83
15 86
49 82
43 4
10 85
98 68
34 8
86 2
54 16
48 73
65 11
69 4
80 70
55 7
40 15
51 51
27 19
18 30
52 74
8 94
16 27
6 87
66 51
59 87
90 43
48 68
3 75
86 46
50 33
17 68
10 81
49 15
83 5
58 14
43 19
92 90
7 81
77 78
30 43
12 96
24 2
94 5
80 52
55 71
100 63
71 18
5 73
78 81
41 47
8 98
37 26
56 25
14 84
2 76
66 64
3 26
1 44
68 38
40 24
3 28
36 57
49 56
3 42
18 61
58 69
45 12
61 2
64 1
21 41
90 96
75 49
96 42
35 100
7 100
50 65
86 62
77 69
6 37
63 94
17 67
14 35
52 72
24 91
79 70
5 99
89 54
81 96
6 94
56 43
73 71
60 21
91 99
73 78
62 15
60 60
31 46
6 26
21 13
46 46
27 19
62 9
73 46
22 12
97 60
79 97
72 76
82 74
7 65
29 13
97 67
76 83
42 99
100 90
99 74
20 68
4 89
88 79
53 15
61 82
95 22
25 85
20 3
38 20
97 14
81 17
97 31
79 59
87 94
69 44
77 57
65 64
31 4
49 2
38 76
79 63
79 99
61 51
12 88
37 15
90 15
60 55
12 98
31 13
59 96
63 23
3 81
63 84
50 1
7 95
75 18
44 22
83 32
95 20
33 94
31 45
75 88
30 24
10 56
61 33
50 19
38 64
77 49
32 74
86 17
15 24
10 37
16 67
75 26
74 24
52 82
64 41
33 30
16 31
47 53
44 78
78 5
1 33
58 61
79 5
7 80
32 30
74 79
41 63
26 1
7 72
71 7
1 88
88 95
32 14
13 73
37 66
69 77
42 21
69 39
6 46
56 96
30 27
21 12
82 21
3 3
25 45
98 61
88 84
92 27
44 66
31 61
21 31
96 98
40 74
99 36
54 29
71 3
24 14
94 91
49 4
30 37
16 50
1 43
17 31
48 15
13 67
6 48
16 44
6 39
74 87
74 89
61 34
3 65
94 52
43 7
58 67
70 97
92 67
45 3
13 75
35 84
27 63
33 6
82 34
66 88
31 93
87 62
36 91
55 58
80 5
84 46
36 94
47 6
84 40
5 76
94 20
49 7
10 24
62 63
54 97
35 62
35 3
67 83
89 26
80 55
61 89
46 45
2 3
52 7
42 47
14 77
38 91
68 61
47 34
19 24
33 49
29 78
5 37
21 91
35 35
36 41
4 88
23 80
82 46
40 27
27 8
28 66
40 85
88 83
89 80
93 34
74 44
75 83
11 16
62 21
6 37
71 4
60 17
7 39
22 62
1 15
73 67
59 4
21 76
71 1
29 27
5 76
51 30
33 64
25 66
86 17
20 56
81 53
60 96
2 2
72 31
38 55
81 19
11 68
25 37
69 98
55 1
98 32
95 80
66 16
11 53
100 68
36 71
22 21
59 58
10 84
75 36
31 25
20 88
95 63
53 77
49 14
99 38
3 6
33 29
76 3
88 22
53 37
56 7
99 70
6 38
79 89
36 24
86 8
89 56
60 61
6 57
43 8
9 92
52 89
60 23
72 96
51 56
48 45
93 69
61 14
57 29
67 4
43 90
76 16
13 66
95 66
76 81
64 3
98 23
9 62
39 57
37 45
61 98
46 63
36 14
18 87
24 3
71 89
55 94
64 59
83 49
60 50
6 18
91 93
11 38
18 93
62 40
13 46
65 37
7 8
26 11
73 17
25 11
68 100
100 84
38 28
63 65
76 17
53 82
12 87
84 78
91 38
48 83
96 27
88 52
83 48
13 13
63 55
6 37
67 58
26 65
88 37
78 59
83 82
78 81
40 49
100 74
92 21
4 94
16 63
50 80
29 4
88 79
74 43
97 55
40 63
63 70
11 19
15 31
15 52
22 57
98 8
57 41
69 92
93 34
96 93
4 39
57 98
58 99
9 27
75 55
83 63
96 16
4 13
18 96
25 96
43 13
69 22
68 68
98 6
85 84
17 48
79 61
24 14
43 90
75 15
63 28
5 59
37 85
77 58
72 62
58 94
26 65
28 3
78 85
70 50
24 47
81 75
26 99
33 45
41 2
100 53
68 59
88 17
55 18
85 54
13 64
49 30
53 75
80 32
47 88
89 10
49 79
25 100
65 24
91 20
51 15
27 51
47 30
39 51
56 9
18 92
96 44
33 25
46 46
25 28
3 27
21 92
58 3
28 25
53 36
98 56
80 30
20 94
86 24
34 99
56 47
50 87
83 80
9 74
81 70
81 67
49 83
29 100
5 67
13 58
71 19
7 33
92 9
18 49
45 83
99 69
87 92
92 79
31 45
84 37
68 6
33 23
4 28
25 60
13 48
9 63
75 67
92 29
28 8
12 90
77 27
36 6
61 29
59 6
96 79
93 98
91 25
44 14
22 98
47 43
9 71
44 68
53 27
100 31
13 16
49 9
50 99
100 7
92 87
32 96
83 95
60 45
65 18
39 22
84 56
29 17
47 36
10 75
20 45
26 43
21 16
48 23
61 49
33 44
7 81
56 79
26 94
49 5
52 92
99 43
96 99
60 15
42 10
48 25
11 45
55 26
49 33
12 96
6 84
40 72
43 43
88 79
51 68
7 60
78 52
35 75
35 29
24 88
96 1
6 73
2 82
17 17
54 96
62 82
49 60
12 28
70 61
74 5
60 32
21 4
24 47
55 30
32 18
66 57
55 6
42 15
72 34
55 38
53 62
77 17
94 61
95 4
16 47
45 80
54 15
46 99
31 7
40 43
69 38
26 7
98 68
70 19
94 23
3 15
84 1
43 35
66 42
53 61
68 39
77 25
25 16
92 38
84 6
56 86
9 94
38 11
49 100
80 79
44 100
1 13
8 47
37 61
47 68
75 94
33 92
52 82
20 44
15 98
44 77
41 81
41 57
93 44
62 99
86 79
95 10
45 99
28 65
12 51
49 11
48 56
88 75
73 79
91 93
71 80
28 64
99 38
60 90
76 15
30 16
3 89
28 27
89 62
92 1
27 46
15 7
76 45
30 79
87 50
91 42
25 55
79 30
31 98
17 50
40 29
16 29
63 59
85 79
96 93
74 61
85 42
95 100
14 35
58 72
37 92
84 66
37 35
87 81
96 7
65 49
16 48
50 96
92 27
56 10
41 48
70 72
22 16
17 92
52 2
8 18
7 86
76 57
86 47
89 35
93 58
78 27
56 63
7 69
14 58
3 8
81 29
98 51
49 7
94 16
55 22
85 51
29 81
92 56
71 31
76 40
56 56
38 79
26 87
99 34
45 40
18 34
21 57
67 7
86 78
72 58
26 24
44 63
99 66
64 71
84 97
43 24
41 49
40 60
50 92
54 6
94 19
82 72
51 8
43 25
75 87
58 29
79 27
55 20
1 36
50 58
31 59
56 91
87 88
8 45
6 24
32 27
25 30
78 32
50 33
11 7
49 90
75 9
54 69
100 55
90 31
90 18
42 30
82 79
81 29
91 73
35 37
74 47
72 45
38 44
68 23
98 83
95 25
47 50
5 54
95 60
48 59
87 64
2 51
34 46
94 60
59 26
17 24
18 90
37 58
18 56
80 96
37 99
45 16
86 17
36 5
34 46
75 34
78 35
16 77
55 62
20 7
2 65
80 60
44 3
91 60
48 82
41 38
85 84
46 83
97 91
31 44
93 41
83 7
84 46
26 86
76 66
43 23
95 9
46 55
31 32
64 17
25 3
67 30
8 32
10 71
55 35
94 30
36 56
84 69
9 58
42 17
3 27
62 22
22 28
46 82
53 81
69 61
39 71
89 65
14 44
35 13
72 60
6 84
18 19
55 5
83 22
45 85
49 79
29 30
90 39
31 11
93 98
67 41
50 40
52 82
28 63
4 26
45 11
64 18
87 46
5 68
5 86
89 25
67 41
26 13
87 6
19 21
46 74
25 76
59 37
11 17
11 88
30 48
68 52
80 59
37 4
3 73
25 43
85 83
31 3
66 81
68 93
75 100
32 74
17 84
27 81
60 36
20 10
71 43
23 54
6 55
76 62
79 91
46 79
42 2
57 4
32 36
12 75
2 29
8 63
22 63
13 45
19 3
52 11
32 48
50 61
88 14
34 21
74 3
24 96
65 75
92 35
91 40
39 26
23 8
59 24
17 59
82 96
78 85
88 1
56 1
35 39
63 15
35 91
33 70
56 16
43 94
16 5
19 42
44 74
24 68
92 5
8 70
94 70
43 67
40 18
95 30
82 32
73 38
21 84
58 28
89 12
12 18
100 19
80 89
34 26
59 94
96 47
68 73
88 78
35 100
23 73
75 17
49 14
9 15
7 38
4 81
51 61
22 42
74 23
47 34
97 61
66 79
6 4
42 30
60 97
97 21
37 11
94 28
22 10
57 46
3 7
10 73
20 64
2 26
41 61
53 41
12 19
37 8
72 13
52 97
71 7
47 37
26 65
20 20
7 3
84 2
75 52
10 63
5 95
1 26
56 49
54 56
18 4
13 52
47 37
77 100
10 24
35 48
22 80
31 33
43 93
24 86
92 57
62 8
78 11
33 17
67 48
41 82
21 24
38 12
92 30
43 82
84 48
69 94
14 53
91 3
52 47
89 5
100 65
9 41
41 30
7 13
62 96
58 86
19 16
8 33
86 85
28 39
95 32
60 16
10 23
37 76
83 2
2 79
99 84
12 64
34 48
65 83
53 97
54 71
54 95
44 26
48 5
90 94
65 71
62 57
80 96
16 17
2 61
31 13
24 10
42 91
37 77
85 5
51 76
7 93
45 89
88 12
87 83
39 72
47 28
96 58
27 48
82 81
49 88
25 83
93 44
82 35
41 17
97 93
87 58
47 11
93 18
35 62
36 57
57 89
48 18
67 52
72 57
49 31
97 16
96 66
90 73
85 93
32 71
92 48
43 85
28 11
79 11
29 19
18 83
78 90
77 76
45 82
11 22
25 64
21 64
55 18
59 50
14 80
52 10
97 7
60 43
44 27
83 68
95 99
52 67
30 38
61 2
23 24
78 68
57 18
70 41
19 40
93 10
2 63
62 39
35 46
81 74
93 1
16 16
99 56
70 91
92 92
43 37
80 64
68 7
15 52
34 81
26 8
28 83
37 90
75 15
87 25
32 69
57 34
81 75
83 35
39 71
93 77
58 10
16 90
1 46
27 3
87 81
93 7
80 65
48 19
80 4
13 38
40 20
95 19
11 45
61 62
38 62
5 33
92 77
5 20
19 36
26 58
83 28
47 19
14 99
57 42
85 95
46 67
65 27
66 70
80 54
3 50
10 98
37 15
71 39
11 43
16 17
9 20
55 1
47 82
56 90
34 4
59 71
48 9
80 22
69 68
8 22
17 84
25 100
100 99
22 3
44 36
77 8
4 82
42 6
90 6
12 23
26 100
87 25
76 2
43 69
67 78
79 51
53 18
55 44
1 89
15 60
70 61
9 60
69 12
17 94
16 50
3 15
27 64
63 10
82 89
48 83
71 32
51 24
72 83
22 82
72 78
67 70
50 89
75 60
8 75
39 94
86 34
34 74
78 70
13 35
28 95
44 47
43 85
80 12
98 43
43 26
94 24
20 3
3 85
15 35
88 48
19 34
69 2
14 63
81 44
2 90
61 46
3 27
52 13
85 80
76 60
23 90
51 49
25 48
49 1
11 75
16 93
86 35
44 100
93 63
99 69
23 94
36 61
41 6
3 58
85 3
36 31
48 33
4 57
38 67
62 19
91 56
8 53
30 20
57 19
41 96
32 9
17 64
95 74
83 73
53 43
71 33
58 15
4 43
47 32
6 15
14 17
62 76
92 1
9 16
54 38
42 22
31 62
41 51
82 27
85 19
26 5
69 9
85 3
81 62
59 75
46 21
24 17
66 79
28 41
80 87
6 26
11 1
48 2
1 99
45 26
1 44
23 83
2 40
56 38
69 14
60 6
69 54
31 90
51 59
29 22
84 79
44 80
11 83
77 81
25 58
96 53
54 86
46 66
80 7
34 99
4 92
77 27
57 67
69 71
4 67
88 54
27 96
66 20
36 55
27 47
11 45
36 51
49 29
12 36
43 88
17 95
71 93
63 94
99 36
73 51
91 67
83 66
16 30
53 49
11 99
93 87
48 53
64 84
90 4
79 59
49 34
93 48
8 85
6 100
13 70
63 4
45 5
39 65
29 75
80 12
17 63
39 71
67 62
65 44
2 58
9 1
34 90
25 50
71 46
32 77
97 1
13 12
66 42
65 82
66 12
76 40
9 21
65 16
91 75
98 24
96 74
40 60
42 71
3 11
97 12
54 40
65 66
41 16
93 57
45 92
21 79
9 71
83 62
39 92
26 14
85 19
100 93
11 55
9 68
22 90
94 31
57 20
35 2
60 25
73 54
52 65
87 16
81 74
68 81
78 91
30 49
63 6
17 50
71 72
17 68
13 13
25 63
34 33
53 29
69 71
78 24
25 7
29 42
13 37
16 99
6 7
97 55
15 43
16 62
57 75
36 84
10 92
65 46
22 37
21 16
38 51
25 2
7 32
70 24
93 34
36 74
100 25
55 39
52 75
22 96
72 7
64 88
98 58
5 91
69 68
66 81
34 67
45 74
47 22
46 3
60 24
52 28
94 10
74 18
20 89
50 36
62 2
81 33
67 33
83 38
53 48
56 84
8 91
59 31
25 59
52 24
47 4
76 83
6 15
98 31
98 78
29 21
14 18
95 88
85 63
34 85
13 68
19 29
78 10
59 41
64 32
38 86
62 68
58 93
11 3
33 9
59 28
24 56
13 93
77 60
59 46
17 92
32 95
18 88
28 23
57 54
69 12
74 78
32 36
74 78
71 8
81 66
55 98
36 77
76 53
39 60
69 61
88 72
57 41
47 23
98 12
73 24
36 8
59 31
82 16
98 10
44 39
92 95
22 18
8 83
69 6
80 63
25 75
100 1
97 50
52 97
8 54
65 13
25 26
92 89
90 90
47 34
72 54
44 39
83 10
99 58
35 51
3 23
38 29
43 91
1 45
35 40
15 66
36 52
46 71
48 81
34 13
89 61
40 75
55 30
96 44
8 80
86 44
72 70
59 80
34 46
23 18
67 33
50 10
47 43
58 74
39 52
46 28
29 27
35 42
80 38
80 85
69 92
82 12
17 13
63 34
83 56
4 5
78 99
18 59
49 27
25 31
51 71
89 39
16 5
57 53
36 34
23 37
94 48
8 3
82 68
27 45
30 20
48 1
76 55
29 63
57 26
67 6
26 42
37 52
1 47
5 31
16 88
21 91
86 42
33 1
83 76
68 49
36 57
12 75
38 7
36 83
89 5
40 30
24 73
4 62
97 34
59 7
27 50
42 33
18 61
60 17
69 78
100 81
59 69
44 84
28 95
15 94
10 41
5 36
51 46
62 87
9 67
67 33
34 29
94 60
51 85
69 5
14 9
86 93
80 31
51 67
21 27
20 87
90 48
96 100
24 100
38 81
6 6
2 49
80 66
24 18
13 66
48 43
75 98
71 34
43 26
2 44
37 28
5 66
6 32
87 25
18 4
66 50
5 9
52 85
59 9
55 94
20 89
24 69
92 86
51 71
74 36
64 65
71 9
16 83
11 64
46 9
53 16
17 21
47 9
32 81
92 38
59 74
31 75
66 88
81 60
26 100
19 31
17 39
30 17
76 62
55 63
47 72
41 63
12 71
50 56
51 72
66 16
69 96
75 40
10 54
20 66
100 27
25 18
42 27
15 62
36 33
87 87
20 29
4 53
85 95
3 61
95 90
95 21
86 35
12 29
75 80
11 86
30 60
43 18
40 2
57 73
97 32
38 25
49 36
8 54
88 81
99 59
26 70
8 76
25 50
87 75
79 94
25 77
11 92
20 20
91 38
46 24
58 6
10 66
49 28
42 52
13 26
95 69
88 72
98 12
6 98
62 51
60 97
87 9
56 20
51 50
43 81
53 3
88 74
91 68
12 57
27 6
42 78
89 78
87 82
66 28
75 52
65 27
42 4
38 95
37 46
33 93
83 70
46 3
94 10
84 97
88 54
58 35
30 65
27 78
7 98
36 14
89 80
66 46
74 22
96 100
16 95
69 3
100 54
56 20
11 22
12 10
34 26
52 100
52 39
20 59
70 79
27 90
37 85
11 82
64 84
73 82
95 26
98 5
18 84
89 35
33 1
57 89
46 21
63 18
84 66
53 18
50 31
24 46
18 63
23 53
19 97
86 9
43 7
19 50
41 80
54 80
82 12
74 5
5 31
33 50
46 15
26 9
11 92
82 99
37 90
26 27
6 80
31 67
24 32
23 15
71 1
8 84
32 56
17 21
70 1
67 21
21 90
19 84
42 18
90 52
94 88
12 66
75 12
36 94
82 16
67 92
41 25
63 79
93 96
46 56
48 80
38 63
71 64
10 71
71 61
59 6
36 98
76 93
42 72
11 29
50 7
12 73
18 64
81 62
80 45
40 17
99 35
52 35
10 100
40 52
42 38
55 87
52 18
68 50
91 32
33 85
35 41
31 56
48 15
27 88
28 11
47 94
16 50
51 27
56 65
86 11
61 32
91 14
61 55
2 55
1 42
10 61
66 27
71 57
43 75
97 24
10 73
41 61
49 58
19 72
81 64
42 95
74 10
84 81
9 44
16 93
68 17
43 36
98 1
15 83
21 24
78 11
61 77
88 73
80 89
17 93
25 35
40 72
59 6
85 89
94 27
60 47
47 2
11 5
82 55
41 76
7 28
91 28
81 36
7 37
61 51
13 99
48 32
86 61
48 32
57 27
53 5
16 100
51 63
3 5
30 83
24 38
80 68
43 11
11 10
11 56
59 3
36 45
50 28
17 8
72 85
95 54
28 6
70 86
5 58
9 60
10 61
64 38
51 87
43 48
70 74
64 38
7 99
18 57
1 50
55 82
26 84
54 54
70 33
76 98
8 59
51 67
99 35
87 26
93 77
62 96
49 33
3 79
97 92
98 60
20 86
20 77
93 65
99 91
90 62
49 75
60 3
51 75
12 12
10 89
45 74
34 85
25 78
52 72
51 42
26 79
6 5
76 77
31 33
27 38
3 26
38 43
77 4
2 12
76 20
22 81
15 7
24 52
24 11
11 99
21 64
95 97
82 75
65 28
94 39
23 36
66 2
5 41
26 10
29 65
14 82
70 36
62 50
91 11
21 7
12 43
16 90
78 64
39 71
46 74
56 1
42 96
35 16
85 56
95 7
10 35
6 88
9 13
33 86
29 99
71 11
5 1
76 47
4 37
22 29
21 37
27 25
39 82
25 30
52 86
67 47
90 11
73 21
29 96
80 73
46 80
92 90
95 62
75 43
31 60
92 35
31 95
24 55
26 50
15 50
70 61
35 36
72 38
30 25
19 74
100 88
100 88
76 74
27 34
55 24
97 54
47 70
81 48
35 36
71 99
84 34
53 82
61 61
9 6
81 29
40 34
54 85
73 18
87 95
28 27
55 29
30 82
10 21
30 83
56 83
24 71
51 95
42 19
47 60
80 71
13 92
47 47
31 58
88 17
25 32
85 34
36 71
72 1
18 33
22 6
42 52
1 18
74 87
54 12
9 24
7 67
46 97
14 8
31 36
32 44
42 87
37 64
13 25
3 7
66 46
20 7
79 29
16 92
62 25
25 40
47 14
26 68
23 86
77 72
65 85
48 69
61 57
100 7
19 22
78 41
73 12
12 73
31 59
46 50
66 36
91 34
4 16
63 85
5 41
34 51
46 28
98 27
70 14
58 4
100 86
87 11
78 10
30 14
54 54
91 87
55 54
100 67
16 6
77 91
28 90
80 42
76 60
41 98
31 48
94 33
70 39
3 59
58 5
100 97
100 8
75 92
43 30
4 75
37 28
47 22
89 25
82 55
96 1
59 90
39 58
47 86
97 52
68 20
77 99
51 5
58 6
31 4
2 24
25 63
59 95
30 13
56 5
35 6
22 63
86 52
80 38
91 1
40 11
37 94
91 97
40 70
63 37
85 78
95 45
99 65
31 99
83 21
80 71
78 99
93 63
71 81
24 84
42 14
38 100
52 35
44 71
48 57
34 38
45 46
72 19
93 84
26 10
28 23
79 41
47 72
65 75
58 30
90 72
5 37
47 75
32 20
96 58
9 64
16 97
42 54
60 28
46 96
76 27
91 50
75 46
21 89
61 30
50 82
62 54
51 81
2 16
5 76
50 37
35 5
1 21
21 56
79 41
79 31
100 30
57 33
77 54
17 56
67 63
66 26
21 92
65 89
97 45
68 50
25 52
12 94
9 3
84 31
9 89
36 29
75 81
83 86
56 69
87 62
85 67
17 75
89 43
86 82
73 50
38 79
72 39
26 23
11 86
51 31
4 5
62 16
59 63
80 58
78 71
77 77
98 35
50 15
41 66
94 32
69 16
18 17
58 25
77 70
1 100
66 65
65 51
27 32
1 50
20 19
66 93
85 17
89 45
6 35
22 50
61 47
96 66
93 40
38 69
58 3
43 70
41 25
19 18
2 33
73 34
49 41
30 9
70 69
50 7
71 26
63 52
19 22
88 95
20 76
47 91
40 94
38 40
11 41
19 25
90 41
31 12
84 17
74 9
71 56
41 4
95 59
83 2
36 21
87 50
21 22
93 23
82 20
61 46
64 93
35 4
33 80
12 85
64 64
2 100
61 91
86 90
17 3
31 12
73 84
88 78
78 2
65 77
25 69
88 95
83 53
14 9
70 6
18 21
39 18
40 13
58 24
85 28
75 15
94 44
24 77
95 88
38 19
5 48
7 34
1 11
91 51
92 65
64 95
6 15
45 16
25 85
92 56
61 18
7 48
16 39
1 47
84 1
80 67
77 15
24 95
62 71
43 75
93 52
79 91
81 44
85 65
89 15
66 23
11 31
82 10
41 52
5 18
19 28
45 99
63 3
72 90
87 2
54 19
35 84
92 68
99 34
11 20
83 23
11 3
18 67
99 13
11 49
53 20
30 31
88 15
76 14
92 1
30 42
21 18
22 91
62 37
57 34
10 57
79 60
67 64
43 19
19 11
23 33
62 98
15 61
85 88
85 88
1 14
39 6
19 23
45 81
37 40
82 95
27 55
47 94
51 61
77 67
10 43
3 32
7 49
97 9
79 98
50 1
78 50
99 15
71 92
39 87
7 100
33 100
70 98
73 63
75 18
88 60
95 47
88 16
3 20
79 34
72 55
55 34
69 40
43 77
99 66
5 31
24 71
78 21
4 24
74 84
54 39
65 18
76 15
12 88
13 27
6 12
61 40
90 28
56 78
84 31
80 14
62 77
16 83
49 63
86 91
42 100
89 22
80 90
30 67
91 42
11 23
1 21
45 27
79 14
95 50
96 44
36 96
70 20
73 64
91 20
43 55
78 55
7 89
71 70
90 94
19 15
28 33
2 33
60 95
84 63
37 16
91 60
97 39
4 98
92 23
83 82
46 49
80 44
14 71
75 68
70 85
76 45
27 88
66 63
7 59
22 89
61 7
94 54
91 9
85 22
84 25
86 63
63 28
42 14
8 84
4 21
60 80
87 69
57 54
71 74
22 31
94 21
61 86
19 21
97 18
52 8
53 2
94 18
31 51
18 72
68 85
52 88
94 17
95 25
70 50
100 27
68 13
82 8
45 80
10 73
67 82
28 57
47 88
81 9
21 22
54 71
84 30
80 1
93 91
40 35
50 27
14 21
85 55
10 12
84 42
34 24
14 19
88 43
27 41
96 21
6 67
95 78
48 8
51 83
41 2
69 10
2 61
60 14
50 17
46 40
69 87
68 50
25 48
16 26
48 59
45 69
21 96
31 40
24 22
13 87
23 26
25 100
79 59
59 32
86 11
62 52
92 55
99 81
50 95
19 47
95 53
7 13
65 24
94 61
57 95
57 25
62 70
58 55
16 91
11 38
3 46
84 29
79 40
27 46
51 54
78 98
23 14
24 1
61 89
46 35
88 39
35 66
22 34
66 50
93 97
7 96
80 1
85 3
58 28
81 47
55 49
4 81
87 59
71 25
49 93
43 5
27 1
10 14
52 11
42 43
72 51
54 57
77 71
2 90
32 54
80 76
32 39
54 67
3 29
92 79
51 54
90 19
26 44
24 39
8 68
18 40
82 87
87 69
54 94
39 14
67 15
60 43
94 46
53 74
30 19
42 90
47 78
8 19
3 3
50 41
49 62
27 6
55 97
78 84
80 47
86 2
9 60
11 38
91 68
63 40
2 16
93 21
52 58
79 12
16 60
11 26
97 3
97 98
97 46
2 97
88 11
15 12
62 39
33 9
19 85
43 57
27 50
65 15
51 27
29 53
14 55
51 88
7 10
68 3
80 72
87 8
5 4
88 83
49 45
47 23
50 22
51 13
39 96
54 79
29 24
6 7
64 56
77 26
55 4
13 53
31 22
94 66
27 65
44 12
26 74
46 1
86 20
52 24
62 67
88 99
33 28
28 21
91 86
91 89
47 75
70 9
29 96
4 30
10 91
78 41
50 53
11 64
80 5
41 48
16 95
60 28
98 6
80 2
89 5
52 9
44 55
19 79
97 74
22 19
62 42
75 48
19 19
99 62
78 23
81 86
39 12
10 2
60 58
29 97
53 90
58 85
98 58
81 37
61 66
59 100
10 29
63 18
70 64
89 33
3 17
85 58
49 12
52 22
16 11
37 17
56 82
11 65
7 95
52 56
33 35
68 88
26 55
51 6
18 49
4 77
83 43
56 60
65 30
94 52
84 9
69 71
52 36
34 66
50 59
12 2
44 65
59 88
26 71
13 80
100 20
80 40
50 89
100 32
32 13
17 100
88 100
87 95
28 64
94 46
90 50
60 51
13 33
16 4
62 56
30 34
71 32
97 98
38 45
35 13
90 49
73 5
4 83
41 37
6 70
5 93
5 38
2 87
15 80
30 60
66 18
66 52
10 99
15 7
65 35
93 12
84 6
52 34
79 58
11 21
97 31
68 7
22 71
9 63
35 62
35 78
91 48
5 93
31 75
28 93
92 57
21 76
100 97
47 91
13 12
58 19
3 83
17 49
59 57
17 63
99 60
24 74
35 14
60 59
91 80
99 48
52 22
74 37
3 33
30 31
36 10
99 63
49 37
9 32
