5000 206165
11 33
24 21
11 10
24 28
11 31
13 36
18 33
5 32
22 24
17 38
22 25
21 16
25 37
22 19
8 28
14 32
9 34
8 28
23 10
20 15
21 24
14 36
5 28
11 26
16 16
5 19
19 33
23 22
7 29
10 32
24 39
17 23
22 22
14 23
20 14
18 11
5 26
23 31
13 19
18 40
25 30
6 12
13 33
7 35
16 15
19 24
24 38
15 31
24 36
11 28
23 27
7 23
23 19
20 12
24 16
7 40
24 20
15 13
5 25
18 20
23 23
24 28
12 27
14 24
8 18
21 17
15 26
20 34
20 31
18 18
19 36
14 31
21 16
18 13
12 28
10 18
10 12
23 17
12 12
20 40
23 28
12 12
10 33
17 36
13 30
13 18
20 19
14 26
17 28
8 12
8 39
5 12
14 12
24 28
5 36
8 23
7 31
5 24
13 19
9 35
17 17
17 19
11 37
21 37
5 21
20 27
10 15
16 16
16 37
11 20
5 18
8 11
19 14
11 19
16 31
18 17
25 14
13 19
8 18
7 21
23 12
11 33
15 27
18 21
10 31
11 10
7 20
11 35
15 25
20 33
6 14
7 39
13 23
10 15
14 20
20 15
5 22
10 27
22 38
11 17
17 25
9 23
5 19
12 12
6 16
13 35
10 32
5 25
19 38
7 31
13 14
9 26
20 34
21 22
9 37
13 15
20 36
13 11
5 30
5 34
18 36
6 16
17 16
14 27
9 19
10 17
9 12
24 37
22 32
10 23
22 37
20 37
8 10
25 33
20 37
8 25
8 39
8 16
9 19
23 14
24 38
22 40
14 10
21 32
13 12
9 15
17 27
14 27
23 35
22 16
10 31
23 22
25 17
5 32
13 16
13 11
23 13
8 39
23 33
15 31
5 30
10 31
13 35
10 34
6 22
21 17
22 25
15 31
14 12
23 15
10 17
25 17
10 15
12 22
6 31
9 30
11 39
15 26
8 23
23 20
17 13
10 37
5 12
8 18
8 38
9 17
25 28
12 23
7 26
11 27
13 35
6 26
23 24
11 24
6 17
5 31
18 16
5 35
5 11
8 19
24 23
14 40
10 38
5 31
13 14
13 28
20 24
13 30
21 10
12 32
33 58
29 49
33 62
40 40
27 43
33 59
23 63
20 53
36 36
35 40
25 49
37 35
28 58
26 57
34 55
20 64
20 59
31 45
33 53
21 49
28 63
22 47
30 62
38 51
22 39
24 62
31 47
23 47
21 51
21 61
21 49
39 51
27 36
30 61
37 44
38 43
20 48
33 62
21 51
34 35
39 38
26 41
37 57
24 53
34 54
28 46
23 37
33 45
33 56
28 51
31 46
29 36
24 46
20 62
28 45
24 51
30 56
29 62
36 41
20 53
35 58
22 63
32 57
26 57
37 42
29 42
36 35
38 42
36 40
22 40
30 63
25 61
33 45
23 65
25 37
35 44
30 49
36 51
31 47
24 48
32 48
32 38
27 61
27 56
24 47
23 47
30 49
33 60
39 61
26 41
39 45
40 55
36 57
28 58
35 44
29 54
22 56
32 37
27 36
30 48
23 52
25 54
40 35
33 57
29 41
37 56
38 48
33 39
30 45
36 36
30 64
27 43
23 44
39 38
35 65
21 54
40 44
29 51
40 52
32 35
37 37
33 41
22 60
22 52
22 38
33 58
39 40
40 57
38 44
29 57
22 42
27 58
34 49
36 56
34 46
37 56
32 42
21 62
32 37
22 39
40 64
22 41
34 59
35 50
39 53
39 41
32 47
20 43
40 36
32 59
40 50
22 60
37 41
20 57
24 37
40 47
35 53
37 65
21 48
35 46
33 51
39 59
37 48
26 56
32 62
24 60
26 59
38 36
25 43
25 42
39 49
29 42
22 38
38 48
33 56
21 49
23 43
27 37
36 40
29 37
29 37
35 47
37 49
33 60
28 37
29 35
20 51
37 53
39 48
24 36
24 57
34 41
22 54
21 51
30 61
22 57
21 46
31 57
29 48
36 50
20 47
38 62
38 55
40 50
26 47
23 35
26 65
32 64
35 46
23 44
22 63
21 36
22 35
36 37
34 40
23 57
34 35
31 48
33 36
22 52
31 46
23 45
20 55
20 61
28 53
36 39
28 37
28 57
26 60
37 47
35 44
30 50
40 55
35 60
28 56
25 63
21 61
31 45
22 48
31 49
32 41
37 47
22 57
26 44
26 63
27 49
40 55
25 48
36 57
26 60
49 75
54 70
54 88
47 84
52 81
43 67
44 83
41 65
40 81
53 88
47 60
44 80
55 66
42 87
47 65
51 64
37 71
53 87
55 61
53 78
44 87
36 77
43 70
42 62
52 62
38 76
42 68
52 78
39 63
52 66
49 60
54 85
37 82
48 79
35 69
48 70
51 87
42 84
53 78
49 64
51 83
55 77
39 81
37 71
54 74
36 89
44 83
41 85
46 70
43 64
42 77
55 84
47 69
36 76
51 70
36 71
42 66
45 60
50 89
53 77
44 82
37 85
49 65
39 88
38 61
48 65
45 72
45 86
50 73
43 76
36 87
35 85
43 82
52 86
54 60
50 60
44 85
36 64
35 74
40 75
51 90
46 88
42 74
39 61
42 90
47 79
54 71
51 85
54 64
41 83
38 90
37 84
48 78
46 81
43 88
50 72
46 82
42 65
39 90
52 62
54 82
53 83
52 60
35 63
36 62
45 66
39 77
48 83
47 88
42 61
53 75
36 79
42 79
36 71
51 89
53 75
36 60
42 80
41 82
44 65
44 78
45 83
41 70
40 65
36 85
53 89
47 76
38 72
38 69
40 84
53 64
43 83
53 74
49 63
54 61
44 88
35 79
52 80
50 61
38 61
48 89
48 60
51 75
55 80
53 63
50 89
40 77
46 68
51 89
37 62
42 78
35 77
38 75
45 60
52 89
49 65
45 90
45 70
54 75
36 65
48 68
41 82
49 80
53 82
36 70
37 77
44 77
46 62
52 68
43 74
45 61
52 61
38 81
35 73
50 68
49 82
48 80
37 69
50 72
50 86
52 78
55 78
50 72
51 63
43 80
35 84
37 64
49 79
36 64
38 89
47 78
35 89
49 89
44 72
53 61
37 88
51 76
53 81
45 62
53 75
49 69
47 70
46 62
52 64
50 89
42 79
51 78
44 79
42 79
50 82
51 66
51 67
52 62
55 76
38 81
35 80
45 68
43 71
46 85
49 74
40 73
45 66
40 75
40 74
47 83
47 82
48 82
52 78
52 84
46 85
41 62
48 71
54 70
50 76
40 64
48 87
41 88
41 75
50 83
52 73
42 90
47 71
47 89
39 72
53 88
38 61
39 77
52 66
52 60
45 61
68 102
60 103
50 112
59 109
53 113
69 86
60 90
55 101
62 91
55 104
51 85
58 115
54 114
54 99
65 110
52 114
62 97
62 106
55 100
52 107
55 99
64 89
55 87
65 104
51 99
52 95
58 109
54 86
63 96
61 101
70 114
68 97
52 112
50 98
58 97
60 104
70 109
56 99
69 95
69 87
70 91
51 91
59 100
69 103
62 105
57 115
50 100
50 108
61 95
54 102
70 91
58 104
67 110
50 108
64 85
61 112
70 87
68 90
66 92
57 97
50 108
64 94
68 104
70 100
61 90
54 103
66 87
54 93
54 89
55 115
52 109
57 96
56 111
57 95
64 90
54 109
58 114
61 88
60 87
59 98
62 100
56 100
50 89
68 99
64 110
50 95
66 92
64 95
56 88
69 115
65 94
60 89
69 111
55 109
59 106
52 88
52 87
54 107
64 95
57 95
70 103
69 103
58 94
65 109
63 99
62 104
64 101
54 113
50 111
64 90
69 106
54 106
70 108
53 112
55 102
68 89
63 111
68 112
56 100
63 101
50 95
51 101
53 109
51 88
61 115
58 88
54 97
60 95
69 89
64 90
69 93
54 108
53 114
60 90
61 91
55 92
52 106
51 94
60 89
55 115
64 103
59 105
53 109
70 86
58 87
50 102
50 99
66 98
53 113
62 106
53 91
51 104
50 107
56 90
52 93
58 113
52 87
58 105
63 101
52 105
66 111
55 112
53 100
67 103
51 110
67 98
52 89
57 107
68 110
58 103
52 112
60 108
60 114
56 105
52 86
51 114
58 98
62 88
54 85
66 90
65 111
57 107
58 100
67 105
54 90
50 91
68 101
58 111
54 93
59 110
67 108
52 88
64 99
64 114
53 107
52 91
68 104
63 96
50 89
58 92
61 88
58 93
64 94
65 86
53 102
52 108
60 100
52 96
67 112
70 93
51 94
64 88
57 91
50 113
62 97
61 105
62 100
59 85
60 113
51 93
51 109
63 105
54 108
64 88
57 90
69 92
61 108
55 93
64 106
56 94
62 92
56 99
61 109
57 98
66 99
59 88
56 105
57 97
66 102
61 85
59 111
59 87
67 100
69 101
67 98
64 89
67 106
60 94
64 114
51 87
85 118
67 126
75 132
81 117
70 121
71 139
74 120
78 130
69 118
79 136
78 138
74 118
69 125
75 111
76 114
67 134
65 115
80 118
75 114
79 113
78 127
73 128
75 138
70 129
74 122
78 132
66 121
71 135
81 122
65 118
69 135
80 136
68 116
76 133
83 125
72 131
65 133
72 137
78 122
67 131
71 136
84 110
79 119
73 140
83 128
77 114
70 115
66 118
79 111
66 127
81 132
82 121
65 121
67 140
77 129
75 125
83 138
85 127
75 118
82 133
77 132
69 115
78 135
67 113
80 122
76 117
75 133
68 126
71 134
83 137
74 111
79 130
79 136
79 111
83 131
74 134
80 129
66 113
81 118
74 116
71 134
83 129
67 137
67 128
67 126
69 136
69 134
79 121
73 130
85 127
79 112
74 129
84 115
77 111
78 137
66 139
82 126
77 112
80 130
73 139
76 111
69 128
73 119
75 118
68 117
83 117
80 111
66 138
79 126
67 125
76 113
69 140
81 138
71 139
71 129
68 130
69 129
72 122
68 114
68 133
66 123
83 128
67 134
69 126
73 119
66 129
70 121
71 139
82 128
73 134
67 128
81 136
83 129
79 140
80 135
68 140
77 129
74 127
82 138
74 128
82 110
66 128
76 133
85 130
81 116
74 126
80 134
85 138
66 126
74 110
68 128
76 124
73 124
72 126
75 111
70 125
69 120
70 121
75 122
66 121
73 121
84 122
73 115
78 121
71 115
68 136
74 119
66 139
75 115
82 110
67 126
69 114
72 124
84 134
77 123
65 124
70 138
65 134
80 112
84 130
73 124
71 138
78 130
76 121
81 115
65 138
72 135
65 122
78 126
74 111
81 117
67 130
72 116
73 115
76 126
65 121
71 114
78 130
77 140
83 128
71 120
65 130
65 127
70 120
83 113
81 138
65 134
73 123
83 137
70 115
65 117
67 118
73 132
66 116
77 138
67 131
77 116
72 122
66 120
68 130
67 140
72 132
79 140
72 128
74 126
78 115
79 116
78 115
70 119
84 122
73 139
76 124
84 119
76 134
73 121
81 139
74 136
77 140
80 130
77 127
73 118
75 137
83 113
84 116
78 118
81 127
78 130
85 117
68 130
75 124
100 144
80 144
85 165
89 160
88 160
81 155
82 165
94 146
92 151
97 146
87 139
84 160
96 157
89 153
89 165
86 144
81 148
95 143
96 161
84 160
81 144
96 151
94 165
98 142
97 146
87 138
85 146
100 139
92 165
95 146
85 157
84 138
85 141
91 148
98 144
99 152
96 153
99 159
99 162
91 164
89 151
95 157
86 165
90 160
80 150
94 160
83 161
89 144
93 138
84 165
90 160
89 165
95 150
91 163
80 157
84 153
98 163
80 135
91 135
98 155
93 164
92 155
87 143
80 157
99 151
91 159
85 139
92 157
83 147
90 164
82 150
91 141
92 157
99 137
98 163
90 139
87 139
83 151
82 154
92 157
86 161
86 146
99 138
88 153
99 155
80 149
91 135
96 145
99 159
80 146
90 139
83 151
92 141
86 154
88 142
91 159
95 158
83 164
93 140
90 141
88 135
87 158
98 144
95 156
96 147
87 157
83 151
98 159
95 142
84 146
97 154
93 147
88 142
82 136
84 162
87 135
80 162
86 161
94 156
90 139
93 153
91 152
85 136
88 155
87 152
99 153
84 138
94 147
83 145
89 153
86 156
95 136
88 143
82 154
97 146
87 165
88 150
83 165
83 158
89 157
80 154
91 147
94 141
92 135
80 142
80 157
95 139
90 147
92 151
81 142
81 153
95 158
83 155
98 153
85 142
94 154
91 149
85 149
86 158
80 137
96 163
88 159
94 148
88 145
87 135
91 156
95 156
93 155
99 135
81 156
95 145
85 165
95 141
88 144
84 160
85 161
87 136
86 155
89 158
84 143
81 147
98 145
98 144
91 144
97 137
99 149
84 139
92 138
92 160
98 143
86 156
94 144
91 157
92 139
91 160
92 140
89 144
84 140
98 146
80 157
87 144
80 159
82 152
88 157
89 140
88 163
83 137
86 153
97 137
93 140
91 136
96 165
90 159
84 158
96 152
98 150
83 153
90 143
87 138
95 150
100 163
88 137
100 152
94 156
87 142
100 149
86 139
94 150
93 153
80 165
80 156
87 163
92 156
82 145
91 137
94 135
98 140
88 163
90 153
87 144
85 148
94 137
99 138
83 148
81 157
94 158
100 160
80 152
94 156
90 142
112 180
106 179
115 165
102 173
115 163
100 175
113 170
109 189
96 162
96 162
114 180
96 163
109 168
101 186
96 175
105 180
111 164
105 184
113 183
97 160
101 186
113 165
98 161
111 177
98 173
98 184
105 168
112 173
97 173
106 173
112 167
114 187
113 166
98 182
96 185
102 181
106 163
102 184
106 189
108 166
110 186
109 170
115 183
102 177
107 187
96 187
110 190
112 176
101 174
99 163
95 185
103 187
109 178
96 160
108 187
110 184
103 162
106 181
113 182
100 184
106 167
108 180
99 173
112 169
101 168
106 161
103 161
111 188
107 172
96 161
102 160
105 185
98 182
114 183
109 184
100 188
102 165
105 161
100 181
112 171
98 180
111 188
99 164
103 167
99 181
115 181
97 161
97 181
103 161
96 164
96 189
100 179
96 176
111 178
113 189
111 161
111 165
103 166
114 182
110 184
97 179
105 160
115 188
100 169
105 161
101 179
105 170
111 160
98 187
111 189
112 174
95 169
115 186
104 187
95 184
113 187
107 161
97 189
111 175
110 186
104 176
106 173
104 181
101 178
108 189
109 167
107 173
115 189
113 188
100 184
103 172
112 160
101 175
105 171
97 164
95 174
98 177
101 172
110 166
98 180
106 171
112 174
101 172
103 190
96 165
113 187
107 173
103 190
105 184
110 185
115 172
115 173
99 161
108 162
109 180
101 172
103 178
98 182
109 164
111 164
99 172
97 186
98 186
106 178
99 189
100 172
111 177
99 165
101 176
114 186
106 189
100 162
97 189
106 171
113 172
101 171
110 172
108 177
112 185
106 183
99 175
99 160
112 189
115 180
97 172
97 176
113 180
105 184
107 169
106 180
97 177
101 172
100 164
108 165
113 190
115 179
111 160
95 174
104 183
106 169
108 175
97 172
110 167
100 180
103 169
106 162
106 169
100 182
108 169
108 167
115 180
104 181
111 170
96 175
100 164
107 165
96 175
99 181
99 183
115 164
98 179
95 185
99 179
102 164
96 168
97 162
104 162
107 176
111 184
100 171
98 183
110 175
104 162
113 186
100 173
97 183
99 165
113 183
101 189
95 179
115 163
98 164
104 172
104 174
102 177
98 160
104 169
106 173
107 177
102 164
113 190
111 213
118 195
122 186
130 198
129 198
121 191
114 205
125 187
112 204
115 210
116 213
130 186
117 200
112 204
117 197
111 198
119 185
111 212
110 215
120 202
127 211
129 210
129 192
123 198
121 199
112 199
117 194
121 205
122 212
115 195
125 213
110 200
122 197
111 215
111 205
117 204
120 193
126 211
124 190
114 194
112 199
129 214
115 186
130 199
129 209
121 190
119 197
122 203
119 185
120 185
111 215
115 186
130 211
125 204
115 186
126 204
112 202
122 192
130 188
111 199
122 197
116 199
127 191
127 199
118 202
126 208
130 215
127 209
128 202
119 209
119 192
115 185
125 213
124 195
115 211
120 210
112 196
126 212
120 195
114 207
125 208
114 196
126 190
122 197
120 197
122 190
114 201
115 196
120 195
122 196
121 197
118 191
126 198
120 193
123 196
110 201
118 198
110 206
112 212
123 191
122 192
119 212
127 200
123 187
121 207
128 212
114 202
121 210
116 188
111 202
121 215
113 201
113 210
110 212
125 191
127 214
125 196
130 186
124 212
126 202
123 200
113 205
127 200
121 213
123 198
129 186
120 199
128 208
112 205
125 212
120 204
110 189
121 200
124 207
118 192
117 213
129 204
126 207
110 215
125 204
127 187
122 209
122 189
125 205
117 190
118 203
129 191
126 205
115 212
122 214
124 203
125 209
113 195
114 192
123 186
124 204
121 200
121 202
122 213
124 194
123 203
122 208
119 203
127 195
124 207
115 196
113 188
126 200
116 200
117 205
128 200
115 202
115 203
116 199
129 190
122 201
129 204
111 197
116 203
128 201
112 185
112 203
110 213
117 199
126 205
112 212
124 192
130 186
129 200
121 192
113 193
116 194
113 214
117 185
130 196
116 210
115 192
114 197
115 197
119 199
114 210
122 188
124 205
120 211
124 202
116 205
111 209
127 203
124 201
120 189
114 214
122 191
110 193
120 192
114 196
114 202
115 213
130 191
113 205
118 204
120 185
122 214
111 188
121 196
120 185
116 199
123 195
130 189
122 193
127 187
116 186
129 208
120 190
116 199
117 212
120 185
115 194
113 201
118 197
129 213
121 191
118 195
129 215
122 215
124 209
111 207
114 204
117 205
128 196
131 228
131 213
142 238
141 224
140 230
132 215
142 216
137 237
142 235
134 237
143 239
140 233
143 221
142 212
137 214
142 240
139 226
136 217
134 219
130 234
130 222
135 224
131 216
128 210
134 213
136 230
135 225
126 229
128 233
133 230
130 211
133 224
125 227
129 238
126 219
133 231
140 226
129 215
143 222
128 229
138 210
136 222
141 229
131 214
128 230
134 213
138 220
129 214
139 215
127 228
136 231
142 211
131 221
131 235
129 220
134 216
145 229
141 234
133 227
137 225
137 230
143 235
139 211
142 232
129 239
143 227
130 227
144 232
136 231
138 229
135 235
136 219
126 216
125 228
131 238
141 237
133 227
145 225
138 229
131 234
136 223
134 213
139 233
131 234
134 219
143 221
125 210
127 225
136 230
129 239
137 211
135 211
138 225
143 214
127 229
145 227
128 214
133 210
138 223
144 219
135 212
141 233
127 216
133 217
143 216
130 220
135 240
130 234
126 235
131 222
128 234
138 223
136 225
144 234
137 213
127 225
139 228
132 215
139 221
130 226
130 228
144 231
128 214
141 236
128 218
129 219
129 212
134 239
140 211
141 222
129 230
128 217
138 211
135 238
128 234
143 237
125 216
125 233
142 238
129 214
142 234
126 214
126 211
136 222
143 230
145 215
126 228
141 222
136 234
144 210
139 230
145 234
132 219
139 213
139 213
144 217
128 228
129 233
135 219
144 231
144 235
127 213
142 214
137 240
142 232
144 220
126 232
127 214
141 227
132 213
138 222
139 224
127 228
142 225
138 215
138 234
135 238
134 219
136 217
135 238
131 218
141 215
129 217
138 240
138 222
127 221
127 219
141 227
139 238
138 233
128 215
138 240
125 219
143 212
143 228
143 220
138 214
135 232
134 230
135 211
145 230
126 231
131 214
127 232
131 220
126 210
143 237
127 224
137 216
131 228
127 223
138 226
139 223
133 235
126 235
125 212
134 217
144 218
141 239
136 218
138 220
134 230
127 214
130 220
132 227
127 212
137 233
128 224
141 231
129 214
132 215
142 235
128 235
134 229
139 240
143 238
132 211
140 224
142 226
127 225
133 227
136 240
142 239
128 221
128 231
135 212
134 227
129 213
144 237
131 212
150 249
157 235
150 246
144 253
147 236
148 261
146 251
153 259
149 242
154 237
140 250
158 256
145 261
155 245
152 246
152 248
143 242
155 243
155 257
156 246
160 262
153 240
159 264
146 261
159 264
153 264
159 261
141 247
148 243
143 246
156 236
156 248
159 239
148 259
144 250
151 250
145 243
147 259
146 252
146 242
147 245
159 260
145 257
145 261
153 263
148 251
159 264
144 239
151 251
145 260
157 235
157 246
155 263
143 247
153 253
140 262
142 257
142 237
156 261
156 243
149 236
154 254
145 254
160 264
149 254
149 237
157 264
142 261
147 247
148 239
151 260
155 260
145 253
158 263
140 255
145 239
152 263
155 252
154 247
151 253
158 237
141 250
141 264
145 256
145 249
144 244
140 259
144 257
153 261
140 257
150 258
140 238
141 250
157 236
148 235
153 258
142 241
159 236
155 251
151 246
154 249
153 240
150 254
155 249
156 247
156 262
158 263
145 255
147 254
151 239
146 242
158 254
153 235
150 248
155 244
145 248
152 243
158 264
151 245
144 244
143 252
150 259
149 239
159 258
152 236
149 242
148 253
141 254
160 249
146 236
146 258
160 249
144 263
158 259
144 257
160 263
155 240
148 253
160 237
158 265
152 238
144 245
152 265
159 241
155 262
142 237
151 252
157 251
154 260
150 252
149 245
145 253
154 238
145 257
155 247
141 239
145 258
142 238
149 246
143 236
141 249
140 260
142 253
146 245
145 250
154 260
141 244
156 241
148 251
146 250
160 250
145 246
151 236
160 262
144 255
159 253
146 265
157 235
155 253
142 260
156 241
152 259
152 265
150 261
144 262
159 246
140 261
146 250
151 238
148 242
143 240
159 258
144 235
156 252
155 235
154 254
151 264
141 254
150 245
140 247
146 256
154 249
140 249
156 246
140 241
142 240
147 244
151 246
154 251
145 261
160 241
153 253
140 258
150 265
143 252
142 240
146 236
153 258
153 252
156 263
148 256
154 265
156 262
143 240
148 236
152 261
143 244
157 243
157 251
154 235
154 253
146 244
149 259
143 265
144 238
152 265
154 260
145 253
150 238
155 236
153 255
143 243
147 243
158 264
142 260
160 261
144 238
153 262
143 237
152 238
18 28
24 36
13 37
18 11
11 11
17 12
15 39
16 31
15 35
23 39
24 26
9 37
5 35
18 24
19 24
13 38
10 27
14 22
10 11
12 19
12 24
12 35
14 27
16 27
11 40
13 39
6 16
8 12
14 26
5 35
22 39
10 11
15 23
16 36
19 35
7 26
18 23
20 29
12 31
25 22
14 28
20 11
22 13
12 33
15 25
7 30
18 17
10 36
25 10
18 11
18 34
18 39
7 33
10 14
13 30
23 39
12 33
8 40
11 39
11 25
22 14
6 34
19 32
12 39
6 20
10 24
19 24
24 17
24 38
6 25
11 34
7 29
12 21
21 22
19 15
14 31
12 40
21 29
19 11
18 20
6 24
11 20
14 13
11 40
9 37
18 22
7 36
5 16
23 26
5 21
18 21
25 40
20 22
5 39
22 13
24 30
10 40
15 21
9 24
25 40
23 31
23 40
6 21
11 28
16 30
13 27
18 37
5 16
5 10
18 27
15 18
19 28
20 13
9 17
19 15
10 35
17 25
13 18
23 35
15 28
24 32
14 18
7 27
21 33
11 26
23 29
24 22
11 39
16 13
13 39
17 18
18 39
19 24
20 25
18 11
23 27
25 15
24 16
17 17
7 17
5 12
13 25
13 10
11 39
8 26
6 15
9 28
20 23
16 19
14 17
16 40
15 39
13 25
12 35
24 40
18 24
11 33
16 23
20 18
15 32
15 14
12 26
6 40
17 33
13 35
18 26
7 27
9 37
12 24
12 33
22 30
25 20
25 12
21 13
12 12
11 12
20 28
12 37
17 23
10 31
21 24
19 40
22 28
10 11
8 26
9 21
14 40
7 25
16 24
24 18
6 19
16 31
21 37
15 18
18 14
8 25
14 13
10 27
14 19
9 29
25 19
17 36
12 32
19 16
14 33
19 28
19 33
12 34
24 33
20 35
11 10
23 21
17 31
22 30
15 24
18 30
10 19
20 40
23 32
14 13
25 25
20 23
6 37
25 34
20 16
13 22
16 34
19 15
11 29
7 20
13 11
8 33
22 21
6 20
10 31
24 24
14 10
20 22
18 39
12 21
11 27
8 14
22 24
20 31
11 10
23 12
13 34
5 22
20 23
22 12
30 65
21 42
24 43
24 57
28 53
40 40
22 56
25 48
38 48
40 39
33 63
31 48
34 63
24 59
32 47
26 44
30 43
35 43
21 36
26 53
26 63
37 58
23 64
24 56
40 40
20 58
37 63
29 57
40 63
37 64
30 43
26 53
29 55
31 64
38 56
35 42
38 42
29 38
31 35
38 50
35 52
39 39
26 46
40 39
39 42
32 52
36 42
23 65
37 63
31 50
24 47
35 38
36 52
38 55
34 64
35 54
30 44
39 62
38 49
37 60
32 35
40 37
23 48
30 35
30 61
31 59
27 35
33 57
24 65
24 35
24 47
25 43
29 42
29 40
20 35
39 45
31 44
38 38
37 45
30 35
28 48
39 45
22 52
33 64
22 46
22 46
34 48
40 43
30 56
26 44
27 45
39 54
39 63
27 46
23 57
20 48
36 35
22 52
28 56
40 35
28 45
34 54
29 61
21 46
35 42
26 37
27 41
37 39
39 44
40 45
39 57
30 36
34 45
27 40
23 36
30 35
27 48
31 36
35 48
33 56
35 65
29 40
40 47
24 41
28 57
37 52
39 39
39 35
35 39
32 49
28 44
28 47
24 36
29 61
27 57
24 39
37 42
20 61
38 51
31 40
23 48
29 53
31 43
29 63
29 57
22 51
21 59
30 51
26 43
40 43
38 61
33 54
34 50
25 54
33 46
32 38
22 50
35 42
24 40
37 39
23 49
27 56
26 49
25 65
33 52
20 55
24 49
20 47
22 54
26 63
21 59
31 57
37 53
34 62
28 35
31 52
23 51
31 54
31 46
37 53
38 57
32 41
27 47
40 65
37 52
20 61
40 61
38 48
34 48
32 38
36 42
30 59
37 58
26 57
36 60
28 62
36 48
33 52
31 54
30 56
35 46
22 46
40 36
26 50
25 36
32 57
37 38
38 35
21 60
36 62
21 62
26 38
21 61
40 65
27 39
37 50
36 37
32 53
34 56
26 48
33 52
38 64
38 54
38 49
34 53
32 36
35 37
30 55
34 58
26 43
35 38
20 43
38 52
23 39
27 59
28 63
24 56
23 62
34 58
37 55
34 53
40 56
23 57
22 48
38 62
36 41
26 45
20 38
24 42
31 37
45 85
43 68
55 83
47 80
45 74
53 82
49 85
43 77
40 83
48 86
49 77
45 77
36 72
37 83
46 87
50 77
45 82
46 60
47 87
35 86
41 86
36 67
46 90
51 63
53 81
49 67
48 89
45 63
49 71
55 88
39 81
38 85
48 63
55 84
47 74
36 67
48 66
50 88
46 65
51 81
50 88
51 61
47 77
36 63
52 90
41 63
45 71
44 89
55 81
39 72
38 71
42 70
42 90
52 76
45 65
36 87
53 60
47 88
35 61
46 73
42 88
48 76
39 69
53 79
43 64
49 60
40 75
40 86
35 75
40 75
45 76
50 81
35 67
48 60
48 76
49 64
55 87
50 78
43 61
41 64
46 62
39 75
53 71
39 88
42 80
42 74
48 81
35 79
37 82
44 62
51 62
48 78
42 82
50 62
50 69
43 84
51 67
53 87
35 77
43 71
45 63
35 69
45 60
44 78
46 74
40 87
54 82
52 71
35 76
54 63
43 76
53 64
53 61
49 66
51 82
54 80
45 70
36 74
52 82
47 88
42 79
46 80
45 64
45 81
53 69
35 72
48 76
40 71
46 74
38 89
49 60
42 86
54 74
38 77
51 70
54 69
42 62
42 66
51 83
35 84
37 76
47 85
51 78
38 73
47 81
44 65
38 90
42 87
37 68
48 75
35 84
55 72
53 76
55 90
54 70
36 69
51 84
49 84
41 65
52 73
54 75
37 72
55 74
35 84
53 80
52 66
36 88
36 68
55 64
44 79
52 88
51 66
54 88
38 62
36 63
36 84
36 87
54 60
43 71
52 87
45 88
55 71
41 78
42 65
54 84
54 62
55 80
42 70
35 66
36 75
39 81
54 85
36 69
55 83
50 75
46 79
42 81
45 63
45 75
52 88
44 89
36 88
43 67
40 60
49 75
42 77
39 79
54 80
36 64
45 75
48 90
50 87
45 90
46 86
35 64
41 80
38 82
49 78
48 80
52 65
37 89
35 65
41 61
44 70
48 63
54 80
53 85
38 81
52 72
38 65
36 67
55 76
49 68
46 81
47 75
44 89
41 77
52 86
38 85
52 82
38 89
55 86
40 84
41 74
50 89
47 80
52 69
52 60
39 65
48 73
61 100
57 115
58 97
57 103
57 114
56 113
65 103
59 102
56 92
67 99
54 100
64 94
70 90
60 94
66 111
66 111
52 85
50 93
52 103
68 100
59 89
68 94
57 89
51 85
69 108
61 100
56 98
50 85
63 112
54 109
60 86
60 85
69 96
50 95
64 87
58 97
70 91
55 111
57 100
65 102
54 90
52 99
57 106
61 85
60 108
51 92
63 93
58 107
68 97
62 102
52 108
63 105
50 102
53 89
50 93
61 93
50 106
60 110
64 88
53 112
63 100
70 101
62 92
66 96
64 89
68 88
53 109
63 109
51 90
61 93
61 103
53 105
60 88
63 101
61 93
55 114
66 97
58 99
60 100
64 91
56 105
68 99
67 114
59 105
54 89
68 96
67 97
50 111
62 96
58 103
56 106
55 93
65 109
59 103
62 100
57 110
60 114
51 101
63 98
51 110
57 85
59 89
68 88
57 111
52 92
61 115
57 110
58 112
54 113
55 109
67 90
59 99
64 108
57 112
70 87
50 105
53 107
57 98
64 105
58 92
57 100
50 108
60 97
63 108
53 85
57 106
59 114
52 89
54 85
55 110
66 102
56 87
62 89
67 86
56 103
70 101
68 96
55 93
58 108
70 85
63 98
57 109
70 108
50 115
68 112
53 107
59 89
59 105
51 90
54 111
57 111
66 108
51 101
60 111
67 113
67 113
65 101
59 102
62 104
65 114
63 91
69 111
56 97
70 97
57 87
58 92
56 99
67 115
52 110
65 89
64 105
57 113
60 105
70 96
53 114
56 106
61 111
65 93
56 112
68 106
68 108
55 109
56 110
59 87
55 100
56 94
60 88
53 92
58 104
69 113
64 106
52 102
55 115
67 106
61 93
51 108
67 92
58 87
55 91
59 102
68 93
56 110
57 115
54 87
58 100
50 87
54 99
53 105
68 92
66 90
59 105
63 98
51 96
54 110
65 105
64 92
56 89
67 90
54 114
52 105
50 88
60 99
54 90
60 111
59 97
56 113
69 111
70 112
65 109
53 108
65 86
69 93
62 110
59 91
63 102
54 88
63 99
63 87
56 104
66 85
54 108
61 114
66 87
69 107
62 98
67 92
64 94
54 100
55 110
70 109
68 123
71 137
83 120
77 125
85 132
82 136
70 117
67 110
79 127
72 115
65 114
75 122
80 132
83 125
69 125
79 133
85 113
67 135
82 125
84 118
80 131
83 129
84 134
82 115
65 120
81 119
69 127
75 136
82 124
78 130
66 126
70 135
66 110
82 139
82 134
80 127
73 115
74 119
75 132
81 118
71 129
69 121
79 113
68 121
85 124
71 120
85 122
85 126
81 131
82 133
76 126
65 136
85 121
67 131
77 124
80 140
70 121
71 117
75 126
69 136
67 126
71 137
84 120
85 113
85 131
66 122
68 111
69 138
76 119
74 123
85 120
84 136
83 131
66 111
76 125
78 111
79 110
79 135
67 116
67 118
71 132
72 110
71 135
73 112
78 120
81 132
82 134
78 119
82 126
85 127
84 113
65 139
74 124
84 120
67 129
75 124
68 113
78 139
70 118
85 137
81 120
73 117
73 113
66 123
78 133
75 125
77 126
83 135
66 112
77 127
80 129
74 135
80 120
67 126
65 130
81 113
79 138
68 110
85 132
66 124
66 121
85 115
84 118
79 136
76 113
65 138
67 118
85 122
73 123
80 112
85 117
66 111
76 123
75 110
68 123
84 125
66 121
83 128
76 131
82 138
79 133
68 123
68 128
74 124
85 130
85 111
78 130
75 139
85 110
74 114
75 123
71 114
69 119
73 120
77 112
78 129
82 113
81 131
81 134
75 127
72 129
77 119
71 127
84 118
67 113
70 138
78 139
65 115
76 129
73 113
73 132
69 121
79 131
66 121
68 115
66 137
82 124
72 111
81 118
70 125
75 129
70 132
82 117
81 133
74 120
73 124
85 125
82 134
74 136
83 127
71 112
85 131
76 122
67 122
72 137
83 137
78 114
81 110
70 121
80 114
76 125
71 131
77 120
83 110
81 127
75 140
78 136
67 139
76 118
70 133
73 114
78 128
67 113
69 127
81 117
82 113
83 116
77 130
65 113
71 127
67 115
80 112
66 114
79 116
81 118
71 126
84 126
85 126
68 126
70 113
85 129
68 124
66 138
67 116
67 132
80 127
66 117
83 135
65 128
76 130
71 136
82 116
77 115
66 139
82 133
75 121
69 114
75 114
69 135
68 140
100 136
90 143
83 138
80 153
95 165
98 151
85 144
80 138
89 149
88 135
84 135
80 152
88 138
91 139
80 165
98 144
88 153
100 142
89 153
91 143
90 164
100 142
83 149
89 154
100 143
97 135
92 163
89 146
84 141
90 162
90 152
82 139
92 156
85 154
80 137
80 156
82 156
82 142
98 138
95 135
86 145
97 151
83 151
98 141
82 145
89 160
94 138
86 160
93 144
81 163
82 143
99 147
100 146
88 136
90 144
88 158
90 164
93 160
87 138
98 138
95 135
95 140
97 158
89 161
87 143
97 146
88 142
91 151
96 140
100 135
98 148
99 136
89 165
98 158
80 159
99 148
99 154
80 160
92 146
80 146
95 146
84 140
91 147
87 138
92 139
90 165
93 158
93 161
98 159
93 155
80 146
88 145
81 149
92 144
93 158
88 149
85 145
90 152
85 143
80 143
82 156
83 160
96 141
92 165
82 140
85 152
91 153
100 146
100 163
83 162
100 142
99 155
80 162
99 140
83 161
100 147
86 154
98 158
96 159
89 157
89 142
99 147
88 136
90 159
87 143
96 152
81 161
87 163
82 147
85 160
81 149
89 154
85 144
84 158
92 136
97 136
86 154
99 135
91 136
97 150
97 145
80 157
86 141
95 161
88 155
90 160
82 159
92 137
82 156
86 138
88 143
91 163
95 150
85 148
93 152
82 158
94 162
82 135
86 135
84 156
93 147
81 158
90 158
98 141
85 153
82 137
83 147
82 152
100 158
80 143
87 160
99 137
80 143
97 157
94 162
99 161
91 158
99 147
88 143
90 164
98 160
82 151
83 162
95 165
90 165
93 160
95 139
94 146
86 161
100 153
87 144
85 164
93 164
96 150
97 161
93 164
93 146
93 162
98 150
95 158
99 137
82 139
94 145
86 150
84 149
99 163
81 148
87 158
82 138
92 149
83 153
91 154
95 158
90 137
87 142
80 156
89 144
96 145
97 141
99 159
88 159
89 145
97 148
100 149
95 144
97 148
93 140
93 159
87 147
99 139
83 153
97 160
99 150
91 147
92 161
95 143
85 160
83 158
97 154
97 156
92 136
87 156
97 137
88 138
99 140
93 137
84 165
91 151
97 163
94 140
107 161
99 169
106 188
109 187
105 166
111 171
115 179
96 172
114 174
110 163
111 182
109 170
109 189
115 165
100 181
113 174
115 179
102 171
104 182
108 161
102 183
111 163
103 173
95 190
99 189
113 174
95 164
112 169
109 177
96 182
101 180
106 184
113 186
105 181
112 168
95 171
103 161
103 169
104 186
113 167
95 169
106 171
99 170
106 172
95 161
110 189
103 167
104 186
115 182
105 177
113 166
112 190
95 168
114 178
107 175
95 185
102 172
103 163
114 184
102 175
104 176
96 174
97 162
96 184
100 181
110 184
111 164
101 160
110 188
100 171
112 169
109 164
110 168
108 172
112 179
102 185
112 168
96 186
110 173
114 164
102 186
95 187
98 178
115 167
103 174
96 186
101 181
100 173
107 162
104 160
111 177
108 182
95 160
104 163
105 162
106 172
96 161
115 185
110 164
115 160
96 177
99 168
108 183
100 163
99 171
106 172
102 186
107 181
106 179
115 164
101 189
113 176
115 183
104 175
109 167
108 172
101 168
113 187
98 166
115 182
109 161
100 172
103 163
99 179
109 184
113 169
107 166
100 177
102 190
95 184
114 173
104 187
103 181
115 178
103 180
113 169
99 168
114 174
113 180
104 160
99 183
103 160
112 160
97 187
98 176
95 165
111 182
98 178
109 181
109 165
112 170
115 190
106 164
106 188
115 174
110 163
96 165
110 164
109 180
115 163
113 176
111 162
99 166
110 176
113 181
113 163
112 164
109 175
107 171
109 190
95 166
104 190
105 164
111 174
114 190
112 187
105 184
101 180
102 173
105 183
102 184
113 160
115 184
105 165
108 185
113 188
105 163
106 167
105 188
96 189
112 165
115 171
102 179
113 185
99 160
113 163
105 168
107 181
98 176
113 163
95 187
100 167
96 185
103 165
113 161
108 178
99 184
113 161
113 183
99 172
114 168
102 177
109 176
111 173
113 190
105 170
103 171
102 184
101 187
110 187
97 189
110 160
115 168
113 162
100 183
110 183
95 188
104 172
114 175
101 171
111 167
107 166
104 163
104 184
107 187
112 187
105 160
113 174
98 187
99 167
108 190
102 178
111 167
98 164
112 181
101 160
101 164
107 173
108 166
101 166
112 208
124 208
123 210
111 212
114 207
110 191
128 186
119 196
128 204
111 210
111 215
112 189
110 186
127 192
123 203
123 191
113 196
115 214
126 189
118 210
117 213
125 195
119 205
121 188
126 187
128 201
127 203
129 186
122 187
118 209
123 205
127 214
113 212
118 191
115 207
127 205
130 213
120 199
123 202
124 208
121 193
110 202
116 210
113 200
119 209
128 202
118 191
125 197
124 194
118 213
127 198
117 199
122 198
112 210
127 195
120 201
112 208
123 199
115 201
114 197
115 188
122 204
125 194
112 192
117 198
113 199
121 205
125 189
116 211
116 215
119 200
115 207
112 197
129 209
122 215
127 190
114 185
118 192
123 204
113 209
127 200
110 213
125 190
120 187
121 214
129 186
118 198
119 202
129 209
127 205
120 197
113 209
110 201
117 204
129 197
121 191
126 203
111 215
114 185
117 204
113 186
123 195
116 194
130 189
117 188
120 210
116 202
116 212
111 200
127 188
110 209
124 207
127 193
115 185
111 203
124 192
126 191
125 212
115 194
111 199
116 210
116 210
112 206
128 195
111 187
112 214
130 205
127 190
116 191
127 188
121 207
118 192
124 208
114 193
125 189
117 195
126 210
121 190
111 207
130 202
129 211
111 203
123 185
122 193
127 212
112 211
124 205
120 198
121 189
110 194
129 195
111 187
126 205
119 201
129 204
127 190
120 200
123 213
123 199
130 202
119 200
124 212
120 196
114 201
129 212
113 204
119 196
118 192
125 211
110 196
115 208
119 212
122 192
125 205
111 210
121 214
122 199
119 200
118 214
130 192
126 206
127 213
112 199
116 214
130 210
119 207
110 209
126 207
125 192
122 202
112 198
113 195
116 191
121 205
112 206
125 210
118 204
129 193
124 209
117 193
118 199
126 185
120 197
126 190
130 214
128 205
117 188
119 191
122 205
112 194
119 201
119 202
114 211
114 188
120 186
119 188
113 190
112 206
122 209
126 190
111 199
116 186
122 205
129 207
124 214
127 202
125 189
125 202
122 213
126 199
118 212
128 194
117 202
111 203
127 207
115 213
116 200
114 204
115 186
111 196
110 194
127 195
111 214
121 193
115 197
121 206
118 188
130 191
114 213
119 211
139 226
142 231
127 226
141 210
145 229
126 223
135 218
138 219
129 227
125 239
132 213
125 213
141 225
133 235
145 213
144 237
134 220
136 224
136 234
140 219
125 236
135 215
137 223
145 216
127 236
131 235
132 231
127 215
131 215
127 225
131 227
142 231
138 236
127 228
136 227
137 235
137 228
144 221
145 220
143 237
140 229
134 213
133 227
127 223
145 215
141 234
125 216
142 226
142 227
137 224
137 210
139 223
127 215
128 227
131 219
145 228
125 212
125 216
141 237
141 215
127 223
142 233
125 222
138 224
132 221
145 210
131 215
144 236
128 215
131 234
144 234
131 221
133 211
125 221
129 211
142 239
130 224
131 238
126 237
144 234
125 217
128 223
134 213
136 232
145 229
142 231
144 237
135 216
129 224
133 233
129 211
137 235
140 217
135 218
141 211
125 217
127 232
144 232
128 237
144 211
127 234
140 238
139 230
130 224
138 227
131 225
141 236
128 240
141 240
127 214
143 217
126 219
131 238
133 232
130 219
133 219
143 221
131 230
131 216
133 240
127 220
139 217
135 232
132 215
131 221
135 230
135 227
126 226
135 238
125 215
139 239
125 215
133 230
126 217
140 237
133 225
145 229
139 218
138 236
135 238
130 229
144 233
137 226
133 227
133 224
137 223
139 214
134 229
141 219
134 226
141 240
131 220
140 230
127 236
143 238
126 227
138 218
141 229
144 224
126 210
133 235
128 217
126 238
142 231
144 227
128 220
125 214
130 211
129 214
145 212
144 225
125 223
144 236
136 222
142 214
125 215
125 234
127 236
137 216
140 236
127 231
125 215
128 234
140 227
136 237
130 233
136 215
141 210
144 216
129 215
139 231
141 215
129 231
137 215
139 227
127 225
125 214
142 211
131 233
133 232
126 213
129 238
141 228
144 214
129 216
132 210
128 228
133 219
142 216
126 210
129 221
129 237
131 212
130 221
132 222
132 220
129 224
143 230
131 211
137 234
142 211
129 210
143 238
130 236
135 230
127 233
135 220
140 224
127 221
129 214
135 234
141 211
143 228
137 217
132 221
137 231
144 233
126 238
129 239
133 232
136 226
127 225
137 238
138 215
139 230
144 237
129 230
138 227
130 227
131 233
145 257
154 242
148 237
160 238
158 262
143 250
153 242
147 238
160 262
154 245
153 248
154 263
142 238
158 242
149 240
159 250
157 246
156 242
144 261
154 246
158 238
148 265
141 258
152 245
148 243
151 236
153 257
155 257
146 243
160 246
153 262
145 240
147 251
152 253
151 254
150 235
140 254
158 261
146 265
160 262
150 256
152 262
150 257
156 240
158 250
150 245
152 244
157 249
152 259
147 241
152 259
149 235
151 237
152 255
152 265
149 242
158 246
140 235
146 255
160 265
148 252
151 244
140 258
156 257
154 255
152 260
155 235
156 259
143 253
159 238
154 263
152 240
144 247
153 242
145 242
150 236
160 251
150 254
146 235
147 254
141 238
141 235
158 239
158 238
141 239
153 242
159 247
140 243
155 249
151 256
143 258
150 249
159 263
158 246
140 243
141 250
140 245
156 246
158 239
156 239
144 249
150 244
149 253
143 249
141 236
160 254
152 258
144 261
147 235
149 251
143 238
145 253
151 248
160 260
151 242
144 260
160 241
155 248
143 252
148 258
149 235
145 240
154 247
145 246
147 238
144 254
144 260
150 254
147 236
142 255
141 242
148 260
159 248
145 239
159 240
140 249
158 240
144 259
148 252
150 261
142 262
141 260
140 254
157 259
159 259
140 259
143 260
159 247
148 260
158 238
152 243
152 235
159 238
158 263
144 258
160 242
157 241
149 242
147 248
160 246
142 246
143 239
145 254
140 244
140 262
158 245
151 263
159 250
142 264
154 251
160 239
149 243
149 259
149 237
159 249
160 242
144 249
160 264
140 259
160 249
154 252
151 258
142 264
152 246
142 253
149 250
154 254
154 236
151 241
157 249
148 248
146 249
157 235
158 261
143 252
157 243
152 262
140 252
153 240
156 254
154 258
153 248
158 262
146 254
147 250
154 255
156 258
143 256
140 247
150 246
156 256
158 236
149 252
159 245
145 244
153 248
157 237
142 244
150 244
159 263
150 265
148 252
145 255
156 245
149 256
145 262
147 242
149 262
158 244
155 249
158 239
158 254
151 258
143 237
145 259
155 256
149 250
157 247
149 250
158 237
154 244
140 248
143 258
153 243
153 250
141 253
153 252
160 258
157 237
141 244
