5000 125844
77 66
50 53
10 17
25 66
94 98
36 7
17 15
50 8
11 95
65 89
40 32
22 52
35 37
22 45
22 76
43 24
84 4
82 8
17 13
49 45
92 93
48 25
48 44
65 98
37 87
80 54
95 75
46 30
42 45
83 34
77 2
19 10
32 86
86 70
43 27
25 36
22 77
11 41
74 43
84 23
27 29
13 26
6 26
14 18
86 70
27 2
56 93
22 25
60 61
72 5
70 22
51 54
72 82
18 65
15 3
8 68
97 70
9 30
53 49
91 14
43 63
81 50
61 23
74 49
67 72
55 50
98 36
40 100
17 42
23 78
75 22
43 23
87 3
80 47
56 92
73 25
59 100
64 84
94 1
18 13
35 40
15 22
69 66
58 73
84 38
35 20
65 92
33 7
96 49
17 40
23 20
38 64
98 42
35 95
12 64
16 65
89 96
61 99
7 64
5 37
84 76
81 85
47 59
22 30
13 83
55 50
94 54
71 35
18 85
39 7
40 47
4 77
6 28
60 64
62 49
89 66
95 83
78 93
21 72
42 32
95 84
95 44
79 47
44 77
29 38
42 10
11 41
69 33
3 8
17 4
73 69
38 83
49 40
72 28
11 64
61 75
26 29
57 70
83 9
95 14
95 76
23 7
50 90
52 3
82 70
63 90
41 20
28 52
41 34
13 44
69 35
87 70
60 87
48 81
30 46
40 76
89 90
92 39
9 8
43 49
8 42
81 76
32 31
8 34
52 55
43 47
21 8
29 36
99 16
3 68
75 49
45 91
77 74
77 90
97 45
59 43
39 31
89 65
86 46
31 65
53 60
7 33
17 86
64 98
54 65
98 31
4 73
94 55
89 69
64 80
89 3
48 63
96 7
72 86
8 48
100 14
66 32
28 7
80 49
16 99
82 26
55 49
13 89
59 99
83 90
61 85
69 93
21 20
49 49
6 90
4 36
53 60
12 22
72 21
17 57
65 87
70 4
72 29
11 93
10 24
87 8
51 47
10 38
82 67
22 84
17 85
81 80
88 67
44 43
61 80
55 65
77 68
67 28
67 5
35 66
49 17
27 90
3 10
21 88
27 90
9 52
24 24
80 50
20 73
48 96
48 58
37 11
17 99
71 87
99 55
78 75
57 46
49 54
87 12
38 12
70 37
55 49
71 43
9 4
50 91
83 22
64 20
27 59
49 1
82 25
61 76
97 17
9 66
16 86
69 5
35 55
76 37
93 80
66 56
47 61
40 75
13 14
35 24
8 74
83 100
33 78
37 48
91 45
81 31
76 11
29 9
3 20
30 59
51 51
63 75
80 50
33 25
78 94
58 60
81 25
60 70
70 35
29 42
68 35
37 20
97 98
2 90
12 8
41 77
20 45
59 69
32 51
32 10
93 44
39 76
67 9
78 21
28 75
57 6
10 52
3 38
37 14
12 71
32 96
87 16
75 45
63 97
71 40
52 90
72 56
51 65
11 60
42 91
31 58
30 94
78 62
28 55
84 35
42 22
68 83
3 32
52 42
100 33
34 41
96 85
90 61
52 2
73 5
17 35
61 7
83 8
19 72
97 72
46 30
3 20
36 87
72 26
17 68
6 79
76 16
41 24
9 43
38 27
34 66
39 100
68 72
11 27
18 6
51 7
4 100
38 88
5 90
55 41
89 72
90 82
51 25
78 32
42 83
75 30
47 19
2 41
9 89
17 42
50 12
55 19
71 13
85 51
26 44
40 81
43 29
53 59
80 4
3 71
91 85
13 21
93 22
58 57
75 99
11 79
60 15
79 99
100 66
64 56
85 39
88 37
53 37
87 64
17 21
46 20
62 45
63 39
47 60
70 33
80 32
97 24
76 51
2 45
33 74
2 95
41 25
27 2
54 5
20 80
29 24
96 42
32 100
22 45
53 50
59 98
84 23
64 64
37 96
83 40
27 19
73 87
70 28
32 7
60 50
86 100
77 26
21 94
1 90
76 38
42 78
80 22
24 61
18 29
81 66
56 34
71 75
22 42
83 87
76 79
93 21
11 10
72 72
77 20
84 54
76 21
35 69
67 28
40 84
23 17
49 19
66 54
95 3
70 46
49 61
6 52
56 46
26 38
26 97
56 35
53 27
20 74
87 8
76 39
37 54
19 25
31 72
7 28
92 66
65 58
82 59
37 38
28 67
5 30
13 57
11 72
81 51
99 78
30 51
20 86
21 94
30 69
37 92
67 96
100 67
86 4
73 99
7 64
63 93
50 95
14 50
15 20
69 20
100 58
90 58
57 74
70 82
72 82
63 53
62 100
89 91
97 63
98 37
16 10
1 45
62 46
78 33
81 47
60 23
59 84
100 32
32 16
89 4
89 75
98 63
88 70
74 78
22 61
94 85
88 23
24 55
7 35
2 42
44 26
58 92
43 51
1 99
27 25
66 84
15 4
40 24
54 75
11 66
89 61
69 36
64 10
50 6
99 68
44 56
9 80
57 3
96 40
92 47
45 7
84 66
90 9
84 28
9 44
63 69
77 13
96 18
38 75
35 47
49 59
82 100
92 90
91 61
82 51
71 14
56 45
48 54
10 90
10 71
59 71
99 2
30 58
22 33
48 59
80 25
17 40
9 38
89 80
64 79
100 84
85 86
99 45
41 92
69 65
7 40
56 12
97 77
54 9
93 86
32 75
2 19
26 37
75 16
44 79
59 87
45 82
100 75
7 92
55 71
61 97
17 15
53 24
42 54
90 47
52 82
74 31
6 86
12 19
62 10
22 17
64 2
98 47
20 13
56 45
66 11
79 4
11 56
63 40
32 12
56 93
46 66
34 30
33 29
20 82
29 8
92 16
65 15
28 35
50 59
19 37
40 31
66 73
23 60
34 37
55 19
26 41
59 67
12 57
90 59
72 76
85 25
5 12
69 74
5 37
60 56
35 36
35 40
23 63
49 27
66 51
78 55
46 93
51 32
62 35
65 26
80 39
5 2
29 92
59 25
54 61
99 28
51 56
71 33
73 87
36 44
77 4
51 27
94 10
41 12
40 37
65 37
25 36
44 48
85 10
81 72
55 55
71 97
15 63
77 69
19 24
33 65
6 75
64 68
83 96
68 9
81 45
62 86
72 11
61 36
73 11
26 23
60 15
23 18
48 7
84 1
58 61
25 62
34 79
3 22
65 73
25 15
67 58
89 60
68 14
51 19
22 31
23 20
22 15
36 45
51 40
92 90
68 9
57 14
8 9
3 4
24 74
40 53
64 42
47 36
100 40
88 52
24 58
59 6
10 21
72 65
95 6
19 33
96 78
28 36
21 54
60 51
53 50
39 11
100 10
72 15
42 81
21 93
46 86
15 95
9 89
97 25
58 37
76 98
53 38
65 45
78 53
28 64
4 50
94 94
74 99
4 41
81 97
98 9
14 47
43 69
69 25
8 4
61 1
16 2
88 40
34 6
27 4
40 41
72 68
26 66
63 56
65 48
99 58
9 41
79 95
7 98
5 66
37 31
82 95
9 55
53 27
12 100
36 70
9 76
57 45
61 69
64 69
37 94
58 29
29 15
31 62
78 53
37 70
92 15
45 54
76 9
77 72
71 10
15 50
100 40
97 75
77 57
65 87
95 84
37 97
43 81
1 81
41 14
31 11
34 28
1 21
84 38
97 27
36 90
44 65
53 23
49 10
7 33
90 16
58 90
35 99
20 30
88 42
23 69
63 96
32 48
98 29
39 67
3 9
64 78
39 6
51 83
93 34
55 93
97 66
29 83
97 73
49 46
22 48
80 36
82 25
22 68
15 25
31 51
10 10
58 89
83 74
58 71
64 74
24 41
15 13
50 72
96 70
2 54
73 92
58 65
86 53
22 21
49 84
88 61
86 50
39 89
90 43
78 36
93 33
86 60
6 70
41 6
34 58
79 17
72 93
67 82
1 37
86 17
97 85
62 98
43 5
80 58
71 20
58 78
3 50
85 32
8 2
98 20
39 38
32 45
8 36
24 90
53 17
8 19
63 3
38 67
98 8
52 97
67 54
90 92
89 57
25 23
82 97
22 66
3 91
54 89
40 47
55 27
91 57
37 83
16 76
34 62
68 40
86 96
43 91
22 42
23 27
2 44
72 61
13 64
33 89
31 48
88 6
86 5
38 67
50 8
75 23
35 26
53 56
94 76
76 17
41 64
18 50
9 66
14 29
20 41
14 6
53 28
27 19
5 63
41 10
42 95
38 24
8 2
80 42
32 66
30 43
54 20
34 10
1 55
66 84
66 50
83 2
53 41
3 54
20 20
54 100
30 77
6 45
6 55
23 4
81 14
98 71
40 6
89 79
11 99
11 98
3 36
63 78
37 16
7 98
4 40
31 62
96 73
63 93
62 3
79 39
92 87
15 23
12 100
44 41
80 58
30 49
78 94
84 50
32 54
97 14
37 49
61 30
2 10
42 55
35 86
34 23
39 25
26 91
75 53
1 76
37 88
77 89
15 5
25 55
35 38
70 44
7 17
82 11
33 88
68 71
60 1
76 74
34 45
24 100
72 66
13 54
53 100
49 60
96 3
84 53
46 25
32 51
97 35
99 34
25 6
83 72
33 9
15 82
9 14
7 61
15 57
97 53
35 1
30 62
21 7
21 39
51 57
80 75
54 1
83 45
99 98
65 1
59 18
33 42
88 52
82 36
97 96
92 51
30 95
93 98
76 55
27 19
76 1
24 89
78 4
53 58
6 60
10 12
67 39
66 73
68 25
34 96
62 25
54 77
15 9
35 84
26 67
65 65
14 10
31 67
48 61
64 7
47 19
58 31
96 1
35 70
39 66
93 48
26 72
20 12
37 97
53 27
47 30
64 97
28 67
24 85
16 54
86 27
85 97
83 93
51 51
4 73
68 40
65 28
9 49
82 100
99 63
86 16
46 64
64 72
16 34
45 77
79 79
62 53
54 7
75 31
48 22
92 24
19 78
26 46
64 35
55 74
30 72
62 16
18 71
58 90
85 100
34 76
43 16
21 48
68 20
45 19
76 20
87 11
9 98
84 21
68 10
59 60
69 88
65 74
74 31
36 21
62 2
53 61
97 25
15 8
79 91
97 47
59 31
97 68
22 44
74 65
3 42
51 15
35 80
20 64
60 4
19 31
5 91
2 72
91 79
24 11
99 42
66 50
10 21
59 39
49 70
29 31
70 98
69 9
46 56
95 80
4 82
7 57
99 41
52 6
73 16
77 31
48 4
83 46
73 99
69 47
56 62
27 92
72 13
90 93
47 55
31 69
60 23
3 45
85 92
2 53
27 7
83 33
67 3
36 28
93 23
67 24
17 58
62 72
35 33
62 65
57 51
90 66
20 21
55 91
42 71
44 36
84 22
89 75
27 33
8 20
10 73
34 46
35 63
81 86
24 38
81 17
63 54
35 12
83 13
47 97
37 65
61 20
81 29
55 19
49 99
26 3
22 42
65 56
39 74
8 26
26 72
47 24
98 91
97 92
2 15
39 62
40 79
37 36
79 88
66 63
44 7
88 60
100 8
30 69
20 45
75 97
10 37
35 50
61 8
45 1
33 46
97 24
57 20
66 26
52 42
5 18
91 28
25 84
69 25
29 1
32 61
46 96
76 25
29 52
42 39
29 39
19 65
82 69
65 26
98 52
99 31
60 84
37 63
50 38
90 4
9 8
76 34
51 40
43 9
37 94
47 40
75 7
85 17
4 12
40 32
88 11
60 81
82 60
12 94
29 6
11 12
96 6
26 53
38 36
24 57
20 92
66 26
95 73
53 12
82 3
92 76
3 43
93 38
28 39
53 32
82 41
36 98
80 18
85 32
30 6
16 11
31 24
5 64
53 79
86 35
96 96
40 89
46 15
78 7
4 34
26 72
40 18
99 40
3 25
77 6
74 48
22 68
94 83
68 73
26 79
75 86
11 48
29 73
67 75
91 86
33 5
1 16
78 83
12 22
85 47
8 41
80 84
67 70
12 4
32 14
5 56
59 51
23 55
2 23
36 57
78 40
79 94
75 27
28 31
81 70
3 84
54 79
55 37
96 66
73 3
80 68
70 3
84 50
60 40
89 78
74 88
92 96
41 93
51 22
4 69
77 91
10 62
83 4
95 13
73 18
66 18
99 68
32 20
88 72
100 90
19 77
18 63
30 84
46 55
45 94
11 53
48 38
98 72
17 42
44 55
71 26
48 61
65 58
6 75
8 100
5 87
79 62
99 96
45 31
81 84
2 64
73 21
43 97
36 68
68 33
15 66
1 37
18 53
46 86
41 60
70 42
65 14
58 22
99 77
10 68
2 15
9 82
9 57
52 38
77 75
52 11
22 63
25 35
17 20
27 90
32 34
21 6
57 51
30 81
18 88
89 86
84 97
90 61
31 83
19 64
57 93
46 48
20 52
75 97
43 33
60 11
44 39
59 46
17 84
42 15
20 65
70 99
3 48
29 21
21 88
31 22
80 84
94 51
55 56
48 3
20 40
86 90
69 61
28 42
68 22
38 48
17 28
51 18
27 60
47 10
69 33
36 53
44 9
40 84
10 49
87 94
51 46
5 39
45 91
67 30
98 6
17 56
89 80
52 53
45 28
9 67
83 75
24 11
55 69
37 30
72 66
74 60
75 71
92 78
54 2
42 45
29 77
70 81
44 62
7 37
68 42
12 95
42 41
64 50
4 78
51 89
2 43
54 76
7 80
46 34
73 5
5 85
62 41
61 84
8 89
58 68
21 2
90 63
82 31
75 71
79 45
5 96
1 82
53 67
48 73
54 35
46 11
76 49
75 15
89 25
34 37
94 56
52 19
76 77
9 58
55 48
78 18
10 52
9 23
85 97
56 37
81 27
41 33
69 77
93 62
48 21
27 97
13 64
90 36
60 27
40 86
68 32
16 74
40 67
72 50
63 98
45 2
17 61
90 98
71 68
57 85
23 35
16 24
8 55
98 11
25 33
15 2
28 28
34 84
75 25
12 76
41 73
7 3
4 8
10 1
99 65
51 29
88 97
63 80
40 16
99 75
2 17
59 47
66 100
93 35
30 96
28 49
89 36
46 8
69 47
59 56
54 92
43 33
75 31
62 98
93 43
99 63
28 100
20 23
84 98
2 76
31 98
25 70
60 78
34 6
86 23
58 94
36 86
25 71
72 25
28 1
23 46
26 41
86 47
88 97
18 76
68 42
67 46
7 63
65 50
87 44
17 18
19 93
29 76
43 48
32 91
21 18
93 10
59 42
40 92
77 60
12 17
22 90
1 81
71 46
7 47
86 3
80 92
43 32
10 74
51 16
22 84
84 71
76 57
7 30
23 67
46 84
26 23
89 64
4 46
91 24
27 7
20 64
9 69
55 82
15 63
40 11
76 52
7 25
50 4
67 43
83 84
61 72
89 84
35 16
31 17
95 30
20 19
62 8
37 13
81 92
12 24
10 96
64 14
88 32
69 77
86 32
33 15
94 52
26 96
36 12
84 27
52 2
7 27
92 47
59 36
21 90
83 57
34 87
28 66
32 12
52 29
62 49
44 83
40 65
97 64
74 100
35 94
68 34
35 59
23 59
49 77
99 34
33 6
12 90
38 17
1 83
50 22
70 83
94 86
75 17
57 95
30 12
79 70
15 21
21 59
37 5
36 62
56 67
22 43
15 27
87 79
73 24
28 27
31 13
13 88
24 43
56 12
99 33
92 76
43 23
21 91
92 53
41 56
5 97
3 94
78 73
57 31
52 15
99 55
3 16
79 83
7 1
32 79
9 5
21 74
4 37
45 61
8 87
59 56
18 4
74 14
98 86
90 27
2 92
80 98
54 14
77 34
35 62
4 46
20 62
29 84
25 37
11 14
69 91
81 85
66 59
98 15
38 15
69 26
48 22
92 30
47 60
54 22
23 8
7 64
27 47
78 97
3 25
86 34
37 4
20 80
12 47
86 89
62 6
13 90
65 38
67 19
41 76
51 99
71 16
61 37
80 34
47 4
23 2
100 25
27 88
88 60
98 39
16 2
57 85
97 12
7 83
55 45
3 34
29 43
62 60
81 80
7 91
64 36
66 13
95 46
36 15
77 11
32 86
97 20
41 53
96 23
15 90
82 28
46 74
85 6
94 64
25 7
31 61
16 65
25 31
10 49
56 24
74 22
25 2
12 61
22 33
32 37
66 57
24 18
12 79
79 16
4 50
70 21
95 4
22 14
16 66
30 18
50 77
47 3
78 90
91 29
42 25
92 31
24 56
40 98
29 88
69 19
64 57
11 49
36 35
40 39
20 49
91 10
65 12
45 50
2 70
87 45
28 86
20 78
10 14
91 16
98 94
66 15
13 88
92 49
87 29
28 5
21 18
88 5
27 7
50 7
78 33
20 32
94 90
53 40
59 81
22 77
73 58
75 37
32 25
9 44
14 76
52 73
99 53
31 87
48 75
1 75
17 83
27 12
72 52
78 49
69 28
69 97
43 63
81 67
13 45
81 91
61 72
85 63
69 47
87 78
35 21
98 79
6 61
28 10
51 70
17 42
49 87
23 27
91 30
32 63
83 22
56 57
83 88
82 75
86 44
82 14
34 49
2 78
8 25
5 52
80 78
77 4
73 49
74 41
9 71
85 93
55 83
69 42
70 55
23 30
7 19
56 76
72 60
13 80
83 37
22 30
81 73
83 23
97 8
71 2
14 38
79 30
78 59
49 77
12 56
16 54
30 90
45 56
17 31
90 14
49 7
48 9
18 70
22 55
22 1
26 40
58 100
28 35
47 81
79 6
2 16
53 51
34 33
73 76
17 30
68 70
47 57
97 54
50 44
43 16
19 56
16 81
73 97
97 66
64 9
85 52
64 19
45 98
81 59
80 1
34 64
30 66
80 61
3 33
3 72
53 13
29 24
60 23
80 48
75 4
39 29
81 63
79 54
24 61
53 90
96 36
92 30
99 46
92 89
93 26
93 14
63 96
8 58
18 10
11 13
23 67
54 14
74 31
68 16
34 72
5 84
1 31
63 89
84 44
56 15
17 13
36 57
84 38
77 35
67 56
10 93
67 63
47 18
88 47
90 76
52 8
83 34
81 57
2 5
27 74
26 82
47 18
89 22
33 40
16 28
51 34
56 6
69 41
24 17
23 73
54 64
28 100
75 4
69 53
64 95
30 18
85 17
99 51
65 56
13 51
66 58
26 100
79 66
64 76
14 46
69 41
67 83
48 31
1 97
21 87
26 57
26 31
67 5
66 78
59 70
82 84
16 63
66 27
2 76
91 79
40 99
7 39
19 78
14 54
75 43
82 73
96 72
12 59
32 75
12 79
24 62
49 33
38 78
3 27
65 60
3 76
23 19
31 94
50 58
23 67
51 80
28 14
1 97
69 36
93 43
11 66
2 71
61 6
76 44
3 46
51 36
15 43
10 37
21 66
80 96
36 79
54 90
75 19
47 90
86 16
87 49
71 51
86 100
76 79
73 29
50 59
78 54
95 47
33 52
27 63
69 13
83 84
6 29
69 10
4 71
51 71
79 27
5 42
11 28
54 71
8 39
13 16
20 65
69 75
86 81
100 12
4 6
39 70
26 83
3 47
76 85
64 31
73 97
62 85
39 9
97 25
63 95
16 14
43 71
95 99
95 29
11 35
78 82
52 57
80 96
33 4
2 79
10 23
37 97
64 59
16 45
96 36
29 74
35 9
64 62
14 54
86 20
20 19
4 75
12 54
22 65
32 11
27 85
46 61
45 47
18 45
42 37
7 42
85 11
84 59
2 40
31 39
46 94
31 73
83 95
77 89
63 76
84 73
87 63
99 73
100 31
2 7
95 8
28 56
36 67
10 21
93 9
74 39
29 40
48 35
37 92
50 56
31 46
63 76
95 17
75 92
32 73
88 5
82 33
17 83
23 64
83 24
47 21
69 9
13 96
29 67
45 49
27 24
65 91
31 64
25 96
16 22
32 70
71 55
43 29
20 37
81 75
87 38
45 75
9 66
86 72
81 66
11 22
17 17
95 94
57 90
91 61
27 66
97 46
24 93
43 100
19 9
6 69
89 20
87 69
70 64
70 86
32 70
48 39
86 28
14 33
73 34
1 49
46 54
95 88
95 78
17 90
75 15
33 67
61 16
36 32
18 90
93 34
98 5
86 59
87 79
54 94
77 19
13 44
2 40
100 63
55 43
21 100
58 31
96 14
7 21
79 47
17 51
90 90
27 85
2 78
4 74
51 71
2 79
1 27
45 58
96 8
69 69
20 24
28 26
81 84
55 56
97 15
73 69
52 60
83 73
59 47
57 6
11 43
72 42
59 97
10 6
78 84
31 48
19 88
25 49
89 68
50 86
41 99
79 9
76 71
94 29
82 82
26 41
95 7
34 9
70 50
42 14
2 29
41 74
21 39
34 64
47 81
18 5
6 33
50 92
100 30
16 79
7 97
62 72
39 73
17 93
23 29
17 8
47 41
42 17
93 57
35 60
91 2
86 7
65 69
18 24
79 35
98 2
43 64
26 41
31 62
64 66
67 6
84 90
57 91
40 96
17 54
3 71
57 1
74 86
53 62
8 30
90 16
11 59
69 53
28 40
79 3
91 82
96 48
77 95
84 50
89 4
63 7
26 51
74 10
28 75
43 75
4 97
25 28
37 90
29 37
8 90
53 55
48 95
43 79
9 97
87 90
12 84
11 67
95 42
85 69
15 29
2 23
74 37
25 39
22 76
2 76
3 93
12 9
97 23
31 40
48 58
37 78
94 46
73 60
62 40
21 72
16 86
66 36
97 99
4 76
46 24
56 88
56 82
93 18
99 19
64 79
31 60
10 2
27 97
25 53
46 23
93 77
26 76
20 11
18 15
99 3
73 38
72 60
11 63
21 13
3 99
10 20
58 90
48 96
82 31
19 81
68 19
49 17
36 16
16 17
5 92
82 92
72 57
60 25
26 61
22 27
76 55
9 20
83 28
54 52
33 25
28 2
46 28
11 100
99 12
15 95
9 54
71 50
39 54
71 16
92 14
93 4
32 87
1 3
40 51
14 17
71 36
59 69
14 33
7 51
74 37
18 76
40 94
97 93
30 1
17 55
70 19
5 55
25 26
4 99
10 58
10 50
32 100
55 86
72 49
82 64
70 32
80 54
53 65
60 37
3 69
96 78
52 40
34 55
96 32
91 42
99 72
66 67
49 10
65 56
24 70
74 46
82 32
63 63
23 91
11 32
80 17
92 61
67 38
56 43
96 59
76 96
17 92
79 11
83 33
88 93
60 26
4 64
20 46
64 90
63 100
22 67
59 67
14 91
7 21
6 50
56 32
58 44
72 17
4 93
22 100
95 38
29 90
3 31
10 100
51 80
66 14
41 69
95 93
84 51
48 63
42 3
60 98
65 6
20 13
94 30
52 50
31 38
97 45
71 96
95 79
11 96
92 62
5 97
76 86
51 34
11 47
31 69
8 30
34 15
86 13
29 29
80 4
14 3
83 11
41 55
65 34
48 76
81 23
11 26
32 26
29 37
52 81
43 76
93 95
71 93
88 57
96 44
53 83
84 2
67 91
99 13
46 49
10 4
4 10
21 35
60 38
66 8
51 55
19 67
51 74
36 68
99 47
30 77
1 22
82 9
71 31
17 55
81 84
3 6
27 33
64 61
83 42
78 13
58 36
75 88
100 57
45 45
71 32
53 91
80 98
89 22
51 4
25 46
98 26
6 65
45 32
10 15
71 72
47 87
28 33
73 97
34 6
27 31
3 73
35 27
60 39
25 55
3 33
40 74
79 60
30 17
4 34
62 54
7 81
61 22
88 41
7 38
6 66
10 24
11 80
85 63
98 46
61 35
62 8
96 23
67 99
58 40
5 37
89 22
57 78
84 21
62 70
90 83
10 51
16 42
76 9
21 41
92 97
79 93
61 14
22 8
60 10
64 47
83 61
66 90
76 68
71 54
24 79
33 85
80 77
34 59
70 47
30 74
47 45
31 7
77 96
65 96
88 98
81 84
5 69
44 75
16 4
18 39
86 9
78 54
85 80
13 69
98 94
76 28
43 61
58 7
98 88
2 70
73 6
32 100
20 60
1 25
2 53
43 38
33 10
34 82
29 48
2 8
15 55
75 93
32 66
91 3
91 88
72 15
23 86
95 56
67 89
38 90
65 94
52 49
15 43
49 26
17 17
65 89
77 5
59 78
22 47
74 92
61 47
47 52
57 92
80 58
47 29
59 96
74 96
79 38
44 29
2 43
81 97
58 84
28 87
64 15
48 86
70 74
35 29
70 23
17 30
54 70
59 12
81 75
57 18
74 7
29 52
73 35
90 47
5 57
32 64
11 93
30 100
44 10
9 45
87 43
75 68
55 73
97 39
48 15
34 62
92 67
2 9
66 10
1 2
29 96
81 24
100 39
51 69
68 53
21 62
67 50
21 74
79 25
47 77
77 91
4 31
27 28
50 77
93 77
32 36
33 40
56 70
13 36
28 2
64 66
51 78
2 69
19 90
47 68
49 35
4 3
90 87
50 43
69 12
90 88
31 38
1 88
89 79
81 59
68 92
9 40
99 60
88 65
40 64
45 36
65 55
43 47
23 16
66 32
88 23
6 51
50 23
43 44
19 38
77 24
58 61
69 16
78 92
76 50
68 35
78 78
31 52
57 21
28 21
99 16
47 61
10 58
100 3
87 39
42 68
19 94
48 30
40 28
7 10
87 45
36 63
23 64
81 91
58 78
88 47
20 66
64 81
89 70
62 61
82 18
65 45
20 22
2 85
94 37
47 23
21 20
71 14
78 27
78 92
50 86
28 42
76 4
59 44
79 96
62 94
52 11
98 41
61 23
91 90
4 50
99 20
26 53
78 65
80 10
36 82
65 64
99 27
99 14
5 85
13 88
32 32
69 29
84 9
85 16
14 17
82 31
6 87
84 83
59 57
83 31
86 68
87 50
10 34
96 63
17 97
23 28
48 26
14 37
84 2
90 15
69 38
82 21
16 19
46 55
13 31
51 1
62 18
64 57
1 14
66 2
28 96
32 97
86 30
11 4
16 65
51 47
92 87
73 51
35 29
3 95
55 81
72 48
41 97
64 67
67 11
57 93
87 94
14 36
23 82
22 47
4 50
43 19
3 68
71 69
41 73
16 50
73 21
2 42
31 58
25 86
20 43
58 54
56 83
57 73
20 9
23 99
8 71
63 95
96 49
94 51
65 42
2 82
65 98
5 38
18 48
83 8
14 30
4 93
97 43
88 11
25 39
52 45
30 82
79 58
74 65
70 6
46 7
46 85
24 48
76 65
70 22
43 90
85 70
77 56
51 14
4 78
51 54
58 36
67 25
98 3
3 86
31 66
52 36
19 84
88 55
69 35
2 43
53 84
72 79
50 38
40 47
48 17
1 82
21 28
78 27
74 98
91 85
24 33
71 34
66 32
51 49
92 55
60 74
36 18
20 11
10 39
39 48
22 64
20 75
57 72
20 18
22 60
40 89
71 5
93 95
27 43
91 39
94 90
31 78
14 17
43 27
22 24
61 86
95 60
42 3
38 12
20 57
84 40
13 96
42 90
49 71
64 45
33 96
8 44
99 14
4 6
70 83
89 61
25 22
89 9
46 84
96 39
62 20
85 72
18 96
54 15
63 66
8 34
99 4
93 44
21 3
41 82
66 19
33 40
35 41
7 74
23 3
6 49
91 13
35 50
47 90
91 83
50 94
31 85
99 79
48 60
34 91
20 13
89 20
11 64
8 21
34 4
6 2
21 40
70 27
76 49
27 6
84 93
35 83
25 61
28 88
8 37
18 42
93 6
40 28
4 34
99 79
14 82
10 82
41 91
49 31
56 23
32 26
50 25
87 8
82 56
50 84
72 50
1 68
38 55
82 13
60 88
23 10
40 66
80 79
44 37
67 15
58 85
27 29
1 49
35 45
54 68
8 37
52 87
46 73
100 64
7 72
96 4
13 45
68 6
37 94
13 75
24 28
68 71
63 51
62 35
1 26
64 86
85 36
1 45
1 41
67 48
60 32
23 50
58 66
91 11
18 86
24 32
1 95
44 66
76 80
35 91
97 33
36 16
38 29
94 58
87 31
44 1
89 61
99 75
64 6
77 6
64 1
39 85
96 29
78 52
100 20
96 54
41 89
36 7
96 99
93 29
2 7
7 82
67 31
11 72
50 44
84 68
86 3
50 90
27 86
62 34
84 81
75 18
97 1
73 9
20 27
83 31
68 61
8 87
33 57
31 66
37 45
48 57
69 51
32 73
77 60
20 22
28 78
17 49
56 80
75 28
61 77
9 86
82 10
27 59
20 9
31 53
10 27
5 11
32 95
88 12
18 96
67 75
62 81
14 96
39 35
81 8
48 26
6 96
41 46
33 82
89 13
77 90
80 91
9 63
8 14
57 50
29 36
35 92
25 98
36 16
10 19
86 27
44 53
43 80
12 37
15 62
25 85
74 63
20 72
56 79
61 74
37 20
22 53
23 55
3 15
60 39
55 14
2 93
17 34
95 59
34 74
57 47
23 1
66 16
66 61
31 14
22 66
94 49
17 57
98 15
29 16
78 28
83 93
24 68
72 7
47 30
39 29
96 91
20 92
10 53
51 69
80 18
98 72
72 73
54 24
52 86
83 12
9 37
54 30
52 97
55 47
39 56
8 43
78 99
4 71
73 56
60 65
25 88
18 4
28 21
23 3
98 71
6 48
57 47
22 38
29 7
3 76
60 67
25 97
22 20
21 19
75 18
54 37
18 90
99 90
7 12
70 27
33 53
67 48
75 9
84 50
74 46
13 64
92 44
51 45
17 34
16 99
62 9
93 22
34 54
89 81
67 76
31 24
46 81
24 22
52 14
75 87
78 50
63 80
51 35
52 69
35 50
77 52
5 57
5 91
75 94
63 68
74 17
60 98
30 67
100 77
43 47
55 64
64 40
86 43
5 8
80 26
2 41
18 68
25 47
35 47
6 1
91 74
17 22
4 81
66 95
21 35
78 19
44 44
35 66
28 5
47 64
70 15
4 9
51 20
74 5
31 54
13 39
99 74
90 51
94 5
98 50
84 50
48 69
61 42
70 92
4 28
93 67
71 84
21 48
17 13
57 30
79 48
59 86
73 4
82 80
77 32
93 90
11 50
72 28
28 56
90 6
18 91
49 22
45 14
68 11
22 27
75 67
32 1
72 52
16 70
78 6
21 1
100 19
77 26
33 42
69 10
81 5
25 8
91 93
53 4
93 72
47 75
83 51
4 9
71 78
16 82
80 93
64 67
26 83
51 20
43 74
67 89
68 10
91 96
12 2
87 72
64 22
38 21
18 73
35 25
54 90
47 30
55 25
5 8
24 7
87 19
25 17
56 11
64 78
15 61
60 15
8 2
13 35
43 17
11 10
83 12
58 51
90 54
98 31
36 33
92 73
40 4
54 73
59 83
82 99
65 27
97 6
45 72
55 47
15 78
31 96
60 88
13 59
85 73
64 47
36 65
24 43
88 15
91 28
87 20
54 75
3 94
94 21
18 10
45 62
57 83
100 21
54 12
46 36
98 3
41 97
90 61
89 7
95 69
100 95
71 57
11 95
97 100
67 81
65 93
11 30
98 28
24 32
23 88
82 52
87 78
11 53
57 94
26 92
53 80
43 66
31 67
55 25
89 38
48 28
51 86
45 20
48 100
5 98
42 8
97 3
97 46
83 20
85 61
91 14
83 14
7 17
2 61
79 65
74 49
66 5
41 94
71 77
42 37
15 82
4 28
28 66
25 86
61 74
6 10
30 17
55 39
36 76
84 41
95 76
84 55
35 26
39 48
83 54
91 75
33 55
79 56
87 20
15 26
15 68
30 86
49 39
22 37
83 98
27 55
95 85
100 54
67 49
17 13
41 42
34 82
20 93
69 8
58 19
32 66
26 17
39 35
87 4
61 44
23 27
81 31
96 98
9 4
72 78
30 3
51 31
56 84
60 11
89 2
70 9
75 78
18 87
71 99
48 14
52 36
97 54
94 51
52 90
16 54
10 63
92 31
49 35
81 7
12 90
58 53
13 72
37 6
97 39
99 27
50 49
71 17
31 10
97 98
79 72
2 87
27 1
81 2
57 71
86 11
69 4
79 31
12 40
39 42
49 82
11 54
90 30
97 35
4 4
41 19
12 88
65 18
85 1
12 74
46 25
96 91
70 78
10 48
85 48
66 68
60 27
34 97
36 84
90 36
82 46
66 55
44 74
8 98
46 9
52 96
46 8
66 12
82 27
9 100
4 5
82 8
20 53
46 34
79 94
75 8
38 4
42 33
92 77
22 5
54 6
37 53
70 47
23 35
98 1
54 94
40 2
57 79
39 42
75 37
46 66
20 88
92 91
89 91
80 37
89 51
41 87
77 97
54 62
22 65
85 96
10 19
4 72
56 48
55 4
34 17
31 7
44 8
75 49
22 83
66 64
28 6
10 36
87 10
2 40
7 88
40 55
41 93
63 18
30 97
15 29
60 83
1 36
58 71
49 73
80 72
46 22
41 11
56 68
52 35
14 75
93 63
61 53
17 98
48 62
67 57
2 14
30 68
10 16
77 62
3 3
75 79
56 19
64 38
61 40
58 10
22 77
52 46
98 2
36 94
33 42
65 30
96 28
34 29
22 53
96 52
13 53
20 74
36 63
21 72
71 60
1 37
13 35
31 65
70 35
12 48
49 73
71 100
42 68
58 88
47 14
96 70
85 18
55 32
60 59
97 9
12 42
81 35
1 54
9 43
17 80
33 48
25 25
64 7
66 28
47 77
59 10
31 80
18 2
46 72
51 52
88 61
46 61
63 38
70 25
15 95
74 37
18 97
86 94
67 4
27 36
84 7
63 25
11 5
38 91
22 83
60 13
1 32
54 69
60 19
62 26
22 48
92 66
86 2
85 6
58 93
84 30
43 16
88 25
1 31
88 39
90 76
40 44
34 99
52 65
61 20
100 93
77 1
30 69
37 39
44 5
57 4
21 97
58 81
19 9
10 39
31 64
78 73
11 22
84 84
37 91
24 48
6 84
29 8
9 1
90 89
38 53
93 31
85 56
77 77
45 13
72 95
66 4
85 56
57 93
69 20
97 28
57 38
45 20
27 96
93 28
40 76
83 51
65 24
97 57
53 59
27 15
79 72
31 84
89 36
63 7
19 74
12 35
68 90
99 34
20 36
9 31
36 86
64 18
93 86
64 14
61 30
17 32
29 69
97 38
73 25
97 88
93 65
81 14
94 59
19 60
26 41
85 35
53 10
42 16
34 43
6 21
68 30
12 66
36 4
56 66
74 72
6 29
67 100
93 62
5 14
39 87
54 92
92 99
2 4
98 29
56 64
14 34
14 61
36 32
10 23
39 37
85 71
3 87
19 2
30 30
21 46
96 94
14 16
74 7
38 9
47 58
79 79
5 91
11 75
66 82
61 8
36 46
23 63
79 59
29 7
27 76
17 46
34 50
19 27
71 49
31 31
26 42
84 34
45 43
13 26
94 56
83 79
97 96
96 94
53 32
26 77
68 91
49 25
40 92
41 98
86 85
38 1
71 76
42 75
48 75
88 10
2 34
84 21
11 72
33 93
64 79
89 99
49 38
49 81
7 77
19 38
79 11
84 19
3 24
75 53
97 44
48 31
57 83
93 91
43 25
62 14
71 68
10 15
10 90
62 11
3 64
47 74
51 12
25 92
88 1
51 38
13 1
42 34
86 10
23 24
74 26
49 89
11 74
22 15
49 21
70 51
93 5
27 31
5 69
47 80
54 35
53 64
94 10
10 69
98 6
88 86
23 82
68 73
49 53
32 23
29 36
3 16
30 96
31 47
28 7
18 96
81 36
40 59
11 30
66 46
14 82
84 7
66 34
76 8
57 74
14 6
97 58
1 78
93 88
54 78
47 57
46 22
6 93
92 18
7 90
3 98
31 56
30 23
70 23
80 8
13 97
50 58
82 75
43 92
81 4
61 82
12 40
13 91
100 92
74 21
79 36
65 26
57 27
96 21
93 33
65 100
10 26
41 90
66 29
54 13
94 19
64 37
99 86
100 11
56 7
5 27
2 60
86 62
86 1
24 82
17 21
99 97
73 39
51 95
93 89
5 94
11 28
4 28
70 85
63 20
29 48
48 20
79 45
85 26
43 41
71 77
1 78
4 66
12 18
18 58
57 31
5 88
82 95
55 16
56 98
89 53
12 43
58 57
26 14
97 43
33 39
43 34
47 40
57 29
45 28
39 80
62 23
7 8
94 59
31 7
69 27
22 6
30 26
100 23
58 83
24 18
70 99
59 60
28 36
33 68
76 18
36 66
90 55
9 64
43 81
45 4
97 16
54 75
54 12
23 81
2 70
86 2
17 66
1 61
95 31
61 45
39 40
8 53
67 52
85 98
90 59
88 78
58 55
19 36
87 100
16 37
94 54
8 50
26 49
73 41
41 17
53 18
9 6
82 23
62 33
51 38
26 26
10 100
56 65
32 38
32 80
9 34
69 39
48 45
9 94
63 21
60 89
100 33
70 73
27 41
84 82
59 83
66 70
93 36
29 71
52 22
8 24
75 76
59 71
85 24
47 16
99 40
90 93
55 21
80 62
3 25
57 10
58 40
12 76
12 74
41 29
96 55
73 7
61 19
43 51
81 52
24 40
55 92
80 84
45 64
81 84
15 17
56 47
98 53
8 4
36 69
49 26
67 28
10 44
7 97
4 3
57 59
58 36
93 48
63 31
89 49
47 72
20 40
98 40
58 100
83 14
90 20
53 6
55 72
51 39
48 57
88 24
26 30
2 100
19 59
70 45
34 83
86 76
77 91
31 87
45 79
65 11
31 13
11 58
74 54
89 61
66 13
82 12
46 48
10 60
45 94
87 48
56 83
16 34
36 88
66 82
50 47
26 7
18 88
57 70
76 97
17 96
44 93
1 78
18 95
14 52
22 23
3 29
99 79
51 65
33 67
43 9
15 76
63 31
6 19
40 29
52 91
71 31
22 93
49 38
33 90
18 86
87 86
88 72
85 71
23 25
53 6
34 69
100 31
23 93
90 39
27 80
39 40
85 31
79 57
9 86
99 34
100 79
11 14
97 64
2 44
44 80
40 73
68 19
58 63
45 91
8 99
61 53
67 73
81 43
62 43
99 14
50 29
48 28
39 85
34 99
22 4
43 42
19 20
21 34
65 86
9 58
47 65
56 25
93 40
25 22
64 10
91 74
77 52
74 75
40 89
30 95
69 7
79 61
98 65
27 69
75 3
57 64
39 21
93 75
89 6
100 63
44 88
38 86
48 42
34 25
23 37
69 45
76 18
41 56
42 31
93 4
1 13
40 47
48 80
46 52
17 68
63 42
36 77
45 20
36 16
27 66
74 66
5 22
57 78
23 31
83 42
83 33
31 46
21 63
76 59
19 3
21 77
71 99
8 89
20 71
4 23
30 77
40 67
31 92
23 32
81 49
23 47
23 96
73 96
22 27
68 99
89 15
84 68
56 28
33 34
72 35
82 93
58 52
76 9
39 22
33 82
10 50
21 54
63 79
82 64
48 13
34 81
2 41
18 11
41 69
73 63
73 85
71 97
13 29
4 76
45 28
45 30
78 23
19 75
17 25
100 1
87 26
57 39
35 68
94 53
41 25
6 2
27 97
51 76
33 62
17 18
83 9
42 12
90 72
97 87
24 75
37 36
30 67
77 67
7 46
71 88
2 29
79 30
93 84
14 10
34 57
37 64
10 39
12 31
55 90
79 63
63 31
93 15
35 53
97 50
38 67
28 29
3 4
65 63
78 4
35 65
81 33
12 64
77 76
70 4
8 50
52 51
59 39
38 17
80 17
65 36
60 56
81 98
95 65
52 39
46 7
81 73
40 54
56 45
92 4
46 44
34 59
54 86
91 10
20 11
50 36
28 77
47 40
4 39
44 91
24 95
39 55
25 23
35 59
67 31
46 78
95 60
70 33
4 16
84 76
49 1
20 3
43 83
82 98
67 19
46 74
27 4
47 92
37 27
34 48
90 47
34 22
67 58
95 32
24 32
39 21
96 19
4 60
85 12
100 9
47 2
61 6
90 64
23 25
47 16
56 46
69 2
41 76
77 78
24 70
76 3
77 78
96 72
70 86
58 76
62 43
15 11
85 31
60 34
3 89
18 79
49 32
37 11
37 88
43 63
12 94
27 8
38 34
67 5
11 19
37 42
66 6
23 77
78 57
88 30
70 44
85 2
8 84
62 19
61 31
84 5
90 74
38 9
79 28
59 11
95 36
92 70
74 21
31 66
51 55
28 9
1 96
51 86
16 71
89 84
93 1
80 64
15 43
82 34
46 68
77 62
19 27
11 26
100 90
48 84
51 7
21 33
33 37
10 42
82 52
93 68
93 46
71 77
82 28
23 26
82 87
77 63
66 47
7 7
59 80
16 2
34 67
11 76
66 39
50 38
99 11
10 39
81 53
65 53
92 24
26 73
42 14
62 51
89 98
93 3
9 86
91 4
13 88
41 74
52 46
46 91
86 93
97 43
69 67
67 20
19 20
50 53
43 34
85 67
56 11
54 14
52 68
41 77
64 89
70 58
42 66
15 99
79 97
22 19
31 51
70 20
100 91
24 17
31 22
40 40
16 71
92 59
30 43
28 58
32 85
81 40
26 48
17 77
77 35
94 66
84 97
48 54
43 70
78 30
84 20
50 80
83 95
87 39
90 9
99 83
56 97
32 74
13 33
87 45
53 44
95 36
56 16
52 34
19 4
39 38
91 73
34 74
82 48
72 68
14 84
13 84
5 59
39 83
82 61
33 93
32 49
17 9
32 47
26 18
94 38
67 66
27 50
77 33
54 57
16 58
75 67
61 5
99 83
39 52
47 49
52 27
85 87
55 64
55 60
3 90
45 53
98 85
37 15
26 53
21 4
50 98
38 36
25 62
40 33
71 96
10 55
71 81
87 4
41 53
48 50
33 94
8 70
74 99
9 78
61 26
41 56
35 96
21 30
40 39
25 47
20 30
43 17
9 85
74 94
49 28
64 26
70 98
46 12
52 93
95 50
67 67
53 90
84 86
43 29
92 74
55 33
52 35
14 6
41 89
45 87
61 56
25 34
52 8
86 6
33 11
64 34
26 14
19 58
36 15
65 4
95 57
55 97
59 20
56 41
80 90
8 47
19 19
49 39
53 59
70 11
43 89
71 77
22 52
79 26
66 57
13 26
33 58
69 91
78 31
25 98
13 29
38 38
50 31
64 37
75 44
34 93
27 22
52 57
5 51
63 88
69 60
99 59
69 84
27 79
6 99
49 25
34 25
24 69
97 64
39 35
45 79
92 4
61 12
66 31
70 29
26 68
30 8
54 38
47 11
7 38
30 36
59 91
96 28
79 18
23 79
22 71
65 11
1 52
74 27
69 13
15 40
42 38
19 71
84 75
68 16
25 21
84 52
54 92
100 90
32 15
92 79
45 68
23 70
4 42
62 50
44 50
82 61
92 57
97 87
28 71
50 47
27 74
86 14
98 74
57 92
60 92
19 44
21 54
13 44
44 22
41 18
27 35
85 59
60 88
62 9
5 26
36 60
45 60
10 69
35 49
77 26
1 47
79 69
99 47
56 88
41 70
95 96
37 49
84 27
91 83
64 71
85 73
69 8
50 84
34 98
78 51
61 28
5 41
98 4
73 71
48 14
91 21
52 5
85 72
50 60
13 65
41 49
85 20
58 77
50 17
71 20
34 2
2 64
50 40
84 49
57 51
42 10
78 96
94 51
77 36
21 78
57 22
61 60
41 38
58 57
95 57
18 88
19 84
99 49
16 92
43 6
98 62
6 64
94 10
82 33
7 76
7 27
74 33
43 95
64 3
23 49
13 66
49 56
24 12
14 6
32 56
81 15
55 67
62 52
74 17
31 2
82 81
30 90
44 13
22 18
40 47
38 21
92 6
10 82
88 69
7 49
52 88
37 30
64 12
46 49
71 14
22 87
4 75
44 46
16 33
19 29
67 46
28 51
67 85
90 58
94 56
50 92
70 24
48 22
11 43
95 40
31 75
44 24
77 30
74 39
18 41
16 28
63 59
9 98
25 61
2 79
67 46
28 48
38 8
82 10
25 49
60 73
3 96
28 75
4 70
70 81
46 4
70 15
49 31
64 40
11 24
42 38
14 31
33 47
42 11
24 26
27 39
72 85
20 1
3 20
97 75
37 93
70 99
11 33
97 91
94 59
64 11
63 36
74 59
1 70
96 45
98 7
13 94
50 93
78 81
16 15
19 25
23 36
37 29
67 7
87 27
47 5
9 44
52 10
31 3
50 6
75 35
58 41
73 42
46 87
60 60
21 16
34 79
30 10
31 100
30 69
75 69
94 62
44 57
100 27
46 31
39 53
98 33
58 76
88 97
75 65
25 90
6 73
49 53
61 70
73 79
87 79
60 74
33 74
38 88
90 77
34 79
13 74
47 69
6 20
10 12
59 81
26 87
44 91
40 90
8 86
73 11
