4000 120953
63 53
73 24
76 89
23 46
77 77
59 13
88 61
40 66
17 92
4 7
83 71
15 7
95 42
48 24
47 80
29 76
14 33
95 28
18 81
62 90
8 91
46 74
23 45
65 60
43 93
95 51
89 44
32 13
66 39
36 79
48 59
80 43
8 55
76 48
2 41
36 31
86 60
89 53
75 49
2 3
93 11
9 71
68 62
39 4
56 47
15 41
67 80
70 79
9 68
36 12
31 69
68 58
34 85
53 65
32 69
28 77
48 67
21 12
60 41
65 57
56 43
59 99
45 100
15 97
34 98
46 92
2 79
20 57
87 44
28 27
73 12
79 55
36 98
41 73
69 58
92 44
55 13
35 89
61 74
15 80
23 100
43 94
82 89
8 84
96 58
66 58
35 12
95 76
86 69
46 4
11 33
93 63
5 55
7 84
59 59
90 52
5 75
12 38
61 61
91 18
39 16
34 72
21 24
74 65
26 96
89 82
17 8
80 8
75 70
29 34
46 39
49 22
72 27
27 79
56 5
19 37
92 36
43 17
13 12
29 57
88 20
75 44
73 19
44 74
82 79
83 30
34 78
38 53
94 67
46 38
28 23
32 82
79 9
100 98
58 47
56 4
40 79
74 6
87 63
66 1
3 91
32 53
15 22
26 18
11 31
22 78
44 54
54 19
64 46
8 17
35 75
4 18
82 61
7 45
99 43
15 91
90 74
32 20
52 44
83 92
30 57
31 18
67 26
60 17
82 15
24 24
16 20
73 46
49 29
2 34
39 98
3 72
86 86
5 71
28 89
96 17
78 48
23 94
1 35
42 46
30 10
35 61
97 63
64 22
42 57
95 5
78 13
83 31
79 25
82 8
65 74
8 81
64 77
83 99
67 50
98 91
6 22
34 21
70 88
7 3
36 55
8 85
9 74
73 40
64 55
37 14
68 8
42 55
59 59
68 94
35 100
41 20
3 54
31 14
4 94
96 11
77 18
33 6
78 93
55 42
66 65
94 66
14 75
82 41
77 65
81 24
79 83
34 38
14 44
48 71
92 40
1 50
8 7
1 65
25 42
71 14
89 78
92 49
12 68
99 88
12 43
46 19
39 8
66 48
28 32
94 1
13 10
5 49
27 58
42 2
59 43
44 22
35 20
25 69
25 14
63 36
5 44
3 96
49 73
70 39
51 18
40 65
23 89
58 25
92 29
47 30
80 38
80 59
91 30
92 57
79 46
54 72
37 75
17 53
71 72
17 58
63 5
83 81
21 58
89 62
24 35
31 52
32 35
10 54
55 20
57 48
25 41
11 15
11 44
73 13
33 54
13 61
64 29
55 42
22 37
56 58
53 23
2 74
35 68
95 52
93 82
65 13
48 76
81 56
34 18
70 47
97 65
96 74
4 79
17 23
84 36
27 13
100 26
67 70
89 18
54 46
75 70
13 58
65 12
86 65
85 23
97 65
50 77
48 51
3 58
72 14
55 60
7 80
73 39
90 27
2 84
65 21
54 92
1 59
97 28
87 9
71 57
94 93
34 82
74 87
62 67
17 69
53 100
13 92
36 91
41 69
67 89
10 60
53 79
83 1
47 24
89 1
31 17
97 52
88 51
33 75
68 65
43 63
91 6
92 4
84 89
92 41
56 76
89 80
93 99
4 3
76 40
15 7
49 47
61 74
88 94
63 65
78 42
92 45
75 9
65 84
32 13
41 49
26 95
36 91
75 49
73 70
76 43
5 18
21 22
64 46
89 44
40 38
6 8
80 1
31 41
41 96
23 42
38 68
29 28
15 92
41 23
56 67
81 99
90 69
17 40
21 44
4 86
94 34
12 88
78 94
10 69
96 52
71 42
35 64
31 95
45 43
7 33
7 89
2 12
79 6
22 34
90 55
18 44
79 41
21 55
48 36
19 89
44 96
37 4
47 16
10 40
78 26
3 34
91 90
19 46
19 74
11 33
22 83
64 59
22 72
99 76
73 27
17 75
69 70
7 42
100 21
66 64
66 75
58 10
67 75
44 32
79 43
8 29
62 75
57 36
29 35
61 11
75 76
24 83
98 14
73 91
33 22
27 91
75 76
75 11
45 88
93 1
85 95
18 71
56 59
59 66
68 46
80 38
27 40
89 67
87 79
78 61
54 30
52 5
35 22
72 4
47 37
65 16
79 84
60 63
73 51
59 19
21 73
99 78
82 53
70 38
72 20
67 74
96 28
98 96
41 36
92 68
91 96
78 30
9 38
98 7
88 47
28 83
78 44
14 86
16 2
16 74
44 98
69 31
19 31
30 71
40 87
65 19
95 87
71 70
25 81
19 89
29 40
97 6
18 67
63 92
66 43
41 86
29 17
13 23
38 81
21 52
4 90
80 29
98 81
64 27
30 35
37 27
91 61
59 78
3 65
7 62
74 3
46 14
27 45
92 33
75 85
19 31
56 51
21 71
89 100
32 84
40 59
69 40
28 89
9 77
31 31
93 83
1 63
11 48
57 5
90 95
84 51
60 46
70 23
33 84
75 24
51 57
70 62
18 85
9 86
72 78
76 98
82 89
17 92
2 42
25 73
43 28
72 72
80 76
64 98
60 24
12 59
55 8
81 63
39 99
15 85
63 45
84 81
15 99
26 44
40 38
4 93
9 47
52 83
25 68
41 30
78 59
75 24
10 91
95 43
35 10
33 69
70 92
16 50
49 12
24 34
40 22
44 39
95 57
72 97
7 88
7 80
35 7
13 47
39 94
25 5
27 83
1 91
8 86
93 81
26 86
100 75
48 26
86 32
51 57
25 93
27 13
80 15
51 68
88 56
75 9
86 29
73 76
96 1
1 78
73 87
71 86
93 52
16 77
18 94
16 48
74 64
76 26
50 55
86 10
14 19
26 59
64 45
66 61
86 96
56 77
44 99
85 70
56 2
29 82
87 79
80 46
7 95
66 45
30 66
47 50
92 6
15 94
19 25
40 58
68 24
91 63
10 43
12 75
59 39
79 88
27 22
32 54
54 13
28 28
70 63
19 84
53 39
33 59
85 44
90 34
41 36
28 94
74 56
96 89
56 76
12 34
27 35
15 22
78 30
8 52
61 71
21 35
23 45
31 47
60 92
42 20
73 61
22 86
5 94
31 99
100 74
31 68
15 52
6 86
10 95
84 66
24 21
14 33
68 25
8 65
4 19
60 60
87 10
29 26
7 48
95 85
41 11
33 34
9 6
70 40
41 85
69 28
90 27
15 82
51 26
2 18
56 1
23 86
23 56
12 47
6 84
74 29
42 14
20 87
79 66
3 8
55 53
55 87
68 93
22 77
62 3
23 11
34 88
49 12
52 88
40 87
95 49
92 98
73 73
3 6
61 37
65 9
23 34
2 63
79 42
73 59
3 33
86 43
95 97
77 88
97 41
52 80
51 68
90 54
71 67
81 85
44 61
25 71
35 23
11 5
99 99
49 77
34 67
32 86
49 41
37 54
23 24
43 89
80 51
95 96
45 94
40 88
11 5
67 79
93 2
89 98
91 90
48 34
26 40
37 86
24 73
74 32
89 17
26 92
15 85
11 83
7 29
58 98
88 5
41 51
21 2
86 3
89 80
6 69
69 40
37 20
42 22
91 64
79 60
21 73
38 11
75 5
12 12
48 67
93 84
56 65
89 65
35 25
3 99
66 56
72 10
27 23
40 88
12 26
52 15
54 72
22 61
58 43
64 69
9 65
51 45
84 23
46 68
91 24
41 91
66 59
80 43
34 64
57 22
10 54
54 36
46 85
85 59
17 99
45 3
29 94
72 64
85 67
64 18
75 14
51 75
87 27
53 36
42 62
98 4
4 2
47 85
19 64
14 96
10 6
80 29
16 93
45 28
25 48
6 16
37 18
91 6
37 11
70 33
99 80
47 64
23 69
44 16
83 74
91 19
40 18
11 67
63 82
25 37
26 84
89 47
75 11
12 10
41 35
16 72
9 14
96 36
14 8
80 29
61 84
24 13
59 9
76 76
20 40
83 56
34 43
57 9
25 14
70 5
26 42
23 45
68 21
1 62
18 60
50 94
91 32
58 29
13 61
5 66
82 65
38 44
45 12
8 75
50 6
37 46
75 98
58 71
33 34
88 58
37 99
45 17
63 70
47 60
21 44
83 62
30 67
6 38
91 22
6 80
27 43
16 15
81 76
95 15
68 28
98 87
96 8
11 60
7 16
8 20
67 25
40 32
46 64
12 88
99 59
95 21
48 34
73 8
4 43
32 19
13 65
93 93
77 87
75 87
39 52
49 30
57 48
20 19
6 19
47 21
26 50
32 61
15 36
6 26
78 75
82 63
55 64
74 35
44 74
14 31
81 54
11 50
5 63
78 69
74 38
4 73
24 89
73 23
28 80
28 31
5 41
40 97
20 76
33 27
15 83
10 27
33 8
23 82
30 45
38 26
22 2
7 47
21 39
36 37
64 24
99 65
69 52
18 87
24 51
13 77
83 70
56 5
75 27
88 84
34 73
48 16
43 56
57 14
20 90
70 87
36 96
76 82
10 83
55 71
8 8
24 17
17 50
92 67
46 98
46 94
29 44
67 52
4 92
2 34
54 40
67 15
52 51
75 43
36 54
75 1
39 20
19 23
30 5
13 98
58 6
63 30
60 13
100 13
72 95
31 2
69 99
7 42
7 83
78 34
14 65
66 42
53 2
30 14
58 60
51 52
27 59
38 3
17 3
30 51
39 89
23 42
48 17
42 39
97 85
83 70
16 39
35 56
53 92
98 96
99 53
10 49
60 77
10 65
61 61
83 23
40 18
30 12
90 64
98 52
59 45
3 28
64 93
64 98
84 41
21 4
14 49
10 100
10 58
30 51
91 2
1 46
4 45
38 18
42 84
100 81
72 88
10 23
86 36
25 31
7 70
36 88
86 80
18 46
45 4
47 92
1 20
37 21
28 3
90 83
34 72
38 99
44 63
49 16
1 97
79 3
21 71
14 45
88 54
31 28
96 48
30 7
83 74
99 92
19 25
24 57
51 72
90 64
33 31
88 59
66 94
91 100
24 46
52 25
9 97
20 49
50 17
9 16
8 21
29 71
50 51
42 92
18 70
45 13
90 59
71 66
23 67
11 29
84 62
62 73
93 56
31 9
43 79
75 81
30 52
61 55
50 38
32 75
2 18
83 20
19 33
68 64
25 72
94 78
71 40
33 20
66 78
72 56
93 88
73 98
100 27
94 38
66 41
69 96
90 2
56 99
39 13
64 68
18 79
23 74
77 92
10 87
53 83
19 71
36 67
34 86
79 77
85 56
17 61
33 95
19 76
88 93
100 10
44 47
81 23
70 49
28 66
98 100
41 57
21 53
71 50
92 83
66 42
36 90
60 30
56 43
43 41
99 94
71 11
60 19
73 67
48 2
21 57
77 1
66 24
8 24
63 39
97 53
93 79
79 99
29 47
11 6
66 91
80 8
6 52
99 13
49 56
34 70
96 65
41 64
6 22
66 14
32 98
71 16
54 3
43 27
78 58
96 95
93 72
49 20
8 66
65 91
96 74
80 22
94 43
13 97
88 97
8 81
61 49
32 76
86 79
41 47
94 81
4 22
20 6
100 85
54 34
68 14
33 54
49 50
8 77
90 27
67 63
91 75
60 42
72 18
34 53
38 100
19 12
26 25
86 19
26 77
43 67
33 92
58 51
88 9
45 41
97 47
95 90
58 41
28 22
32 68
98 40
73 55
87 89
18 97
72 39
40 75
37 10
56 44
41 76
97 39
45 22
59 39
87 13
57 64
30 8
72 17
94 15
48 19
50 93
31 85
26 48
44 59
15 29
83 98
31 68
11 21
31 44
77 57
68 13
10 18
60 76
66 52
82 24
47 17
83 1
6 14
38 43
71 10
13 9
30 18
67 100
10 30
88 8
6 64
66 93
17 15
77 81
11 59
17 86
26 73
93 44
42 33
69 32
7 72
76 82
51 51
17 92
6 77
79 59
85 4
15 46
39 86
2 8
48 21
37 2
36 60
53 34
26 96
6 21
66 42
56 14
73 21
27 72
43 21
78 84
92 16
12 36
6 64
54 75
28 73
32 89
46 18
21 57
52 72
4 41
96 38
55 22
20 84
53 66
85 80
56 87
67 64
23 65
9 46
14 84
11 19
44 5
19 70
37 14
50 26
84 11
44 27
74 98
62 34
38 100
3 81
53 50
49 87
8 45
6 76
28 59
91 85
3 93
48 15
95 56
6 85
95 4
1 77
77 68
99 21
85 8
85 54
65 84
60 24
93 52
31 68
70 42
37 8
1 89
58 8
38 33
36 99
1 86
63 30
97 85
91 37
65 63
49 34
39 23
24 59
6 9
19 81
67 43
60 53
18 47
61 98
17 37
65 50
61 26
93 4
63 71
97 85
77 9
80 6
56 8
22 60
10 25
26 2
10 20
62 13
35 61
47 4
97 12
36 46
61 86
93 96
26 83
25 48
93 81
16 57
100 6
98 41
86 38
66 100
9 93
4 36
78 49
25 81
68 86
38 74
69 84
30 8
87 10
98 44
9 65
42 17
19 56
70 90
67 70
28 75
31 2
2 30
26 78
27 65
89 28
86 63
71 12
66 62
62 10
63 92
33 18
61 67
12 84
19 7
79 66
20 76
22 43
56 14
96 8
41 80
46 39
65 91
70 39
32 48
62 87
31 3
73 17
32 42
52 92
92 86
59 16
35 94
45 68
36 93
61 10
33 47
21 8
84 22
50 8
34 69
46 65
82 25
46 36
58 49
100 84
24 53
29 76
73 26
80 19
25 84
13 57
77 57
89 26
35 95
8 57
2 12
65 97
32 73
33 53
68 41
23 10
43 20
2 86
67 29
78 65
63 95
51 75
98 72
46 68
100 34
83 40
43 33
82 59
28 27
100 33
33 94
52 32
29 8
6 19
83 50
5 43
70 75
59 58
45 21
4 21
18 14
46 32
20 69
49 38
78 37
88 9
72 100
72 56
89 94
38 28
49 72
3 41
89 55
98 43
100 8
40 88
80 35
43 92
21 98
7 13
94 24
6 91
10 44
74 84
63 9
92 45
78 26
32 35
2 3
22 46
88 7
19 68
19 30
59 76
68 6
48 18
46 36
39 5
19 73
87 30
28 84
67 97
89 22
68 38
16 39
89 29
8 26
95 25
83 73
80 23
54 90
28 96
85 14
63 85
2 31
99 74
7 30
31 9
83 61
8 84
5 6
22 67
79 51
23 35
80 94
46 56
71 52
26 30
36 12
41 77
12 11
63 96
8 73
52 32
83 85
23 63
92 12
90 62
70 40
26 84
69 85
75 29
54 32
6 50
37 65
7 62
56 75
95 94
37 22
38 87
55 77
93 28
59 54
33 28
16 62
91 99
78 35
38 66
16 28
65 99
78 94
79 90
79 46
37 66
82 73
61 30
12 80
74 37
50 92
81 19
99 20
71 28
55 99
4 3
28 29
43 64
10 17
35 3
90 9
99 38
73 90
44 38
91 65
83 95
76 17
58 79
25 45
5 51
47 44
40 25
69 1
25 37
70 14
47 46
13 54
4 87
60 28
24 85
77 23
61 71
56 56
27 94
31 98
62 6
31 49
10 78
57 21
40 65
45 32
46 30
90 54
69 73
89 67
81 19
3 67
16 83
38 49
28 64
20 85
85 92
19 88
40 86
61 80
41 1
86 83
25 85
44 39
97 10
49 21
20 13
58 80
56 76
98 59
40 29
18 82
28 59
50 6
26 2
20 75
46 90
71 83
9 28
14 62
59 49
41 98
16 81
74 83
31 46
95 44
45 20
67 89
14 31
84 57
79 20
54 83
21 39
3 4
97 74
18 1
51 25
68 86
75 80
59 52
65 96
14 61
28 33
45 54
15 18
53 87
16 28
60 7
23 69
76 8
25 69
33 70
17 5
93 49
58 52
99 51
87 92
2 71
65 39
52 74
37 79
43 59
5 56
57 18
45 14
53 29
26 18
48 90
72 67
52 49
58 42
89 14
18 61
85 26
33 68
84 79
37 12
100 47
44 85
59 33
75 54
20 5
43 2
91 11
12 5
100 5
41 61
99 48
53 28
5 51
2 21
89 6
99 61
59 29
97 23
96 27
63 57
75 92
95 16
35 75
26 93
52 9
23 89
95 53
36 87
7 56
79 31
72 50
6 54
74 68
82 82
80 60
93 24
24 83
23 70
5 29
75 88
63 30
55 76
27 15
20 32
56 49
67 20
18 93
66 77
15 95
13 71
29 85
89 38
59 38
63 60
67 30
10 47
37 48
13 83
45 85
43 55
91 65
68 34
100 8
64 32
1 16
31 19
9 56
76 50
5 88
13 36
50 37
20 69
19 63
28 3
39 1
26 11
46 75
8 45
92 39
61 69
73 15
20 24
1 6
31 52
34 35
19 36
41 50
70 82
32 70
37 34
64 88
22 34
57 68
63 47
38 18
57 35
45 66
46 25
33 84
50 53
10 60
34 73
69 22
80 74
62 75
59 22
5 37
59 49
66 66
48 75
19 69
38 32
19 50
20 27
69 83
52 84
38 14
61 33
73 17
21 35
97 66
36 4
43 68
5 33
50 51
32 85
62 67
95 16
77 9
46 3
96 20
38 20
79 75
64 41
17 46
92 1
74 14
73 82
51 2
39 31
21 8
21 70
29 62
39 58
92 48
97 45
43 93
82 13
9 77
15 62
2 47
57 94
51 65
44 15
62 79
52 67
27 51
75 97
98 34
55 12
20 99
93 6
92 83
50 73
8 46
8 28
94 74
81 12
33 9
96 75
72 42
53 17
16 96
100 4
43 26
8 96
96 48
85 18
89 8
56 76
52 31
90 7
12 69
54 48
86 21
73 47
5 14
12 23
99 44
3 100
19 34
18 94
47 5
10 69
20 67
55 2
70 96
13 92
87 13
2 5
8 18
58 55
6 73
75 65
57 10
100 98
82 60
4 9
85 67
22 20
59 84
88 98
64 26
23 4
41 45
1 98
47 3
45 10
64 20
46 98
99 9
82 6
15 91
46 65
92 74
34 9
52 19
13 69
46 52
38 31
14 25
5 69
48 37
71 97
80 34
4 98
70 94
61 45
60 6
6 13
35 64
70 41
93 10
98 41
92 97
33 54
50 38
91 99
78 63
13 10
36 96
76 24
95 67
50 38
73 40
38 40
84 47
24 58
50 60
81 98
14 41
15 85
86 19
61 29
85 33
65 4
16 27
54 79
77 48
75 84
60 91
63 64
97 25
4 100
12 56
88 21
37 5
61 46
78 71
66 19
74 55
65 18
41 42
20 21
15 55
66 34
57 12
50 53
89 91
58 71
30 3
2 83
72 7
67 73
62 12
56 40
83 76
30 90
61 18
12 75
4 73
72 60
74 90
100 49
76 59
86 46
40 21
12 15
46 91
69 43
77 33
71 97
86 60
69 27
90 17
100 67
34 60
98 80
1 71
75 2
55 50
82 25
76 85
26 9
49 97
90 48
33 48
83 24
19 89
94 17
94 99
74 13
17 76
68 40
26 14
92 86
53 85
65 34
55 52
50 27
85 29
83 84
21 75
70 88
52 10
10 91
21 6
37 21
8 22
73 77
63 23
62 72
55 53
39 59
40 80
55 50
80 58
72 79
37 73
50 46
17 47
31 23
23 58
34 74
50 63
48 71
77 11
2 99
64 57
32 62
3 26
1 85
14 45
23 100
70 24
17 7
85 43
43 30
6 79
92 64
15 58
68 53
5 87
21 62
58 11
96 18
75 11
37 20
68 48
64 36
86 65
36 94
46 58
61 75
21 67
95 20
8 97
98 29
48 19
24 5
81 90
50 96
24 41
46 87
73 47
45 65
15 93
9 41
87 46
20 71
100 57
54 55
39 76
56 43
74 16
97 86
52 13
1 79
85 6
71 60
64 14
23 22
58 54
9 71
35 48
79 72
3 43
42 97
28 1
50 61
17 1
60 42
51 56
40 42
5 28
23 54
85 58
19 72
83 95
71 55
90 95
82 51
76 9
29 70
90 45
50 76
77 55
93 57
50 54
13 12
15 17
65 67
35 86
72 22
73 90
21 85
2 45
27 32
63 81
81 97
76 44
79 82
40 39
78 51
71 75
45 18
53 4
55 84
15 90
35 98
77 38
5 84
69 100
53 98
85 53
58 45
2 73
61 59
50 53
3 79
25 23
64 69
67 97
12 60
87 42
91 86
32 44
89 39
17 69
94 25
69 87
44 12
25 58
9 25
21 62
95 84
5 95
73 66
1 67
71 84
8 15
77 4
75 67
76 15
81 53
11 71
85 59
34 25
71 81
34 11
36 3
48 3
49 32
54 100
59 14
35 25
44 37
90 58
75 15
60 6
84 82
44 2
3 17
60 91
4 26
24 31
6 74
60 20
48 96
6 92
30 55
55 10
34 95
57 73
82 24
15 99
67 43
66 34
48 23
90 76
99 97
36 78
37 30
99 28
89 29
95 44
86 4
33 65
84 1
60 19
92 22
19 34
55 20
47 91
78 76
58 97
70 21
35 49
17 69
17 68
40 40
99 23
24 77
26 86
55 96
5 53
40 36
21 90
23 38
87 58
10 17
73 34
22 87
46 47
72 13
63 15
92 90
57 17
95 32
76 42
16 35
38 53
94 27
71 54
84 43
24 2
80 50
53 15
58 2
49 18
22 82
50 93
47 93
97 11
75 30
1 40
53 15
14 65
73 29
75 52
52 22
83 98
48 86
26 61
80 44
71 98
88 75
72 33
27 14
34 6
99 26
94 100
71 11
92 52
16 53
55 5
67 53
48 55
59 20
25 6
96 24
32 53
26 98
94 16
28 63
100 27
94 55
33 77
65 91
18 36
7 81
68 64
100 33
6 66
93 24
32 28
76 15
32 99
55 12
2 81
17 56
53 37
48 80
88 18
96 40
15 85
42 23
15 92
62 39
52 94
39 97
9 62
84 98
64 46
2 30
63 13
15 72
47 36
95 89
79 62
65 23
2 21
46 25
16 7
7 38
91 1
47 34
83 53
74 99
53 45
36 85
91 6
57 81
35 16
30 24
5 20
50 100
23 98
19 63
11 38
74 43
57 11
20 52
9 40
72 56
73 33
72 52
38 79
20 68
66 93
16 92
84 91
19 13
13 69
99 97
26 51
55 69
98 83
60 55
29 19
2 27
47 39
71 24
59 60
82 54
100 99
63 31
31 6
22 96
81 46
93 95
47 90
89 8
64 98
56 30
12 16
37 30
27 33
1 94
56 98
92 25
16 86
91 40
11 90
80 54
41 88
88 40
35 74
90 70
99 46
15 92
92 49
45 36
85 67
2 8
78 41
36 66
64 90
8 46
9 13
96 35
53 41
55 3
36 95
16 38
10 84
99 10
4 20
36 16
99 3
11 17
80 41
66 40
1 8
42 30
45 45
94 95
81 21
31 18
83 17
79 66
45 61
74 65
75 1
81 28
75 24
53 41
16 93
90 13
12 39
24 5
85 100
64 79
31 59
72 94
32 68
40 42
70 55
87 87
28 58
68 57
98 55
59 50
33 49
50 14
52 79
30 93
43 9
32 51
60 63
26 77
62 16
5 23
99 41
36 68
37 50
26 16
88 8
53 94
67 80
100 46
28 51
52 79
15 76
58 9
75 24
98 96
50 3
45 78
85 34
77 60
64 87
82 89
87 61
49 87
31 54
38 39
78 31
74 62
69 41
37 93
51 38
30 56
93 68
1 30
17 23
30 69
26 45
5 82
34 63
93 25
56 80
13 13
96 55
70 7
71 21
22 31
20 2
72 23
66 60
4 88
48 34
82 98
85 28
86 94
30 84
67 81
23 84
7 15
92 43
43 24
95 59
42 32
24 31
88 78
43 14
40 5
17 47
20 10
44 39
2 9
64 86
51 18
14 21
59 41
73 76
36 93
81 23
92 30
7 68
98 82
95 17
6 53
79 80
31 44
91 47
60 15
49 24
13 82
66 81
41 18
7 58
61 40
82 2
30 88
100 17
76 15
70 45
68 63
96 24
65 83
69 23
59 10
68 52
82 43
70 2
40 27
70 88
2 24
31 56
76 55
51 57
77 72
82 59
82 36
59 67
72 5
41 51
7 91
37 39
59 31
99 8
43 96
19 22
33 9
25 35
70 91
8 75
94 79
37 5
55 51
10 61
5 28
66 12
77 12
38 22
87 13
16 91
7 9
88 88
98 46
35 15
90 44
26 70
16 74
71 32
84 36
39 30
12 34
43 78
75 20
70 16
41 38
70 15
40 38
73 98
94 2
9 80
33 73
39 80
97 84
87 75
48 93
1 11
4 86
25 4
90 85
90 50
92 94
97 45
29 37
42 92
31 60
19 32
19 13
98 85
89 15
55 100
36 66
52 48
97 78
63 86
73 64
89 67
32 52
64 1
62 64
77 53
24 80
46 88
15 85
20 15
32 62
62 77
72 78
36 99
38 32
62 62
77 48
82 78
10 6
6 36
75 69
40 17
76 20
93 33
89 53
16 34
47 32
24 19
68 82
95 61
86 56
92 97
84 79
69 7
8 97
97 43
45 12
31 28
42 82
59 96
3 94
25 96
73 24
74 71
12 46
62 55
35 32
41 46
43 32
44 90
46 81
17 52
35 58
21 52
62 36
23 11
88 86
8 68
47 29
7 19
55 80
84 36
99 15
90 59
53 42
6 63
86 53
49 5
88 42
79 34
8 52
90 35
55 81
32 27
64 58
19 27
93 82
50 41
59 72
88 65
94 30
4 4
56 69
28 40
76 56
17 4
51 50
15 93
77 23
49 30
22 63
31 3
84 65
20 29
20 61
88 58
77 91
57 65
37 15
64 84
87 50
96 66
6 70
41 31
27 93
21 27
59 9
71 26
70 68
69 80
58 42
63 49
24 35
14 62
43 40
99 42
30 66
45 89
66 86
58 88
93 18
87 48
88 42
28 34
6 76
59 54
16 44
34 18
67 18
4 58
49 53
53 68
99 23
54 23
46 50
77 67
26 1
4 58
47 44
96 20
25 89
57 86
58 21
48 23
70 47
100 60
47 65
51 64
44 49
64 50
9 4
88 18
50 50
48 97
68 52
7 77
7 51
83 95
40 47
25 20
38 4
88 99
78 87
88 78
94 21
23 36
16 45
19 74
78 45
14 40
66 93
2 33
70 25
24 13
50 56
39 24
75 73
48 72
90 39
71 73
11 73
50 42
10 90
60 74
97 39
77 93
66 51
55 41
11 39
57 97
80 60
100 42
96 95
9 47
87 20
41 68
83 34
2 16
12 41
12 79
16 55
77 33
14 11
85 32
52 98
15 18
76 55
79 70
14 41
17 45
49 42
76 14
66 87
10 83
87 39
14 77
87 76
4 89
21 17
49 66
60 37
52 76
49 60
7 84
60 74
87 79
48 51
94 60
89 46
59 43
5 38
56 100
35 27
70 100
92 83
39 24
84 70
67 37
17 45
49 10
35 34
65 86
24 75
52 20
26 21
10 14
18 48
64 48
13 2
38 64
13 13
24 91
41 91
13 72
31 74
100 17
99 2
78 76
45 76
39 47
88 18
49 65
46 47
74 44
19 16
38 81
12 20
54 85
56 18
28 64
55 47
43 3
44 2
78 21
94 22
70 22
40 34
11 21
33 69
4 88
100 36
45 81
28 30
40 78
9 5
10 3
91 94
8 6
87 78
35 21
98 53
26 95
36 37
44 51
99 90
54 5
33 31
11 9
59 41
88 100
90 73
13 87
30 2
34 26
43 8
76 75
3 47
82 93
86 95
87 15
85 32
38 30
84 47
64 61
77 8
92 51
73 15
68 53
51 57
11 92
2 26
49 61
36 38
89 62
44 11
87 28
42 18
76 41
49 88
53 59
15 93
38 12
17 45
45 94
71 37
59 4
20 21
25 83
92 49
57 15
12 49
29 80
94 97
95 48
92 93
23 56
86 98
17 7
90 60
89 6
27 51
43 85
37 66
15 88
32 99
80 28
1 67
25 16
7 69
49 55
29 74
21 13
86 18
46 71
65 6
9 55
56 74
36 26
33 89
48 22
45 93
96 90
76 54
90 41
42 37
19 98
12 96
28 86
35 4
1 55
68 44
62 54
96 92
4 9
28 94
79 90
35 37
28 60
3 5
41 57
28 66
32 31
61 69
13 84
29 1
78 26
73 90
84 26
65 4
58 30
31 100
9 96
53 19
58 53
51 88
47 7
77 2
62 83
26 93
11 57
15 89
93 36
24 63
10 80
96 96
51 56
40 21
82 84
30 15
42 78
22 40
57 33
25 8
34 60
22 16
5 8
63 86
94 57
89 85
28 89
3 86
71 84
88 36
8 57
29 88
38 23
54 63
5 89
100 57
79 7
67 46
14 97
71 94
43 8
75 29
18 90
93 63
14 49
99 73
75 29
7 26
72 65
31 13
84 33
5 24
52 80
88 92
68 61
98 36
28 77
47 1
100 74
99 12
34 36
7 30
79 100
72 10
12 92
35 88
23 18
90 99
1 85
88 15
60 44
43 92
62 95
77 33
88 6
27 43
27 58
62 87
85 69
98 22
44 99
20 53
55 97
96 31
8 97
74 58
45 66
87 25
20 58
44 39
85 36
5 46
3 20
63 35
76 7
14 12
97 23
98 77
4 62
50 7
37 43
15 5
44 51
50 37
44 90
83 8
76 79
22 47
44 94
13 99
20 20
40 45
32 52
26 16
35 75
91 100
99 73
79 92
78 24
70 83
74 83
14 59
74 80
28 2
29 94
2 86
42 65
77 68
51 62
97 26
26 74
88 4
63 83
22 76
37 40
58 24
4 84
65 71
80 70
100 29
77 69
51 41
39 73
60 72
76 56
73 99
3 71
26 81
3 43
32 46
47 15
28 25
97 5
20 94
56 26
25 98
21 79
49 43
2 65
24 93
97 68
79 90
11 96
59 2
100 66
47 88
69 25
4 1
11 58
48 46
3 29
39 78
98 38
93 54
51 2
25 46
65 4
5 72
50 78
19 46
36 18
96 92
98 70
32 74
67 37
5 48
9 71
40 15
53 90
10 87
63 59
1 9
88 76
73 7
12 11
40 93
71 94
80 87
43 45
34 3
27 85
97 26
72 80
76 74
89 79
74 81
100 19
5 82
78 5
1 96
75 28
65 74
48 87
72 49
97 47
14 23
29 96
5 69
5 90
33 85
66 55
67 48
34 46
5 82
91 6
45 8
44 27
62 99
24 46
86 23
95 53
2 30
34 48
18 33
77 4
22 26
44 65
76 74
78 60
21 21
28 70
52 39
86 94
75 8
76 39
34 92
40 31
4 35
38 60
45 72
36 71
55 66
63 71
69 16
59 100
54 77
65 23
3 78
67 27
88 69
40 100
13 80
89 50
74 48
30 64
65 5
95 25
73 28
92 79
73 36
46 1
19 48
76 74
31 46
45 55
51 13
16 38
85 37
54 99
5 49
81 60
42 21
59 67
43 83
10 37
17 66
48 11
75 11
71 95
66 37
14 31
11 94
78 16
55 33
84 41
60 31
19 37
30 18
84 11
63 67
54 53
29 11
33 14
30 27
11 56
78 21
80 91
78 45
14 9
86 41
82 46
94 21
27 61
40 12
88 3
88 49
9 29
88 13
14 12
79 23
53 1
28 42
89 68
31 69
82 26
24 9
42 99
52 63
54 26
25 9
66 81
59 78
6 19
99 47
88 56
68 27
28 67
20 98
46 71
41 27
57 38
27 16
34 99
83 51
19 79
21 1
22 99
27 7
8 65
36 62
57 81
13 66
15 4
98 49
95 34
48 81
21 9
36 84
51 95
26 34
12 93
17 76
85 63
69 63
67 22
72 71
37 89
94 40
43 68
34 60
34 18
99 58
12 27
19 17
33 8
82 6
91 69
55 58
8 64
51 34
42 20
17 45
63 51
56 75
14 45
57 36
55 55
34 53
44 19
5 50
60 38
55 63
73 25
96 52
76 26
91 98
67 22
12 14
84 37
62 42
97 25
69 54
60 51
8 52
87 70
93 10
42 9
78 39
99 67
1 72
28 24
40 38
17 68
42 26
47 64
30 12
98 61
1 71
16 64
93 31
57 20
27 53
99 94
82 96
22 5
74 71
72 45
40 26
37 36
8 81
1 19
33 61
76 86
61 69
93 64
63 8
5 78
34 72
92 46
3 97
34 43
71 21
94 86
3 63
12 46
40 50
32 74
61 58
92 20
99 90
53 88
100 91
25 42
51 33
33 38
98 46
25 3
5 82
38 24
13 39
12 14
90 42
46 51
87 99
50 11
90 14
1 6
6 40
75 37
44 3
60 88
60 31
14 23
53 74
62 93
25 20
44 23
46 67
85 77
87 94
44 56
89 17
87 84
21 49
40 1
19 21
18 95
16 56
75 54
7 18
80 94
38 67
97 11
77 96
25 65
98 21
66 61
77 71
56 13
92 97
21 25
15 100
52 27
86 48
68 73
13 20
11 19
63 47
58 38
47 48
50 40
54 45
36 64
88 75
74 93
27 64
58 47
43 39
94 71
33 100
2 56
73 64
70 66
50 19
50 11
46 83
47 39
67 71
75 5
54 3
59 67
47 29
69 3
62 46
32 28
88 27
26 17
94 47
50 74
84 54
41 94
99 65
89 50
28 9
38 40
14 42
54 24
96 38
56 33
99 95
80 38
57 40
23 10
1 55
6 58
72 21
47 89
5 49
91 43
73 93
58 51
1 62
19 74
78 5
14 7
2 1
65 32
39 23
96 99
15 57
74 28
36 44
65 73
62 77
63 52
3 12
75 70
68 28
50 2
31 54
66 22
29 91
39 94
88 83
29 45
97 51
12 55
27 34
53 99
54 98
99 78
10 50
54 59
69 51
88 6
67 17
71 4
4 37
57 91
18 2
18 45
31 18
53 46
83 18
92 46
67 49
37 81
67 67
86 76
86 82
49 21
51 49
14 72
39 66
90 84
94 69
35 16
1 38
21 54
39 67
6 87
71 31
49 68
11 97
40 34
88 73
29 13
62 89
91 62
86 3
79 90
61 6
16 72
83 87
95 75
7 69
49 36
31 56
25 36
34 63
68 89
73 8
36 12
33 61
64 73
25 95
26 29
50 40
78 84
46 34
89 6
35 71
17 16
89 25
46 67
8 49
28 98
74 80
69 37
18 59
59 34
99 79
30 16
26 6
81 65
24 91
33 74
81 52
6 98
57 61
14 15
73 86
82 20
1 78
5 46
97 44
77 24
31 26
46 36
6 59
28 59
34 93
41 29
96 27
74 18
86 48
3 75
1 15
11 79
23 64
71 25
70 12
21 94
100 92
95 69
53 10
24 82
79 95
33 62
29 79
88 7
46 28
54 17
21 79
98 57
58 62
17 22
75 32
40 40
14 57
80 90
68 50
100 50
20 71
15 76
73 67
57 70
70 3
74 33
68 48
92 18
44 9
89 11
65 11
95 100
83 32
17 20
18 82
14 78
50 33
99 12
1 84
47 12
52 28
73 62
45 20
9 42
89 36
19 3
1 33
54 92
50 45
68 82
53 93
22 67
82 10
78 11
78 36
51 12
3 95
45 83
95 81
46 3
33 45
59 91
40 3
68 76
27 62
10 36
81 53
76 47
8 99
33 89
23 10
59 79
5 50
19 30
19 72
45 85
89 84
19 4
98 29
38 28
38 37
3 73
59 94
72 46
80 84
89 29
74 9
82 30
33 63
20 89
79 33
18 60
30 31
70 87
85 35
57 45
31 22
17 40
84 43
38 72
49 80
58 52
48 50
5 29
76 33
19 73
49 66
64 17
89 76
98 46
54 44
27 65
100 18
64 90
50 62
31 53
52 70
23 23
64 83
37 33
95 11
94 15
54 92
24 94
64 1
38 78
80 90
46 74
54 69
64 32
36 45
54 48
21 35
83 47
58 29
49 68
53 19
6 46
64 36
42 47
55 91
69 31
20 11
7 8
33 20
21 24
37 13
36 90
95 46
