4000 60667
28 31
37 78
98 66
72 79
59 78
27 21
74 93
80 75
98 92
45 42
83 61
40 68
14 40
42 6
54 72
97 78
85 5
53 54
75 89
13 62
71 94
62 38
82 86
56 40
65 92
44 31
60 26
29 8
83 50
70 51
73 15
10 32
6 80
22 80
82 10
64 57
1 53
7 55
95 83
98 96
51 96
30 95
90 63
16 35
71 100
95 35
13 64
55 57
47 40
39 5
19 18
69 85
53 94
100 55
24 24
17 85
44 38
84 50
97 92
26 87
53 100
69 7
87 18
11 31
42 38
20 79
26 39
42 90
26 33
21 22
92 86
28 80
50 68
33 48
44 67
20 68
27 34
8 30
26 76
26 74
98 34
44 45
94 58
50 27
96 99
18 34
66 64
39 36
53 83
62 7
16 74
57 34
82 65
54 91
67 64
76 3
74 22
45 54
69 92
51 6
65 27
60 29
79 86
66 95
92 29
74 52
37 62
71 14
33 81
14 37
96 39
30 67
9 81
89 49
32 45
4 31
58 82
49 8
94 67
10 64
11 15
9 40
19 97
44 79
63 83
37 12
71 33
88 56
81 65
40 77
90 61
97 92
99 5
68 46
62 38
43 33
93 97
98 99
13 99
25 30
11 87
8 37
7 48
20 19
48 85
38 92
75 1
6 66
86 52
69 67
15 29
48 18
29 59
85 77
44 96
43 93
22 88
14 81
82 48
54 5
53 57
72 8
51 48
4 13
91 54
12 85
46 46
84 2
62 35
10 44
60 83
24 73
69 32
66 30
95 91
16 17
3 74
70 43
21 82
41 77
90 10
88 63
88 94
70 20
72 39
31 89
13 12
45 79
45 21
94 59
51 35
49 77
17 18
1 82
52 90
8 71
64 66
49 87
43 25
77 100
10 82
2 59
53 24
78 13
20 89
47 14
46 29
22 14
68 8
66 63
14 90
57 69
5 77
2 83
79 88
29 15
84 23
91 51
73 45
28 44
36 61
75 79
29 72
53 79
75 12
32 13
12 49
91 29
81 99
54 25
19 80
90 32
55 84
71 3
20 45
74 24
18 68
65 25
48 89
85 76
82 39
61 78
94 44
87 15
14 12
72 32
15 82
98 86
14 82
39 26
25 81
1 43
14 57
5 53
53 73
40 20
37 17
64 73
82 49
69 16
17 98
1 28
10 99
24 33
71 31
29 43
49 56
88 98
45 20
96 44
25 73
27 58
9 73
70 17
13 25
22 36
93 100
79 6
19 21
6 33
17 83
96 2
6 27
82 91
100 6
11 99
22 11
36 22
26 72
3 59
56 89
95 21
55 38
66 88
18 53
26 68
46 82
18 8
13 18
91 53
14 3
89 42
69 11
22 27
58 58
33 35
95 62
50 9
11 92
14 34
7 42
79 74
9 87
65 20
61 65
60 92
75 19
34 27
48 66
100 42
88 85
3 6
46 62
43 74
68 45
63 14
68 42
14 27
33 73
32 11
56 79
46 27
21 52
24 41
19 53
30 62
56 27
13 14
32 70
66 70
78 99
38 63
44 44
38 86
2 35
56 60
98 77
28 5
41 86
45 94
80 46
29 22
47 100
25 59
23 95
67 44
40 24
42 88
32 22
72 96
73 50
87 53
17 22
45 2
10 45
87 26
27 63
65 24
51 91
58 84
82 93
29 89
47 99
77 88
66 74
1 33
85 47
15 3
28 37
25 84
59 96
7 82
5 57
58 47
84 92
27 4
24 43
23 15
68 91
55 16
94 10
93 93
41 68
62 83
37 94
2 13
100 60
15 8
18 88
2 50
72 91
99 80
30 38
71 41
27 68
48 12
71 73
11 66
14 66
50 9
36 50
73 13
9 42
40 6
82 12
92 33
67 9
5 54
66 47
86 52
11 69
11 8
78 44
3 89
72 42
67 89
4 53
23 1
81 96
73 40
24 50
53 38
71 71
6 40
75 31
97 38
5 3
45 3
60 4
18 68
46 64
95 5
42 80
6 5
86 10
23 91
97 90
52 71
79 96
14 88
90 74
41 17
24 48
67 69
43 5
47 41
33 57
98 9
69 42
14 4
70 100
93 43
18 93
92 70
50 34
44 23
41 60
54 36
40 26
100 15
71 3
85 89
46 19
65 83
91 45
31 80
39 25
39 86
35 2
18 21
53 74
24 75
58 37
76 73
90 43
53 93
23 13
75 99
2 53
43 6
40 54
24 52
35 1
9 47
15 21
84 34
52 69
7 32
89 70
91 46
6 46
12 24
27 86
3 64
76 58
17 31
34 96
14 83
56 68
68 97
83 55
60 93
91 72
93 43
87 65
32 66
97 35
9 30
58 17
98 87
4 87
97 70
21 90
38 87
57 68
88 62
74 73
8 37
46 94
14 42
50 82
4 91
25 17
77 20
6 55
100 75
93 50
39 2
66 9
100 69
6 98
48 63
11 62
48 21
40 5
98 78
32 39
36 91
58 7
89 55
86 29
61 94
86 76
58 18
51 80
94 44
45 31
76 4
2 32
43 24
89 45
3 65
46 15
14 14
79 84
51 21
65 88
24 85
42 22
30 96
75 54
99 71
78 58
86 15
47 44
69 14
83 92
78 82
57 4
92 51
18 36
42 84
53 44
55 11
99 1
55 75
49 6
96 83
30 79
2 37
38 7
18 75
4 2
35 73
83 88
83 85
85 45
48 27
58 70
78 18
77 22
32 23
77 88
6 31
17 89
75 31
27 96
51 32
4 64
83 99
43 82
21 99
24 82
47 77
76 62
74 34
1 52
24 67
21 17
30 82
25 4
10 75
99 8
28 57
44 99
34 96
62 41
81 43
81 74
19 10
58 12
9 96
51 84
34 99
67 78
19 24
8 82
93 74
70 56
11 45
75 24
12 37
84 96
50 58
58 66
59 57
75 43
10 69
82 75
96 11
91 50
58 30
5 85
89 9
37 86
1 35
22 56
99 27
81 29
54 30
69 88
90 40
15 77
71 24
24 91
81 54
90 47
83 72
73 27
59 2
46 68
47 3
22 91
29 15
48 60
31 56
39 23
22 2
40 24
20 98
17 13
30 25
29 79
74 49
70 33
65 65
26 84
44 41
15 43
58 12
49 70
84 82
47 52
63 46
54 5
22 94
43 99
43 52
57 17
15 78
53 5
2 84
13 80
26 47
82 51
12 39
56 2
20 73
34 92
47 77
91 22
2 4
76 53
19 1
27 53
98 38
83 17
52 88
41 78
98 11
9 99
89 99
33 92
8 2
52 44
86 49
29 95
46 94
81 52
85 11
13 23
85 56
38 47
77 2
11 3
71 97
89 92
66 56
90 21
22 36
13 85
32 43
75 39
40 37
50 95
2 43
37 74
85 11
5 30
77 3
34 21
66 81
18 1
18 64
73 34
69 44
55 64
1 29
66 90
87 15
38 91
78 12
72 23
75 89
55 66
82 77
46 85
43 9
99 32
87 6
16 44
63 16
71 100
90 35
55 53
72 94
43 29
43 78
56 4
48 59
72 81
41 76
65 91
89 81
58 91
37 24
9 77
65 55
89 4
74 66
51 21
26 95
52 29
22 43
53 83
6 46
55 19
50 20
100 55
6 3
88 77
15 50
68 18
58 28
4 84
74 22
30 21
99 13
17 52
37 76
46 23
88 32
30 3
62 65
76 64
39 93
98 88
36 92
3 99
38 92
9 9
54 20
16 38
12 90
75 14
20 72
17 35
82 33
69 43
16 89
87 35
8 71
82 39
6 4
18 98
86 74
80 78
99 18
84 38
96 29
87 45
81 12
35 12
16 47
42 76
62 27
7 92
91 64
97 19
9 42
80 7
57 79
62 13
95 96
69 68
89 27
14 19
37 3
70 11
34 62
5 91
8 97
94 32
86 81
13 100
11 82
23 7
92 77
9 51
58 44
39 5
95 96
38 56
25 16
63 42
31 83
86 43
69 33
73 46
34 13
29 27
53 4
43 91
43 39
47 51
63 59
31 65
13 70
99 13
52 75
98 31
55 3
11 71
91 14
41 36
23 23
1 47
63 42
67 99
61 98
21 37
57 56
8 93
10 44
82 23
70 34
93 27
19 17
90 19
65 24
5 29
18 45
17 80
99 72
60 35
16 30
61 82
42 100
80 99
59 94
45 26
77 81
66 48
55 49
68 47
6 35
78 23
20 93
20 28
96 73
81 90
92 65
52 28
88 82
54 60
85 3
9 68
46 38
56 19
98 86
10 62
12 100
15 82
79 93
10 23
27 16
94 22
70 4
68 67
73 73
80 49
13 45
1 53
45 96
67 45
68 51
2 31
96 67
88 44
74 58
91 39
68 33
17 74
95 67
7 15
70 34
31 21
15 82
15 71
86 39
12 19
77 84
49 90
78 52
7 28
58 12
4 19
100 50
79 67
24 86
24 74
11 15
36 82
24 78
7 11
2 26
44 29
61 93
50 92
83 72
34 50
40 30
2 4
2 24
86 48
8 70
72 9
17 68
74 3
38 31
2 59
37 73
66 15
3 100
14 76
72 94
60 12
70 95
23 95
91 78
93 32
46 68
1 45
28 13
22 46
59 7
81 38
17 74
19 99
30 81
99 97
4 48
22 62
100 52
6 23
7 62
59 74
77 83
75 29
32 76
66 14
29 39
68 1
32 80
31 39
33 76
3 73
90 2
2 70
78 68
32 31
94 1
75 35
32 75
73 65
96 32
43 81
6 2
64 57
61 31
87 34
14 53
65 79
8 96
65 57
70 53
67 57
23 30
98 36
93 37
6 57
63 49
21 76
73 57
46 80
51 66
6 85
1 52
93 67
59 6
78 19
24 49
5 7
52 6
8 24
77 23
100 89
50 56
34 25
63 46
10 87
21 58
77 50
26 17
80 5
41 58
95 21
98 61
16 87
92 8
91 98
21 44
7 8
11 25
46 52
52 87
62 42
51 88
52 39
54 60
9 94
29 9
29 8
65 52
81 66
36 83
42 74
80 55
37 91
27 50
94 52
99 29
47 60
22 53
24 45
27 64
15 11
19 17
76 25
30 49
62 25
66 74
2 44
68 32
77 50
47 96
72 71
90 91
97 83
23 9
95 50
58 28
4 17
75 57
74 79
36 35
11 92
15 53
15 89
99 82
94 54
8 92
97 10
40 13
30 44
21 6
18 77
96 54
91 74
94 53
25 55
4 98
11 26
26 98
24 82
87 27
73 93
95 52
28 17
21 28
69 12
74 66
30 7
24 80
49 74
4 86
59 14
11 17
70 90
73 2
9 98
63 43
33 93
6 59
55 56
14 89
78 64
72 84
9 94
20 38
17 36
85 48
23 87
28 13
62 46
46 20
66 39
34 90
92 71
94 55
7 69
61 82
67 72
88 76
84 62
15 97
43 13
95 27
77 14
13 2
67 81
86 63
27 96
51 73
43 22
33 51
16 13
72 37
5 86
76 7
91 74
73 21
60 54
13 13
100 33
22 99
11 32
66 23
7 41
2 55
11 29
65 9
14 36
29 52
53 84
50 49
96 1
95 96
44 28
72 14
59 49
62 8
57 28
38 45
65 80
51 49
70 47
80 45
22 38
26 33
56 51
12 63
99 53
15 4
77 75
98 38
88 55
87 59
15 12
95 95
88 13
25 41
59 55
54 100
6 92
63 91
3 49
1 92
58 38
46 28
72 57
68 87
59 35
81 85
57 31
23 66
31 85
27 29
3 10
53 74
52 61
10 60
16 37
2 66
76 16
92 11
52 55
64 22
30 69
66 66
58 68
70 81
43 6
68 22
23 33
48 50
31 12
25 81
48 93
40 50
22 60
71 50
59 36
80 94
51 86
16 18
55 59
82 22
42 98
57 69
86 96
45 59
66 80
1 32
47 76
41 95
45 94
98 30
56 16
74 15
15 95
65 83
43 47
57 53
33 5
17 79
56 2
15 68
41 11
55 46
6 17
14 70
26 47
64 4
46 63
76 32
79 73
100 74
9 6
72 71
8 42
46 53
17 81
73 21
99 36
15 56
65 68
43 29
64 37
21 83
68 95
78 31
85 18
11 94
87 35
69 74
79 72
94 88
83 41
72 35
49 34
88 10
85 4
74 80
4 65
82 19
1 64
82 90
81 92
62 69
54 60
88 85
7 21
22 92
12 57
5 8
36 99
29 24
99 88
99 35
49 59
67 83
28 17
85 76
29 76
14 52
6 49
7 99
8 39
40 41
78 33
8 24
80 2
15 37
33 4
83 67
96 7
33 67
64 56
77 50
46 87
69 67
16 34
5 59
90 58
80 90
61 66
77 8
8 14
60 53
75 42
8 72
26 87
55 58
44 99
6 62
68 61
49 47
12 61
27 100
89 39
90 45
34 75
68 41
4 81
66 78
50 7
51 39
51 96
65 14
27 88
48 82
86 80
95 21
52 92
75 89
74 63
13 57
52 96
81 76
24 62
78 89
88 99
49 48
32 46
31 97
6 62
52 7
32 43
17 22
30 58
20 33
58 66
16 32
39 73
13 99
33 62
40 79
64 89
35 57
56 92
42 77
83 91
41 23
36 49
86 82
68 63
9 11
50 91
19 58
41 38
73 4
48 46
80 36
73 51
32 44
63 32
78 12
35 2
94 26
95 85
16 11
65 59
4 3
31 94
55 83
17 53
64 55
94 62
80 93
50 64
49 5
21 69
32 6
42 80
57 70
70 87
9 42
17 32
19 29
79 52
10 70
92 32
78 49
89 5
64 35
9 44
3 89
94 46
95 45
48 66
88 83
11 7
12 24
43 37
93 1
66 7
59 89
8 7
11 20
38 81
58 70
12 76
11 2
41 75
53 7
19 23
10 14
61 49
87 54
29 94
91 52
96 23
72 78
68 100
37 80
87 12
77 44
39 68
80 9
23 40
87 33
19 91
33 47
50 9
62 79
26 47
68 67
72 19
33 53
78 38
62 52
42 75
41 13
72 5
83 1
93 20
90 27
92 66
5 20
28 80
72 60
95 71
24 55
95 37
63 70
60 34
82 100
91 65
50 53
13 8
13 5
88 37
84 51
46 51
38 97
97 29
23 49
5 15
68 48
7 53
34 52
29 51
49 27
27 17
100 55
31 80
19 88
41 81
74 45
76 7
69 12
98 56
70 29
44 66
92 92
84 50
3 51
25 91
74 15
4 55
90 51
39 19
92 44
73 1
36 21
29 40
69 81
58 69
85 55
88 80
16 21
70 6
17 30
64 100
96 74
68 84
46 79
67 61
9 16
20 23
42 67
29 28
17 79
63 47
72 45
60 22
99 97
26 48
37 65
72 11
29 2
26 67
62 81
72 45
50 67
97 1
100 37
70 99
6 69
36 43
57 79
22 89
58 100
73 8
85 88
53 74
41 44
31 18
71 34
1 11
2 93
12 53
81 38
70 71
27 99
52 35
81 44
25 95
29 82
17 60
48 57
9 35
94 26
10 37
81 32
43 44
6 37
32 68
12 43
12 57
68 10
69 21
33 46
77 9
93 80
69 85
29 34
33 75
51 55
100 68
85 86
4 47
63 20
65 75
25 69
89 18
16 61
6 12
13 13
96 42
74 24
13 21
5 29
68 49
22 58
85 60
10 45
27 46
68 79
74 87
90 3
87 40
94 59
74 100
63 100
86 38
95 36
92 34
71 65
45 90
43 1
55 50
1 36
5 20
20 76
25 4
46 89
87 37
82 68
10 53
83 30
56 91
22 74
39 58
23 91
95 31
75 17
84 35
22 28
42 47
57 73
63 30
29 86
2 31
37 29
91 86
88 69
83 65
34 19
58 85
79 6
28 71
12 86
79 42
85 42
83 61
4 97
30 30
70 49
85 64
91 35
4 79
92 6
65 8
42 88
14 49
59 90
68 57
50 83
32 17
9 3
58 56
95 99
89 89
60 38
83 27
32 26
47 58
65 43
65 96
4 42
43 49
93 66
67 27
22 42
77 59
50 40
77 38
58 88
19 88
13 54
48 74
74 18
5 59
64 81
67 6
70 59
23 22
34 62
19 42
54 39
94 64
77 49
48 37
83 4
36 38
82 15
14 81
34 96
46 10
30 76
37 37
41 10
74 93
55 16
14 51
2 51
4 55
42 40
59 91
74 94
6 93
59 64
47 12
62 4
22 45
65 17
32 62
44 18
98 30
2 55
50 56
44 45
30 55
49 44
78 49
65 93
31 11
43 29
50 88
28 20
72 57
38 76
68 29
46 49
93 91
33 31
47 100
96 45
74 70
58 90
70 39
80 63
68 53
68 2
41 18
89 49
33 70
24 79
85 67
82 99
26 86
34 74
77 43
55 40
82 70
54 43
72 84
12 80
96 24
73 71
92 51
20 32
11 47
11 31
17 80
3 37
44 61
15 31
98 34
69 30
72 72
19 24
100 44
39 25
87 25
93 61
80 25
71 94
16 92
64 43
4 44
93 77
49 69
81 38
100 68
82 38
34 33
23 52
46 69
82 8
95 74
37 19
1 39
5 72
47 49
17 70
7 9
90 61
31 1
57 94
11 90
55 72
27 17
10 86
93 48
13 93
2 98
24 73
35 38
18 89
39 67
39 33
62 17
87 35
19 70
61 37
69 72
4 54
83 88
66 40
85 61
30 13
2 10
85 51
34 85
48 10
1 21
93 45
90 70
84 21
1 38
100 60
38 92
27 6
9 97
30 40
92 50
63 94
6 64
26 87
80 35
44 82
16 19
41 51
83 17
86 40
54 39
51 40
90 94
88 26
16 32
74 6
17 39
69 41
11 57
3 75
68 3
63 77
95 19
9 72
46 49
95 8
60 83
83 40
21 13
69 79
65 31
12 62
83 25
70 46
90 100
62 59
65 28
5 70
54 61
47 96
91 9
59 100
49 35
80 54
47 77
16 66
5 12
15 67
84 59
15 20
17 41
4 61
30 96
11 59
12 84
75 96
57 66
72 67
10 87
78 30
92 97
74 18
41 43
74 21
95 15
30 42
87 31
59 94
87 11
40 92
58 89
77 72
51 91
6 24
8 77
49 67
22 41
12 88
63 86
57 51
79 59
80 26
60 63
8 6
42 37
72 47
34 1
99 2
43 65
43 88
28 84
86 61
68 57
68 26
59 34
14 71
50 68
45 64
73 65
36 30
36 55
30 5
64 53
86 97
87 80
71 30
34 16
8 73
34 69
97 1
17 23
64 28
28 26
76 86
71 33
69 62
47 84
57 86
67 16
41 48
51 73
46 99
26 8
19 29
66 76
36 93
32 51
15 43
80 57
56 67
2 25
68 11
37 72
65 29
5 8
24 3
87 58
39 23
83 75
20 79
87 75
99 98
84 58
66 100
75 35
6 42
34 14
73 18
62 27
53 81
66 17
13 51
98 31
43 76
83 31
63 6
79 69
66 82
29 1
10 25
22 100
30 25
77 35
58 23
46 53
82 94
33 26
32 63
72 68
16 100
52 93
10 42
66 49
87 50
75 94
92 83
92 43
60 7
65 52
6 22
12 87
82 20
18 72
62 17
24 96
52 55
76 22
54 64
17 88
5 74
64 40
38 87
86 98
92 26
48 10
32 3
73 20
80 87
15 17
96 87
47 86
18 9
5 81
13 87
4 10
31 74
4 21
96 52
91 32
20 25
53 25
54 18
1 44
22 49
15 86
77 39
73 3
43 59
30 54
89 90
47 33
45 93
79 76
84 82
37 19
78 37
67 36
61 38
57 75
82 52
57 76
56 13
51 12
13 8
20 99
55 73
44 81
23 19
2 77
34 12
95 43
54 1
39 81
95 87
75 49
6 18
23 77
99 51
48 29
5 31
39 40
46 13
1 23
17 68
29 46
37 41
46 56
96 82
50 30
55 31
77 85
6 58
10 43
27 49
18 65
29 93
33 21
13 98
3 63
86 97
98 61
97 6
39 50
37 42
44 44
65 98
42 11
66 20
63 1
41 39
22 2
54 40
86 51
23 77
70 59
14 49
11 17
16 67
9 30
60 99
70 97
37 66
17 8
31 91
16 66
87 24
59 35
100 87
99 21
13 97
86 35
49 82
10 54
24 84
85 75
53 97
41 82
78 85
70 69
55 34
70 76
92 22
8 73
55 78
66 98
30 84
20 26
28 67
45 50
29 7
40 65
66 98
17 25
8 24
48 40
84 90
94 47
58 74
84 76
45 20
70 22
69 63
93 1
79 76
44 46
29 27
31 24
84 79
6 63
53 44
39 12
75 38
96 66
98 37
81 68
61 63
27 72
100 45
40 29
23 73
80 52
79 45
40 22
49 28
87 20
87 61
32 17
32 67
44 86
15 45
76 86
14 59
83 7
20 38
92 34
79 4
48 64
75 10
62 35
5 78
79 53
52 98
31 68
74 70
50 34
63 35
86 33
28 57
63 79
25 13
51 29
94 82
4 10
90 50
42 9
42 29
77 62
26 26
25 95
72 99
92 70
53 32
85 58
27 28
72 21
29 43
5 83
72 84
55 4
66 17
28 14
33 57
70 15
11 81
6 78
71 100
73 15
91 10
98 57
87 93
67 75
48 37
33 27
22 36
38 87
26 35
63 64
66 100
51 60
88 11
89 51
43 81
40 94
26 60
69 60
63 15
54 2
73 43
86 50
60 58
90 11
14 63
44 66
59 25
24 43
1 43
81 25
48 57
43 5
79 33
35 2
9 79
26 69
67 28
31 66
15 55
92 14
45 29
32 7
95 26
84 91
21 57
37 58
75 85
46 16
57 18
90 99
51 69
29 12
75 100
62 26
70 22
88 63
5 91
81 47
63 5
5 34
61 23
11 14
99 38
39 55
45 67
7 68
17 23
63 46
89 33
83 30
6 59
86 13
15 36
100 84
69 4
87 92
88 42
96 40
32 59
44 11
85 38
34 27
24 22
59 37
95 5
94 43
47 51
51 95
26 41
9 8
7 80
86 63
71 21
5 69
77 69
15 39
63 36
93 92
29 84
52 20
75 21
35 94
89 33
41 56
86 30
57 88
27 99
74 23
52 27
10 57
17 33
88 16
43 35
93 6
47 4
89 91
86 100
45 55
39 86
11 41
53 62
97 17
48 55
76 34
1 86
24 24
42 72
16 73
68 15
71 7
19 93
95 87
57 100
7 77
35 94
42 81
63 64
62 92
67 3
67 90
23 100
36 87
54 5
66 86
28 92
52 8
6 77
65 92
96 14
97 14
27 84
1 75
93 30
74 90
76 8
46 67
50 13
17 31
61 40
17 79
87 37
31 84
63 17
95 89
37 60
98 10
89 69
51 23
11 1
55 72
69 64
33 52
42 58
75 20
50 90
69 2
26 79
8 66
85 93
22 93
4 79
11 28
22 67
48 60
37 17
97 27
45 27
86 82
13 9
5 18
54 12
52 46
87 1
69 29
98 86
23 12
66 38
86 54
74 86
28 91
41 77
94 49
12 94
82 35
68 20
62 83
3 36
94 98
69 48
87 80
67 90
24 78
50 7
88 9
71 90
86 75
36 35
16 68
23 56
100 95
72 85
28 68
3 40
59 37
96 96
1 25
33 100
13 85
86 31
58 85
40 75
78 7
52 85
52 69
12 41
19 4
65 3
66 28
64 1
85 51
52 59
30 43
8 80
53 65
69 51
30 69
38 92
4 37
97 88
12 47
4 31
21 24
40 66
6 23
31 60
87 13
58 47
63 59
100 98
44 29
73 95
91 24
73 36
24 79
42 92
84 28
94 34
6 47
49 56
58 87
90 49
53 14
39 29
49 28
5 31
8 31
31 49
95 22
11 67
79 36
58 20
66 49
99 60
49 86
24 71
29 71
36 98
81 70
44 82
87 95
76 98
16 28
77 19
49 33
91 59
19 62
84 61
84 92
76 8
33 68
93 30
18 56
37 33
32 10
18 36
93 63
39 40
48 36
39 36
1 58
27 23
97 56
67 7
77 34
97 41
42 29
58 5
32 90
22 98
1 38
70 37
50 48
68 65
47 55
98 32
58 23
17 68
81 92
93 67
44 28
65 11
38 96
13 35
53 44
69 58
31 22
46 58
59 97
30 57
36 94
59 55
8 80
32 49
77 13
85 13
29 41
18 41
42 69
12 30
92 91
94 58
34 66
41 38
61 75
80 72
38 69
70 97
48 92
70 13
14 15
91 71
87 23
51 63
4 5
39 18
71 20
86 79
84 76
29 68
15 35
20 69
40 22
75 66
3 69
68 86
59 31
83 9
86 27
52 51
47 90
29 17
45 9
80 8
69 54
57 83
11 79
58 74
78 31
58 22
79 86
43 98
100 92
65 9
46 60
55 97
4 26
16 31
92 27
39 53
97 98
7 61
10 21
88 72
81 79
65 89
55 57
91 61
99 49
92 35
42 11
45 91
20 3
38 71
24 98
88 8
46 53
86 28
97 82
75 36
43 50
76 67
17 33
95 41
92 27
62 44
1 89
47 53
30 26
93 15
86 57
26 23
51 28
47 78
13 46
31 6
63 18
67 3
73 66
62 19
59 89
66 28
6 9
30 92
3 99
82 6
18 99
100 3
67 33
66 80
74 38
62 34
93 99
90 22
8 75
85 25
4 17
8 63
31 29
33 42
100 30
68 86
58 65
50 57
67 15
22 10
32 14
29 32
88 64
56 31
90 2
98 5
21 58
48 10
28 96
75 8
29 67
97 46
74 11
95 52
14 26
47 100
8 85
7 24
89 74
15 11
43 100
92 90
23 74
25 29
24 32
74 55
93 14
33 48
24 11
11 28
54 9
7 76
39 11
93 25
63 6
81 13
91 29
83 15
28 74
70 76
10 75
56 93
18 21
83 85
2 44
31 98
30 36
10 80
89 73
18 9
24 91
31 73
61 51
46 16
56 1
84 34
20 70
100 66
68 33
95 32
10 45
21 41
53 7
100 7
13 17
67 64
80 19
55 97
2 30
59 45
76 72
11 4
14 37
93 93
93 40
68 32
76 90
74 28
77 11
64 63
91 36
100 1
95 87
3 38
98 68
2 87
38 71
69 37
1 4
5 3
15 20
62 100
25 96
19 78
13 6
90 12
86 93
45 77
96 9
87 23
3 21
72 80
97 78
69 9
16 24
89 70
36 40
91 66
63 97
12 50
55 80
5 84
63 3
1 66
8 22
12 70
2 4
45 92
32 59
54 7
2 95
46 30
67 58
78 90
65 8
31 63
67 53
2 100
75 39
15 61
88 74
78 11
38 93
84 52
98 19
53 68
72 73
33 58
96 33
86 69
96 60
50 64
91 52
58 62
2 29
50 73
22 83
55 32
46 17
53 93
60 90
47 63
51 23
26 47
77 52
67 82
56 62
43 56
68 81
83 100
9 69
55 7
60 63
46 61
38 58
9 81
99 80
61 82
41 39
94 65
47 50
36 98
95 28
89 53
45 11
96 57
90 26
66 45
2 40
35 94
19 38
61 82
34 56
21 12
86 80
10 59
87 93
93 41
4 14
54 73
75 93
13 82
60 31
86 7
58 94
49 88
94 87
8 74
9 69
34 77
1 38
7 70
21 26
47 17
47 23
66 36
94 73
36 100
83 81
95 65
71 93
53 70
55 98
56 48
73 81
40 77
65 6
11 73
85 70
20 71
64 97
59 14
32 53
75 28
97 20
42 46
23 67
90 6
49 71
32 88
76 35
2 60
90 57
48 60
48 77
37 31
65 48
42 1
72 30
48 28
36 17
94 74
52 97
43 14
49 21
25 29
82 91
65 78
35 1
18 12
85 49
51 97
29 25
68 53
77 76
25 96
9 50
100 43
66 53
10 21
83 30
93 87
11 32
72 38
41 99
10 8
60 69
5 46
3 61
32 50
4 25
91 77
77 24
56 73
33 91
78 96
32 1
66 33
42 74
66 1
84 44
78 74
68 49
12 20
46 78
45 25
88 67
6 27
44 67
53 19
67 99
78 48
46 58
77 31
1 37
38 56
39 90
61 57
42 53
41 50
44 7
98 77
31 27
20 82
53 49
15 17
97 77
84 49
81 49
91 2
1 1
16 44
68 75
69 49
79 15
65 52
65 73
66 81
71 31
60 91
18 51
37 29
37 90
15 8
66 59
37 27
52 15
56 1
49 83
46 67
96 50
92 41
43 43
79 76
12 22
47 43
45 44
60 99
30 43
25 92
50 100
30 43
92 87
18 27
50 92
70 53
34 30
66 16
35 33
56 60
25 7
5 36
45 41
13 48
19 95
10 51
2 74
23 10
17 51
50 9
68 28
12 1
42 49
62 23
42 28
5 71
8 65
87 72
64 21
89 8
63 15
66 72
18 2
55 54
35 50
20 93
24 6
68 32
85 61
11 39
24 91
62 19
15 26
68 83
26 66
85 20
29 34
27 40
7 81
45 36
77 48
26 9
8 88
70 48
39 31
2 16
74 70
46 47
40 39
89 90
34 6
2 53
54 14
4 8
8 6
88 63
23 52
84 12
56 94
59 64
94 2
31 37
72 82
60 27
98 71
98 48
44 98
78 4
24 39
3 79
22 92
52 86
28 87
81 79
21 85
67 69
82 46
46 55
64 67
21 84
35 44
98 25
75 37
88 9
53 84
82 94
76 72
27 35
17 57
83 17
85 99
10 58
65 53
9 32
69 36
62 76
58 79
65 34
91 31
33 17
67 12
64 22
85 54
46 50
44 53
57 39
12 18
78 98
3 93
28 36
50 34
37 88
25 60
24 22
76 97
29 43
58 15
3 20
55 30
74 72
37 36
91 80
36 81
1 41
99 11
56 17
14 16
56 90
20 50
4 46
89 58
86 13
67 20
25 12
32 62
63 72
81 2
95 31
92 69
35 94
22 66
41 54
23 33
98 78
65 75
99 29
26 20
22 90
53 48
80 49
47 13
90 36
71 28
82 93
90 28
21 91
38 9
56 43
77 80
57 10
59 40
17 89
95 74
78 59
41 100
26 35
92 30
21 1
72 17
83 51
8 46
94 35
23 4
30 79
43 12
39 31
28 7
69 31
12 20
33 7
48 32
59 84
22 94
70 11
92 76
63 21
91 1
81 37
18 63
67 32
90 98
29 2
35 21
84 72
58 13
75 20
61 58
1 42
47 73
32 75
83 44
54 18
77 9
57 100
84 96
20 72
48 30
63 55
88 2
59 1
47 13
87 85
69 84
68 6
57 96
13 11
83 26
99 48
93 47
52 40
17 80
34 45
32 93
51 52
17 68
89 5
77 71
29 25
89 99
23 95
61 51
23 94
29 65
89 59
32 93
64 12
8 30
79 22
78 66
47 84
37 74
25 30
86 20
58 57
44 35
94 67
70 68
78 12
92 15
14 66
30 51
8 46
48 62
61 44
10 97
16 29
2 100
86 19
45 6
42 98
8 66
57 56
65 44
88 30
45 67
48 36
51 41
5 48
26 10
81 59
51 83
14 83
5 88
88 3
23 92
100 75
81 69
92 59
78 86
72 35
58 76
7 89
79 32
57 38
19 84
88 80
72 66
20 83
25 99
68 23
14 33
33 64
24 79
30 76
72 45
21 45
77 63
75 85
25 92
2 24
55 43
27 75
67 7
11 83
15 29
90 50
10 9
95 49
33 60
87 94
19 36
90 35
93 34
97 67
98 72
64 17
37 47
70 90
35 52
61 97
89 12
48 36
45 12
13 42
77 63
69 56
33 86
5 25
43 40
9 30
6 49
97 35
87 56
73 7
7 69
1 84
62 56
68 77
48 32
94 15
55 22
66 67
36 1
99 56
14 86
33 73
62 24
2 84
54 14
97 75
15 80
43 77
96 10
11 43
7 19
25 72
79 98
91 56
29 49
21 89
99 85
87 97
69 75
37 40
59 55
27 43
90 75
72 10
95 19
37 7
17 76
49 93
54 25
52 76
99 48
19 10
37 100
61 71
21 45
90 13
9 46
35 24
84 42
56 7
97 66
90 60
80 31
76 15
80 15
61 79
48 4
30 52
47 27
17 78
67 91
5 81
95 73
56 18
28 42
89 43
44 24
44 17
89 35
49 100
48 44
88 82
67 10
36 44
100 5
39 54
25 8
60 2
73 30
61 49
15 8
22 47
50 8
95 90
97 62
82 75
55 68
44 17
11 26
53 46
12 46
29 68
57 26
7 18
36 85
36 19
47 61
31 60
31 87
36 95
79 60
78 31
75 29
46 21
13 26
74 33
84 26
90 33
85 34
9 7
2 34
99 93
30 54
51 41
45 83
78 67
84 67
51 2
21 83
47 44
3 48
85 80
27 64
11 25
91 98
63 48
46 96
37 10
93 60
29 82
24 56
24 71
6 64
98 36
21 91
71 41
23 68
4 68
12 74
7 53
64 75
13 59
58 98
45 80
15 51
2 32
22 46
51 18
53 33
95 80
97 61
7 32
79 59
23 76
18 57
21 8
37 76
15 4
9 69
30 35
43 85
33 25
5 5
1 1
82 60
25 47
23 41
57 80
28 14
34 66
63 84
44 88
98 24
20 81
40 67
64 75
74 12
14 64
14 44
26 97
8 43
10 56
84 28
38 54
85 32
1 36
10 13
21 7
68 39
18 82
2 41
10 76
2 58
6 97
10 76
84 17
30 43
32 68
40 48
10 56
17 34
54 32
53 96
14 9
26 64
92 14
78 83
99 28
57 78
91 78
76 24
64 72
53 34
59 3
53 77
37 65
12 91
14 90
9 23
79 29
32 23
11 15
88 56
85 80
16 11
50 31
20 48
46 5
33 99
59 96
55 12
50 84
65 27
59 7
15 92
90 90
2 21
44 27
88 17
59 50
87 4
15 92
74 21
39 89
73 95
79 50
27 53
36 37
92 39
35 27
14 65
75 13
45 41
54 21
60 92
13 51
55 3
79 39
10 7
87 53
90 34
16 19
88 88
6 12
74 77
55 32
95 2
27 49
98 58
34 70
37 98
84 13
48 14
11 71
74 2
72 60
41 20
52 6
8 96
32 10
87 33
73 12
59 22
83 73
78 84
70 13
47 76
32 87
100 51
56 82
19 91
41 37
71 52
58 31
46 48
96 29
12 62
40 1
23 77
62 19
25 23
11 75
97 83
24 36
73 45
71 84
48 95
13 16
22 42
55 42
97 25
60 74
79 53
55 46
43 98
57 37
76 58
41 73
88 75
75 60
97 7
58 65
16 48
67 58
68 47
13 48
15 38
79 8
5 48
89 15
40 78
29 22
99 41
89 61
5 57
72 37
59 96
52 3
84 52
32 37
58 44
80 76
92 10
36 97
86 21
86 60
92 33
61 30
26 84
32 59
88 41
22 90
41 75
3 89
41 100
8 22
67 36
7 37
87 29
71 35
95 51
78 7
100 57
93 43
66 19
4 13
16 79
76 14
7 68
100 30
8 51
64 11
31 5
51 12
99 59
69 77
36 71
43 43
29 6
13 55
74 1
68 47
87 96
14 76
22 87
27 47
22 49
89 22
85 84
60 77
59 8
79 86
89 35
10 64
71 29
7 53
65 29
87 59
82 67
71 96
38 89
41 69
34 58
20 93
91 80
33 17
88 22
78 3
27 11
69 27
91 9
100 64
36 25
29 56
65 91
58 11
7 3
38 39
98 84
91 38
49 15
56 92
69 75
38 50
18 7
91 55
96 2
82 35
29 14
29 20
53 30
18 2
70 88
38 40
38 46
12 20
70 56
77 67
42 74
48 18
45 46
84 34
47 81
33 22
12 89
64 71
42 85
18 43
1 9
39 20
8 32
2 76
46 63
28 7
91 25
63 70
18 13
86 78
45 4
47 26
14 50
49 86
64 79
35 89
86 25
53 77
99 8
8 32
30 43
40 33
55 49
26 40
75 18
54 82
10 62
86 59
69 52
3 46
55 1
21 13
93 17
14 85
22 88
39 80
41 43
12 64
53 49
58 55
49 93
49 4
56 33
63 42
97 89
72 11
49 83
35 65
24 87
47 42
94 96
5 82
38 75
100 97
31 21
12 92
5 78
40 34
49 50
73 81
95 31
3 3
46 45
87 48
16 87
67 32
25 27
56 29
