4000 60087
89 83
34 28
86 44
45 63
37 66
33 40
64 76
36 68
16 18
76 48
71 31
85 87
94 35
7 7
88 76
93 5
74 27
48 89
66 88
74 70
23 53
67 28
31 48
7 38
61 28
17 85
42 63
11 72
4 3
8 18
16 81
92 85
93 98
2 24
37 99
81 15
86 15
100 26
17 83
53 85
27 74
39 65
37 71
73 8
45 24
76 99
65 13
18 50
23 87
30 52
43 71
97 92
96 32
74 70
56 29
8 59
90 55
49 43
70 83
45 57
56 60
86 63
36 93
100 9
87 86
24 91
81 24
24 53
75 17
97 58
77 37
2 90
35 22
65 59
74 49
79 45
41 57
90 13
48 46
15 96
71 17
90 16
64 87
18 100
15 86
19 67
26 58
56 92
67 9
95 40
100 100
74 20
80 54
88 92
73 29
18 40
11 34
53 4
42 44
38 2
1 61
70 80
91 43
87 34
34 38
16 92
17 79
26 47
5 4
64 76
93 42
75 72
6 44
56 28
92 71
20 81
26 94
69 81
28 72
92 2
64 72
27 71
65 73
95 26
14 14
89 1
13 17
77 47
42 56
6 60
14 49
94 16
27 39
56 91
81 2
60 28
71 34
97 80
38 26
75 90
13 7
30 67
1 61
18 50
37 94
92 32
89 30
62 39
61 64
16 1
53 92
76 35
43 23
69 65
70 60
8 36
57 17
34 76
36 35
50 73
91 87
1 83
44 40
17 77
56 25
24 41
29 5
26 59
72 72
66 82
52 48
84 79
95 49
52 8
1 28
31 94
96 91
42 10
44 33
56 54
9 62
48 24
83 89
3 85
16 40
52 100
11 72
24 57
38 28
46 6
74 29
28 14
99 40
69 20
97 91
54 65
44 61
25 47
80 23
15 32
90 28
31 70
99 62
36 28
83 77
51 42
18 22
78 20
92 51
61 6
85 73
1 64
8 81
19 61
3 100
23 21
22 61
65 72
98 77
59 40
63 29
23 57
39 53
61 69
91 76
35 43
14 33
34 88
59 41
45 7
49 72
100 69
76 76
99 33
35 96
10 4
49 26
52 69
39 23
93 76
12 74
75 48
45 92
71 55
93 60
99 91
45 75
14 72
64 14
42 3
25 11
26 43
65 59
63 64
38 11
7 86
49 58
51 95
41 74
7 99
48 1
41 45
6 19
23 28
39 29
92 66
84 83
39 55
43 35
22 58
31 82
6 8
48 5
75 73
76 14
40 64
74 64
20 88
5 36
89 77
13 90
29 46
66 71
77 100
43 61
3 33
84 86
91 19
5 27
76 59
97 69
52 79
16 3
54 87
26 58
54 31
45 52
61 93
92 37
39 86
34 50
75 19
96 46
81 54
1 91
23 59
72 69
26 6
42 99
77 56
14 35
55 40
57 2
79 5
83 40
100 14
33 38
66 25
90 32
90 16
93 35
39 100
93 47
8 37
92 38
71 4
13 19
89 90
31 48
57 56
79 27
65 97
31 26
27 72
97 2
31 16
49 83
69 71
9 22
91 81
97 26
22 56
97 20
53 79
53 12
31 11
52 93
37 49
49 35
94 76
26 65
41 69
32 28
19 63
49 57
75 65
89 18
13 28
15 6
71 66
69 35
94 33
87 62
51 60
20 56
84 64
34 27
68 38
4 34
42 100
10 18
52 11
63 7
58 90
4 90
67 19
89 100
8 34
4 67
37 87
1 9
29 83
77 55
84 88
99 45
77 64
58 53
87 63
90 43
73 10
10 28
58 77
18 42
96 89
9 88
37 98
31 4
94 14
56 35
34 89
35 66
18 5
85 100
49 72
75 94
41 89
16 90
15 45
48 22
19 9
51 31
100 82
47 91
80 38
83 70
46 88
56 1
40 74
84 50
97 95
64 83
45 29
7 23
81 77
41 69
15 10
69 74
71 73
60 75
77 60
57 61
94 40
94 16
41 12
42 64
20 61
81 100
57 53
87 6
80 73
75 13
89 36
31 7
74 56
68 73
13 76
71 43
76 25
5 1
6 44
72 71
20 83
51 24
78 93
1 59
91 92
44 54
21 84
13 16
3 29
97 96
69 29
48 20
42 63
10 40
42 83
14 24
42 92
98 88
100 29
74 64
25 52
88 16
4 70
50 7
8 41
69 97
20 49
83 17
25 97
25 44
6 88
44 32
75 67
84 80
44 42
17 11
79 34
65 78
30 26
34 14
13 73
98 6
81 85
55 35
59 46
74 20
68 10
53 37
72 59
67 90
78 52
48 10
6 6
81 74
97 17
13 98
1 22
68 17
95 14
25 19
92 61
1 1
21 2
19 79
36 33
64 43
87 89
66 18
80 20
16 67
99 83
45 44
66 72
32 67
99 31
76 17
5 86
18 92
80 5
28 44
84 82
57 9
27 54
89 87
90 82
75 22
2 84
90 3
42 38
48 49
67 73
86 98
100 2
87 26
56 29
35 34
2 21
42 17
53 3
34 40
58 83
51 85
78 36
75 55
34 51
28 18
2 23
91 89
45 9
82 80
70 32
80 90
38 88
97 37
68 28
79 21
71 58
21 63
21 75
65 48
69 12
39 100
50 97
68 65
25 25
5 25
55 98
78 45
46 42
7 52
63 37
55 76
9 36
92 24
81 30
95 38
19 41
83 5
85 26
63 1
16 84
6 10
42 43
5 23
54 46
62 22
84 43
25 56
82 85
4 17
89 3
2 48
94 16
90 99
22 12
70 41
94 24
28 61
47 37
91 17
34 12
62 73
98 92
94 99
53 96
78 74
88 36
72 88
12 78
24 62
34 41
27 13
30 71
28 83
32 35
83 68
89 4
15 77
59 23
22 40
70 93
99 77
76 39
63 61
88 76
97 2
32 53
33 51
24 62
30 89
24 67
9 25
91 62
73 10
2 23
44 9
50 83
90 11
15 49
62 12
13 72
100 89
88 24
94 94
79 71
19 58
77 13
19 26
85 86
35 88
41 18
54 31
34 64
68 56
68 91
73 91
16 58
99 43
6 41
91 71
29 83
81 59
99 48
71 96
53 69
52 22
14 5
54 3
93 32
80 53
15 15
6 55
80 41
55 90
51 100
58 63
25 100
27 13
77 40
10 85
14 100
69 57
15 67
47 15
88 65
83 57
71 6
3 22
33 51
76 98
93 44
13 34
8 9
43 91
84 29
12 29
94 13
97 85
66 31
87 44
29 89
32 97
44 51
8 81
38 87
94 50
17 43
63 86
73 62
45 35
24 22
86 13
65 91
38 89
32 28
52 55
20 97
54 85
6 28
5 100
30 34
98 24
17 33
89 94
40 14
100 13
1 22
86 78
49 50
18 5
24 74
77 38
1 1
19 24
36 19
39 39
12 73
4 13
1 76
84 87
1 47
24 50
21 99
17 90
13 38
4 78
69 96
85 86
58 14
74 76
89 85
87 100
24 99
5 69
27 93
15 64
57 34
79 15
100 42
57 83
96 19
75 67
33 72
97 71
93 90
20 90
87 62
5 14
75 55
87 37
40 100
75 53
62 38
61 51
92 94
74 27
64 80
12 42
10 13
73 46
85 17
98 49
59 45
60 67
3 18
38 37
75 30
11 3
16 3
26 23
67 85
64 73
1 89
51 8
12 96
93 30
70 50
98 57
49 44
96 4
36 45
41 95
71 8
49 83
1 45
14 2
22 9
16 77
25 43
84 73
89 22
61 11
81 22
99 18
21 77
35 91
88 6
47 58
45 93
4 9
72 33
11 29
19 33
72 21
13 36
30 28
65 51
34 85
27 36
65 46
30 40
62 81
5 40
100 48
10 15
57 37
65 1
83 75
73 65
89 95
66 48
13 38
1 5
99 21
63 55
73 33
33 11
51 12
19 42
78 55
6 72
91 74
40 35
24 5
14 95
5 70
53 32
30 97
38 7
31 68
95 94
67 46
44 100
99 85
18 45
5 14
56 21
82 45
87 88
80 37
22 39
5 87
44 74
23 95
55 7
58 80
47 79
87 69
60 92
66 21
16 75
65 63
8 94
8 9
40 67
73 40
12 31
44 51
55 88
49 37
74 70
49 81
68 34
17 21
99 66
85 79
21 86
6 38
19 75
60 73
37 75
40 14
16 12
32 100
14 60
70 70
90 80
13 39
8 91
49 71
78 59
24 65
66 85
37 4
31 26
5 4
61 44
94 56
1 54
15 31
42 44
74 75
15 12
9 77
43 95
14 29
46 7
15 80
71 66
64 82
26 4
8 92
55 47
41 67
39 92
21 6
62 37
28 71
33 96
70 79
29 93
62 6
93 43
94 29
98 10
75 20
50 32
10 53
68 75
50 37
25 35
61 70
76 11
39 98
22 47
70 57
4 26
19 5
84 88
75 44
82 86
10 44
82 87
88 32
2 62
72 78
8 90
64 98
100 100
40 37
85 28
80 44
1 43
77 23
25 73
50 52
3 42
74 4
60 56
22 69
76 41
84 42
82 38
3 3
22 40
55 36
72 12
26 17
73 41
55 99
52 12
6 78
16 94
33 99
94 62
18 56
4 76
1 51
33 5
55 28
41 87
17 33
86 71
93 81
45 55
10 43
43 32
47 48
84 47
2 39
20 16
11 39
85 81
53 54
13 41
58 72
8 41
84 52
35 88
32 33
90 3
86 100
38 11
6 48
70 98
31 72
75 55
26 25
83 74
59 60
80 52
23 12
75 44
66 23
16 93
71 50
75 17
10 76
17 97
10 63
11 15
88 13
20 1
47 47
40 18
84 94
4 70
99 10
67 97
91 57
31 43
9 51
28 8
20 5
66 99
98 57
50 28
40 53
23 82
84 1
50 64
54 85
7 64
24 59
71 7
74 8
94 8
98 24
83 84
62 57
59 38
45 50
49 69
31 91
91 48
40 38
14 36
46 17
39 47
33 32
36 73
21 41
41 83
16 33
40 45
6 33
13 89
89 24
97 37
87 70
72 24
46 53
92 55
30 40
21 11
15 13
55 47
66 71
12 88
89 30
27 27
22 78
85 31
27 47
52 68
75 78
18 84
66 55
21 94
56 82
50 86
8 19
76 23
42 20
75 51
15 19
99 52
87 39
55 43
95 89
25 61
79 18
92 93
69 67
60 9
64 3
83 31
67 56
29 73
46 71
7 37
7 99
67 48
92 68
85 45
19 67
66 97
2 80
36 21
38 91
10 14
85 58
98 61
85 88
26 78
72 11
52 6
24 29
11 1
58 100
70 69
87 13
88 18
13 61
55 31
100 78
76 16
37 62
66 33
56 88
82 32
24 70
62 39
1 31
15 89
98 35
19 49
33 85
99 67
54 69
70 27
8 80
90 26
19 87
45 67
67 55
91 49
48 24
90 36
1 2
57 24
11 4
87 14
45 93
75 17
94 45
96 70
2 32
30 58
13 3
57 71
64 41
36 24
70 61
64 71
51 64
67 48
34 19
83 48
17 14
39 39
4 27
77 93
28 16
75 13
21 59
94 71
65 14
20 82
35 6
17 15
76 57
97 61
55 80
72 49
71 77
48 24
19 19
72 60
30 81
31 73
28 83
45 21
67 48
49 43
60 43
69 11
67 90
93 13
3 10
83 55
31 51
6 36
59 47
10 67
80 1
31 57
3 89
96 66
50 91
89 94
64 80
78 47
85 6
19 59
1 48
7 35
18 35
20 18
78 46
99 67
50 42
57 28
43 40
16 89
5 23
54 82
84 51
71 64
46 95
86 60
5 19
28 97
44 48
64 17
37 63
75 100
94 26
91 3
23 65
96 16
79 48
86 96
73 14
15 54
56 6
73 61
21 88
74 92
92 30
50 85
72 59
42 71
6 13
67 98
9 11
62 87
20 79
45 61
84 2
18 25
82 73
89 20
45 22
25 20
52 89
34 36
52 71
97 14
24 39
26 87
92 29
55 86
11 34
16 94
21 91
67 39
89 7
42 30
92 31
32 36
91 15
15 41
25 7
49 79
81 38
86 17
10 17
53 68
30 78
94 18
70 45
11 2
34 38
66 66
88 73
37 26
99 53
91 43
33 91
23 91
16 29
77 19
29 29
78 14
92 64
49 71
96 52
32 70
42 1
87 34
16 6
85 67
54 26
40 64
33 45
86 63
25 80
42 13
38 83
6 9
87 30
7 27
17 10
20 19
25 44
56 82
56 96
23 96
46 76
41 86
97 39
61 56
69 4
25 67
38 69
60 68
26 37
34 73
44 89
67 89
72 58
11 94
51 55
25 84
2 57
35 51
11 98
79 89
77 63
100 80
84 97
15 45
59 58
52 59
87 63
83 1
7 92
94 59
5 97
52 68
34 44
2 87
64 75
2 100
78 53
2 44
14 19
55 41
87 16
9 7
22 82
10 25
19 1
24 88
35 8
20 57
59 39
97 6
98 45
87 53
96 85
82 94
1 97
54 95
33 4
39 60
36 95
40 95
33 18
41 43
43 14
18 13
94 29
7 89
20 12
23 33
60 84
85 30
78 74
46 51
93 37
99 7
55 75
63 37
74 94
41 83
82 45
32 84
37 88
32 42
70 37
33 24
13 87
23 85
38 18
97 90
61 44
74 65
88 36
93 13
66 7
83 2
11 26
59 88
89 42
82 37
33 20
48 25
18 19
10 45
45 75
62 55
60 51
99 49
24 43
34 45
92 83
57 39
17 28
28 22
88 80
87 16
12 46
52 18
61 1
50 15
1 59
21 96
75 79
88 47
66 61
40 38
70 48
28 38
50 25
10 89
61 26
82 96
57 65
78 44
92 41
1 91
39 98
3 91
52 39
14 92
36 87
43 74
70 31
5 67
22 95
10 62
43 82
34 40
61 80
3 34
35 7
61 38
23 30
9 37
1 36
40 42
100 26
22 83
67 79
1 50
32 23
27 4
82 46
40 39
56 48
25 38
41 29
46 97
28 80
44 68
59 89
15 67
38 41
81 71
19 33
59 35
90 32
61 66
44 27
50 11
63 100
30 85
63 1
38 29
90 73
63 36
29 22
89 99
84 71
96 100
89 100
15 45
74 3
23 97
55 84
82 2
99 34
47 12
27 99
26 14
42 79
86 39
93 32
79 71
66 9
11 64
89 58
55 40
24 29
85 36
56 3
38 28
14 72
18 55
27 8
4 44
80 90
56 29
92 42
16 12
3 80
33 94
82 57
28 83
7 90
88 40
9 84
5 76
86 51
36 34
83 89
27 82
73 72
75 20
57 4
38 80
37 35
46 13
44 72
60 15
30 48
51 74
98 95
95 19
69 28
76 2
98 15
100 69
31 83
42 8
67 33
85 62
26 1
49 89
13 96
32 43
36 80
21 32
36 18
22 30
8 65
18 58
100 63
80 89
44 29
57 67
69 20
81 63
54 79
64 91
92 29
35 79
15 16
89 23
29 49
35 95
17 25
79 63
34 16
47 59
20 23
1 48
32 72
97 23
1 88
96 68
28 65
88 67
16 99
15 34
9 48
76 15
85 91
61 11
55 55
28 19
69 29
24 75
60 33
22 59
87 17
52 62
8 89
53 85
92 36
88 38
87 79
8 60
66 52
73 46
7 70
37 74
73 93
38 42
33 49
25 32
85 61
12 65
12 98
100 11
27 99
73 46
27 25
63 41
33 8
82 80
90 12
1 88
57 6
2 96
74 46
95 74
53 9
33 35
48 58
44 45
20 24
34 89
52 56
38 27
6 34
10 26
74 1
30 79
47 19
59 1
54 10
83 79
22 17
18 60
82 89
48 67
90 57
61 65
62 8
74 64
42 44
4 71
74 3
98 1
5 66
99 48
92 75
57 75
31 34
91 84
52 19
50 9
25 24
55 26
39 36
30 10
64 51
13 88
12 88
62 69
23 88
65 49
44 99
44 56
82 60
78 87
44 23
23 16
38 52
5 82
96 31
79 47
8 52
21 33
28 100
12 69
19 33
71 26
20 95
1 66
62 9
72 65
3 75
38 33
26 91
41 10
19 94
90 41
53 97
30 33
51 62
27 36
47 81
47 12
71 91
80 93
24 51
14 65
3 8
61 2
70 46
50 91
91 100
78 49
71 23
70 51
41 18
41 7
92 76
61 12
42 73
5 37
32 77
44 99
42 21
9 19
84 60
13 14
50 59
89 8
42 46
1 72
15 95
40 78
99 36
37 85
72 70
22 86
50 50
26 30
82 39
72 47
75 20
24 90
49 96
45 94
93 41
41 13
38 1
84 68
1 76
79 25
41 4
84 4
74 75
82 24
93 22
57 34
94 89
42 33
97 93
88 34
94 56
64 87
27 64
92 91
100 71
98 33
13 76
2 72
23 14
46 14
73 19
50 85
21 56
73 14
46 31
65 96
13 78
83 31
1 63
66 53
61 7
41 19
49 57
86 81
22 42
41 78
95 66
68 83
35 62
91 58
55 16
28 18
6 44
33 79
72 8
58 66
83 64
36 36
59 38
57 29
34 49
83 8
6 14
54 4
7 21
4 96
19 51
71 98
86 78
19 14
36 2
99 84
59 32
85 10
84 16
32 25
77 40
78 81
99 7
11 1
21 90
5 75
91 18
26 33
90 5
62 26
83 98
72 20
49 61
93 87
80 49
82 61
27 94
86 14
36 17
33 66
41 9
54 19
4 15
26 86
24 32
91 17
24 21
34 15
75 26
60 36
65 92
4 65
89 68
16 50
66 66
9 57
72 76
56 83
87 41
61 81
69 60
21 90
84 52
18 72
14 77
64 52
99 85
92 22
1 17
34 1
77 88
41 77
39 19
80 2
66 14
14 3
22 18
42 34
47 69
97 96
53 21
64 12
52 12
41 88
31 62
17 77
2 96
2 37
25 12
88 36
63 69
93 23
8 26
98 73
62 47
73 54
61 24
61 31
17 75
61 41
46 83
93 62
53 69
37 1
24 64
71 83
2 55
45 33
12 16
1 76
93 80
16 89
64 87
44 92
56 76
94 100
61 68
9 24
47 89
85 31
96 11
61 57
29 6
56 36
59 81
91 52
80 41
19 5
3 82
96 16
32 97
100 64
88 77
84 65
88 16
63 92
6 47
90 23
8 77
69 15
90 98
100 56
84 3
5 36
96 47
92 30
50 36
56 67
100 53
96 24
92 49
48 16
57 32
72 54
3 51
15 13
62 5
34 92
85 69
16 38
82 59
68 17
68 1
21 87
4 33
55 69
84 79
9 32
96 91
91 7
78 46
85 88
42 62
61 100
41 23
37 61
52 29
90 10
44 27
4 34
86 33
35 27
51 49
42 65
7 81
5 51
8 29
20 37
90 94
92 97
88 75
71 52
12 65
55 27
92 91
15 97
61 95
27 69
23 28
57 85
69 75
100 25
93 24
10 88
13 24
34 99
47 48
16 5
23 8
42 26
19 90
60 93
77 53
21 90
1 9
35 85
25 92
60 37
6 21
67 86
4 85
93 47
37 89
15 49
99 74
80 79
29 97
60 68
6 99
3 25
16 53
74 25
3 1
8 28
36 65
67 77
93 26
82 64
82 33
16 86
23 90
53 22
75 78
51 94
73 63
28 86
37 78
50 54
39 22
95 50
16 91
42 58
39 97
52 80
8 58
38 70
84 10
36 54
49 89
89 61
39 30
64 93
15 37
93 31
23 21
50 1
59 7
16 98
83 65
92 39
83 83
57 6
44 12
9 60
60 99
17 74
36 45
48 28
18 27
27 18
42 29
33 18
68 27
81 25
36 49
76 84
18 46
19 10
63 38
66 35
60 70
53 67
81 27
26 7
45 97
55 99
27 59
55 55
22 97
9 23
47 45
4 79
17 80
90 56
13 91
28 30
58 81
100 87
76 57
75 8
26 57
17 86
7 77
46 83
97 62
95 25
73 67
66 8
65 86
35 56
31 94
76 56
88 22
63 72
1 14
84 71
18 71
27 72
39 77
39 67
87 47
85 22
95 97
56 78
26 29
59 87
83 8
84 10
10 74
58 64
58 69
36 30
75 1
17 45
33 64
71 63
11 21
5 30
37 22
27 6
39 85
19 15
3 13
78 59
34 86
3 78
62 81
51 8
82 2
52 57
41 26
20 100
88 78
87 75
75 77
13 59
45 61
58 84
96 68
55 86
15 100
54 88
42 67
89 52
22 32
74 31
12 14
84 4
30 12
100 87
10 61
68 49
70 1
12 26
98 59
3 39
67 3
11 39
53 98
100 56
62 95
46 76
19 55
49 25
32 50
94 32
61 83
29 10
51 67
9 2
83 48
65 18
14 89
76 14
6 70
35 72
49 96
69 35
18 27
78 8
68 74
79 39
97 8
37 74
91 64
46 66
40 64
9 19
56 56
44 14
8 74
69 50
41 89
26 29
69 26
73 38
71 12
30 60
53 99
21 30
90 13
35 46
38 100
3 1
10 12
95 21
37 24
10 7
63 55
6 2
39 66
30 28
84 41
87 25
18 54
26 56
33 90
9 69
86 74
40 97
53 34
93 48
9 47
93 22
71 28
77 24
17 11
93 91
58 84
69 10
14 72
47 48
55 7
3 71
1 1
16 18
97 91
37 24
77 25
59 98
94 78
67 42
40 77
78 18
54 67
9 82
55 73
38 8
18 51
41 99
77 5
22 36
85 98
85 3
66 58
7 77
14 78
83 20
100 67
71 13
3 29
65 38
70 61
10 36
19 9
70 61
77 5
15 51
59 36
6 81
25 48
52 13
72 23
16 25
29 82
25 41
24 6
36 7
62 100
93 8
76 5
39 56
14 96
12 2
75 10
80 5
19 78
88 88
14 24
70 96
11 52
68 5
86 85
80 12
29 40
4 45
49 24
6 44
70 96
59 60
11 77
46 43
11 24
34 99
13 19
91 6
11 91
36 77
26 12
72 90
81 36
53 68
62 98
94 31
65 21
89 7
73 35
35 50
76 46
38 59
56 45
38 98
6 63
41 29
17 9
34 54
44 74
18 33
91 49
65 21
76 44
53 25
10 15
86 67
87 75
22 34
29 24
97 65
9 62
54 35
20 7
89 97
7 54
34 56
35 28
23 74
22 62
7 14
9 23
49 60
97 24
64 19
39 57
2 86
4 100
55 17
87 91
99 73
24 49
30 40
63 45
52 44
82 16
72 59
37 11
20 91
45 92
65 34
16 7
53 5
71 21
88 65
94 2
29 74
73 20
28 81
3 48
46 82
86 46
11 22
94 41
82 70
74 41
84 49
35 55
29 40
39 65
22 98
79 64
14 66
3 37
41 8
65 9
84 4
64 66
54 71
56 46
8 10
70 57
71 53
12 14
40 77
10 17
5 67
20 2
82 37
32 47
22 1
27 70
70 93
84 23
73 62
51 62
57 15
56 10
86 68
37 6
46 74
59 65
15 21
60 91
61 53
7 80
24 100
96 9
70 45
29 22
51 54
29 6
99 78
74 6
41 72
38 6
35 75
97 38
10 8
17 63
81 37
31 8
95 32
50 81
15 82
19 45
52 94
23 48
27 54
37 13
12 53
72 79
47 30
26 25
83 70
59 82
85 4
59 21
7 42
54 1
87 42
57 96
35 6
85 72
82 53
27 29
75 77
17 27
23 67
84 84
85 89
55 55
66 44
31 72
4 35
80 77
2 16
8 28
55 25
28 69
44 40
66 29
51 100
43 69
43 6
34 21
53 3
27 9
92 41
59 96
33 9
30 34
68 91
67 67
15 5
49 44
93 95
41 34
17 70
67 13
24 69
53 11
74 67
89 12
36 82
29 1
21 41
37 98
36 80
27 17
64 18
80 72
44 45
14 17
74 92
38 2
99 89
26 46
65 11
90 29
85 42
49 71
20 15
4 84
15 89
86 71
4 27
59 36
26 56
73 49
77 48
1 25
25 59
50 67
41 88
12 40
79 19
13 28
48 89
14 99
39 44
63 7
45 22
34 41
29 75
70 13
72 42
27 64
96 11
36 4
69 44
32 4
36 75
40 10
35 87
50 15
25 81
38 14
60 50
2 36
10 14
88 98
2 60
87 72
38 16
42 100
98 63
68 34
55 27
98 4
33 84
45 23
60 10
78 5
79 63
88 36
47 70
2 56
67 99
94 80
37 60
35 95
25 35
24 86
74 4
11 21
25 100
98 36
1 86
84 2
51 72
62 99
71 51
52 83
48 22
60 66
45 82
98 37
79 99
51 61
95 40
12 83
48 83
6 1
89 87
78 97
46 36
87 8
79 4
12 87
33 39
67 15
46 33
9 73
90 52
19 36
20 94
14 4
68 72
72 79
97 5
18 95
33 30
19 55
21 29
33 51
31 20
17 63
30 39
9 70
68 23
76 78
20 52
15 57
81 30
60 91
92 5
78 18
99 50
70 60
89 4
31 89
36 75
86 36
39 61
77 78
4 23
10 54
90 81
23 46
81 85
86 85
92 40
14 14
56 91
64 69
46 16
38 62
81 83
27 55
47 32
48 57
2 32
18 35
14 65
34 14
78 77
57 69
64 31
76 27
78 80
52 34
6 67
65 6
38 21
96 27
41 84
93 95
6 81
30 64
68 41
86 17
67 1
59 32
51 30
22 43
75 52
48 45
12 5
55 34
26 51
58 88
2 90
27 35
75 74
67 54
13 48
4 51
23 74
28 78
31 29
100 6
31 63
88 95
16 11
20 83
84 73
56 94
13 29
41 5
85 10
32 69
26 21
51 62
42 1
29 2
24 4
16 52
76 99
35 8
70 86
2 49
44 47
23 27
80 83
71 21
89 33
44 30
74 23
63 58
23 7
57 51
14 63
54 69
44 97
29 74
73 3
79 69
36 19
37 32
19 74
20 28
68 52
97 94
22 89
62 52
25 96
46 93
77 56
52 46
32 52
99 41
5 94
76 99
21 19
37 77
98 19
62 51
80 58
23 41
76 9
3 17
79 43
42 71
8 37
23 91
70 96
80 92
53 59
58 15
17 23
72 84
77 42
84 26
68 30
99 83
45 78
92 77
96 27
74 33
43 22
27 78
72 25
100 15
54 76
44 95
36 43
51 46
57 46
67 1
26 38
33 6
21 69
4 80
26 28
28 5
78 22
47 24
8 96
31 81
4 38
24 70
2 16
81 31
59 96
69 45
31 65
56 25
12 73
26 91
81 57
6 94
4 69
52 33
5 61
10 96
47 27
40 3
12 94
4 24
7 55
37 31
88 29
27 75
41 63
13 9
55 80
18 84
59 32
62 27
100 16
63 21
37 97
1 32
43 3
47 44
21 28
25 68
2 68
32 53
50 58
82 24
38 46
5 78
85 8
42 6
14 26
32 86
82 61
78 19
87 10
88 67
14 1
74 90
66 42
6 63
38 98
20 73
76 47
96 81
33 99
75 14
10 53
21 95
76 97
4 56
68 38
48 77
28 75
21 57
80 29
29 84
3 32
17 74
34 62
39 39
58 32
99 39
22 25
91 44
76 57
8 86
30 10
42 57
33 27
96 3
47 72
70 25
67 75
22 70
18 57
52 74
49 83
27 10
72 20
76 80
31 65
91 10
23 56
58 91
12 66
2 84
87 74
66 98
70 9
72 87
4 88
80 92
22 25
78 64
70 35
50 33
37 49
52 97
91 42
70 76
47 51
89 13
91 52
65 26
63 82
60 8
16 51
11 16
87 69
40 22
86 95
69 85
30 83
8 2
78 75
41 1
62 37
16 49
6 50
31 98
87 35
62 37
10 89
61 60
39 1
80 76
10 44
75 1
83 24
100 85
96 28
29 74
40 49
39 31
45 51
2 30
98 39
13 53
12 46
36 59
52 75
49 92
4 44
33 9
9 46
34 18
74 9
70 34
49 66
31 10
100 31
88 53
44 47
62 72
48 64
82 99
93 47
9 7
9 51
75 22
8 44
56 79
55 95
99 92
94 9
99 46
1 22
92 99
11 50
64 19
79 58
14 76
13 62
35 1
47 85
21 7
68 70
72 45
42 93
68 36
2 55
41 75
55 40
46 53
54 46
54 3
79 3
46 44
62 9
39 53
20 65
21 52
95 83
74 12
20 44
88 44
25 9
72 17
31 42
35 58
35 87
62 51
1 34
47 48
96 3
47 70
67 7
15 73
18 14
8 99
82 60
71 20
1 73
89 99
68 72
54 71
94 1
99 26
52 14
8 61
37 79
71 31
80 65
83 13
97 42
99 60
23 56
21 50
70 76
5 50
7 7
5 62
66 100
59 92
3 61
13 55
5 61
22 67
27 79
74 75
81 17
61 38
45 46
33 90
1 88
64 70
39 60
46 88
62 95
90 25
53 100
99 25
12 55
33 16
81 38
60 48
83 75
55 45
32 49
5 2
60 94
91 8
61 63
25 46
49 99
63 76
38 100
54 60
36 42
16 78
79 86
17 59
28 67
75 31
49 100
28 54
39 100
87 11
74 93
100 47
28 87
78 44
50 71
40 94
62 60
83 8
99 41
45 34
37 53
83 90
1 36
96 98
73 97
61 50
21 43
21 95
75 25
10 94
26 6
11 19
77 23
5 43
27 29
5 89
79 74
27 28
32 94
17 25
14 90
57 86
69 71
93 76
35 82
18 42
32 69
96 41
52 1
83 62
92 74
89 5
17 3
92 61
36 55
89 99
52 11
8 49
9 45
79 87
17 43
35 3
89 5
94 17
91 45
15 85
98 58
69 70
93 64
81 51
38 95
58 53
90 89
6 17
51 81
24 70
75 58
34 1
71 62
27 11
68 62
63 35
67 67
84 64
6 48
2 21
72 14
58 10
10 70
81 59
36 96
26 64
67 13
76 53
71 80
9 57
42 37
20 37
77 27
34 53
53 40
66 21
92 5
42 80
23 89
42 37
17 1
98 47
27 38
87 62
76 9
95 51
1 48
42 75
78 67
7 95
43 48
50 80
16 4
4 17
82 90
3 52
30 32
100 2
78 4
52 63
8 59
71 92
24 52
36 37
4 44
76 91
2 9
47 1
69 22
24 97
88 37
85 22
73 95
15 26
23 83
48 3
61 77
76 82
89 30
38 43
82 77
84 29
87 74
49 32
87 97
20 64
3 83
68 28
19 17
32 86
72 90
26 27
2 30
95 41
14 63
5 73
22 83
15 71
52 25
90 4
90 20
91 62
26 25
63 14
57 87
100 59
10 69
17 63
75 93
51 50
55 57
56 69
34 78
93 31
56 52
20 74
13 46
58 35
40 53
83 62
89 72
11 42
61 41
90 1
5 35
74 3
47 26
78 17
88 26
50 50
19 73
29 97
92 63
44 49
91 10
49 50
43 60
1 78
17 64
70 52
51 27
23 21
77 72
36 56
16 3
33 23
7 29
80 48
42 57
46 33
62 61
31 29
56 75
22 1
72 81
12 61
95 56
18 58
89 77
34 33
19 8
59 1
63 29
11 70
54 50
53 38
11 71
49 9
5 68
27 35
18 60
7 46
50 7
94 31
94 2
17 61
26 53
1 82
96 8
68 62
46 15
9 20
50 42
54 41
31 21
73 74
17 1
77 28
43 32
58 29
63 60
61 91
16 30
25 88
71 12
70 31
29 77
81 35
18 39
86 96
60 69
87 50
44 42
9 27
80 32
38 43
77 87
58 36
38 76
72 46
77 97
35 42
32 65
78 90
40 82
14 37
50 64
57 34
91 16
92 47
14 15
5 75
53 89
81 96
81 14
75 100
50 26
9 43
8 34
19 16
46 38
67 54
5 65
90 79
27 32
37 96
79 73
3 70
94 83
68 49
26 15
22 32
54 90
57 32
99 21
94 24
71 68
48 36
2 57
13 84
92 34
67 71
17 10
44 22
47 66
97 76
70 22
49 43
57 18
77 7
19 58
55 55
95 13
24 74
96 34
21 44
12 21
74 6
75 14
57 4
93 6
100 80
78 35
46 48
9 11
28 7
91 71
79 31
27 43
92 79
43 66
18 76
58 2
11 27
61 98
57 19
59 2
83 71
5 62
67 19
59 29
23 71
21 74
54 41
98 45
16 59
26 37
9 65
41 16
1 2
17 68
85 74
100 81
46 54
31 21
8 92
73 61
73 43
38 74
100 55
17 73
32 39
17 82
74 74
42 65
30 31
30 45
100 67
12 1
86 6
67 37
22 82
9 76
39 10
27 22
58 72
7 20
53 10
67 37
47 36
5 11
35 4
84 9
56 92
81 58
14 81
16 35
53 70
38 23
5 8
4 24
54 47
37 98
73 5
80 21
78 62
2 36
61 17
30 80
65 88
47 22
48 17
38 69
7 49
86 78
65 43
64 21
92 50
69 52
82 57
91 85
25 15
17 12
74 45
80 6
97 21
39 25
95 92
1 90
76 99
100 99
5 65
82 45
88 96
77 70
61 17
17 9
30 5
21 33
98 41
46 44
67 6
45 9
83 13
73 7
83 38
99 55
89 27
74 87
19 58
70 35
16 71
43 72
86 98
89 67
23 29
34 71
27 91
69 20
35 60
55 41
20 70
39 25
36 86
7 65
67 46
48 54
76 26
48 2
68 87
73 66
93 45
87 92
18 26
27 9
11 50
100 63
26 63
99 28
25 50
44 73
69 62
41 72
39 96
54 12
81 91
61 25
88 82
60 81
81 44
74 93
14 74
1 66
12 69
1 59
59 30
30 14
48 12
34 7
77 15
67 50
59 24
21 60
53 94
28 49
47 68
64 43
27 64
24 83
62 71
3 65
20 7
30 84
95 36
58 2
36 47
76 26
70 78
75 28
35 59
50 74
48 21
48 32
2 39
11 41
100 42
61 20
92 55
99 5
46 27
20 69
65 7
4 2
40 80
18 100
31 51
38 100
33 42
9 66
14 34
94 64
64 30
85 92
76 48
58 17
42 93
63 94
33 43
63 23
89 74
67 53
64 96
88 46
66 36
66 34
50 86
17 29
78 53
41 92
15 85
75 31
60 61
80 91
79 33
51 92
49 90
61 35
88 43
81 84
22 100
53 28
26 47
85 29
37 19
53 46
42 45
30 64
67 92
27 39
92 86
7 17
93 43
8 33
94 14
11 30
73 66
43 99
27 58
2 70
35 91
94 43
76 1
94 3
73 33
6 85
96 46
73 75
67 71
36 41
5 10
88 70
88 68
82 8
72 50
25 39
87 54
65 46
6 54
53 97
91 85
50 91
60 65
36 79
57 23
5 78
46 9
81 40
48 76
24 18
82 61
82 18
17 12
9 13
28 72
41 97
15 97
23 18
65 71
81 67
58 10
21 80
20 88
98 29
3 87
43 37
22 19
89 92
7 35
79 72
93 40
50 71
28 14
4 4
85 49
84 88
61 33
82 9
16 27
8 61
57 27
49 40
41 78
26 38
58 52
20 2
18 34
72 49
95 71
83 56
4 67
52 80
3 87
75 7
49 8
57 74
17 95
22 27
97 17
75 29
53 50
90 9
24 99
80 16
45 64
60 100
16 3
5 97
93 8
31 82
64 57
50 86
32 21
57 86
75 24
89 72
28 39
92 9
12 72
22 9
26 65
67 39
26 40
81 3
41 45
26 48
37 76
57 91
100 26
34 45
31 20
52 27
75 5
7 70
31 42
19 68
66 69
98 45
76 64
59 77
81 26
91 72
60 62
12 46
47 10
86 37
100 69
75 48
29 98
63 41
48 9
55 14
29 31
73 48
87 16
69 27
99 47
23 44
77 17
98 24
56 88
7 36
49 51
82 92
65 6
31 44
53 11
83 26
81 88
28 75
93 2
61 65
18 98
52 16
72 62
17 59
37 4
23 31
43 59
17 1
85 23
90 67
23 14
13 53
15 66
9 30
33 79
13 13
32 73
9 95
62 36
39 12
67 83
62 38
21 3
32 88
44 82
73 13
14 13
24 21
52 39
6 67
84 86
21 89
9 34
7 99
89 99
97 37
81 81
31 57
13 38
65 3
73 75
36 51
29 55
87 41
96 80
13 33
51 53
79 52
21 28
64 40
18 15
88 10
25 78
90 17
19 49
68 59
62 82
84 13
44 79
65 72
41 31
79 16
85 12
49 64
86 67
74 11
45 1
66 47
56 67
57 90
