4000 119829
3 74
4 34
41 75
70 84
66 76
20 76
52 77
41 76
67 44
29 44
55 65
14 16
40 65
76 83
5 14
94 96
38 37
36 43
71 76
20 100
79 70
7 68
72 90
15 98
87 18
50 5
33 96
35 95
54 58
34 64
17 87
8 31
37 97
57 62
29 15
54 25
28 89
80 43
46 100
94 32
61 39
1 65
59 100
100 3
28 47
64 13
45 50
65 35
51 55
15 26
84 34
29 24
73 45
55 75
95 73
60 14
4 31
80 68
46 8
9 89
13 31
14 47
69 19
2 80
70 60
49 85
55 4
50 48
29 80
1 55
95 32
41 18
53 19
54 31
40 72
80 17
17 43
85 22
96 52
67 97
51 99
79 37
47 72
24 43
33 64
94 44
35 56
89 94
73 64
80 16
49 82
37 46
93 14
69 53
38 77
14 25
18 89
45 32
15 72
98 68
97 87
10 55
38 37
1 5
63 85
29 9
80 74
31 79
65 82
27 25
49 27
16 80
5 13
95 98
91 74
89 76
88 94
25 81
29 70
12 57
4 48
30 51
49 54
48 13
98 55
86 31
61 37
67 44
82 62
76 9
64 11
78 48
37 15
53 100
78 5
99 100
82 8
9 78
29 30
46 89
35 54
77 57
13 20
91 66
23 54
3 45
80 94
11 99
27 25
60 63
74 55
82 25
89 65
22 61
29 37
39 20
60 91
42 74
5 63
41 52
69 34
69 25
71 52
5 48
21 24
100 56
3 99
54 83
9 85
83 29
100 23
95 38
11 85
12 94
38 55
33 90
67 38
17 48
95 89
93 15
76 62
69 95
75 39
17 27
90 55
55 27
55 98
1 45
96 100
59 12
42 49
16 85
79 88
12 100
20 33
100 64
11 7
74 83
53 46
71 91
8 11
4 21
18 28
18 47
68 14
55 34
51 37
34 4
23 82
45 25
78 18
50 95
65 19
4 8
66 21
7 74
59 86
72 70
7 18
6 38
31 81
48 18
22 22
9 21
11 17
93 6
60 84
74 23
19 89
65 81
96 13
78 99
68 1
65 92
96 98
87 15
19 26
98 34
20 18
93 59
94 58
98 87
43 53
59 76
53 46
60 26
17 1
11 31
32 95
23 71
69 68
62 28
23 88
42 90
22 100
85 5
86 47
34 83
58 79
56 35
98 63
6 44
34 86
17 64
70 35
29 83
4 30
41 12
78 16
75 99
33 70
71 25
24 85
75 75
81 52
77 82
87 100
97 53
39 12
18 46
20 75
7 32
31 25
94 62
100 21
52 24
78 18
86 67
37 6
88 97
41 54
34 69
93 92
74 39
3 84
14 26
54 73
58 13
54 90
31 40
32 63
87 11
54 64
8 99
13 85
34 15
84 80
99 84
83 19
74 91
68 30
54 93
81 22
98 54
47 7
80 94
2 30
76 24
65 13
38 35
63 72
58 66
24 55
7 63
31 56
26 90
21 41
37 80
83 54
26 30
19 19
66 16
64 92
72 82
73 14
77 77
6 48
8 93
27 60
40 67
82 36
95 41
93 11
14 9
92 47
39 17
93 3
93 76
14 93
10 67
83 62
29 16
19 84
6 17
87 79
1 39
83 6
59 71
37 18
17 12
85 52
56 88
82 27
48 43
27 69
7 41
76 19
84 68
66 85
3 31
23 34
47 20
49 23
15 97
12 29
40 21
5 65
57 83
85 96
71 57
18 49
19 10
51 73
36 32
24 78
37 3
36 22
6 35
96 73
73 91
74 46
80 76
80 78
55 73
79 18
58 98
13 13
55 89
42 65
79 49
9 19
16 51
77 69
57 93
83 47
89 49
48 14
39 11
97 31
84 9
9 20
14 31
2 70
11 44
49 14
77 47
48 46
84 35
34 82
43 70
8 77
7 27
74 45
87 54
14 99
52 14
45 51
26 63
58 2
38 67
56 12
66 72
53 17
85 32
74 65
87 63
25 80
74 30
26 26
21 62
57 90
86 97
34 92
11 60
97 40
82 5
87 6
44 37
17 91
73 87
38 6
25 67
79 66
63 2
63 20
92 16
66 67
7 22
70 79
76 21
96 88
77 42
93 44
1 57
61 73
67 60
87 19
37 4
40 89
64 96
57 65
48 79
50 92
42 56
58 38
46 83
23 60
97 95
41 19
92 50
69 82
30 76
68 68
99 99
44 77
30 87
43 14
9 96
89 60
64 92
84 16
84 99
40 85
77 11
36 55
53 9
95 71
23 26
89 12
86 59
86 73
46 76
33 37
35 65
87 31
43 26
32 99
62 42
91 21
24 18
5 43
11 54
5 93
72 10
9 52
48 22
53 48
3 65
9 17
41 7
66 9
44 84
77 58
58 45
72 94
12 64
10 54
66 64
86 89
98 65
3 75
72 62
95 41
36 11
58 78
82 23
30 89
42 76
95 65
20 9
17 45
99 59
30 62
22 38
22 69
90 13
21 11
74 68
45 29
81 79
67 27
10 89
25 14
95 84
19 34
48 7
6 99
28 87
66 23
44 88
26 51
68 49
15 1
20 43
55 59
24 30
53 66
36 99
65 57
99 82
55 7
34 2
97 92
36 68
7 91
18 60
78 32
79 53
44 80
22 13
60 31
10 6
83 1
36 44
4 41
2 86
83 2
61 39
81 24
100 76
4 78
6 75
68 24
70 30
78 69
74 35
46 59
82 34
10 33
62 68
81 67
16 40
95 21
77 59
4 59
1 11
47 70
81 43
80 15
42 49
54 55
91 45
3 6
88 7
26 40
6 46
41 45
60 41
18 37
74 68
60 17
74 14
31 94
79 40
95 44
8 63
4 74
40 54
90 96
13 7
2 21
70 15
81 46
96 41
98 73
84 56
49 3
96 94
16 98
28 17
37 43
21 4
70 13
39 100
60 11
95 52
96 98
53 55
6 93
66 34
26 22
17 9
39 99
56 16
47 100
85 42
16 30
51 74
25 48
5 77
15 32
26 68
26 91
95 29
73 61
75 15
30 84
21 15
23 9
45 34
100 32
11 3
17 37
69 96
2 2
77 47
15 48
97 99
29 53
73 40
14 32
6 27
89 100
4 31
61 94
88 51
89 24
76 23
38 76
13 71
32 99
4 7
90 91
9 42
51 87
62 51
84 56
80 71
83 65
58 64
77 56
34 48
68 66
93 92
55 44
69 20
21 91
69 91
18 18
1 43
41 82
31 50
6 21
82 33
35 32
19 66
69 83
75 55
46 88
58 59
39 78
78 39
61 17
28 68
38 32
11 4
41 70
21 87
43 26
75 34
30 3
19 81
9 34
98 20
63 24
63 29
66 39
84 14
83 71
83 57
84 9
76 52
14 58
42 29
9 36
100 89
60 47
29 18
26 95
5 34
86 28
64 24
34 24
98 97
43 91
72 55
61 52
83 60
44 94
55 77
58 46
74 96
73 9
18 79
71 15
87 32
32 59
88 6
70 46
14 29
71 62
6 6
41 80
36 19
99 34
49 67
87 59
10 80
77 84
12 5
14 66
14 64
27 29
100 41
64 12
69 71
23 48
24 63
3 31
66 93
78 91
12 28
91 88
2 99
29 6
13 54
88 82
12 16
1 11
10 27
78 44
71 72
67 32
18 75
6 42
65 18
67 41
92 52
74 49
95 76
55 57
39 66
9 39
81 37
90 59
72 50
1 7
12 58
47 64
3 37
30 50
76 54
67 64
20 89
29 52
47 21
33 42
68 34
59 88
33 5
77 12
36 31
55 76
95 96
53 5
12 70
11 65
71 45
55 21
36 65
66 21
9 29
75 83
26 11
41 65
16 41
49 13
93 24
28 98
95 28
95 60
57 99
22 82
13 76
28 87
50 85
60 48
12 80
17 70
18 36
96 84
46 34
5 18
50 60
92 29
57 23
61 29
3 45
80 19
67 1
38 61
97 91
27 30
64 43
22 54
67 46
32 35
70 18
11 69
59 84
16 45
58 81
67 82
89 26
70 8
94 68
38 11
29 55
6 48
6 80
46 42
1 31
3 65
50 12
3 42
95 45
59 34
15 22
49 89
90 4
82 23
38 2
86 47
60 4
2 44
59 100
79 49
33 31
28 17
89 18
43 14
95 61
46 50
61 48
83 39
16 57
54 67
72 1
44 63
11 14
29 32
42 5
64 97
32 97
43 16
18 90
78 41
53 1
32 64
26 82
42 56
65 38
63 83
27 2
25 41
16 26
85 1
3 41
100 8
64 69
43 10
94 74
10 82
89 59
54 21
44 20
4 15
8 87
15 72
99 78
70 53
44 3
40 34
85 1
27 99
35 1
54 90
4 92
87 53
86 5
29 73
29 8
2 42
43 55
7 10
78 34
11 32
92 62
32 75
10 40
7 31
75 84
4 65
17 64
63 95
57 85
60 35
18 9
16 23
27 6
16 38
38 75
70 8
56 71
74 75
96 59
90 23
28 17
51 2
28 75
65 21
31 74
56 83
66 15
73 80
63 44
96 48
35 11
6 5
79 22
45 2
12 87
53 58
100 18
80 50
67 52
8 2
92 84
84 12
76 25
18 89
52 50
13 51
87 49
7 72
38 26
34 59
48 95
65 94
84 60
75 69
29 66
14 85
83 3
47 80
38 64
97 46
94 28
73 26
54 3
72 1
69 80
65 89
77 58
20 97
97 91
43 61
27 99
88 26
79 73
54 75
5 67
30 74
18 25
43 15
88 45
56 2
76 25
87 91
20 47
11 84
13 12
1 13
76 68
95 14
99 44
13 83
43 60
92 23
37 8
96 62
15 24
5 87
13 2
91 33
24 84
9 92
34 94
3 34
48 18
64 18
8 60
52 36
93 43
26 84
46 50
32 39
81 38
73 26
18 30
52 84
83 9
30 41
4 48
58 28
25 6
2 92
22 10
67 65
45 14
59 69
15 78
60 37
15 8
27 80
2 22
91 43
35 23
35 67
45 76
82 92
50 84
52 87
85 27
94 26
77 70
30 28
25 64
9 59
2 53
42 45
61 43
36 13
72 37
16 90
45 92
48 43
70 81
66 53
66 59
14 47
76 22
80 37
25 35
91 81
6 68
27 56
33 23
92 42
13 22
77 50
25 86
15 5
28 36
61 12
8 82
5 57
42 92
33 98
13 16
95 96
74 94
25 58
30 9
97 31
93 99
74 52
44 25
62 32
92 5
62 83
27 78
19 78
93 19
4 12
9 58
51 38
30 68
41 80
42 32
94 89
69 81
19 17
8 46
97 16
79 80
16 79
1 24
21 71
100 28
65 39
15 67
73 22
42 48
97 27
22 4
34 99
22 78
17 28
95 30
65 34
78 10
73 7
84 11
23 81
76 70
44 68
73 70
57 37
37 99
14 1
51 78
5 31
84 17
10 75
1 46
63 49
25 5
53 70
35 19
24 33
18 60
1 37
49 6
11 60
97 63
22 9
44 58
71 93
38 88
90 87
35 26
68 49
14 45
18 37
90 81
90 14
14 56
62 51
46 3
50 7
27 3
48 80
54 37
11 72
58 6
7 35
25 20
82 10
59 56
11 90
58 94
28 67
11 27
58 99
38 26
60 41
79 59
33 83
30 33
16 98
74 21
64 11
83 47
88 17
34 99
24 79
77 31
47 6
85 29
74 85
48 12
12 32
22 16
1 1
74 55
79 21
59 35
98 74
12 82
18 42
8 63
21 76
45 8
70 41
78 26
35 34
29 82
8 85
19 68
58 66
24 34
93 89
74 28
58 80
80 57
59 26
82 59
8 87
57 32
18 39
81 23
4 43
29 22
54 38
56 95
54 76
84 10
67 29
51 1
48 92
84 22
10 16
68 19
80 30
80 56
98 44
66 63
8 89
5 80
85 30
18 55
80 14
77 70
43 82
90 45
56 27
53 60
71 55
63 65
61 91
40 46
95 40
16 85
69 67
1 77
23 80
74 95
84 87
89 60
25 47
31 30
72 82
86 62
51 48
4 11
65 18
100 91
69 25
25 58
56 23
53 54
94 12
36 36
29 76
88 46
25 32
36 54
40 5
47 39
50 70
100 47
86 84
45 9
15 31
6 2
97 38
37 10
80 48
80 24
26 22
56 95
63 5
49 3
41 8
65 52
52 13
58 77
64 94
21 37
82 35
19 68
73 42
75 98
6 55
54 69
62 43
82 87
89 22
53 99
28 25
39 44
4 45
66 60
83 52
70 28
71 61
79 89
6 37
50 61
10 64
83 58
57 55
24 68
84 12
98 62
88 71
35 76
55 91
3 17
7 12
88 25
74 84
32 6
14 22
79 39
85 26
27 17
61 77
73 48
79 15
40 53
11 43
82 12
5 12
45 94
3 39
76 24
75 35
8 27
77 84
85 50
43 37
86 90
60 18
78 48
83 52
48 40
64 24
89 94
2 56
71 87
76 18
75 92
2 44
89 39
6 82
38 70
15 55
18 58
10 69
45 22
57 10
73 11
78 33
14 21
17 56
80 23
41 96
92 90
39 49
69 80
28 40
33 85
54 69
87 9
10 85
88 72
86 100
74 60
76 65
40 8
44 46
3 82
14 99
97 90
91 73
71 80
34 11
57 27
88 89
95 79
53 100
97 98
67 89
30 84
62 70
36 44
9 6
2 65
79 86
100 7
70 96
6 77
32 43
76 65
44 37
42 27
63 88
82 36
67 86
39 53
21 43
62 84
93 86
86 93
10 73
84 58
57 72
95 35
92 37
96 12
89 13
45 36
44 9
8 1
74 20
5 30
43 96
35 25
58 47
21 33
86 31
80 42
78 9
17 74
55 58
73 45
10 52
69 46
54 81
28 90
59 98
26 75
89 73
52 35
12 68
98 97
35 93
20 91
92 31
78 29
15 3
33 43
22 64
11 63
92 95
48 83
15 93
34 42
34 60
25 91
6 75
19 42
4 32
83 83
87 67
10 42
7 80
49 19
78 87
61 60
76 8
37 36
86 86
17 32
88 70
49 53
66 80
74 62
68 44
10 10
3 42
83 46
42 4
25 6
45 8
85 50
24 40
59 52
18 91
9 99
35 42
75 65
79 41
38 26
9 100
17 7
99 67
15 79
65 77
77 5
27 90
93 36
65 40
13 27
61 67
52 61
61 80
26 46
77 75
81 23
87 7
79 16
63 20
80 62
55 21
7 79
64 11
30 13
17 31
81 2
38 11
4 72
55 18
16 3
41 97
15 69
33 10
92 15
30 99
49 86
68 19
56 40
93 74
32 10
20 67
53 40
35 71
33 46
31 38
11 45
13 20
17 96
41 60
27 39
97 58
96 33
85 69
60 68
77 45
53 99
93 21
15 7
56 23
99 39
82 10
49 71
14 7
14 71
40 86
43 58
15 8
7 56
50 97
7 81
90 66
70 63
60 21
24 36
2 8
42 10
86 80
14 27
58 5
78 91
92 17
54 62
25 75
76 86
14 82
2 71
28 36
6 2
16 30
84 58
4 92
97 39
84 81
69 51
63 9
23 66
11 8
29 16
81 21
61 4
35 49
70 86
82 67
46 69
45 73
83 26
39 30
82 4
48 5
97 34
59 95
39 73
50 48
36 21
14 10
15 81
37 44
93 46
72 34
52 73
28 55
28 26
100 63
11 35
96 28
14 23
33 100
7 35
94 90
13 73
19 90
81 38
34 10
100 8
78 58
30 83
34 86
17 87
63 86
81 90
13 73
22 32
71 14
14 72
57 5
84 24
29 52
45 48
28 69
52 85
48 72
56 75
79 62
99 34
66 10
27 89
13 56
51 61
85 75
58 45
15 33
3 17
38 35
1 95
54 24
16 92
30 77
87 9
32 79
93 62
67 50
96 3
66 46
89 64
9 74
74 50
72 87
89 25
70 49
51 7
41 61
17 20
6 81
71 23
15 53
24 90
97 63
79 60
74 3
81 38
37 4
40 35
35 6
74 38
40 29
88 29
41 82
22 57
74 90
72 60
14 71
92 91
67 62
31 16
80 6
28 87
56 17
3 92
16 11
25 65
54 50
8 23
41 84
11 83
79 45
7 88
34 72
27 60
86 47
59 74
8 97
22 2
99 61
42 54
47 92
38 41
30 34
40 73
11 50
55 23
11 84
24 20
99 66
30 97
6 87
78 71
57 83
13 3
33 15
24 45
37 67
38 64
32 67
29 2
48 46
62 12
36 89
34 70
88 71
21 87
92 95
95 19
94 88
42 7
89 24
92 79
32 100
70 57
31 51
42 49
76 80
94 34
18 68
74 97
75 30
75 54
4 67
31 64
88 56
36 81
6 8
24 74
25 97
89 75
5 27
72 94
50 38
40 67
57 63
38 60
12 53
1 10
84 30
5 40
42 16
72 53
96 19
25 15
93 9
79 21
67 63
69 40
72 7
36 82
42 36
46 88
10 35
45 55
28 52
97 42
32 87
33 59
73 67
56 83
74 33
77 45
80 77
23 70
68 11
88 91
60 29
79 63
88 52
44 58
35 55
30 68
67 10
82 25
6 34
60 71
60 45
24 49
28 10
83 51
59 30
21 46
28 39
21 17
18 52
7 42
69 10
49 38
92 100
41 77
57 21
65 33
69 21
88 49
87 54
36 84
75 91
99 83
66 46
63 43
94 92
100 52
44 62
60 54
82 76
1 95
71 24
93 73
25 95
98 33
76 23
83 25
19 30
3 13
3 93
36 81
10 54
24 2
36 71
53 6
64 30
44 91
17 38
85 51
83 91
3 43
72 34
58 81
53 77
38 31
72 23
46 69
37 83
67 36
6 74
70 10
67 31
76 97
63 82
91 77
26 81
38 57
26 53
96 63
92 69
80 45
31 95
53 75
3 99
18 65
5 32
19 28
14 7
21 21
3 78
96 97
76 63
74 63
53 30
28 40
11 46
76 4
26 60
100 80
42 40
31 33
21 89
61 22
58 81
83 71
51 98
83 13
20 27
76 51
78 27
64 47
8 47
60 22
16 73
10 45
30 38
21 4
28 73
43 45
93 24
30 2
38 93
20 87
56 17
43 74
100 78
18 62
18 78
25 37
17 41
12 69
55 21
38 81
72 42
64 1
72 51
22 39
47 65
92 29
50 41
76 92
7 28
57 88
88 65
22 100
18 32
17 2
42 56
46 56
59 98
87 79
27 58
48 43
6 17
82 74
90 16
57 94
100 87
8 45
81 82
68 79
19 65
87 2
5 59
42 6
51 54
77 62
63 97
49 71
20 90
64 37
24 62
26 17
20 76
11 78
99 69
90 8
79 79
93 24
35 63
37 29
79 54
13 72
37 71
36 71
95 45
26 38
93 16
46 83
85 83
25 50
13 61
55 47
12 3
70 20
96 5
62 57
98 33
59 1
10 27
69 22
22 37
85 40
46 91
94 13
48 17
44 59
35 72
26 47
36 34
69 86
15 75
66 87
81 58
51 97
2 57
27 54
76 35
46 25
72 89
61 69
70 74
85 49
15 67
81 76
54 20
11 71
94 84
51 52
21 23
55 62
19 26
94 60
40 1
64 16
39 24
87 69
59 26
73 47
12 16
95 59
93 84
26 42
12 45
26 93
76 91
13 54
52 99
4 25
10 78
24 87
16 45
32 3
60 35
82 11
64 78
13 7
92 34
58 14
15 58
64 56
12 75
85 83
58 67
3 28
100 50
48 42
89 96
58 75
21 88
53 63
52 85
65 24
30 5
64 30
90 16
58 95
28 83
42 14
61 71
90 12
17 100
28 67
21 14
76 87
9 77
36 43
40 93
53 62
93 56
6 2
16 18
57 83
90 37
25 36
11 10
89 38
73 78
100 57
98 65
45 17
4 20
50 49
61 92
33 76
65 78
51 8
90 22
44 12
44 21
50 44
85 23
12 73
77 10
57 88
87 11
38 86
93 31
78 55
90 100
37 38
83 56
57 69
45 20
24 44
82 4
56 29
12 82
6 33
55 86
9 46
2 2
58 57
10 46
62 93
90 32
26 76
64 100
32 53
22 87
7 73
33 96
58 62
70 45
10 5
15 1
56 7
99 42
7 31
85 61
88 41
95 69
67 16
44 61
40 88
90 12
77 65
95 69
53 45
82 49
1 54
14 42
35 50
10 62
75 87
49 95
51 93
53 62
12 94
82 97
26 1
71 18
15 44
83 14
40 14
76 48
49 14
48 20
74 41
55 97
32 80
61 34
2 65
51 48
56 94
41 4
92 11
33 10
35 72
45 55
14 59
35 77
10 96
1 60
44 38
36 82
49 54
94 82
40 96
60 100
28 78
65 48
82 17
42 21
100 61
22 83
17 20
48 26
21 2
90 61
55 22
52 34
2 46
56 38
2 81
57 39
96 42
94 43
41 1
82 65
90 97
7 59
68 42
51 92
7 18
63 31
86 25
55 24
8 13
78 72
66 23
35 90
42 19
48 91
28 63
41 31
21 73
44 82
41 57
93 27
85 94
95 30
44 60
38 39
50 68
98 92
95 30
97 61
43 34
35 30
78 25
84 82
93 40
97 18
86 73
99 9
59 49
23 49
5 32
18 13
100 21
71 6
53 54
42 91
70 49
80 16
34 22
42 73
76 50
74 30
34 99
60 43
68 11
29 10
50 34
69 30
26 53
44 15
65 90
20 38
30 96
94 67
55 19
75 35
90 84
40 43
73 43
100 84
63 44
78 27
18 96
62 16
100 84
22 2
55 6
69 32
53 17
89 79
10 57
80 66
14 60
95 55
92 61
34 71
23 17
41 46
2 100
1 21
84 60
19 42
20 59
65 55
12 8
75 29
39 89
54 43
66 24
64 83
5 27
28 67
41 61
22 74
90 82
40 97
95 75
44 39
60 80
48 44
84 18
21 36
27 61
50 77
15 43
18 21
35 47
37 59
58 66
88 99
37 31
93 77
6 40
9 89
10 31
70 99
35 70
100 71
23 41
100 45
63 54
27 19
28 11
55 66
1 45
69 44
46 62
95 19
64 82
57 42
94 14
100 51
77 77
73 75
1 28
91 19
42 47
35 26
80 29
52 65
22 24
68 60
96 41
80 15
76 100
57 72
49 13
62 21
57 94
23 54
62 65
71 99
1 24
41 27
78 65
53 68
61 70
75 78
100 39
76 4
32 71
93 52
75 54
60 48
17 78
75 33
3 18
59 25
61 59
82 99
62 41
83 82
49 10
57 81
62 97
77 9
14 4
62 9
38 82
22 98
84 14
51 46
44 96
36 38
91 73
21 12
89 5
3 94
48 90
88 43
79 49
79 60
32 47
53 55
38 59
1 24
80 87
40 29
11 100
92 45
73 79
72 40
74 79
22 88
80 21
87 27
50 48
45 76
100 87
87 29
66 73
35 1
38 27
10 21
71 90
80 51
82 32
11 46
83 96
29 73
50 41
61 45
7 33
33 87
65 51
97 43
33 62
96 89
88 71
43 62
88 34
13 49
66 1
61 64
34 88
46 73
100 42
83 36
90 49
51 28
21 16
8 73
86 80
58 42
17 93
56 69
38 92
98 77
18 67
72 88
79 49
67 7
32 84
37 33
99 93
48 86
33 76
84 54
44 74
73 98
26 67
31 59
85 99
44 20
43 22
70 86
41 92
94 63
4 73
30 92
45 43
24 89
89 65
30 22
34 82
5 9
37 43
23 74
55 85
54 9
94 13
85 34
72 15
77 48
21 66
70 59
24 85
6 41
53 64
67 58
78 91
31 31
49 17
14 89
74 50
92 90
35 26
14 93
85 5
38 99
95 85
29 47
13 39
84 1
58 68
46 20
40 9
46 62
68 45
46 94
99 70
61 9
82 27
22 36
89 8
3 44
92 46
13 92
8 37
96 10
31 50
37 27
78 92
80 66
2 67
3 93
71 7
36 92
68 85
7 11
73 42
15 21
36 57
85 80
50 21
45 77
83 100
41 30
91 90
50 44
87 23
89 12
63 5
20 1
63 47
51 12
22 44
6 45
15 4
81 32
1 6
98 53
69 58
31 49
77 70
70 24
33 41
99 28
5 68
53 77
5 39
29 9
67 98
40 47
66 89
16 70
37 75
48 40
56 99
27 65
49 35
94 73
67 76
11 39
14 25
29 74
14 51
35 21
34 18
80 54
68 52
87 75
77 58
36 62
17 23
53 79
6 37
1 63
3 6
62 4
53 92
8 44
43 13
19 41
99 43
8 53
86 10
35 17
7 92
42 61
13 81
7 26
35 85
80 8
18 65
100 10
8 82
83 67
35 82
94 51
62 20
54 33
80 26
91 29
89 94
96 100
43 7
46 31
48 63
98 64
60 86
1 6
5 60
2 98
71 46
55 2
61 2
57 7
42 18
67 93
98 67
54 51
73 19
84 4
33 10
42 35
84 13
93 91
76 1
70 46
86 94
90 72
23 78
17 71
80 100
63 24
12 70
74 58
61 6
11 84
71 21
20 91
63 89
27 32
21 41
86 34
34 33
81 42
42 93
75 3
99 87
91 59
80 5
23 5
26 62
65 14
17 91
9 26
57 57
92 91
30 71
94 50
33 62
4 1
10 20
12 13
19 76
73 89
86 22
79 33
83 73
8 94
98 23
98 13
35 26
18 15
83 99
68 10
50 9
76 91
94 12
48 95
66 1
73 68
22 51
43 63
37 82
38 41
52 40
45 90
82 83
33 63
90 39
14 44
37 15
99 10
78 8
55 90
23 50
15 29
85 22
58 74
22 74
82 96
55 87
8 99
99 63
37 85
27 9
100 23
12 75
20 72
47 17
29 75
45 92
20 67
71 89
33 73
58 59
74 81
78 14
91 41
7 95
67 52
56 36
95 9
18 13
33 43
1 50
40 62
47 23
85 23
97 36
69 48
18 70
51 74
28 47
16 32
39 58
55 7
67 6
2 84
74 30
13 22
30 10
18 21
32 40
53 51
51 45
41 98
26 31
80 58
83 38
84 77
98 61
39 73
30 85
15 73
71 67
82 86
7 87
70 41
18 8
3 74
90 89
35 77
6 47
17 87
2 61
96 56
71 45
68 66
98 39
45 74
32 40
79 100
14 47
16 79
31 50
16 43
56 29
9 32
47 1
91 66
44 8
45 13
29 91
26 44
11 38
51 9
7 29
17 24
20 2
77 88
72 49
9 90
11 65
77 95
26 28
65 77
72 50
96 72
32 94
21 40
92 97
64 33
100 39
58 95
79 64
30 41
25 38
86 92
90 24
72 90
76 9
34 84
68 2
56 99
11 27
30 39
7 60
69 8
47 14
26 61
45 95
18 62
35 2
8 59
46 56
12 29
72 87
17 57
7 52
3 81
38 48
51 100
18 65
89 87
8 95
96 80
70 79
84 84
34 71
60 2
7 73
61 80
45 85
74 26
17 30
55 64
4 65
75 89
23 71
2 30
52 49
20 65
19 92
86 2
27 76
64 99
49 30
98 62
32 8
8 33
100 94
21 55
58 85
18 11
9 93
17 31
65 90
79 71
100 14
50 61
90 25
7 38
11 92
34 9
32 63
79 21
40 72
87 79
5 62
14 42
88 9
56 10
33 59
6 52
94 12
11 34
21 50
42 93
8 47
5 57
49 78
60 93
25 64
58 62
29 3
34 56
74 92
93 44
64 27
26 5
43 56
53 51
84 42
5 47
86 11
15 56
35 20
77 83
2 35
91 81
42 76
41 43
46 42
27 34
47 94
39 5
37 19
19 95
33 50
45 66
23 4
33 27
56 58
48 67
91 88
84 12
33 22
16 31
76 7
96 100
41 35
70 63
48 50
76 28
26 61
85 13
43 35
12 80
13 95
44 69
2 12
54 22
84 63
100 6
80 8
82 8
38 10
17 26
53 3
22 11
13 43
75 58
55 37
68 52
74 24
45 76
3 63
6 97
12 6
30 70
53 97
5 92
100 84
52 98
80 71
77 44
36 10
22 6
41 76
100 56
17 74
94 39
54 30
53 89
93 44
85 37
86 96
83 6
53 14
38 50
4 16
65 57
65 7
58 5
84 8
90 82
54 80
86 23
48 79
18 38
16 44
100 27
22 29
67 27
52 24
53 100
95 22
39 34
75 5
87 49
39 41
43 30
81 88
92 70
47 18
73 83
28 6
33 66
55 88
81 20
22 15
11 4
45 28
38 74
20 8
81 35
28 55
26 39
18 57
75 85
43 76
85 100
26 11
64 5
3 78
77 87
16 56
98 100
68 72
42 12
84 100
6 12
37 93
16 87
49 82
83 11
89 70
76 39
15 28
95 57
56 10
37 42
5 12
53 37
26 67
25 71
33 24
53 74
50 10
2 80
27 10
44 37
87 32
5 21
7 93
89 61
81 59
74 48
38 12
48 30
68 11
74 12
5 41
4 4
89 98
53 74
86 66
29 19
81 65
53 93
24 28
36 74
89 86
80 39
40 63
66 53
56 62
24 86
19 78
57 23
26 17
97 87
100 59
64 100
1 59
58 52
4 61
34 17
84 51
42 72
33 46
51 62
67 83
38 39
54 17
7 33
42 12
91 82
36 3
22 28
43 74
11 30
10 2
83 59
90 21
49 16
49 11
46 82
25 1
67 88
2 56
50 17
15 27
54 14
13 69
16 85
11 17
68 29
49 2
94 20
9 52
33 47
44 81
27 87
70 37
49 97
34 71
64 49
40 78
69 73
37 28
34 3
31 3
46 29
17 61
20 75
47 44
65 24
17 8
71 96
83 63
71 63
72 65
97 89
24 76
36 33
12 74
86 45
3 13
12 75
80 64
64 64
45 73
75 96
90 2
66 10
76 44
23 72
29 10
67 73
43 45
18 37
100 75
25 99
63 18
16 35
97 73
61 13
32 10
13 32
83 61
14 73
35 94
6 25
63 61
10 21
41 9
26 86
96 65
96 21
38 12
27 28
59 84
34 37
1 23
48 86
51 98
28 18
23 9
32 59
94 90
17 53
49 95
94 64
42 3
63 64
61 51
38 27
24 29
93 60
2 58
58 89
58 32
89 51
64 65
20 45
98 72
4 73
46 30
45 88
51 93
35 94
71 68
9 28
20 30
24 42
9 65
70 27
51 60
83 74
1 85
97 49
99 78
49 31
90 13
92 81
64 47
2 63
81 59
87 75
94 74
35 17
96 15
4 6
23 19
59 79
23 2
72 90
15 3
20 31
17 30
65 95
6 24
39 97
74 74
25 53
62 38
34 39
95 31
65 97
16 64
47 15
61 46
66 41
48 46
2 10
58 73
11 92
3 24
90 32
49 18
49 97
24 100
44 32
52 2
46 18
55 62
26 3
70 60
69 16
46 86
86 89
85 62
3 61
24 85
10 35
28 66
38 22
43 73
74 96
2 19
58 36
72 11
14 16
76 29
19 8
15 25
85 1
81 51
17 48
74 84
29 68
65 96
98 83
25 51
68 50
95 1
79 64
94 4
64 12
99 79
91 89
1 100
83 40
93 2
25 36
93 74
72 67
14 57
35 99
45 62
67 27
45 86
17 24
80 94
20 66
87 31
94 70
4 67
20 81
62 69
29 2
100 100
79 65
78 37
24 50
98 14
25 89
54 13
91 17
40 100
52 43
33 58
41 99
87 34
78 59
17 34
79 8
49 25
30 42
65 58
46 38
96 21
61 95
62 62
75 14
80 61
100 44
20 36
35 79
19 25
33 4
16 80
19 76
63 68
93 16
94 26
61 81
17 4
48 90
3 50
57 3
51 85
36 7
97 53
37 18
13 65
65 38
15 77
13 89
94 32
32 34
58 26
41 4
92 29
71 39
15 69
24 89
71 83
86 4
58 67
41 59
70 8
73 98
11 34
33 75
18 14
5 59
45 8
34 69
52 1
47 57
42 24
2 85
34 63
38 28
91 54
98 27
2 66
5 31
11 67
47 49
36 64
20 44
87 52
80 44
91 83
53 20
3 32
13 65
90 76
60 50
5 23
60 83
85 48
16 8
44 9
2 13
20 19
88 16
87 81
23 19
86 24
29 56
76 55
20 38
18 84
66 8
69 16
72 1
71 38
79 82
18 49
58 54
99 78
57 52
37 97
41 60
9 23
91 81
5 24
51 98
51 30
9 98
10 32
87 29
24 5
5 41
40 41
43 23
44 56
78 74
65 93
29 32
6 81
93 99
100 69
76 64
58 7
69 85
47 64
80 96
99 18
16 64
38 49
49 95
72 67
26 98
89 54
33 90
17 78
93 29
83 39
19 59
54 78
44 71
57 88
77 35
100 11
48 80
72 9
43 18
25 5
88 2
23 1
83 86
80 52
23 70
58 1
38 10
91 6
56 65
17 6
41 23
23 80
6 6
90 18
95 99
84 3
78 23
79 88
52 80
23 4
13 78
22 91
28 81
8 100
30 78
4 67
7 10
77 9
27 76
49 80
1 14
67 29
71 80
35 51
46 80
45 1
44 51
35 90
87 6
99 15
4 47
28 29
74 47
61 52
17 98
68 45
96 7
46 72
98 84
47 38
68 27
10 61
20 28
47 60
17 13
49 57
3 26
75 22
25 66
29 53
23 53
78 79
95 81
45 85
64 29
93 13
90 85
8 79
79 54
28 91
58 46
34 52
55 71
31 44
95 3
71 20
50 88
90 61
17 43
47 23
89 99
36 70
8 35
8 78
83 29
76 47
57 35
85 54
2 21
33 100
65 7
76 73
62 30
12 39
21 57
26 10
56 51
62 94
85 40
34 56
89 84
42 85
20 7
44 6
25 80
14 62
66 25
74 67
3 22
82 19
73 41
43 72
70 88
32 76
51 2
52 16
60 74
59 36
88 22
61 94
91 87
4 80
37 19
5 68
15 18
57 75
30 77
22 21
70 20
14 16
8 28
10 3
7 53
27 35
5 60
31 32
40 96
71 36
5 51
94 69
4 55
29 91
37 93
73 42
60 18
39 46
76 10
19 92
97 33
15 83
32 37
39 19
19 62
68 55
95 86
85 79
76 82
24 14
7 51
45 1
89 81
66 79
6 56
96 33
92 65
63 15
26 17
31 12
33 3
82 67
76 32
88 57
62 9
64 24
13 50
22 79
2 21
40 11
92 22
50 53
7 93
23 58
41 71
77 54
42 13
35 8
61 85
17 94
59 73
19 87
13 94
99 54
84 17
19 1
94 86
27 81
81 16
72 2
57 92
65 70
53 20
85 24
4 26
15 81
48 99
16 27
88 59
50 20
8 90
31 80
51 72
14 82
6 37
91 95
90 88
47 1
26 54
2 24
64 94
36 27
73 62
28 40
34 80
56 79
46 40
80 17
83 59
78 7
51 71
91 3
94 76
55 90
75 78
98 53
21 22
75 28
65 32
60 80
76 99
72 21
91 11
26 23
37 2
48 100
17 17
26 41
94 52
94 22
80 64
9 46
81 48
52 26
37 37
14 79
59 56
34 28
45 96
93 66
12 35
95 66
36 68
57 62
50 7
10 97
54 67
22 29
36 77
71 98
82 60
11 75
42 18
24 23
37 97
79 71
71 74
5 65
56 12
64 25
98 39
35 27
25 22
30 86
38 4
61 58
43 17
97 11
46 38
40 12
89 77
9 24
34 29
24 96
66 85
35 87
86 93
19 51
57 67
21 21
89 100
90 27
84 95
83 17
13 1
20 44
13 40
83 26
76 60
20 51
98 50
25 98
7 29
74 24
54 36
44 85
86 81
48 4
40 95
32 70
87 15
81 23
40 93
21 95
4 19
5 78
7 81
41 63
76 80
15 48
62 83
16 80
4 26
45 29
98 48
16 78
16 24
62 87
50 3
91 36
82 89
100 4
15 33
40 70
73 27
20 20
83 6
59 60
67 23
23 100
90 29
54 89
55 75
29 22
26 35
58 93
34 51
32 16
99 55
61 82
47 15
12 89
76 13
2 92
8 17
26 61
18 69
75 93
87 99
19 23
17 28
20 40
18 26
83 12
59 9
91 53
2 32
94 66
49 64
68 6
68 17
90 92
21 47
22 91
18 65
46 81
79 83
3 15
30 48
29 89
63 49
28 14
92 77
39 61
29 5
51 46
64 73
98 25
25 38
2 72
17 47
93 65
