4000 101316
17 66
8 61
20 81
44 79
62 6
22 58
33 86
52 50
30 57
14 79
64 98
30 81
81 54
93 81
13 1
36 84
43 53
93 61
95 72
64 61
100 100
99 1
87 4
66 9
73 69
85 67
86 5
95 77
87 84
11 80
42 90
55 1
71 40
61 22
98 31
32 97
83 80
82 16
84 46
12 88
96 94
99 95
94 68
28 99
92 27
6 20
63 83
86 80
51 80
57 54
2 92
50 32
7 55
88 47
15 92
31 75
24 66
1 96
77 4
10 49
11 27
18 45
16 1
81 18
31 66
13 31
65 14
13 97
95 47
48 59
76 84
42 92
98 5
21 4
69 43
41 31
79 23
31 25
27 62
29 55
39 78
28 5
78 86
97 84
67 52
93 77
28 11
90 17
45 24
4 14
51 17
55 50
74 58
66 17
88 67
4 75
30 99
52 32
68 72
76 97
51 42
95 7
17 89
48 46
68 10
37 31
89 76
46 85
19 7
67 90
74 91
57 36
46 94
3 76
54 20
64 45
95 4
33 30
5 13
91 79
36 95
55 29
46 28
61 4
72 97
85 46
16 78
1 96
36 77
35 49
29 92
38 70
82 8
45 32
37 15
49 69
34 14
77 42
94 53
52 20
43 31
19 43
9 56
40 77
21 70
14 27
3 21
68 25
46 8
7 86
10 3
33 2
13 14
55 82
94 5
84 11
91 79
61 34
37 58
78 7
96 35
65 49
15 76
77 42
61 81
52 90
25 10
94 94
28 32
70 15
98 66
23 14
88 9
6 21
62 90
60 31
71 47
17 11
79 55
16 54
23 96
89 10
100 7
88 61
95 91
93 63
23 23
86 22
6 96
11 80
15 28
1 30
75 29
30 4
77 23
88 61
33 93
53 85
81 6
12 76
22 99
78 71
34 90
61 59
35 43
48 79
72 89
57 41
64 89
3 96
24 46
38 36
91 5
24 52
25 49
37 47
68 66
100 71
74 68
73 62
10 51
89 96
73 43
37 79
70 51
1 18
24 91
2 43
53 2
4 96
13 19
74 52
34 19
47 8
86 10
20 61
46 38
58 51
77 2
9 79
60 46
52 47
46 14
2 2
75 51
23 14
90 100
43 16
74 85
64 20
67 29
83 35
4 67
92 24
19 65
73 17
92 41
42 7
74 59
45 94
98 2
86 29
70 97
83 72
84 88
8 6
54 33
29 26
65 56
82 86
37 4
76 53
34 84
35 69
29 54
8 34
9 83
18 54
2 2
82 19
81 73
21 82
16 5
84 39
12 5
87 69
56 7
3 97
80 75
81 17
99 42
77 28
67 46
21 38
11 100
2 85
28 44
17 84
31 62
44 51
98 21
19 65
19 56
83 4
5 86
99 9
43 90
65 20
16 14
44 43
98 38
97 38
64 24
14 42
32 28
27 81
100 62
40 34
30 77
79 88
72 51
28 71
8 67
90 48
100 8
70 18
92 84
27 3
86 1
74 46
70 54
36 21
44 62
40 9
18 77
49 47
38 69
60 66
65 18
54 35
4 60
63 55
2 24
19 83
28 48
85 52
46 63
27 61
76 37
27 92
57 48
48 39
6 62
16 15
37 86
6 21
86 84
28 70
32 24
23 37
53 67
54 77
58 9
97 28
45 37
76 85
97 27
83 57
35 2
61 44
88 91
90 61
75 51
41 67
61 96
2 98
77 18
58 10
28 59
53 6
84 1
37 58
100 45
41 14
4 24
36 30
46 35
41 8
16 51
30 58
64 44
68 69
83 86
73 52
64 97
27 74
100 37
12 23
61 30
35 90
73 18
100 73
76 51
47 68
40 39
88 98
49 18
17 8
45 7
28 76
69 13
80 8
16 85
20 9
21 73
20 9
55 91
66 59
12 16
22 41
95 68
75 11
90 10
29 53
100 62
5 58
8 26
99 50
17 32
68 8
85 40
41 49
68 32
61 42
87 69
59 22
48 39
87 86
27 81
45 45
67 13
47 93
24 4
82 97
66 2
96 29
53 57
73 92
62 87
65 72
46 84
8 55
91 82
35 45
89 59
90 96
92 54
96 37
41 45
8 85
15 44
25 36
48 34
34 27
85 29
86 54
93 48
85 19
73 39
71 80
29 16
39 3
18 72
4 71
72 99
35 25
100 99
77 56
59 68
13 38
41 79
5 4
20 92
83 13
91 100
60 2
25 8
82 54
55 38
65 4
89 38
22 33
89 40
88 23
55 59
26 20
74 76
99 58
62 39
98 66
70 37
90 54
88 68
39 61
93 24
59 19
25 37
92 75
87 74
84 57
4 12
79 4
40 60
76 55
62 16
30 59
87 56
38 75
12 12
42 94
2 79
52 2
15 26
42 70
40 24
69 37
19 89
65 52
68 46
80 79
62 17
89 35
21 84
49 85
79 95
66 60
59 3
3 83
9 34
46 28
38 39
13 97
76 31
77 98
40 51
37 99
7 9
26 6
26 73
70 72
19 51
79 51
21 73
33 29
73 72
12 49
54 65
91 61
76 100
73 62
23 91
37 68
61 96
95 75
37 4
91 90
60 86
48 6
93 25
69 19
93 85
31 63
33 67
20 68
59 61
24 17
57 18
65 21
49 74
34 90
86 92
20 25
13 93
59 65
4 53
85 64
70 65
57 69
27 76
98 64
29 30
1 19
86 31
41 26
96 93
23 35
31 67
7 30
70 92
24 91
27 100
14 29
6 54
11 66
33 96
64 66
34 82
41 65
81 38
35 7
27 54
66 29
54 31
39 98
76 45
57 35
23 14
46 9
66 3
1 41
43 72
94 33
2 59
80 55
35 10
49 3
2 41
65 76
7 32
23 84
40 19
34 31
88 12
97 24
44 96
73 59
61 41
30 29
65 23
93 78
64 36
91 29
10 6
69 18
81 26
86 51
77 53
55 39
83 11
42 55
56 80
77 35
36 39
9 90
56 89
22 48
57 93
10 81
86 76
15 24
32 64
78 46
100 7
72 28
74 69
96 2
96 86
86 9
25 83
60 61
30 86
40 70
3 89
40 43
8 87
83 66
77 45
84 39
38 5
59 56
26 46
45 36
87 90
13 84
53 77
42 30
34 84
61 69
51 62
71 11
75 45
35 25
100 56
75 51
58 52
74 24
70 4
53 90
11 84
46 38
64 50
41 69
85 7
66 90
32 63
92 94
1 55
60 8
27 84
90 11
70 15
4 29
34 98
56 56
16 65
86 75
97 85
1 100
98 43
100 46
72 10
72 39
34 22
23 65
98 89
91 26
96 40
19 45
95 67
59 23
64 82
58 68
51 43
100 89
76 57
34 5
43 34
28 11
93 64
70 17
17 74
62 30
25 98
2 71
17 85
41 62
39 45
65 69
93 61
36 40
64 66
16 22
59 30
49 40
39 38
57 71
91 65
86 29
75 15
85 83
44 51
91 48
95 50
46 45
90 88
22 6
79 1
33 21
49 68
71 17
54 38
17 41
32 46
78 35
70 64
100 31
70 48
8 60
65 51
15 60
43 51
80 69
30 33
1 81
29 8
68 70
9 51
19 24
6 98
36 17
56 6
1 100
78 64
2 55
47 96
67 52
23 12
25 96
51 24
23 31
96 12
56 13
91 24
79 58
34 99
60 87
31 40
55 46
67 98
47 90
69 57
9 1
26 10
51 89
61 81
6 17
70 10
22 83
77 92
75 7
57 51
32 49
76 58
34 14
33 55
22 53
52 17
7 66
46 49
3 93
29 49
93 12
10 5
19 72
24 21
43 4
78 10
54 60
50 1
96 59
52 2
70 58
4 59
77 11
20 46
16 39
35 80
90 56
37 73
11 23
16 14
45 23
94 72
91 72
78 89
26 26
12 76
30 57
84 44
10 76
84 49
12 92
54 88
93 54
82 15
77 8
88 57
11 24
82 20
37 57
6 82
33 73
58 66
61 93
62 35
78 12
28 31
96 14
19 19
65 56
6 37
34 84
9 30
99 60
25 7
39 18
76 85
88 83
68 75
11 80
49 58
3 75
74 23
55 45
95 28
55 37
31 5
34 36
17 12
65 76
22 45
22 46
97 100
80 10
34 38
10 34
9 21
61 20
5 48
27 91
77 75
62 36
12 75
86 5
12 47
36 81
76 74
39 83
76 63
95 100
49 63
76 73
97 75
22 85
30 69
43 2
28 74
13 25
77 38
44 85
77 52
98 34
17 30
25 51
29 43
50 19
35 85
37 64
63 39
91 84
15 6
39 65
53 71
27 80
76 21
16 17
62 13
51 95
55 99
89 27
45 94
3 13
17 99
41 68
77 98
46 20
36 22
4 71
58 44
12 11
100 7
86 96
61 44
16 89
11 46
90 86
18 7
97 82
26 1
80 45
87 65
41 7
18 62
91 35
67 38
94 82
7 51
80 2
44 76
61 2
21 81
41 22
15 14
37 31
33 41
43 63
34 50
68 62
47 33
92 46
79 24
46 92
77 41
92 67
13 80
39 38
81 5
30 86
35 20
58 57
9 31
22 36
50 63
79 44
64 71
68 53
72 25
70 73
48 6
67 1
82 74
20 86
7 74
49 40
8 17
92 14
91 2
41 66
59 28
89 87
32 11
90 51
86 78
61 3
81 70
99 57
51 93
61 74
28 42
86 64
70 30
89 24
59 99
20 45
67 67
22 69
87 49
90 92
44 94
86 54
8 44
77 19
5 40
67 69
25 58
12 8
58 82
16 12
53 73
16 9
4 98
36 36
5 12
42 75
48 90
85 33
40 31
99 82
97 6
19 24
36 45
67 87
59 48
94 44
86 83
77 66
67 64
24 83
66 9
10 9
10 89
26 52
87 28
14 28
92 20
63 37
78 87
1 54
78 48
82 59
68 14
34 97
69 46
25 77
75 71
17 36
9 9
66 53
67 17
58 14
84 29
2 14
76 53
43 28
47 9
13 87
71 93
13 24
36 70
37 2
75 33
45 58
14 5
13 12
11 37
57 77
75 48
88 23
57 30
5 48
21 33
24 95
90 96
89 31
48 72
16 67
57 66
9 80
81 71
75 34
18 46
16 99
28 47
93 50
10 78
74 7
5 36
81 71
39 31
40 57
69 24
13 63
85 66
82 28
25 26
95 2
38 4
99 25
34 76
94 85
55 72
6 61
69 80
44 20
94 91
17 51
59 38
3 56
77 30
39 8
77 41
94 27
7 59
5 88
38 76
16 36
30 46
42 12
96 58
68 76
33 20
64 81
80 90
17 86
97 9
56 15
63 39
34 64
7 40
48 15
79 49
61 63
53 27
48 80
5 82
99 17
16 82
15 19
53 24
44 63
54 79
29 16
37 90
60 89
85 55
74 65
27 76
67 1
67 28
23 34
34 76
99 48
38 14
66 66
68 33
35 74
73 80
82 71
20 90
79 71
30 37
99 90
92 86
34 63
98 69
48 67
32 31
65 2
62 38
84 6
8 64
67 16
65 22
96 53
78 56
1 76
21 70
5 31
67 76
87 49
79 64
53 52
85 96
16 30
70 69
4 80
2 55
42 100
86 51
22 44
21 23
15 39
72 33
64 8
100 2
69 53
11 74
32 84
33 54
72 63
67 90
92 18
39 30
83 63
87 22
68 85
84 38
7 43
72 16
2 66
45 92
50 31
6 17
29 39
18 60
75 37
85 19
19 67
17 36
70 21
92 10
89 58
36 59
63 95
52 17
35 12
83 47
62 91
18 96
15 53
85 5
85 37
6 22
75 35
19 99
44 95
43 19
54 88
50 90
66 34
56 53
94 81
16 65
13 21
75 19
85 76
88 57
59 89
55 42
56 45
28 9
47 4
44 54
15 20
9 98
47 71
49 31
92 96
8 13
67 78
58 100
44 17
3 66
16 21
19 51
73 16
59 68
13 70
27 4
9 57
78 55
34 8
54 89
45 19
46 29
28 59
29 47
33 37
38 48
84 40
40 33
17 56
82 43
83 87
31 75
42 92
29 9
32 58
85 40
88 21
50 35
43 39
84 89
4 53
58 12
54 40
76 68
68 31
66 61
2 71
28 87
95 15
35 79
82 75
40 86
81 59
61 85
20 84
65 95
51 32
55 23
5 28
67 40
88 66
39 66
50 66
30 9
20 74
33 23
14 48
59 46
82 10
8 39
42 34
85 62
17 2
47 25
60 29
85 84
12 85
62 52
12 70
59 52
48 82
45 96
50 37
28 40
58 80
21 20
45 34
8 64
76 94
1 13
26 3
15 11
91 78
27 68
44 20
62 3
59 43
10 19
21 48
40 4
17 9
14 82
76 17
34 10
61 6
36 45
18 93
24 43
49 48
81 14
82 94
96 29
78 61
31 82
76 68
35 93
52 53
72 54
94 56
79 46
24 18
19 10
93 57
14 96
98 29
89 28
76 98
56 23
98 46
48 46
48 26
14 55
61 79
23 42
47 16
21 36
10 39
16 61
45 78
58 38
49 26
26 23
6 67
26 39
9 56
81 86
60 31
60 8
52 91
53 38
90 54
27 9
23 47
34 62
40 4
72 27
22 89
67 53
28 50
71 34
14 50
27 75
85 40
75 28
1 69
83 8
95 16
11 59
51 68
91 45
20 96
99 45
17 68
25 62
24 83
77 23
57 100
35 13
88 83
60 90
87 2
77 88
86 98
61 48
10 49
26 53
33 75
84 37
92 6
12 76
54 22
6 55
90 50
90 14
32 35
90 70
73 21
78 50
52 28
23 88
69 46
72 24
73 32
37 13
96 37
96 15
13 88
5 88
30 79
100 22
64 78
68 81
28 9
50 27
80 80
89 57
75 80
64 6
24 45
18 37
75 81
78 18
75 43
16 83
19 31
6 29
58 52
91 51
84 30
9 32
65 90
4 76
32 55
89 74
40 40
28 43
84 88
4 79
84 83
65 18
3 100
47 12
84 50
82 8
96 38
64 30
70 16
22 69
27 35
94 12
40 57
54 68
23 30
14 100
69 50
41 60
72 80
26 1
84 63
7 10
87 32
100 52
10 85
18 38
89 25
49 76
97 33
24 64
4 55
80 15
89 34
6 6
27 26
72 83
39 66
22 15
87 64
60 81
44 84
14 99
53 45
35 40
67 66
27 74
100 91
87 15
20 85
71 71
65 67
3 47
29 32
51 99
2 51
38 68
20 88
42 27
38 43
17 20
66 91
41 97
48 86
6 24
98 55
74 11
29 58
36 20
48 78
16 22
96 100
43 13
29 72
100 44
77 52
47 89
79 69
76 95
85 3
98 6
99 17
1 21
100 4
27 48
3 71
53 54
17 15
23 59
95 81
6 57
91 78
12 23
99 6
38 16
17 46
96 12
64 26
97 55
84 31
11 55
12 76
31 30
5 67
92 47
82 26
81 71
90 35
60 46
8 65
75 89
57 51
58 33
75 10
8 55
37 80
78 80
61 60
5 46
52 90
7 40
10 54
42 68
70 62
8 11
31 83
86 59
56 22
94 60
34 66
39 52
56 67
46 41
21 34
60 33
37 40
2 11
92 3
27 74
62 56
100 19
53 15
70 59
9 51
79 24
78 13
45 82
56 55
38 72
49 27
59 45
96 64
11 81
100 64
65 77
18 91
31 98
2 88
25 65
76 9
35 53
63 16
32 75
32 93
35 49
91 8
69 84
37 59
83 62
47 58
98 67
34 81
51 72
19 25
42 31
29 47
96 89
87 13
37 53
85 12
87 39
95 49
80 75
49 71
47 64
44 4
67 14
29 61
97 91
91 78
4 22
84 95
6 93
35 48
15 87
40 94
26 7
35 71
28 4
8 69
33 80
77 70
41 49
83 3
96 46
34 31
64 1
91 34
72 43
100 53
76 98
59 34
46 2
55 72
7 56
92 65
51 75
25 69
72 78
99 17
68 98
76 51
82 11
25 43
10 98
97 50
16 88
87 5
31 72
44 91
46 25
64 3
20 13
38 73
98 5
15 10
72 55
61 5
6 44
43 50
12 9
33 41
1 35
58 10
87 64
60 90
1 27
89 91
36 11
73 56
88 59
3 8
48 6
21 70
79 2
9 55
17 71
95 89
96 59
100 42
38 32
93 35
15 96
9 44
31 7
12 100
24 53
2 14
73 56
81 48
44 63
36 64
13 40
97 97
93 26
51 56
8 86
46 4
40 46
43 48
18 59
79 4
98 8
17 16
99 25
76 9
77 70
68 47
22 50
24 81
19 40
59 81
17 15
33 35
68 24
47 22
44 34
43 28
48 87
68 41
23 76
43 49
4 5
87 67
39 45
48 82
37 22
46 82
93 85
28 67
89 30
62 43
58 23
38 37
30 58
57 99
13 97
7 27
76 46
35 46
30 7
94 85
45 26
98 22
26 72
64 1
44 95
21 5
58 29
43 81
41 98
80 56
86 81
44 2
66 22
24 25
91 83
55 44
22 58
36 67
82 62
10 87
97 61
40 36
99 75
27 70
48 87
11 72
33 48
75 84
97 69
14 55
68 20
94 47
64 28
45 91
9 47
7 74
17 48
67 27
2 6
57 45
98 82
87 86
52 46
16 56
62 62
95 80
70 51
83 19
30 98
3 12
44 58
26 10
42 100
42 32
4 79
41 86
5 55
88 26
15 21
53 24
54 32
34 40
46 70
17 11
30 31
7 68
75 84
47 78
73 95
76 41
55 74
22 28
14 26
7 19
37 83
28 39
1 50
58 33
10 58
30 99
61 97
6 15
7 8
2 96
99 98
63 86
95 33
3 53
50 63
9 53
8 28
3 95
43 44
5 49
19 5
72 74
11 16
46 41
70 3
35 62
21 81
25 76
57 90
87 59
83 46
93 24
14 49
35 47
51 57
75 6
16 45
11 5
80 72
22 52
64 52
79 70
84 89
58 84
33 22
86 52
19 88
40 1
88 46
13 83
45 49
59 2
36 57
7 16
4 94
6 11
42 78
24 75
82 39
98 19
62 85
16 36
90 42
75 33
50 83
92 50
50 91
65 27
54 54
81 62
38 31
70 5
11 83
74 19
79 40
44 56
59 70
97 27
35 56
46 15
9 62
31 56
56 69
45 18
38 72
59 62
2 80
79 49
35 88
83 70
28 67
96 72
50 6
69 8
71 57
99 88
61 58
72 99
63 66
66 63
52 12
100 96
35 68
63 95
73 15
14 7
58 50
83 84
62 86
44 58
29 51
71 47
75 13
84 19
67 16
64 84
95 32
68 47
94 32
29 20
2 17
21 50
24 43
51 74
89 10
46 51
1 61
1 67
17 49
63 78
67 29
21 61
14 74
53 48
35 55
39 40
18 55
92 56
21 75
80 92
35 13
1 25
2 38
61 26
37 95
68 5
24 9
31 79
87 51
17 93
11 98
40 19
37 94
34 92
42 92
78 3
32 43
42 4
78 69
100 91
56 82
96 50
20 3
21 7
49 49
6 9
11 98
66 3
97 65
84 72
97 46
84 29
36 49
98 35
96 54
72 95
17 39
20 15
54 73
55 42
88 59
64 70
46 60
77 52
50 62
39 4
54 55
81 56
32 7
83 75
32 98
87 40
79 76
4 1
60 98
79 25
9 9
22 95
96 79
58 25
5 67
93 25
93 54
41 15
42 59
88 7
12 9
59 50
7 73
18 34
65 43
95 31
81 3
11 54
71 35
82 16
49 57
76 89
14 23
81 16
58 63
46 21
19 7
36 39
49 21
30 5
66 15
9 81
52 99
62 93
66 6
56 17
54 17
58 59
48 83
95 28
98 17
12 44
5 77
4 42
29 77
22 19
50 72
61 31
84 72
72 6
43 99
84 81
99 46
8 21
16 96
57 61
53 41
87 2
44 99
53 13
16 58
10 65
62 46
19 57
71 57
79 51
27 25
76 26
89 61
74 8
22 53
86 29
85 3
79 81
41 70
65 79
100 51
43 94
26 9
83 22
66 51
20 7
18 54
65 97
27 28
34 1
73 57
32 20
20 3
16 7
84 85
35 60
77 71
97 30
6 68
99 27
28 32
32 45
74 52
68 92
5 52
48 56
53 72
42 54
26 36
45 42
6 84
77 86
87 35
83 92
11 60
53 85
54 51
28 13
69 33
33 78
61 14
41 89
64 49
32 68
56 95
99 33
19 79
85 17
48 62
24 99
83 44
75 93
55 43
9 47
42 36
59 46
56 3
46 8
52 51
81 90
90 49
10 34
57 76
29 35
92 25
67 87
81 71
46 27
46 99
1 4
78 4
7 64
41 44
93 5
38 83
48 39
91 37
56 62
32 7
38 51
79 60
67 50
64 43
85 54
75 49
57 79
96 99
30 3
2 38
47 49
62 92
44 38
56 82
70 19
72 72
100 58
88 5
4 94
97 37
33 56
4 49
26 92
91 71
44 93
18 96
29 54
43 83
60 33
36 67
75 89
98 83
67 78
93 91
13 77
51 31
67 91
70 7
98 81
48 93
71 44
45 29
61 36
14 33
52 62
30 55
37 56
51 71
17 11
40 50
47 7
1 66
43 98
72 99
92 37
38 42
89 46
72 90
81 24
49 78
59 56
7 13
98 12
77 85
99 55
10 41
28 15
17 45
31 47
77 95
64 37
2 43
21 75
24 72
67 75
73 36
5 78
4 31
23 58
73 89
43 32
70 17
73 54
38 29
93 67
16 42
75 71
82 12
87 83
7 46
82 90
46 90
13 58
79 53
22 74
63 64
40 45
1 88
79 8
71 92
78 34
94 96
24 86
50 8
17 20
42 12
74 95
73 97
45 42
97 5
45 37
40 73
18 21
18 43
29 54
10 87
33 84
3 76
43 98
72 19
62 21
76 39
69 8
26 31
54 44
42 82
89 94
46 88
95 21
19 54
68 31
24 55
13 49
91 16
73 14
81 20
32 28
99 61
54 17
29 21
95 65
98 5
20 46
64 85
67 47
48 51
25 23
52 83
2 78
68 20
23 1
63 98
43 11
43 8
41 80
49 54
84 41
81 26
46 41
30 62
99 31
13 72
53 68
63 79
55 39
78 33
44 51
38 18
76 93
49 67
18 39
22 57
98 71
37 36
85 41
65 70
84 86
61 15
68 52
86 63
80 35
42 52
100 12
23 45
84 11
40 44
23 98
19 52
20 21
20 90
1 65
71 51
32 13
53 32
33 81
38 52
82 16
28 31
75 69
9 9
76 49
93 7
30 65
74 72
81 94
66 58
90 41
65 79
27 72
57 92
2 93
58 58
98 95
1 57
80 2
33 5
93 100
54 51
51 8
64 20
73 93
3 72
34 22
56 5
56 55
19 2
45 56
89 71
46 33
72 77
98 31
74 33
16 35
79 95
99 4
96 29
97 4
88 44
60 59
75 76
96 87
13 52
32 85
45 33
66 8
64 39
77 90
58 7
17 41
79 49
73 78
42 33
82 21
7 99
49 90
89 27
77 52
46 45
77 49
22 36
17 73
26 31
47 69
32 8
5 26
45 72
27 36
53 81
84 68
39 94
27 8
79 6
51 97
58 93
75 39
16 4
21 31
51 80
25 62
90 71
82 28
98 91
83 56
15 100
56 41
83 45
3 79
32 93
28 41
31 27
5 28
44 14
57 58
52 48
27 21
13 35
48 72
54 8
65 67
32 39
44 53
43 75
62 96
46 50
100 67
37 86
14 5
73 49
39 65
38 19
14 71
20 93
87 61
48 26
34 44
42 2
30 70
88 22
25 94
58 63
19 1
30 73
53 76
27 10
33 21
80 48
91 44
80 44
85 55
55 10
11 82
28 59
49 36
25 77
73 8
100 54
61 15
38 65
72 2
51 79
76 35
37 25
23 23
14 95
84 50
56 67
8 96
66 72
96 40
32 41
75 34
14 40
13 66
79 61
92 49
45 38
58 8
82 44
25 81
94 14
88 6
87 14
21 72
36 41
11 42
46 32
35 95
23 56
83 48
59 48
26 87
10 82
95 72
48 9
76 28
31 74
55 27
83 24
96 97
50 67
66 16
22 82
15 6
79 33
100 42
6 7
75 70
10 1
87 50
51 2
3 14
74 55
38 67
76 37
9 48
100 9
73 68
96 94
75 64
7 67
54 41
52 50
17 48
48 65
99 11
44 76
30 38
5 37
26 51
77 86
7 55
43 18
98 67
21 13
73 51
50 8
79 19
48 72
59 60
17 20
98 26
13 73
91 27
87 92
88 9
51 74
39 100
60 29
98 67
13 16
67 95
51 59
64 17
35 95
51 75
14 27
78 70
80 64
18 16
55 72
9 49
76 70
97 89
58 15
97 34
70 91
7 74
27 52
69 15
17 33
43 72
66 40
30 57
85 50
53 31
69 18
88 23
43 83
81 46
85 41
55 98
47 92
36 51
70 66
33 86
38 26
35 45
62 7
17 89
4 60
16 30
77 90
80 81
64 19
35 56
28 15
85 61
93 30
54 18
53 75
62 14
96 41
71 14
43 71
81 90
75 97
11 88
68 64
17 79
91 85
52 4
71 28
89 76
39 7
92 93
73 14
76 32
78 37
34 72
45 72
81 48
1 2
21 61
60 81
65 72
7 17
87 47
1 32
52 98
40 64
54 59
13 11
36 57
24 72
55 81
68 46
98 20
17 20
35 10
14 98
60 4
38 65
36 77
100 80
77 71
27 22
73 45
4 54
4 58
58 16
48 78
36 58
59 17
21 90
96 38
75 40
27 6
34 84
75 72
78 55
26 99
28 82
42 66
13 55
3 53
48 98
80 1
100 25
65 18
66 62
65 22
24 21
55 78
100 51
75 52
31 1
78 72
47 96
35 54
33 81
5 12
34 83
69 38
15 80
54 73
16 27
89 20
81 78
1 62
63 43
10 85
26 61
43 24
52 2
90 15
45 28
99 99
69 67
97 52
15 68
86 80
61 26
90 89
41 58
13 76
65 92
23 10
90 99
63 88
9 15
75 79
19 51
43 98
95 17
33 30
48 70
10 95
21 1
80 99
10 57
36 43
90 83
88 17
30 18
93 84
77 83
26 98
43 35
98 50
74 49
58 2
35 81
35 26
99 42
75 90
99 53
63 34
50 99
40 51
78 73
58 14
14 30
96 23
52 11
8 98
29 4
100 32
69 44
1 57
79 30
31 100
88 51
20 13
70 68
17 69
64 48
46 51
95 18
7 82
95 52
68 18
16 84
30 84
54 44
14 25
56 74
52 48
29 10
57 72
92 99
6 82
67 37
57 80
1 56
70 99
17 29
81 12
21 30
85 72
82 68
100 60
15 24
69 18
71 24
84 91
38 38
35 71
82 93
32 55
93 53
28 96
99 73
60 88
9 80
53 68
25 12
17 53
4 15
53 22
73 76
47 65
10 55
39 13
56 96
63 11
61 63
72 76
43 74
81 93
56 48
76 41
32 4
23 23
97 10
3 27
58 13
34 100
89 49
91 58
65 6
81 1
71 53
63 30
40 88
79 32
67 97
16 52
95 36
23 64
69 25
20 12
21 80
30 31
10 76
76 76
44 93
70 38
47 51
39 66
51 30
55 50
14 6
82 33
29 72
10 68
36 11
86 37
95 67
24 60
29 46
59 72
56 12
99 98
74 2
47 52
77 82
92 50
63 3
24 17
14 65
83 79
43 28
35 45
12 9
52 3
10 72
8 2
22 93
9 74
46 19
24 22
63 76
11 25
5 7
91 99
21 44
41 17
28 35
15 10
16 28
56 80
26 81
72 40
54 30
51 34
70 91
83 11
42 84
32 45
6 79
8 48
66 75
100 7
42 44
30 83
3 61
3 15
37 36
24 53
63 41
82 7
99 27
77 16
92 31
4 33
19 14
64 74
96 1
47 1
31 35
11 29
54 32
8 67
34 68
60 13
58 1
4 10
42 23
51 36
87 54
99 54
58 35
53 28
50 12
51 79
82 62
52 24
6 45
70 50
76 77
68 37
51 56
26 55
45 52
94 38
29 39
63 18
10 63
76 39
61 70
40 49
87 19
15 1
47 15
20 38
26 14
56 67
75 47
67 88
58 54
14 52
17 41
16 89
66 31
66 52
18 19
99 45
17 76
23 15
68 46
44 4
43 52
70 53
70 10
87 55
15 42
50 48
1 24
24 56
26 38
14 93
15 4
64 9
80 46
13 70
35 46
5 59
68 37
10 45
71 98
26 90
23 48
39 39
93 30
40 79
56 42
10 48
38 75
24 69
33 15
57 20
68 24
75 18
78 24
89 33
13 24
92 65
90 32
65 48
16 20
15 70
78 92
30 23
78 30
57 37
43 92
13 75
61 95
62 80
74 71
83 45
39 70
48 19
73 83
31 99
87 49
28 76
41 99
76 75
52 97
25 65
32 46
71 20
51 82
9 69
11 5
15 5
100 33
100 36
79 4
67 4
67 57
9 96
49 78
44 86
17 32
43 69
8 13
30 79
4 1
33 35
64 23
43 70
80 5
89 57
73 20
18 5
16 84
65 70
93 79
19 80
89 34
24 24
89 52
91 67
84 44
51 56
5 24
36 28
51 91
36 27
54 31
17 100
44 74
2 8
12 85
12 58
44 29
72 49
93 88
100 29
4 84
57 10
94 50
36 88
45 18
66 21
53 93
12 53
83 43
46 71
31 33
23 76
21 47
71 84
14 95
5 90
74 91
18 18
92 18
24 81
53 96
45 100
40 80
48 70
99 8
3 17
12 27
94 88
74 65
4 14
93 16
30 48
60 75
86 17
65 36
56 44
4 37
17 28
20 96
38 79
14 50
2 80
60 7
35 96
24 15
73 53
91 38
97 5
43 70
34 7
20 38
95 65
78 6
11 17
95 86
28 65
14 85
6 64
74 4
39 50
9 29
66 19
68 49
21 3
4 87
84 84
28 98
59 76
53 63
47 94
96 54
66 65
48 25
55 12
100 60
72 40
80 64
42 49
68 96
22 85
75 7
40 33
68 2
5 13
2 2
62 87
84 29
15 86
67 51
57 33
6 87
28 79
23 3
25 36
100 34
78 90
9 71
27 31
88 65
13 86
26 76
83 70
78 50
73 53
89 34
30 61
96 44
68 97
71 10
16 39
89 82
98 16
7 72
57 35
2 80
8 73
70 21
85 61
75 10
89 23
42 93
80 97
16 54
16 47
56 84
15 39
45 88
16 54
93 69
32 4
28 39
18 97
66 26
6 88
43 1
54 59
87 49
90 44
74 55
57 10
5 82
14 88
6 77
11 53
22 22
59 57
71 77
92 95
44 69
45 39
32 69
37 61
24 35
47 22
4 59
31 18
13 60
100 47
47 23
5 81
31 2
74 14
75 29
48 27
31 1
17 29
53 85
17 1
6 72
26 92
26 62
63 5
92 31
31 39
25 10
65 5
90 47
95 86
56 51
85 15
39 24
87 19
73 27
14 10
85 41
76 37
45 79
49 100
75 83
91 2
54 32
57 37
16 15
28 60
56 63
47 67
96 40
8 100
63 20
53 63
86 91
88 81
15 68
77 73
19 71
92 77
41 29
60 69
86 14
49 79
44 35
77 90
87 98
68 13
42 99
24 38
95 50
86 78
72 89
69 84
28 31
77 73
77 20
44 97
56 32
32 83
90 63
51 24
91 34
52 34
56 86
76 76
92 67
70 5
4 48
62 89
13 81
97 77
21 58
99 95
97 55
16 44
27 84
35 52
83 57
68 34
58 41
77 58
6 63
30 30
97 41
85 93
58 2
25 61
28 41
14 85
8 95
69 56
64 60
98 28
73 89
19 46
74 3
64 7
41 50
29 2
25 96
53 83
25 78
97 53
3 29
21 85
12 48
81 64
56 88
46 4
1 97
65 29
74 13
58 60
46 10
70 54
42 4
4 63
94 66
22 97
17 99
1 60
90 52
32 59
50 39
62 92
3 56
23 93
77 99
43 57
52 94
53 94
47 39
28 24
49 98
2 67
1 8
60 45
34 30
56 47
57 1
34 79
72 75
30 13
91 90
18 84
99 18
85 45
21 98
44 83
6 41
37 97
96 94
95 92
68 7
46 32
9 36
70 62
20 76
85 34
64 18
23 70
38 27
63 9
3 93
38 76
16 27
3 52
50 20
1 9
10 98
6 72
87 87
81 25
36 37
29 28
98 60
86 54
13 72
18 58
82 89
18 13
6 6
29 82
65 56
26 12
26 66
73 91
95 73
46 41
9 76
11 42
20 62
46 2
25 2
22 6
36 29
92 29
24 57
85 1
92 37
33 7
90 72
30 75
66 83
77 60
59 2
63 42
15 66
71 73
33 51
96 54
89 37
38 56
24 87
53 45
63 19
50 52
77 35
10 91
47 45
85 11
72 85
18 6
83 64
48 86
40 12
18 93
39 66
15 20
2 45
82 2
100 26
43 16
12 28
65 8
20 28
70 29
79 2
34 93
92 54
11 52
81 46
32 90
1 60
56 84
84 34
15 78
57 36
12 21
76 21
3 80
97 83
47 5
21 37
31 46
94 42
12 48
48 90
84 8
78 68
1 86
66 61
77 45
43 54
29 89
93 5
14 81
50 69
24 6
99 73
41 22
86 9
79 70
73 12
86 68
35 53
8 97
53 46
91 40
20 17
28 66
46 71
16 51
75 22
18 8
46 49
20 15
81 7
45 38
4 74
58 26
45 76
21 87
87 71
39 29
1 75
31 27
5 9
50 43
54 32
3 33
90 17
40 92
34 54
62 80
77 12
20 6
70 76
29 57
10 98
41 45
57 74
7 68
8 95
83 47
76 27
5 43
54 13
56 34
49 33
9 87
66 59
45 8
81 73
4 81
35 36
81 99
34 7
39 44
30 93
40 90
42 28
72 9
31 82
75 81
33 88
7 93
94 86
54 16
88 1
55 35
46 60
96 26
14 55
53 54
30 24
89 81
57 49
83 36
45 66
57 81
92 74
62 77
1 88
72 98
65 57
36 75
5 96
98 16
26 70
34 41
89 5
67 97
5 49
19 38
93 77
90 89
26 82
38 14
95 4
65 34
45 49
41 15
60 11
58 3
93 20
89 34
46 35
2 68
23 22
42 53
58 100
66 95
3 29
11 39
38 45
67 37
98 13
42 40
17 4
23 34
27 80
5 9
90 30
84 81
24 98
34 6
73 21
1 32
72 20
19 76
65 17
16 20
11 90
76 28
73 74
4 61
16 13
70 60
57 81
38 86
12 12
14 80
4 33
14 92
76 71
93 77
33 81
73 35
86 16
49 84
96 69
64 48
53 44
85 98
47 80
28 42
70 4
71 100
28 25
41 75
90 75
44 41
8 46
100 16
71 20
32 19
55 76
86 33
2 78
63 56
76 18
13 42
77 36
31 50
78 33
4 58
75 26
62 13
77 92
12 94
10 49
72 60
75 93
15 92
8 58
22 72
94 85
77 13
44 23
74 9
70 87
85 97
69 2
77 32
37 12
40 21
9 2
91 87
77 5
10 31
6 95
4 75
74 72
34 82
34 76
3 57
37 39
60 54
17 21
13 30
71 47
78 69
84 90
46 91
92 61
43 47
19 62
38 45
20 11
62 84
11 6
89 97
47 32
79 7
17 80
83 95
70 79
25 33
25 33
47 84
86 63
30 27
50 10
11 87
15 8
36 85
66 43
52 46
95 38
82 15
64 28
18 36
59 84
100 17
63 26
3 96
42 15
81 39
92 92
13 25
94 74
2 97
53 73
92 57
32 55
70 4
26 51
2 34
46 36
3 84
48 69
84 50
32 10
49 78
46 36
99 70
84 14
11 30
50 15
31 52
44 97
65 94
48 39
55 80
64 10
62 17
9 27
58 76
94 55
100 18
22 100
87 81
53 67
75 24
31 37
36 21
96 27
56 88
37 6
41 14
58 23
36 26
76 64
42 32
85 55
22 51
40 1
20 69
84 81
89 68
2 72
80 77
53 61
1 10
86 8
69 23
62 78
94 86
78 98
55 85
45 3
99 50
94 65
49 21
73 73
24 53
84 42
68 52
79 92
21 99
61 65
37 14
8 25
88 80
30 46
92 79
9 31
69 98
64 47
45 63
9 17
65 70
76 91
61 78
