4000 61498
50 26
42 47
40 25
56 32
34 67
72 28
89 55
86 14
75 63
68 100
25 3
90 15
29 72
54 59
58 87
29 97
64 14
39 2
41 55
43 37
63 14
24 33
10 55
74 49
87 24
76 89
84 63
39 1
75 73
51 68
28 22
76 51
44 14
20 98
31 82
77 33
91 77
71 89
14 98
65 39
38 40
90 100
6 5
18 63
44 59
64 92
46 60
7 24
54 45
39 66
1 61
16 11
62 50
63 15
90 59
100 26
90 4
25 21
39 26
64 28
27 40
18 99
39 78
70 6
89 48
70 12
98 38
79 24
40 52
11 35
96 14
30 91
53 87
1 18
47 53
96 97
16 61
45 64
54 20
70 6
83 82
7 32
85 16
44 31
69 47
26 26
43 56
58 2
51 98
33 33
74 81
77 38
3 31
12 59
99 95
91 78
33 22
96 32
22 53
25 73
59 18
17 66
54 15
11 4
69 84
52 19
58 52
37 96
48 83
63 72
6 1
30 64
69 3
42 68
25 46
89 1
68 93
20 54
99 54
70 91
4 86
72 35
46 80
6 69
83 45
44 74
97 98
68 66
92 57
18 51
92 38
50 26
86 16
97 52
60 30
6 51
48 70
69 33
42 47
96 4
31 4
47 99
77 19
52 59
89 67
2 65
40 11
8 11
73 70
90 65
77 53
76 55
61 99
74 32
34 75
96 43
18 57
30 73
63 8
9 13
99 75
54 97
10 91
36 42
50 48
21 20
41 93
49 69
89 4
35 91
96 25
71 8
33 41
73 43
22 18
73 59
26 59
14 28
80 22
50 28
3 92
8 74
25 35
64 42
82 58
58 9
11 84
99 14
39 33
73 43
59 79
89 7
26 39
68 69
76 49
27 38
88 40
69 93
75 7
28 43
3 35
23 83
98 2
35 75
47 25
20 71
8 34
72 36
33 51
39 55
73 15
87 42
47 80
97 49
2 36
28 37
7 10
12 19
78 3
97 42
84 14
36 33
38 1
61 52
55 53
13 49
39 90
94 92
81 41
66 48
21 86
83 27
88 30
18 40
70 1
34 6
37 62
29 86
57 93
21 12
67 92
29 8
60 6
13 72
77 8
61 41
92 60
83 17
73 11
69 62
32 11
8 24
56 46
69 11
69 76
62 98
81 59
7 17
55 41
62 51
24 16
75 27
96 77
11 97
93 18
17 29
96 54
81 79
45 67
52 47
54 91
12 58
32 54
65 96
76 81
9 61
25 88
68 41
43 30
49 98
88 54
74 40
57 22
44 100
42 50
77 97
5 97
23 60
35 65
12 38
36 62
59 80
86 16
83 90
69 76
30 85
52 70
65 81
63 63
96 36
68 27
68 5
7 94
100 32
32 52
83 74
8 93
8 39
2 66
50 74
57 37
89 20
24 13
13 58
84 19
17 14
41 6
41 67
91 25
75 22
52 4
78 86
33 53
89 71
61 27
2 80
71 55
12 96
18 60
85 70
59 84
37 87
4 74
66 77
36 18
87 78
100 2
95 62
94 16
53 68
45 35
2 4
41 39
20 99
66 13
25 9
36 12
6 70
17 75
27 36
81 91
68 31
56 73
13 43
8 53
16 51
66 22
78 8
79 99
35 82
14 77
38 82
72 20
17 2
55 58
7 37
3 79
6 11
2 99
49 47
58 30
98 85
2 50
50 68
69 84
68 63
26 76
56 47
73 32
42 3
34 35
5 23
9 33
90 7
18 17
69 85
57 10
35 91
46 44
36 8
70 72
60 72
25 89
41 91
28 26
31 98
99 79
83 4
36 60
52 29
31 2
45 90
1 14
84 52
94 57
69 49
51 66
20 85
25 95
76 97
61 87
10 29
80 71
22 71
99 88
49 40
90 7
56 97
84 30
87 51
91 56
5 53
98 74
67 96
97 43
78 99
97 45
95 73
60 55
32 4
99 2
42 56
76 93
99 67
25 59
21 50
20 15
76 24
40 86
96 9
3 73
53 72
5 90
34 95
74 42
4 29
83 86
15 48
59 77
18 15
53 50
1 32
22 67
51 24
67 79
70 61
28 22
63 23
64 86
39 28
46 26
62 87
80 84
73 19
13 53
4 94
93 20
32 19
31 70
85 5
27 79
85 42
37 28
83 68
19 88
62 69
86 96
1 74
28 68
44 72
70 40
80 70
96 55
43 59
82 93
62 33
12 19
61 66
76 55
75 4
99 46
73 33
89 42
78 81
45 51
53 46
34 74
90 22
36 64
64 43
74 78
14 43
1 36
10 5
96 10
19 76
23 25
82 58
19 1
50 44
77 81
40 40
81 13
73 36
82 98
63 57
86 20
93 69
23 75
14 27
19 24
22 20
86 59
59 66
99 100
83 61
11 11
84 73
72 82
46 75
100 68
97 11
59 69
100 55
58 67
55 78
18 30
80 91
88 87
88 30
81 86
64 20
27 22
61 51
88 55
8 19
23 7
74 26
52 39
46 81
39 52
70 63
19 52
76 10
29 28
69 51
58 70
91 90
53 76
81 3
37 16
52 95
77 13
47 84
3 49
34 79
1 14
20 31
13 21
88 100
7 60
45 7
4 71
85 33
6 57
91 25
44 52
28 15
16 3
95 90
25 48
54 54
16 4
43 99
82 16
96 83
64 2
39 85
87 73
16 29
72 40
23 88
19 23
48 52
69 72
21 71
82 83
22 37
92 53
46 3
61 88
50 13
91 61
64 59
34 45
48 69
7 35
29 48
75 36
74 37
75 90
52 83
28 43
90 93
46 33
61 58
86 28
9 86
99 94
24 100
76 66
70 33
46 39
94 88
70 37
66 62
66 11
3 19
39 98
57 63
48 73
100 86
6 27
90 86
15 44
91 24
37 6
73 78
19 23
64 41
47 67
93 12
67 75
26 9
35 57
12 60
86 66
72 84
73 97
84 59
95 35
48 63
6 44
92 73
94 50
75 80
57 35
59 12
77 98
48 84
68 75
76 22
47 69
73 53
18 7
13 64
16 76
6 65
86 94
34 99
21 5
32 60
79 62
87 32
57 20
13 70
99 91
94 85
36 5
23 87
29 95
30 39
70 1
34 38
21 64
63 51
60 17
29 50
74 14
88 66
76 33
93 40
64 40
74 54
17 93
33 46
39 69
32 20
38 10
24 62
18 70
11 67
7 73
96 84
97 98
15 92
60 53
47 40
8 28
95 10
69 78
36 23
76 100
39 79
22 12
48 63
53 81
81 81
76 64
78 94
69 46
4 97
70 86
84 85
29 2
39 78
68 83
67 70
70 49
57 44
42 32
87 19
67 10
100 56
34 54
64 59
14 48
45 6
10 98
73 75
39 15
31 28
9 49
66 67
21 6
82 61
13 29
73 38
62 41
41 93
3 83
82 38
96 41
24 68
17 23
24 94
62 97
84 57
43 63
84 46
41 100
84 46
70 16
59 62
84 2
56 69
22 72
49 49
100 26
84 22
22 75
91 93
66 49
82 24
56 59
86 6
63 36
21 39
58 43
24 76
61 83
12 77
58 13
56 75
36 45
26 87
31 68
49 93
10 95
73 31
32 90
2 47
9 28
54 5
60 8
92 29
9 25
34 31
92 29
60 51
69 52
13 56
50 95
34 100
94 79
58 53
19 57
56 14
30 43
28 51
32 41
42 26
40 28
41 5
97 100
27 24
66 44
79 68
75 16
75 38
52 50
59 6
28 36
12 77
12 62
40 95
3 58
72 39
25 26
46 86
31 89
93 77
59 93
33 35
78 29
52 71
42 39
96 85
60 36
71 81
75 88
43 28
12 6
66 15
83 85
60 58
92 90
48 28
38 77
19 57
75 17
41 26
77 14
2 53
52 54
88 76
41 47
6 11
59 14
65 72
52 49
41 54
9 1
62 41
73 88
86 29
65 64
66 78
33 65
24 51
36 58
60 52
66 79
99 16
25 18
48 63
58 73
69 59
48 42
48 1
87 16
22 58
40 26
15 29
23 62
92 31
54 56
16 61
49 42
64 21
32 32
100 42
4 74
93 84
61 82
29 13
30 64
78 45
94 90
15 29
1 96
82 100
74 32
19 26
80 15
50 2
18 88
90 39
18 60
65 81
89 39
56 27
38 38
28 16
22 8
13 52
19 46
75 63
28 12
68 39
90 84
11 95
19 80
94 9
55 79
32 62
74 74
85 42
9 58
19 15
51 22
61 5
100 14
24 54
31 30
32 80
25 7
49 69
21 70
95 18
65 49
9 60
50 45
3 87
36 75
24 4
15 90
7 73
50 66
94 1
26 11
40 1
4 95
96 91
85 62
11 73
27 4
58 35
95 67
87 61
76 1
45 88
100 18
28 67
20 93
30 47
59 46
96 99
30 16
79 68
90 17
95 64
39 27
92 13
97 2
26 54
15 16
63 43
32 26
64 33
56 43
9 88
3 34
11 38
5 30
87 47
21 62
83 33
96 33
67 28
22 46
24 33
63 16
21 63
51 99
34 8
50 61
9 97
30 59
80 28
39 64
19 75
26 92
77 42
10 87
74 45
54 95
24 54
36 88
86 72
40 86
43 82
94 60
42 71
5 19
50 41
81 17
26 33
33 26
76 1
44 12
54 23
51 34
7 79
26 37
1 84
92 39
75 97
61 32
21 97
6 25
51 95
40 23
31 68
27 89
49 61
56 64
81 83
25 14
91 3
18 7
64 99
85 85
63 66
57 70
90 55
13 58
37 38
67 87
97 83
65 39
10 51
2 5
15 24
68 29
27 93
68 59
60 67
53 90
80 91
80 63
59 66
31 37
71 85
41 33
9 25
72 45
97 48
41 60
48 58
39 51
58 66
11 9
24 87
73 83
19 30
13 41
37 40
8 67
79 80
33 75
72 57
40 30
86 31
38 80
8 58
12 24
57 91
19 77
64 13
37 81
50 39
74 78
19 69
21 76
15 62
27 94
44 20
63 61
68 5
91 30
1 11
77 70
53 90
24 97
1 52
71 19
88 90
37 43
78 37
66 21
21 17
1 94
6 50
6 48
91 25
65 59
17 71
47 15
83 35
33 35
35 47
84 26
6 64
53 16
56 1
20 77
32 61
99 72
82 37
51 65
89 53
35 48
27 86
41 42
58 96
80 89
64 12
46 37
16 83
41 49
63 57
89 100
42 42
68 58
94 99
84 18
84 69
63 21
82 33
18 55
95 7
17 79
2 80
100 70
21 46
57 32
72 98
4 58
56 56
53 34
54 22
96 60
39 33
33 59
37 54
97 81
12 47
52 65
94 17
79 30
92 13
56 26
67 81
85 6
76 83
61 31
68 24
11 51
23 3
50 8
29 58
69 9
18 38
30 37
68 30
90 84
38 21
39 27
94 41
93 76
44 60
99 15
41 87
82 45
31 25
29 40
30 25
94 24
80 5
75 93
73 53
71 69
83 18
39 85
8 75
10 1
99 67
27 50
20 3
73 69
76 9
48 60
93 29
45 46
29 49
61 58
87 81
67 69
51 36
32 74
11 96
46 95
30 40
3 82
28 91
13 64
31 22
9 15
6 87
10 78
84 8
78 91
33 46
66 25
17 27
92 72
75 77
67 93
18 21
46 80
92 13
94 81
94 91
84 41
90 27
74 39
96 50
76 59
92 59
47 85
7 32
55 54
92 32
89 23
57 88
71 22
1 87
88 9
32 89
6 25
49 38
15 48
36 16
33 83
32 72
52 42
24 55
58 1
70 87
42 27
3 32
13 99
87 8
48 22
49 92
76 86
22 61
44 41
4 96
65 19
42 26
10 28
19 25
86 9
98 2
76 12
8 30
50 88
15 72
39 18
56 13
15 9
5 17
91 80
48 91
36 41
94 21
23 97
45 41
15 59
64 76
48 72
28 10
2 35
47 45
76 1
78 72
20 5
71 93
33 67
85 76
13 18
94 46
3 100
50 78
44 48
30 63
57 8
93 87
96 34
96 77
48 99
63 94
100 94
90 78
10 36
88 34
83 51
84 33
32 26
98 61
48 60
79 97
77 70
1 94
26 41
4 70
78 17
97 98
74 63
62 83
81 25
38 32
56 29
36 76
87 10
99 28
17 38
96 69
91 14
13 23
91 97
91 65
27 16
42 90
80 94
36 51
29 75
15 44
71 35
61 100
64 57
18 94
91 48
40 26
71 39
68 41
95 48
48 55
65 90
68 62
62 90
97 14
58 45
17 70
32 41
96 6
67 97
49 78
91 74
57 10
13 52
33 23
47 74
39 67
75 64
79 68
26 69
55 39
93 63
96 4
67 90
56 71
66 49
10 90
47 97
36 88
77 82
41 96
35 94
93 23
60 57
48 83
90 88
69 53
64 52
73 28
65 59
30 100
73 57
7 84
39 10
37 8
40 6
37 35
27 74
66 70
15 54
4 94
20 60
59 17
52 97
39 1
66 87
69 46
48 90
64 35
56 85
76 23
56 30
42 78
69 45
68 38
90 13
10 32
36 91
5 16
34 59
52 49
87 16
7 67
59 32
25 25
43 74
98 90
13 11
22 99
63 11
80 65
25 93
34 70
38 33
76 41
72 70
56 71
44 86
19 12
71 6
99 22
95 34
27 87
41 52
15 31
94 25
30 64
76 62
29 15
34 79
9 73
81 15
20 94
15 39
91 98
96 70
10 65
88 87
9 33
31 63
2 49
88 97
7 7
87 18
77 29
83 48
59 40
84 99
26 85
29 51
55 56
77 7
75 36
81 95
69 58
41 66
26 19
98 73
16 80
6 85
83 51
25 4
86 51
55 97
91 94
28 48
2 18
52 58
15 87
62 50
34 73
68 87
1 98
41 79
55 5
78 26
23 26
65 96
13 77
100 63
45 46
67 84
28 69
72 33
99 78
96 78
12 51
76 48
45 50
80 30
82 84
80 100
4 33
19 34
86 48
46 78
47 34
87 18
50 36
13 72
49 67
83 8
81 58
49 65
75 38
87 14
78 42
49 16
3 9
43 70
1 78
99 6
61 6
28 46
70 39
60 83
76 23
34 89
87 83
20 24
13 70
68 18
99 23
68 54
87 4
84 23
65 31
85 89
23 40
14 66
97 60
71 58
49 25
29 69
71 74
23 63
15 83
1 68
72 78
69 43
43 37
24 7
20 49
3 42
51 52
89 39
14 77
26 26
74 27
1 59
98 49
38 48
68 28
96 23
5 1
6 31
32 97
22 83
90 19
54 88
35 49
87 30
76 46
35 25
15 99
46 71
58 39
82 33
46 38
81 68
50 75
88 75
4 74
69 75
43 68
6 77
10 13
56 44
84 54
35 91
56 54
81 2
73 90
24 82
28 77
77 90
81 12
59 25
98 73
71 31
64 13
85 73
57 60
39 58
19 49
23 10
85 28
28 88
4 42
82 66
60 55
6 69
22 92
15 29
74 95
64 59
21 5
35 8
19 3
56 59
70 50
27 8
36 12
42 40
2 89
63 40
70 81
82 1
22 65
20 5
52 83
85 77
4 77
60 94
76 86
74 26
83 4
12 65
54 65
86 97
93 82
65 19
91 17
66 25
80 99
17 12
81 84
52 4
3 71
100 38
7 14
72 20
26 45
42 77
65 11
79 34
56 17
35 92
60 86
29 33
6 96
12 20
66 61
9 25
71 65
41 98
34 50
5 68
52 62
39 66
91 17
96 96
4 84
33 33
62 20
83 83
1 96
42 55
86 38
4 66
93 92
92 3
27 38
70 89
85 79
92 48
48 74
40 47
78 39
8 11
69 31
83 35
71 30
34 43
43 59
93 94
26 40
28 60
98 14
77 2
67 25
40 82
24 49
70 60
24 14
37 68
52 94
25 62
31 75
37 83
80 27
75 66
80 85
6 64
45 6
64 16
49 12
44 79
55 14
26 50
3 89
23 97
60 36
25 70
8 39
2 46
18 16
33 79
30 5
67 29
61 32
96 81
58 10
85 80
17 93
81 75
73 99
68 86
57 36
3 25
56 21
36 15
78 91
87 57
94 78
74 48
50 72
42 41
17 27
56 38
20 43
72 67
31 34
79 78
96 89
38 24
33 76
65 4
23 2
14 32
31 84
35 85
9 13
88 93
71 16
25 57
21 19
44 15
44 94
77 7
46 39
51 14
65 21
75 81
37 71
58 50
48 81
38 94
51 91
17 59
93 83
22 33
40 25
23 68
1 62
35 13
13 92
85 37
52 68
87 45
98 69
34 51
21 30
58 33
22 95
92 45
82 89
94 14
87 11
77 82
22 20
84 2
79 48
86 40
59 34
67 70
95 41
58 14
4 63
46 31
74 72
48 46
19 15
13 97
23 13
19 29
100 61
87 56
55 65
51 81
25 1
52 85
84 31
45 30
9 69
57 26
88 26
42 57
50 39
74 37
70 91
24 10
58 38
48 90
9 1
68 71
14 59
56 41
25 37
69 21
53 24
51 8
69 18
71 38
63 56
43 83
90 66
14 69
81 38
96 83
64 49
5 38
48 67
100 79
49 19
8 88
56 4
89 45
50 44
58 94
14 81
19 86
81 55
71 70
19 75
41 55
90 92
84 33
96 48
15 28
5 6
48 71
65 36
73 75
19 8
79 91
67 57
60 26
93 59
47 47
55 60
8 59
51 84
54 26
7 38
51 55
62 65
15 93
91 51
63 9
24 87
5 83
33 46
56 41
27 52
51 73
48 48
17 95
87 57
96 95
31 23
91 62
43 17
47 10
15 37
13 76
25 100
81 45
24 1
69 11
79 91
31 60
29 21
81 27
36 38
35 58
83 81
97 2
1 51
74 83
11 62
76 89
78 65
44 60
83 81
56 68
46 32
31 28
72 62
32 88
26 74
2 84
74 2
20 90
48 93
88 90
33 66
25 45
20 34
8 18
45 7
98 25
38 30
73 27
30 3
74 67
60 85
13 35
22 20
60 87
38 17
85 34
88 75
67 81
28 93
70 7
22 48
25 24
100 87
94 9
9 63
25 60
47 45
82 64
45 2
47 37
22 53
29 19
71 33
93 39
88 36
67 39
43 15
26 65
40 18
72 17
51 83
99 54
36 3
24 55
10 40
73 19
8 88
97 66
91 99
87 32
67 72
13 98
64 55
18 10
58 6
72 69
95 70
4 2
5 33
91 71
50 39
26 37
71 41
72 71
19 27
58 76
39 62
61 41
83 93
30 79
84 9
85 27
28 84
20 11
61 81
37 23
44 29
68 20
86 40
35 79
7 51
4 63
99 28
70 57
21 73
56 86
41 26
15 94
59 87
97 10
57 16
61 25
23 46
27 56
84 48
93 25
85 83
22 61
5 17
19 75
3 91
40 26
4 54
30 74
59 88
64 86
19 48
55 69
83 6
4 87
41 99
89 8
7 1
39 27
58 65
79 25
94 12
50 90
46 18
4 98
47 51
2 85
16 75
21 96
29 40
100 22
65 72
65 23
73 82
21 89
83 49
76 24
60 14
38 2
5 97
71 53
53 88
23 44
25 21
36 45
78 82
65 20
76 52
36 34
55 98
86 16
15 59
100 9
35 57
60 28
3 6
33 59
13 13
71 80
5 7
93 4
70 53
69 78
57 26
42 86
89 66
92 27
69 9
1 31
29 28
74 5
71 84
34 67
48 100
47 56
69 11
78 33
63 75
96 63
13 67
17 24
81 30
27 77
68 32
68 39
38 4
70 90
52 97
3 68
92 21
57 3
47 72
61 74
77 81
56 49
55 59
66 98
47 75
23 20
18 29
27 3
48 76
88 12
60 21
96 28
86 67
80 32
25 60
48 94
76 46
37 78
16 69
8 75
16 54
83 1
27 65
5 10
4 90
79 14
59 29
96 10
87 16
6 100
8 35
63 48
61 49
62 46
80 46
59 75
85 65
97 74
85 29
32 40
36 37
97 50
79 67
21 55
76 81
3 79
20 100
3 78
92 56
35 69
63 4
59 62
69 21
89 69
63 23
73 10
19 82
22 51
20 71
5 49
79 3
27 58
68 97
39 3
89 3
47 94
97 77
25 67
44 19
33 6
8 58
79 7
29 7
39 77
52 61
5 87
93 7
71 13
59 64
84 14
58 81
21 67
42 75
26 1
10 87
57 97
50 62
28 20
30 100
21 84
33 69
8 2
48 41
52 17
46 4
88 95
98 62
94 32
64 61
93 80
26 89
71 71
24 86
55 95
9 99
75 98
11 33
2 5
97 62
69 48
37 18
54 42
42 15
31 45
32 94
51 53
87 93
33 7
30 73
68 92
54 43
62 93
75 45
53 35
65 9
72 48
40 30
63 70
65 32
3 42
55 1
42 20
25 12
30 38
48 15
34 62
4 35
10 47
87 66
53 49
31 95
75 36
58 90
72 61
5 80
41 36
74 65
43 72
74 94
3 37
10 16
27 88
17 29
84 60
31 23
81 89
7 60
70 52
43 10
23 91
24 93
50 10
65 62
48 57
79 99
64 28
33 18
35 86
74 27
71 36
39 34
56 73
46 23
96 75
27 85
2 2
37 10
100 49
45 25
62 56
2 38
6 92
40 43
70 18
90 52
70 65
51 7
48 63
39 68
45 68
71 5
14 61
94 30
87 66
61 69
25 28
2 46
46 86
11 13
27 72
16 73
49 46
82 44
13 95
44 21
8 80
15 48
32 82
59 28
11 25
93 89
13 65
16 16
32 32
82 35
57 19
1 48
32 93
5 33
91 68
77 60
27 37
4 28
22 89
13 55
17 48
46 17
14 100
14 33
56 81
41 23
81 6
56 27
74 18
94 52
100 99
82 97
60 100
83 32
92 24
70 24
76 21
4 41
37 91
59 4
38 75
94 62
60 3
21 19
50 94
2 70
97 78
76 83
58 49
71 19
40 37
74 96
68 87
53 88
39 81
76 67
45 10
19 38
31 45
19 27
64 89
30 95
52 23
23 40
13 27
43 98
44 15
40 99
99 90
81 6
98 2
36 16
74 19
9 56
56 34
75 12
11 26
5 12
50 94
68 26
27 82
89 82
93 74
94 68
93 69
83 54
69 34
38 78
1 91
100 31
8 56
65 31
81 25
11 78
39 23
45 51
53 28
83 37
84 1
3 17
15 94
34 2
90 85
40 12
42 10
98 18
14 76
4 35
54 81
63 21
23 12
80 62
3 3
67 85
73 29
95 71
49 38
94 15
84 1
2 80
93 45
43 56
18 63
25 21
53 86
56 85
70 24
58 13
90 21
5 24
60 81
56 67
38 78
2 65
95 78
80 87
99 35
60 53
35 21
52 15
22 26
58 84
83 29
76 28
24 69
55 9
23 50
73 58
48 23
6 50
74 90
92 19
1 58
91 4
17 40
53 43
98 88
86 63
10 7
88 60
90 86
22 39
95 26
80 63
23 56
90 56
59 49
73 90
49 60
45 21
24 56
23 85
2 57
58 36
50 64
26 25
12 45
72 14
50 34
12 67
30 63
75 23
55 86
30 20
65 26
71 77
82 14
14 65
8 39
44 72
53 77
50 76
65 11
48 54
29 91
39 18
37 9
39 91
11 59
37 21
83 64
86 14
59 57
85 20
43 50
9 21
62 96
6 94
32 34
11 29
69 12
61 96
85 4
24 49
90 68
1 81
94 25
24 33
14 46
2 63
67 5
67 22
3 91
83 67
14 27
31 81
21 36
2 88
69 71
83 94
90 8
51 86
20 7
1 64
87 5
62 8
9 84
48 100
19 53
92 17
58 29
88 17
53 65
94 84
11 65
94 84
94 64
4 90
17 16
60 9
57 4
35 72
26 82
59 94
69 90
91 9
41 26
41 25
44 96
9 97
75 18
33 55
12 82
94 77
33 70
98 39
55 36
93 54
46 38
74 41
85 22
55 18
61 57
37 86
49 1
71 21
82 21
42 65
26 10
51 89
1 25
35 14
37 60
78 59
45 59
6 2
68 19
86 85
98 26
63 66
94 33
73 96
96 20
57 66
66 72
28 89
55 4
73 59
21 94
100 94
98 99
5 16
54 63
10 55
93 53
54 16
32 76
26 74
48 80
57 37
76 14
100 56
43 2
13 73
78 14
88 61
70 26
97 32
73 97
19 52
60 97
18 29
91 47
55 16
75 46
9 70
34 57
81 2
33 28
54 50
32 95
30 79
10 17
37 9
39 33
54 70
91 24
70 60
80 95
38 3
78 97
7 8
37 11
21 50
71 32
66 24
60 62
40 58
63 56
84 58
11 61
74 4
53 38
53 59
80 72
79 84
61 80
13 28
59 85
45 59
19 29
90 31
74 37
28 46
27 39
64 22
34 67
17 63
85 81
13 13
6 17
63 29
19 72
42 27
35 79
42 55
8 3
94 40
81 12
22 10
29 50
43 24
95 13
81 87
96 34
74 84
60 70
8 13
38 63
18 6
53 72
56 92
60 36
78 60
84 89
86 75
42 81
17 7
54 89
26 14
81 71
59 5
88 42
51 42
52 84
74 72
92 96
11 86
19 12
25 60
32 95
47 61
67 83
78 59
28 99
14 17
3 95
87 69
22 29
41 57
56 74
74 52
96 100
15 62
51 12
31 40
100 88
92 44
99 46
5 76
70 57
31 16
63 32
9 99
82 9
15 67
83 70
25 5
25 4
1 33
1 64
9 50
48 45
20 98
86 9
27 44
33 14
89 3
65 64
54 95
81 59
20 89
27 98
76 11
87 50
30 61
7 50
38 89
73 5
57 48
43 64
42 13
88 15
5 48
51 63
21 24
71 66
33 33
97 28
48 70
85 17
98 43
56 19
32 14
69 40
93 27
10 57
1 6
81 81
74 20
7 100
61 92
46 8
33 49
89 2
32 10
14 10
47 3
69 98
87 66
3 50
11 14
28 78
42 17
68 13
78 41
62 40
38 78
62 25
11 19
37 47
47 41
60 61
92 18
30 54
28 52
85 44
40 62
28 57
17 77
65 81
34 8
30 68
10 41
19 57
18 21
41 2
84 18
64 23
62 99
70 83
18 25
72 12
98 60
12 41
39 24
27 52
25 32
29 54
89 76
35 50
65 100
87 69
94 62
9 17
68 74
21 13
93 13
59 36
1 22
61 41
24 68
86 29
90 8
85 60
56 37
59 80
26 61
40 54
74 2
87 60
9 36
92 78
10 23
58 48
3 70
1 99
85 99
27 1
29 52
25 27
14 2
45 51
63 95
7 15
53 20
30 20
80 28
97 84
89 55
32 1
58 24
64 75
17 29
99 83
48 86
25 18
58 62
25 47
64 71
31 15
11 58
24 59
74 45
73 80
82 58
28 14
73 30
18 8
7 67
1 81
94 86
20 68
97 84
8 80
78 35
2 55
37 52
57 62
98 38
77 58
88 14
7 61
40 32
57 42
58 95
40 70
81 11
67 56
64 16
96 82
97 70
75 25
19 92
23 66
99 56
52 1
50 80
71 86
21 8
56 46
23 66
14 94
27 65
19 1
21 25
5 99
20 55
10 28
13 12
70 92
38 86
53 25
28 4
78 69
9 19
85 50
69 38
41 29
51 5
32 5
36 62
100 27
58 29
54 5
22 92
56 85
58 5
23 23
26 70
78 65
31 68
48 87
92 10
57 85
19 88
64 86
13 35
90 94
25 14
26 99
59 38
63 51
78 75
87 93
92 19
38 93
23 43
60 9
78 74
74 47
91 13
13 87
25 25
49 42
18 92
98 17
56 78
75 48
20 91
82 47
53 64
50 11
81 85
96 73
59 95
99 24
59 11
23 81
89 18
36 24
48 79
99 7
98 26
77 6
37 99
89 44
66 98
60 41
100 52
43 23
85 40
90 17
7 10
9 64
90 58
25 53
6 32
46 35
51 52
77 23
79 33
3 16
79 33
59 69
50 40
37 79
10 93
9 50
11 11
98 62
44 25
11 42
96 68
93 50
87 47
33 18
81 46
53 96
44 59
32 49
47 19
28 98
21 65
54 80
88 13
63 74
30 84
45 97
60 60
80 35
21 71
38 44
35 50
99 3
48 13
84 90
87 33
57 57
44 91
98 43
6 70
87 16
8 36
54 37
31 17
46 82
38 6
63 62
50 78
81 64
94 11
97 96
60 13
67 75
2 27
99 78
29 1
31 10
43 74
40 60
10 44
15 44
29 4
44 46
66 98
76 68
80 35
52 82
85 24
23 77
1 76
42 93
62 92
60 12
95 81
92 9
58 93
84 86
55 22
7 22
16 2
48 32
3 17
75 66
14 59
4 95
25 43
94 59
86 4
67 68
85 70
96 100
34 63
13 73
91 45
99 12
41 40
70 31
2 93
25 15
93 7
55 21
66 7
54 51
14 32
13 39
97 59
71 76
96 25
51 80
30 98
64 78
51 64
84 66
90 43
16 22
40 61
15 38
62 32
25 16
33 57
46 1
72 15
66 20
11 26
63 59
16 83
51 65
84 89
18 28
27 32
28 48
24 48
44 38
33 98
89 31
56 29
30 8
60 6
4 53
32 87
41 55
19 82
82 2
24 21
8 24
50 75
63 33
22 13
11 6
88 100
7 70
8 59
59 15
24 41
18 84
73 25
40 23
68 100
9 14
9 50
94 31
36 13
32 97
90 21
21 10
20 27
97 49
50 17
31 85
52 53
33 55
71 39
70 34
67 9
47 11
78 9
16 83
9 95
51 22
26 89
48 95
57 91
85 99
7 9
81 31
3 82
31 33
72 53
70 33
39 98
80 55
16 64
27 10
63 51
57 36
47 71
34 30
53 84
48 87
17 14
5 88
80 94
39 4
74 21
46 2
85 15
3 29
61 84
46 61
6 2
38 24
93 55
62 92
23 74
51 63
94 74
25 55
34 48
17 79
46 40
72 97
96 33
13 55
98 7
10 35
69 90
96 29
96 64
74 25
43 68
12 77
30 12
23 61
2 33
3 32
68 14
87 47
58 12
81 49
84 7
63 14
18 25
76 14
76 57
92 98
79 76
70 83
16 5
12 75
38 13
14 44
35 72
86 45
78 98
33 30
95 79
99 87
28 58
42 95
72 63
71 77
53 71
1 74
45 37
55 3
55 57
12 2
93 1
64 20
92 51
76 60
78 85
62 27
3 73
54 42
53 24
81 100
75 76
21 28
44 27
12 88
86 23
79 98
97 84
63 20
63 79
44 14
13 58
42 88
85 8
36 20
64 65
38 31
36 45
8 53
44 85
43 1
72 55
88 86
58 21
15 57
15 97
36 5
76 83
69 21
89 98
81 58
2 20
63 25
53 38
45 98
26 12
38 12
23 95
23 47
52 32
37 25
66 61
65 41
79 13
50 68
100 13
42 29
39 98
88 57
50 81
34 83
82 10
21 87
73 20
39 82
87 43
87 16
74 38
63 77
56 88
62 36
95 87
9 7
76 12
47 24
53 57
2 24
84 35
28 51
76 22
35 18
64 28
41 82
51 11
94 40
42 50
51 75
36 68
33 47
90 31
37 100
66 81
71 92
9 87
91 52
9 73
95 81
77 19
83 63
9 58
84 6
96 50
3 96
44 65
24 61
49 19
97 21
77 36
84 5
76 23
52 58
71 75
91 50
44 39
21 85
85 41
85 88
23 59
72 60
17 87
64 41
8 60
35 19
34 85
68 46
25 71
95 9
62 26
53 89
29 71
71 35
89 95
24 20
73 30
32 59
99 33
74 100
80 31
75 68
57 5
55 53
26 25
79 31
98 3
69 16
100 67
82 43
6 55
74 77
53 3
74 93
38 17
12 62
8 12
23 53
79 59
84 34
17 62
92 36
89 22
45 84
62 71
29 68
21 56
87 52
12 78
19 88
60 52
92 8
94 55
68 8
98 61
19 32
47 38
95 15
40 99
98 56
28 57
45 53
23 32
32 11
18 98
60 100
95 24
78 9
35 53
73 34
13 94
51 66
65 70
53 15
48 49
78 92
81 35
68 4
64 43
93 12
38 43
75 46
36 72
31 50
95 53
85 84
2 33
41 42
32 98
93 31
90 97
59 6
37 35
12 80
43 17
6 32
24 80
37 92
35 92
58 84
62 26
48 85
60 49
78 47
100 52
7 49
55 38
33 86
26 5
71 80
77 49
64 47
97 26
12 72
46 48
91 30
96 55
99 80
83 24
27 52
91 10
72 72
38 10
27 45
36 52
80 78
85 76
59 31
68 69
19 68
68 66
29 46
66 52
79 14
6 92
18 55
38 14
13 29
50 40
63 18
83 61
26 41
78 17
79 86
89 12
76 64
22 67
36 67
74 44
4 90
15 70
65 5
28 62
52 79
43 49
63 65
83 56
27 77
73 47
50 77
46 96
92 12
79 22
63 99
70 77
36 14
80 54
7 90
48 42
81 93
22 60
30 2
58 85
51 28
61 39
46 97
26 43
82 58
82 15
52 38
37 99
96 36
16 43
64 12
99 15
58 43
78 76
81 22
85 71
50 22
82 50
30 66
41 85
60 72
44 65
63 13
48 85
24 70
21 55
95 78
4 62
42 14
77 32
62 99
45 93
37 22
59 95
70 35
70 79
92 61
21 25
58 78
39 96
88 67
22 41
37 62
46 61
51 17
69 36
82 32
1 90
51 85
63 49
93 27
62 56
6 65
7 39
9 92
29 34
28 93
56 22
85 48
69 58
32 53
98 46
13 50
20 74
8 92
35 37
41 5
100 52
7 61
98 34
38 99
95 79
71 74
27 61
92 91
22 90
95 48
25 74
74 32
97 32
87 23
18 58
11 40
44 87
25 96
71 31
25 73
52 41
26 52
9 20
72 98
9 56
58 65
37 100
28 82
65 8
23 36
68 38
64 59
81 48
66 71
54 57
27 78
88 44
80 69
18 20
9 86
26 16
42 94
82 69
75 100
80 16
100 78
85 39
24 54
76 25
55 21
48 26
79 65
33 25
8 97
50 63
41 80
65 13
38 14
69 13
81 20
12 1
88 50
97 78
93 48
5 20
50 87
19 77
93 16
81 7
89 96
1 53
6 75
82 41
35 73
80 74
62 8
86 50
16 12
37 14
61 74
23 32
84 39
39 91
55 56
43 88
40 53
47 88
7 100
30 18
67 100
87 20
41 18
55 2
83 49
85 17
11 21
84 87
4 93
55 88
64 94
44 40
8 92
22 68
25 81
42 64
1 41
38 40
27 65
69 4
74 53
39 39
91 35
9 44
77 81
97 43
51 31
16 33
43 30
9 30
97 2
10 81
48 1
38 19
64 82
82 50
22 35
26 55
66 88
77 79
81 94
81 81
72 18
88 86
2 100
97 50
81 1
3 40
86 90
59 66
23 95
60 42
97 56
13 30
20 37
73 36
9 72
23 67
40 20
51 53
31 49
89 21
12 33
78 49
26 91
27 67
12 50
99 25
53 21
77 38
28 3
85 14
57 70
99 72
72 51
59 70
47 74
4 52
13 61
33 63
62 69
35 56
44 56
58 76
99 37
63 45
82 63
59 60
37 11
73 34
9 12
68 59
61 6
21 96
97 60
38 96
99 14
8 61
89 20
51 34
36 98
68 74
35 100
45 20
18 45
58 50
55 41
65 18
61 53
19 1
49 32
74 73
5 8
92 40
31 100
3 44
6 84
64 62
13 55
43 46
89 47
21 18
62 57
1 52
93 66
10 16
39 99
92 79
70 76
79 70
94 13
5 26
46 43
29 64
1 97
63 40
38 13
7 37
79 9
51 18
25 89
27 93
24 90
81 97
70 32
7 90
83 92
28 67
70 3
95 47
22 12
10 50
68 16
83 68
11 53
12 81
92 35
1 52
55 60
61 63
79 73
1 24
18 40
76 16
81 87
70 36
90 7
18 51
77 24
69 15
68 68
53 12
47 7
92 58
34 8
17 90
50 99
68 52
96 56
19 1
15 50
17 20
81 2
34 65
99 39
91 55
97 46
42 74
91 58
52 57
55 36
21 30
4 80
24 27
48 97
84 18
93 14
37 3
53 68
21 37
57 70
21 36
74 48
4 28
64 93
59 8
72 18
13 43
26 59
67 25
83 43
92 8
35 44
63 45
25 72
85 35
5 51
22 69
