4000 119383
7 96
82 3
2 72
25 80
50 21
99 66
53 78
43 35
4 69
70 65
54 35
54 38
18 22
57 29
8 85
93 44
80 13
75 15
51 5
83 79
76 32
5 56
59 59
50 23
82 61
55 31
60 77
79 39
1 29
34 60
74 49
7 76
15 14
75 72
31 7
16 87
73 37
35 84
58 21
29 58
57 1
64 7
34 95
26 74
20 35
41 79
19 17
51 48
67 46
21 73
85 78
42 77
25 28
43 36
91 51
6 88
50 67
2 27
36 27
50 47
87 38
9 27
56 74
1 3
84 99
39 80
68 89
8 87
25 16
26 10
36 44
81 16
41 16
21 39
59 89
12 51
61 69
77 57
63 50
27 14
49 29
47 27
68 42
73 56
42 14
10 92
30 43
43 32
63 70
65 21
44 30
49 59
74 100
51 3
1 62
9 98
89 35
21 2
68 84
66 2
98 11
56 80
46 17
38 27
76 18
56 57
49 29
37 38
32 13
63 30
15 52
32 93
10 8
35 45
56 48
3 21
96 89
85 42
45 53
11 10
2 15
88 82
59 69
27 14
38 37
12 82
35 63
79 23
32 83
54 98
44 24
29 46
9 77
41 92
66 24
85 46
97 48
66 52
73 84
80 12
29 33
39 87
12 56
90 40
73 31
67 55
92 60
21 19
4 96
36 64
31 29
5 62
75 98
89 49
31 75
12 34
52 82
17 37
42 8
83 16
70 87
85 31
11 61
31 63
78 22
28 84
15 9
74 21
94 87
39 92
5 84
22 19
77 78
16 39
11 10
50 60
35 93
54 22
70 31
38 40
89 85
100 11
42 2
15 82
40 11
72 28
78 67
92 92
40 17
20 26
26 7
61 3
56 56
37 68
91 65
33 29
16 3
5 25
58 49
9 90
43 16
63 84
82 60
20 45
30 22
44 70
21 57
64 66
97 43
42 39
1 58
37 27
93 49
42 11
51 61
84 11
65 38
29 79
27 2
4 6
100 5
53 60
65 8
7 12
41 79
55 25
40 41
56 82
12 49
49 41
65 23
6 17
11 77
98 34
77 13
41 98
42 55
97 21
56 16
90 97
90 59
57 73
79 76
34 59
98 83
29 36
18 69
15 72
9 66
44 70
18 78
60 22
96 82
34 37
67 34
36 60
41 13
58 26
44 93
4 62
6 18
8 67
9 30
69 94
57 1
86 94
61 44
50 7
34 15
16 59
40 4
76 73
72 83
18 79
9 32
22 65
98 66
26 52
36 88
59 83
22 74
5 65
18 5
17 55
39 54
84 90
5 66
31 66
41 15
48 59
34 27
99 32
7 25
42 8
67 26
15 77
79 2
27 69
65 84
13 68
42 79
56 39
88 40
14 61
25 69
48 23
35 25
22 34
74 27
22 64
32 68
95 100
26 29
50 72
63 54
16 82
85 61
19 19
46 47
78 27
18 29
31 26
76 59
24 54
25 85
42 36
91 82
3 86
20 4
55 65
67 53
61 82
10 3
6 45
26 42
34 23
54 19
12 18
7 8
27 45
33 81
39 76
73 44
59 61
40 99
87 49
74 94
24 60
6 20
72 93
53 38
23 48
2 18
28 96
99 53
26 2
21 83
89 35
81 40
92 86
95 51
47 44
5 19
56 6
53 40
30 12
41 28
6 11
42 81
99 36
84 7
26 14
37 11
8 3
84 74
28 9
94 51
10 68
52 20
51 22
33 60
56 10
26 70
86 29
36 57
76 74
64 82
8 40
64 60
44 73
100 77
10 11
42 69
4 96
65 68
94 8
33 59
57 47
51 70
26 40
55 82
86 77
52 53
92 44
93 79
87 78
19 5
39 81
48 97
22 76
89 3
80 8
30 85
14 24
66 36
65 42
89 97
29 70
72 81
4 57
72 42
71 57
65 19
13 10
74 4
29 38
59 70
59 63
85 84
61 91
36 54
40 66
47 67
39 6
83 61
91 45
78 35
53 65
29 26
25 32
27 93
18 80
5 39
56 77
83 3
22 75
20 18
72 99
50 96
91 50
27 7
73 37
14 59
92 77
37 99
87 62
72 66
95 20
97 76
57 50
8 10
85 29
48 67
54 29
23 86
82 27
44 73
52 21
86 44
73 50
77 52
12 36
42 29
33 42
67 64
24 83
54 16
38 34
47 82
55 11
29 35
74 40
27 100
94 93
65 69
15 50
80 7
88 34
62 21
29 34
96 35
69 82
65 63
43 1
74 10
87 100
76 80
17 35
39 72
62 75
41 84
67 75
73 62
82 65
99 17
92 25
58 47
4 84
29 10
4 80
58 47
9 45
29 72
36 98
2 37
45 92
2 47
34 43
33 25
63 19
14 29
28 12
31 100
78 43
71 12
4 10
16 42
98 43
73 44
6 66
59 17
65 79
24 40
84 78
47 95
22 56
27 55
56 42
77 92
7 64
59 73
86 38
68 8
88 96
73 35
21 45
32 87
75 33
6 39
64 12
37 51
19 67
44 23
20 50
48 9
14 86
75 11
16 3
63 29
47 54
21 68
74 97
12 85
45 59
9 75
10 79
18 67
35 29
65 72
47 58
93 44
75 97
32 95
60 52
14 92
57 29
33 48
98 79
31 13
38 38
13 90
19 63
9 5
56 64
38 12
8 65
21 1
13 23
23 19
84 81
11 28
96 38
9 78
22 12
40 97
17 52
83 43
9 63
3 32
47 14
55 72
95 75
74 10
39 66
7 78
87 2
95 46
39 25
36 80
77 58
28 63
49 21
95 20
88 19
56 36
33 83
96 35
77 88
97 57
18 54
12 69
7 37
65 43
20 46
29 100
56 39
36 49
11 42
65 53
38 80
10 8
71 24
84 6
83 69
9 41
90 84
21 22
55 38
80 60
9 53
31 47
8 22
57 25
26 18
95 92
64 12
10 1
42 79
40 100
6 9
12 32
51 68
12 45
76 26
22 13
40 97
32 17
57 61
3 38
96 21
46 92
64 97
18 97
30 97
46 66
79 37
19 32
18 39
33 27
51 92
78 92
16 73
10 65
86 16
41 91
4 9
50 28
2 91
98 87
89 27
7 51
9 70
92 94
18 48
84 95
13 58
10 44
15 11
22 18
12 33
62 84
67 9
75 30
80 80
48 57
72 47
58 68
19 89
41 85
42 94
69 32
19 76
57 67
78 48
56 44
49 57
33 56
5 71
50 99
30 94
46 49
8 49
38 63
89 94
26 48
74 10
53 51
35 91
88 20
74 20
98 24
2 55
93 28
24 5
81 34
92 36
47 51
90 2
10 76
87 35
83 95
30 7
57 11
92 61
7 7
13 54
40 69
92 62
69 76
42 67
73 56
14 76
49 68
11 70
2 69
26 15
36 79
55 19
60 58
23 51
80 90
9 33
76 5
24 17
84 37
56 39
16 4
30 87
97 40
25 80
69 73
80 86
55 86
77 83
71 47
13 92
41 88
62 67
56 6
10 15
55 34
29 13
23 90
4 53
91 82
77 58
29 19
26 13
83 28
41 28
100 63
62 17
1 60
76 67
86 85
85 48
83 5
1 89
14 86
32 96
77 68
82 59
63 82
83 5
59 41
85 80
48 49
99 81
46 46
55 54
60 95
1 31
83 18
35 85
56 35
25 51
11 42
84 54
2 63
45 22
76 81
2 25
6 38
77 93
29 92
43 23
61 40
63 48
95 63
26 26
94 96
72 30
8 84
56 29
6 34
18 76
40 60
5 82
68 8
38 5
60 87
80 3
38 88
94 4
14 39
45 22
19 7
76 32
80 75
20 69
20 53
56 8
73 94
25 91
84 100
1 37
20 65
44 91
64 36
14 27
21 16
9 31
37 8
80 51
65 11
95 93
49 79
56 70
99 27
17 86
93 75
58 13
48 88
82 14
4 69
61 26
26 35
22 75
36 10
6 62
41 43
55 62
13 69
66 88
31 4
96 20
66 24
2 20
91 10
81 60
16 98
11 78
90 42
52 5
43 28
6 53
98 98
91 58
61 22
97 24
7 44
6 48
6 88
54 83
39 61
9 8
66 61
65 48
82 82
53 70
22 9
75 77
59 31
86 29
40 64
90 87
81 48
5 40
91 6
23 9
38 51
58 4
85 86
27 92
62 8
27 66
32 96
59 57
18 23
44 18
7 32
76 18
1 17
13 20
82 1
40 78
73 27
47 61
4 25
55 61
100 82
77 85
29 89
58 64
62 13
68 4
99 50
94 60
24 43
42 56
16 68
61 45
99 59
52 6
39 37
12 18
79 71
70 84
71 75
48 45
66 53
77 58
23 63
66 70
41 77
56 15
5 47
14 56
55 27
60 23
20 68
6 8
88 7
48 56
15 71
49 19
15 11
14 21
94 30
90 54
7 28
61 97
51 98
57 38
13 54
89 86
69 55
43 24
11 70
91 81
90 69
28 22
67 39
64 83
93 43
60 67
20 97
50 41
25 74
74 23
61 63
44 41
79 82
49 21
91 48
93 52
49 91
57 59
58 24
43 20
46 64
64 3
3 69
48 13
73 40
67 22
37 99
41 47
9 98
99 20
83 27
50 18
26 93
1 17
14 100
70 88
60 36
33 48
19 28
84 9
58 70
32 43
27 2
88 51
80 63
69 49
32 54
80 54
25 59
90 30
22 25
23 22
5 32
77 93
70 35
77 72
43 15
58 85
69 18
4 64
56 56
51 96
53 81
81 100
52 13
66 80
51 87
63 48
50 27
21 67
47 56
59 48
52 9
25 57
46 50
83 71
94 58
78 3
63 76
70 16
19 32
36 1
92 90
23 64
12 45
14 24
52 35
7 11
71 60
72 4
62 74
27 67
23 99
14 54
7 18
26 11
32 33
9 5
88 10
33 11
30 71
86 18
92 58
33 31
63 74
89 7
16 1
56 83
66 62
30 29
77 99
36 93
65 29
69 88
59 8
29 25
82 63
62 94
87 36
52 74
33 97
48 9
30 40
7 48
13 63
37 57
32 10
44 47
97 13
72 20
77 58
26 35
9 37
20 67
11 65
71 62
8 26
26 18
78 45
26 87
55 98
55 95
61 31
71 78
75 34
71 39
99 2
56 96
84 84
85 37
59 21
17 33
84 98
89 12
23 80
97 60
77 20
7 89
92 58
25 33
30 8
20 15
3 19
90 44
39 34
13 36
61 58
47 59
90 5
38 2
24 45
44 2
44 96
36 27
66 31
18 29
7 65
17 32
25 76
90 1
53 21
84 96
58 33
37 18
24 59
33 12
85 29
52 78
91 52
76 86
76 62
20 60
96 53
78 81
9 55
34 86
42 68
21 12
32 96
31 24
59 65
55 92
26 77
54 60
43 18
92 7
72 40
49 35
8 38
96 67
90 35
60 10
31 62
48 19
96 27
6 20
32 30
80 7
57 50
22 33
8 93
85 11
93 92
3 97
14 43
1 99
88 82
56 10
74 62
20 29
86 33
84 79
26 20
12 9
37 90
68 37
3 67
8 30
68 71
62 57
4 96
58 57
21 66
86 10
57 75
69 45
92 81
88 56
100 51
48 30
61 89
7 95
84 93
53 32
61 91
98 35
5 82
49 24
5 97
78 44
68 52
90 81
61 74
45 71
53 90
98 63
65 60
7 8
57 44
32 30
68 64
12 40
41 39
41 82
98 1
49 13
9 26
89 33
88 69
60 28
88 15
48 9
19 23
24 7
100 40
79 65
21 93
57 22
27 89
77 89
34 17
46 40
66 70
47 90
43 63
71 11
96 52
7 22
77 18
52 96
38 3
45 34
16 87
31 41
85 15
13 39
79 6
45 92
53 23
67 26
4 19
40 37
66 34
74 93
63 95
18 73
53 58
35 88
74 46
79 46
11 76
59 62
77 37
29 97
5 3
19 99
99 7
100 7
77 20
27 77
4 2
14 23
71 10
19 40
96 15
7 24
83 30
27 20
3 15
35 52
93 45
59 85
26 89
10 78
32 78
41 35
27 3
84 87
27 22
52 48
15 32
38 50
11 62
91 20
18 98
15 16
61 19
68 5
67 22
37 90
94 81
22 75
2 12
17 90
92 66
98 79
23 65
74 95
24 98
26 31
8 47
68 43
84 15
85 87
29 72
15 44
25 73
8 74
51 30
52 47
59 74
65 13
41 96
69 87
7 33
58 93
36 2
19 3
77 49
54 24
55 92
22 81
75 50
8 56
38 70
66 16
57 34
61 86
91 10
32 31
38 68
98 8
99 25
73 83
82 46
80 97
39 78
59 19
87 22
89 60
10 65
45 47
5 72
50 60
66 85
11 56
59 4
1 87
29 58
87 5
6 62
35 50
8 85
80 63
43 57
46 7
97 78
99 90
58 92
87 40
31 72
95 60
36 47
81 49
19 94
69 93
12 97
57 23
79 11
98 18
98 82
88 75
95 17
2 6
89 86
60 53
65 61
47 41
60 91
45 71
33 45
65 52
80 72
93 30
96 67
74 28
38 88
44 44
24 69
95 31
82 83
6 40
41 42
69 82
39 88
59 87
89 26
50 84
67 10
68 36
48 54
64 43
7 62
42 22
18 48
96 99
1 74
82 61
94 39
12 65
26 83
79 36
28 68
57 54
71 17
75 34
30 81
8 4
70 30
6 1
54 34
3 64
11 92
94 76
71 97
49 80
4 62
11 22
99 15
70 23
30 57
98 20
86 66
37 70
91 93
3 65
32 68
43 19
36 25
77 7
6 35
61 59
55 94
85 2
70 12
25 10
59 88
51 44
84 13
80 69
56 44
89 98
82 84
19 36
82 25
4 81
67 67
37 87
14 2
17 33
7 61
44 11
66 5
44 26
80 32
8 97
46 43
63 100
50 67
81 19
39 58
7 1
93 78
46 51
91 3
14 89
22 12
1 42
65 33
58 76
80 62
72 28
46 73
61 45
90 63
28 98
64 77
9 29
16 36
30 31
77 14
22 96
73 93
95 18
65 74
4 24
2 66
62 16
66 23
4 33
94 34
56 32
10 33
39 11
1 34
53 87
52 52
23 45
53 28
68 84
80 20
33 41
40 11
25 45
93 86
81 26
4 94
9 62
41 6
20 29
38 44
70 19
93 76
62 36
16 88
10 1
65 60
17 54
71 68
30 34
72 86
17 2
37 66
34 18
55 64
38 51
86 5
6 15
12 96
38 84
74 50
91 67
70 25
65 13
67 11
15 10
97 38
23 4
75 23
90 95
94 84
12 67
11 14
86 12
73 54
26 1
47 12
37 13
94 54
70 80
18 47
66 91
86 33
54 64
99 9
40 48
43 66
36 13
97 63
54 13
73 96
22 64
96 80
95 20
38 76
15 42
9 81
35 65
37 98
83 56
76 60
30 81
46 74
86 25
67 44
70 27
11 77
14 8
58 40
4 83
83 39
75 38
21 73
68 23
80 53
71 81
59 70
23 18
6 45
55 84
28 31
79 93
77 48
24 62
73 64
66 75
38 3
33 45
52 40
26 100
15 52
27 51
7 33
12 25
12 75
73 28
81 51
74 51
38 35
38 42
30 85
72 73
64 31
50 58
91 95
43 83
21 90
49 17
17 53
26 87
56 100
45 35
56 79
84 99
20 48
28 42
49 74
9 50
60 38
1 65
34 2
26 41
27 15
92 86
37 65
91 89
64 13
69 68
16 91
54 100
6 61
45 28
25 24
69 92
47 85
16 19
64 26
19 26
16 87
32 30
96 12
71 86
28 64
52 42
6 85
47 11
31 36
55 10
7 13
43 25
55 74
40 66
20 66
33 88
31 51
57 82
75 28
47 15
77 1
43 70
52 14
83 62
87 97
76 38
3 53
85 33
43 8
66 30
55 59
59 94
50 60
51 22
81 31
77 23
54 16
87 15
24 86
36 51
93 24
30 98
78 27
47 97
22 63
98 92
31 36
4 65
6 26
58 63
2 79
82 26
100 33
53 45
16 87
38 81
81 34
19 91
75 14
23 41
36 21
29 24
33 86
85 80
79 97
14 16
62 54
32 12
52 83
37 39
68 14
44 6
18 88
97 41
90 55
91 2
46 32
72 42
47 66
51 9
81 5
48 97
85 35
80 89
53 41
52 73
70 21
33 74
70 16
44 34
55 66
58 36
72 9
88 51
42 67
51 6
53 66
55 72
34 17
4 100
91 11
53 31
47 58
61 50
50 71
88 12
51 52
47 54
59 5
49 69
50 15
92 61
97 65
34 49
71 1
49 57
85 73
92 22
33 82
7 88
35 7
87 47
64 75
7 16
26 49
57 41
9 21
78 67
12 13
42 89
81 66
54 75
47 71
79 23
14 76
48 93
66 86
17 27
94 99
77 91
65 96
43 13
68 51
13 12
28 13
90 4
13 69
65 85
82 25
45 2
23 25
16 31
84 1
86 99
74 98
61 49
42 92
82 18
39 15
5 4
76 59
71 33
59 30
22 29
2 55
72 5
21 74
67 93
40 84
66 72
43 83
57 31
61 84
62 85
69 42
88 96
52 88
34 62
4 32
85 64
78 16
26 56
100 95
13 16
63 55
74 92
74 64
57 98
55 62
64 31
61 53
82 72
86 63
19 82
55 52
87 69
43 38
75 25
54 61
34 21
41 96
48 95
90 3
1 31
10 32
11 97
40 78
13 19
44 58
96 10
97 83
73 25
21 17
48 29
38 40
36 23
21 72
11 4
92 20
28 85
26 86
4 72
61 56
11 48
75 5
16 8
98 68
69 43
90 84
3 29
2 15
82 32
2 75
92 18
34 14
63 6
54 66
74 92
75 77
97 23
69 53
23 11
21 100
41 21
71 39
58 39
76 44
43 62
20 94
19 15
22 47
45 79
75 39
83 54
56 78
49 43
50 13
5 46
17 37
39 97
59 26
18 4
73 80
60 52
61 73
6 93
75 58
66 38
79 36
1 34
14 12
99 88
24 44
35 11
40 61
46 34
44 50
67 4
40 95
64 43
38 70
62 93
8 74
12 8
96 47
15 51
12 3
45 59
71 48
28 39
35 7
81 25
97 94
59 86
93 77
10 66
65 31
67 34
75 3
95 66
67 19
41 15
94 6
42 62
75 77
85 66
87 95
18 26
3 21
27 41
81 21
92 42
40 34
41 94
3 50
87 80
7 96
66 52
31 90
78 44
93 42
17 97
58 68
42 36
76 34
2 96
3 53
40 64
68 29
29 56
86 82
35 47
69 22
31 87
28 60
95 98
15 4
15 6
13 76
70 24
93 47
45 48
61 65
84 80
37 41
16 66
70 11
44 88
81 69
52 100
73 31
74 11
68 48
82 51
67 98
43 82
84 98
69 50
34 97
3 27
49 57
20 78
89 25
18 30
50 64
17 37
12 80
17 67
83 42
76 55
86 42
75 40
73 2
98 59
10 19
9 94
13 24
79 81
4 33
94 93
30 33
28 16
19 55
97 80
10 18
37 4
92 61
45 15
57 5
77 58
47 93
5 14
96 87
36 70
22 43
98 51
4 6
86 22
66 69
86 47
13 28
3 11
12 87
85 81
100 69
21 57
46 74
65 44
99 90
49 59
58 88
80 22
77 74
28 42
76 1
38 91
64 97
19 14
34 5
20 2
96 23
80 98
24 15
43 9
67 67
98 9
92 11
70 72
35 31
57 80
55 70
47 58
11 90
66 8
32 91
63 10
86 17
77 16
27 5
36 6
77 74
36 93
15 27
5 47
63 86
43 79
42 37
78 83
13 92
75 42
97 36
8 66
7 39
72 2
3 75
73 57
21 10
94 85
95 80
55 92
3 16
49 49
54 2
13 57
67 9
85 92
27 66
4 25
13 7
53 71
92 82
41 81
88 63
58 60
46 27
2 100
100 38
39 16
79 82
13 82
14 57
27 69
72 47
72 47
99 70
74 73
44 3
71 32
68 58
90 82
26 75
22 73
91 82
79 76
34 30
57 42
15 19
61 47
12 18
79 26
65 69
55 99
19 58
5 83
13 10
64 36
6 83
12 48
3 51
37 16
76 29
68 7
63 85
48 27
39 5
13 6
21 100
34 59
84 37
40 9
76 92
61 12
61 33
66 74
91 39
47 62
74 67
57 58
59 61
85 85
35 35
23 81
40 35
5 92
27 64
4 45
69 79
85 98
15 92
23 30
21 13
43 72
42 88
35 97
90 98
32 45
48 3
62 97
17 3
83 91
54 57
92 95
43 2
14 90
57 20
85 41
12 3
30 86
41 50
70 63
67 70
75 84
93 96
58 57
79 27
71 59
61 1
99 5
7 56
27 44
73 86
79 20
69 67
14 26
14 69
58 64
45 70
13 23
72 13
62 72
95 13
25 69
53 66
89 67
90 10
62 85
73 59
2 13
91 23
13 8
23 27
9 44
87 43
67 22
66 100
17 69
90 80
26 100
16 25
96 87
53 95
88 63
75 59
21 61
54 88
88 27
31 77
50 9
100 49
54 41
11 80
46 13
30 61
16 98
34 79
71 71
77 34
58 89
24 83
19 8
70 96
47 9
28 52
8 90
13 31
93 51
24 58
2 62
71 3
91 35
98 1
23 97
31 97
24 59
95 58
36 36
11 85
77 86
85 44
62 85
30 26
96 75
59 97
11 86
63 24
44 28
82 56
91 10
1 16
5 38
9 17
22 64
51 99
88 68
29 53
16 81
81 71
4 63
69 42
3 73
47 49
18 42
77 21
29 45
41 100
71 78
64 32
3 36
100 15
48 27
16 20
29 40
95 53
74 69
40 26
57 77
69 96
73 33
99 38
69 63
77 23
8 6
42 78
80 21
95 26
70 83
47 1
27 96
26 45
15 94
29 20
24 93
85 36
5 40
52 89
25 87
28 70
15 72
80 23
27 84
14 98
95 42
7 24
9 50
21 62
98 1
17 78
41 9
70 33
16 67
10 72
99 7
75 73
3 1
78 79
69 98
25 83
76 31
48 93
50 79
90 25
28 64
73 23
74 60
85 3
76 63
51 46
12 72
42 34
30 20
90 56
55 83
76 14
96 31
63 85
48 75
46 83
32 62
89 84
15 67
47 81
50 55
65 74
21 53
52 7
42 52
41 50
76 90
69 83
40 94
77 20
59 59
68 9
1 43
84 18
52 11
76 5
86 15
15 83
17 91
67 87
4 90
24 73
43 100
51 72
38 9
42 74
96 54
69 23
30 57
63 20
67 3
31 63
27 93
87 55
83 70
21 97
80 56
10 11
89 31
19 1
87 30
99 89
38 9
87 24
35 58
89 19
15 29
20 24
55 53
31 71
87 10
58 42
6 95
81 9
61 13
44 4
22 35
56 18
64 26
4 91
70 38
31 28
34 6
97 82
69 82
68 27
17 30
48 89
78 37
57 60
19 89
64 18
56 100
56 97
2 42
90 9
97 67
16 22
9 33
51 72
99 92
47 94
61 13
4 86
27 55
21 78
99 89
1 89
28 47
63 14
4 31
98 84
93 93
37 36
94 18
61 74
5 62
62 47
61 14
34 50
18 59
79 2
49 20
73 10
86 50
50 61
14 19
82 69
66 34
75 51
85 40
16 25
21 44
45 4
71 62
48 50
65 33
70 3
100 38
44 80
32 68
3 69
41 15
24 61
91 56
86 32
36 86
47 70
47 31
48 100
80 71
17 89
26 53
28 90
89 98
64 3
78 2
55 68
97 23
95 35
29 18
81 62
62 11
49 14
25 65
32 73
48 63
41 98
1 75
47 53
85 29
32 94
49 73
77 43
7 54
92 80
63 75
95 92
38 49
61 5
42 91
70 20
77 45
20 43
97 61
18 94
83 97
26 63
72 62
79 19
72 97
100 31
60 32
33 8
100 44
36 49
65 32
48 59
77 46
65 58
46 63
13 26
49 51
47 35
41 68
7 57
38 14
3 42
1 48
27 15
16 98
43 90
96 86
92 94
62 84
45 46
61 88
96 81
70 60
32 49
74 51
94 9
83 31
85 35
26 16
35 27
21 83
42 99
34 37
49 28
7 56
79 99
13 5
7 6
77 85
53 72
13 14
66 50
8 14
66 61
93 16
23 63
8 50
88 1
66 57
21 86
84 99
79 44
16 66
54 58
62 44
41 68
99 18
97 26
26 2
24 33
31 52
98 84
66 31
64 88
46 63
24 38
94 38
10 67
82 96
71 22
62 39
94 9
88 72
21 4
11 70
80 87
95 18
18 71
20 40
13 74
90 56
3 90
91 69
57 73
8 99
52 64
98 93
6 17
48 90
75 94
30 49
78 93
72 30
47 32
93 81
69 92
22 21
39 70
78 11
3 16
61 92
91 1
48 25
48 15
64 56
59 46
28 53
58 73
28 68
99 44
70 47
70 76
1 33
12 67
26 48
9 32
64 83
23 92
66 48
63 24
97 86
47 48
93 16
20 67
93 31
37 48
88 10
66 52
75 18
17 20
68 67
35 61
8 72
68 43
35 75
71 27
78 88
14 79
80 100
57 8
12 23
2 98
26 83
12 55
13 64
52 82
72 86
28 98
26 74
38 85
91 21
75 11
84 33
83 37
94 77
29 15
71 36
82 86
94 66
46 53
50 58
14 85
32 13
9 29
33 27
66 39
31 8
10 67
79 18
11 7
66 74
42 40
12 4
44 8
6 46
76 19
95 89
29 32
4 69
20 62
18 68
46 89
94 24
2 52
80 77
40 52
82 67
50 13
73 90
27 84
95 65
22 47
92 68
79 30
31 27
24 47
44 68
13 34
85 13
75 85
23 92
3 38
68 76
86 47
46 45
73 22
14 18
92 85
2 5
17 86
63 99
19 72
14 74
9 22
72 24
93 51
48 74
5 42
42 63
20 63
32 25
89 79
93 61
75 93
67 8
75 39
51 91
62 28
88 25
35 55
88 64
62 16
89 92
56 92
100 15
34 88
80 13
13 32
77 72
33 69
81 17
40 22
4 40
46 42
48 44
27 15
38 44
47 69
32 56
31 58
18 83
15 33
19 37
10 43
89 25
37 96
37 33
39 67
99 75
24 57
26 21
38 39
37 25
14 64
45 30
88 39
100 51
25 94
100 22
76 74
57 62
32 90
67 48
12 53
77 31
66 91
39 68
66 75
12 11
70 75
97 84
81 93
36 7
67 20
43 87
76 83
4 68
79 19
15 49
54 42
54 28
92 21
91 32
90 52
5 84
36 13
78 42
56 86
12 6
29 63
32 12
20 67
13 52
50 59
32 20
41 82
16 49
70 39
7 8
79 11
91 65
55 44
60 3
78 24
21 15
2 89
53 6
76 82
32 59
19 7
29 76
85 86
10 27
72 7
26 89
67 63
59 20
55 30
22 48
70 77
36 92
5 59
89 96
48 43
55 17
72 15
40 77
70 17
93 5
98 36
48 27
35 69
52 79
59 81
12 92
25 94
60 21
65 50
100 27
91 80
35 8
81 2
27 17
45 86
52 61
53 6
11 48
10 32
7 35
84 96
31 8
42 27
89 6
19 3
41 21
43 23
43 69
81 49
64 91
35 25
78 85
11 70
70 46
82 15
22 50
81 37
6 60
33 71
97 38
57 87
24 2
84 97
89 40
2 18
28 83
40 100
54 75
90 30
1 83
13 10
73 77
31 91
6 88
61 35
2 45
47 8
55 9
44 66
79 9
18 99
78 90
56 93
81 68
99 35
89 59
2 18
32 24
46 19
34 40
80 13
3 5
9 41
63 10
91 96
11 10
90 92
83 96
16 85
31 73
35 78
28 46
4 2
66 20
34 33
16 36
19 17
32 92
71 44
62 82
10 100
88 42
91 23
17 44
20 62
90 58
6 3
21 31
21 33
51 73
7 70
100 45
5 77
15 62
15 54
48 72
77 23
4 97
82 19
93 59
87 70
16 49
72 4
42 71
33 20
57 88
57 6
51 36
40 32
79 1
64 69
49 83
67 42
55 92
66 79
38 55
96 49
23 81
59 85
68 33
25 53
65 6
19 77
82 81
31 19
33 83
81 4
8 42
89 79
62 75
52 52
75 100
29 75
75 56
16 70
62 94
32 95
72 27
64 82
71 78
51 27
28 50
72 61
69 21
34 41
89 39
6 27
29 41
63 71
16 12
96 73
87 75
32 17
14 2
68 7
63 88
99 84
48 62
22 29
87 62
61 36
73 80
61 62
42 10
47 87
76 83
3 56
30 34
99 62
18 37
53 11
1 40
97 86
76 23
21 60
30 27
64 13
79 87
10 19
26 83
94 50
57 92
64 9
26 18
23 93
84 15
40 5
21 28
83 29
61 85
7 89
44 64
33 17
67 2
85 26
31 3
94 37
39 81
13 88
44 98
8 17
17 51
45 37
5 2
92 73
65 49
86 80
7 86
95 87
48 51
84 20
89 36
4 94
47 81
66 53
26 38
30 47
5 10
98 65
13 75
65 94
4 5
8 91
49 10
22 7
44 16
31 65
67 43
82 48
43 52
11 92
41 64
11 2
55 28
45 17
54 27
71 28
83 49
60 64
66 14
30 99
43 83
6 49
33 44
42 15
71 54
11 81
23 62
27 63
8 45
35 36
91 8
64 49
94 78
39 18
37 7
37 93
69 82
4 1
70 40
64 85
14 92
11 55
74 39
20 72
7 24
28 65
42 99
89 72
39 28
59 65
18 22
34 62
64 13
3 65
27 77
86 18
65 45
49 90
12 32
72 41
36 25
54 92
87 89
29 3
92 9
24 48
66 47
13 42
27 100
87 39
28 78
92 44
97 93
53 16
63 67
4 16
32 32
4 65
44 39
71 11
15 29
14 60
56 73
78 94
16 24
82 1
16 63
80 20
30 90
79 47
3 60
65 66
33 38
42 1
94 68
76 98
65 100
11 67
88 39
43 99
97 5
67 68
34 42
46 49
20 36
96 8
49 17
51 67
51 25
44 55
73 78
65 5
57 67
28 50
95 50
24 42
61 2
10 13
3 62
91 91
40 11
58 73
7 56
72 48
99 73
52 76
48 45
15 72
14 42
87 35
57 71
11 98
6 54
90 64
56 98
25 89
37 24
56 14
27 56
87 48
99 69
52 33
52 52
8 87
31 34
98 54
31 28
92 87
59 18
86 89
34 77
98 28
95 62
40 32
70 27
93 86
44 7
69 23
7 58
57 100
7 57
63 80
19 49
12 62
4 95
74 47
88 51
40 18
81 60
15 6
78 65
32 80
66 90
81 69
39 66
96 75
78 22
21 46
39 61
36 91
6 34
72 37
86 18
100 47
64 20
7 44
44 33
59 79
75 66
2 42
15 78
33 74
16 73
34 27
45 35
19 67
59 25
32 37
10 37
40 36
98 42
40 53
23 16
63 83
20 73
61 33
11 9
50 46
81 78
49 69
37 36
39 64
73 57
22 53
38 10
88 29
28 48
34 94
46 7
54 65
35 87
60 36
87 90
51 59
45 14
83 77
69 78
4 38
14 13
31 66
95 74
12 7
70 18
17 41
26 41
41 91
77 25
88 50
90 88
9 55
89 70
27 24
99 18
61 79
48 28
37 79
48 7
28 76
22 25
93 65
33 92
56 11
4 100
19 34
6 22
49 66
1 62
27 51
4 55
67 74
9 16
98 80
78 32
78 85
66 20
55 73
18 27
94 97
43 74
60 15
2 51
83 95
86 38
53 20
43 73
85 65
41 50
42 31
64 92
62 74
86 95
97 36
17 37
41 47
15 69
75 58
41 64
68 30
53 8
44 18
34 55
61 75
93 98
63 39
90 59
58 69
69 63
59 86
3 65
63 36
18 100
57 67
45 30
55 37
9 38
39 55
92 53
49 88
80 85
55 45
10 13
17 32
51 32
78 49
58 30
18 100
52 6
98 93
85 81
4 65
94 10
18 87
16 39
38 7
32 25
57 98
48 76
100 87
16 83
50 92
63 74
85 34
6 11
7 4
40 70
14 48
46 10
31 74
62 87
77 94
37 70
71 100
94 77
88 1
49 48
3 6
5 52
52 54
52 98
41 84
8 18
45 8
10 71
75 9
35 66
41 95
32 6
82 93
40 34
47 40
31 37
54 7
83 25
89 47
61 62
74 46
2 46
58 71
56 19
16 33
34 65
93 89
86 32
79 93
80 41
86 79
81 99
36 93
90 84
33 96
76 76
97 54
29 55
37 46
71 62
63 21
77 93
2 19
96 13
68 26
100 10
27 49
22 32
35 34
15 47
82 46
8 79
68 93
91 16
64 97
83 25
24 32
8 37
21 56
55 25
87 78
6 86
35 23
74 70
47 70
19 18
1 97
43 75
100 73
37 95
66 36
14 45
65 87
67 6
10 57
32 64
19 15
88 58
53 47
53 48
54 4
86 92
12 78
21 96
76 8
27 74
4 72
52 39
34 11
24 79
6 15
72 40
81 65
92 37
45 61
28 86
63 7
97 57
22 60
62 31
85 51
87 47
27 75
49 89
6 52
36 83
81 52
76 66
75 92
85 99
28 65
28 96
71 90
91 42
1 43
98 49
18 15
4 67
49 88
3 77
79 45
6 2
75 68
11 9
98 91
71 28
90 46
12 97
68 85
64 5
25 79
4 87
50 51
51 53
53 28
55 2
39 87
85 31
30 19
13 79
69 29
9 83
93 26
91 71
52 24
93 20
89 71
69 91
48 86
89 10
23 19
78 31
95 12
97 87
40 91
44 54
68 66
30 89
7 2
87 2
93 93
31 80
90 89
94 96
81 84
94 68
1 49
71 70
78 98
82 68
36 100
99 79
91 2
28 25
89 49
94 78
20 45
29 71
14 20
19 82
18 81
36 90
96 64
64 44
33 76
35 7
59 97
52 94
16 95
65 98
38 95
60 87
95 29
79 35
54 34
27 12
73 2
54 83
50 33
2 100
35 2
85 33
100 78
77 3
12 9
89 78
70 80
83 53
69 48
35 51
53 87
38 28
71 41
100 50
1 71
3 68
34 56
11 19
6 61
2 50
27 16
95 56
13 89
21 96
73 90
66 22
100 59
97 44
71 56
49 92
99 43
58 57
85 76
98 72
86 60
48 84
38 49
8 91
30 37
7 48
42 42
34 75
44 76
12 34
33 24
97 98
66 1
66 32
7 17
71 14
19 81
86 84
65 69
32 21
58 80
90 10
49 95
57 90
86 53
20 50
57 81
36 47
29 7
41 56
34 18
14 18
40 40
23 18
73 60
69 28
81 18
15 53
2 2
25 93
78 86
34 77
73 42
96 87
52 8
31 10
66 100
22 41
16 94
83 20
53 13
74 25
24 81
54 7
82 14
61 86
25 57
91 47
97 84
53 15
83 2
30 2
18 32
23 93
4 71
91 91
91 72
85 88
57 44
45 73
61 32
34 81
30 2
33 74
29 19
33 9
15 35
47 18
55 1
31 28
81 89
59 14
4 4
4 22
12 20
37 70
64 7
36 28
27 16
12 90
40 94
10 69
93 43
58 25
32 62
97 66
100 68
74 33
81 53
56 63
18 58
41 37
89 95
100 11
25 62
70 14
32 19
39 96
16 83
38 72
69 76
48 72
97 85
24 79
3 45
60 56
13 48
18 51
48 36
39 63
30 92
87 29
48 32
22 87
96 6
31 45
18 52
95 25
5 29
50 56
2 39
74 38
42 92
43 33
25 48
66 53
12 46
57 19
57 1
79 29
46 90
77 76
26 52
94 26
53 54
28 96
54 33
65 54
45 98
1 68
55 16
26 41
87 49
55 99
48 27
83 6
85 95
17 30
29 30
41 24
67 86
31 20
15 61
60 29
73 52
91 9
78 34
36 50
47 27
34 34
14 30
45 68
10 9
91 81
38 93
62 14
18 28
91 77
78 67
14 77
91 97
33 35
40 17
30 45
87 33
39 96
64 2
23 28
55 25
44 83
64 3
73 62
74 2
30 15
33 91
98 5
20 23
10 76
33 54
19 1
43 9
98 83
63 20
4 69
88 15
100 64
18 34
57 94
43 41
47 1
71 70
85 89
79 87
62 39
14 33
17 71
100 86
29 86
40 98
54 10
73 68
55 52
79 24
98 69
84 67
11 14
