4000 101422
90 23
42 98
54 92
39 74
90 21
56 22
62 7
20 16
27 53
32 30
41 71
25 74
91 98
14 73
54 70
51 93
27 88
26 80
6 64
36 88
84 49
49 9
26 48
68 67
10 37
100 36
48 1
54 1
60 66
64 83
52 9
49 40
57 32
5 100
40 13
46 52
12 73
53 71
17 19
90 25
36 100
10 90
14 99
26 49
23 62
20 20
28 42
2 50
45 100
85 5
37 89
29 48
33 65
14 89
48 14
94 54
65 24
48 66
99 54
24 89
63 1
50 14
25 28
19 32
6 13
16 93
16 36
69 85
68 63
33 54
59 62
3 15
42 95
24 12
81 63
16 57
43 31
60 56
17 58
40 82
45 12
5 98
20 29
29 29
18 86
67 94
23 82
83 10
66 12
21 35
6 50
28 12
23 48
30 30
98 95
80 12
45 74
14 30
49 48
12 88
46 84
59 9
15 2
39 78
82 72
95 17
6 86
77 55
54 72
23 95
16 36
50 36
27 45
87 17
79 64
45 30
5 62
1 45
79 91
71 73
21 31
84 93
50 84
43 30
14 74
48 31
23 41
10 99
61 60
23 88
74 86
58 95
81 49
88 88
48 25
14 72
34 56
53 10
42 26
39 79
27 57
9 62
41 14
6 1
95 30
19 77
2 82
100 91
71 73
80 25
70 64
91 3
63 69
71 99
86 32
28 94
18 29
60 24
90 92
78 89
82 64
63 77
87 83
14 12
2 16
34 59
79 35
87 71
39 21
21 61
77 2
65 77
81 74
17 15
70 29
76 3
35 44
71 62
75 93
5 16
50 86
96 56
48 71
65 6
66 55
85 2
44 99
36 35
44 78
33 90
65 23
77 41
95 19
52 58
42 4
48 34
37 16
20 38
34 57
75 36
92 98
11 10
40 64
73 23
79 24
61 92
100 25
66 19
32 6
74 18
22 87
33 91
21 25
69 57
49 49
38 31
5 10
93 47
73 66
100 87
77 89
38 88
28 79
24 7
89 97
69 82
71 92
77 65
41 20
57 100
52 52
84 69
67 9
43 16
8 92
97 85
3 59
7 68
62 55
86 64
32 85
84 41
71 7
52 62
52 49
19 55
90 92
9 11
63 53
62 57
8 49
92 41
51 97
36 28
15 99
91 45
56 9
37 43
68 9
96 80
93 42
19 61
32 1
11 3
13 28
39 92
8 39
67 38
46 11
69 93
53 54
77 48
52 86
75 12
29 9
56 34
45 18
70 100
64 44
8 70
31 9
71 93
51 63
82 5
58 72
65 13
24 1
14 80
1 55
91 10
61 60
46 49
61 22
92 60
8 3
73 49
31 3
15 41
92 38
76 13
36 33
44 91
4 60
87 18
70 2
84 20
94 4
14 19
53 72
9 47
73 41
36 80
80 91
23 3
69 36
89 62
87 67
92 36
2 94
40 22
83 97
63 5
37 22
43 18
54 16
44 24
68 18
36 70
59 64
59 56
63 82
46 96
54 98
67 94
84 66
23 52
50 65
78 69
88 70
55 36
86 67
61 10
90 67
17 58
83 64
58 54
6 71
22 31
1 90
59 16
13 4
83 38
73 20
49 25
78 56
79 35
44 48
97 25
14 4
2 11
55 32
77 38
99 58
60 82
95 83
83 75
34 33
44 99
60 43
21 2
98 35
97 10
33 64
39 53
14 19
16 79
96 7
71 41
89 61
97 48
29 57
1 16
31 85
2 28
1 40
60 92
32 15
44 39
56 17
45 18
98 1
62 100
21 7
96 59
21 81
15 41
78 85
6 13
11 40
89 28
27 67
60 26
86 89
11 82
99 78
99 59
78 60
46 84
21 51
66 73
94 31
49 7
18 88
77 68
2 87
70 80
36 59
33 1
66 18
92 27
30 70
63 19
53 27
2 77
10 29
26 59
17 69
40 13
31 72
79 8
28 92
9 90
90 85
13 32
20 71
88 63
63 90
97 82
86 98
83 41
15 54
31 81
84 99
84 42
7 48
37 37
54 73
43 58
70 37
19 90
86 85
99 7
33 60
90 63
100 35
42 88
15 21
68 3
81 53
98 44
98 63
61 96
58 33
88 47
25 28
29 55
27 61
88 69
26 37
64 59
22 61
92 90
95 39
5 12
75 83
1 38
94 48
28 55
95 95
63 85
98 97
80 31
13 43
30 56
70 45
64 77
72 96
36 66
84 31
4 48
85 61
33 93
64 95
43 46
20 40
89 22
71 100
99 100
28 91
48 36
62 10
49 51
39 78
8 100
6 62
66 12
9 37
99 10
93 67
55 84
13 46
91 63
87 66
77 88
20 70
56 11
40 16
43 65
43 28
75 46
47 64
28 88
8 39
10 59
70 85
79 30
50 80
92 85
29 81
77 22
40 72
43 91
78 25
30 49
50 42
83 86
95 61
10 79
33 47
40 79
65 14
45 44
30 93
51 79
73 83
1 62
58 89
64 98
44 27
52 16
39 44
42 42
79 56
98 34
3 100
100 40
76 15
53 32
92 76
57 95
29 53
83 100
99 37
6 77
12 100
48 79
40 15
59 12
58 9
72 13
98 90
74 22
68 57
27 34
24 52
40 39
79 96
33 93
4 89
74 74
84 60
94 84
15 67
63 15
91 17
18 67
14 7
18 31
70 98
57 34
74 77
50 50
39 33
72 14
8 79
3 33
20 44
47 93
61 44
77 52
71 5
58 86
50 25
38 61
36 19
25 76
30 52
14 66
57 68
33 40
88 91
92 28
26 23
2 58
6 94
68 91
19 76
20 52
85 73
40 73
76 86
59 49
90 74
67 70
30 14
97 52
69 54
49 57
43 44
29 98
77 60
65 1
38 35
78 84
3 13
73 53
2 60
32 64
86 71
10 79
16 55
73 61
54 58
93 29
27 70
59 52
60 19
45 45
30 55
44 91
37 69
58 40
2 40
26 43
24 62
84 5
74 46
44 15
32 62
16 90
72 64
61 21
33 42
9 98
38 57
35 54
33 3
92 68
18 70
18 73
53 46
85 24
91 85
6 4
77 53
69 7
65 7
88 71
13 51
94 61
31 14
49 20
51 53
85 5
26 14
26 66
68 9
99 59
69 80
51 70
67 100
92 44
11 43
99 41
52 41
49 99
85 47
84 43
40 66
2 16
2 67
92 63
38 39
44 52
50 18
14 43
12 10
14 24
1 66
76 60
59 37
83 79
77 31
62 41
67 83
2 96
87 6
86 91
1 55
8 37
37 13
67 6
99 80
47 7
17 47
3 73
47 57
1 45
86 67
38 74
54 60
39 34
82 36
91 98
82 37
31 54
56 41
45 46
44 29
8 58
73 57
54 17
42 36
49 40
15 57
61 70
50 35
54 14
46 60
2 41
13 51
82 24
20 99
63 82
81 82
36 45
65 54
27 38
88 41
51 21
65 11
41 100
41 6
46 47
83 97
75 42
76 52
38 89
19 39
71 32
97 98
91 95
24 49
39 33
91 86
91 57
99 2
93 73
96 23
44 14
94 13
60 73
78 89
66 11
22 6
58 71
53 7
87 60
84 60
41 47
89 32
100 71
33 98
29 89
45 69
16 47
55 30
72 72
5 87
74 20
42 3
54 85
16 66
18 51
92 17
59 52
60 60
42 71
51 24
7 82
37 84
44 88
66 6
14 24
61 51
87 11
23 94
14 9
25 22
7 6
54 8
65 53
58 76
38 5
46 41
3 96
53 51
100 22
74 67
10 38
25 41
68 69
63 22
93 59
37 72
6 90
51 10
96 31
47 60
1 85
2 64
35 95
96 24
19 69
49 19
57 26
57 79
23 64
70 35
82 1
81 69
75 42
98 5
39 96
12 98
43 46
41 91
17 49
95 19
66 57
26 38
19 12
85 78
40 59
63 70
21 1
45 100
13 31
68 83
43 60
13 67
21 46
77 54
61 90
39 14
77 24
17 16
96 92
100 88
38 2
29 44
80 56
12 95
26 49
18 4
23 92
69 94
10 94
39 92
15 64
28 3
16 29
85 75
12 32
55 39
48 96
85 32
99 39
60 26
52 14
93 50
25 92
25 59
70 55
85 34
63 72
98 79
53 1
58 15
97 18
90 2
38 59
29 25
1 96
64 7
46 28
75 39
84 52
8 22
14 31
98 15
35 76
29 59
82 42
98 7
84 50
29 37
34 38
34 88
41 63
38 51
27 89
17 6
62 61
48 43
1 39
24 84
45 21
5 39
34 98
42 38
94 92
71 56
22 63
46 87
86 14
67 90
20 26
69 65
26 63
85 8
66 32
60 38
14 18
100 73
10 44
49 67
28 61
43 33
34 6
20 23
80 35
12 94
36 81
93 95
59 37
88 19
69 78
4 9
92 10
54 76
97 99
37 1
76 83
18 13
82 40
62 97
36 54
54 17
30 13
62 17
38 24
48 96
73 6
3 41
47 68
34 2
3 60
26 29
29 34
37 65
98 3
60 69
48 11
33 83
53 63
7 47
21 54
21 93
62 7
64 15
74 20
58 5
1 67
1 54
27 69
34 6
62 2
14 23
87 74
92 15
75 91
25 49
91 10
100 96
27 90
89 30
85 97
30 49
66 10
13 83
18 65
63 12
73 51
65 75
96 47
25 65
23 73
68 100
97 9
36 80
31 66
22 28
45 36
83 32
22 82
71 5
69 90
36 83
85 79
55 63
79 49
11 69
31 64
69 59
62 16
10 53
57 40
47 65
91 53
22 49
11 47
8 69
85 60
83 49
24 44
32 58
59 13
99 16
51 9
7 22
34 47
33 74
28 49
79 35
16 58
2 82
1 91
36 47
37 65
37 69
90 61
15 13
100 89
73 24
35 23
13 4
82 28
91 62
11 68
72 32
64 10
22 14
31 1
100 22
56 62
6 96
83 79
15 27
4 11
33 88
73 100
90 10
66 13
53 100
20 44
33 70
54 82
72 86
68 16
42 98
61 54
57 29
8 62
60 42
29 52
42 85
24 97
62 32
84 98
35 65
85 63
47 60
8 30
15 15
99 33
15 44
21 10
81 11
81 22
76 73
14 50
54 21
17 34
79 63
6 20
36 29
63 32
59 53
60 14
30 100
52 50
20 67
86 28
59 12
79 60
67 31
100 48
54 56
80 14
83 97
40 72
65 29
81 8
47 54
79 43
31 40
14 49
51 5
12 3
94 70
79 77
77 4
47 42
95 10
7 66
52 61
83 38
69 50
62 66
42 3
98 1
13 15
61 21
35 80
71 78
91 80
53 62
22 77
96 87
33 76
56 26
36 11
97 4
37 33
34 16
27 98
67 25
47 64
30 2
30 27
41 85
60 30
6 30
87 26
6 91
12 48
91 38
88 80
80 49
52 3
81 82
29 49
17 18
93 2
64 28
39 47
35 33
16 41
61 76
31 72
100 16
16 1
66 82
48 71
4 85
99 97
75 69
23 9
98 12
56 22
52 87
38 96
15 52
58 69
76 21
20 94
21 16
66 58
60 74
53 16
70 61
92 55
81 16
86 30
85 9
96 43
76 28
19 41
64 35
36 3
49 12
63 51
4 3
66 45
11 73
7 88
17 93
37 93
29 48
14 4
44 15
81 35
3 51
58 18
90 55
30 71
29 11
62 22
48 81
40 84
66 37
17 93
32 91
99 52
54 74
68 99
94 46
29 1
86 39
9 80
17 4
87 3
24 82
20 58
52 47
34 55
26 97
68 40
22 47
7 45
33 95
65 13
39 31
35 46
74 30
80 85
17 68
54 41
41 58
64 100
94 76
59 94
32 92
77 66
57 97
85 17
44 64
2 42
65 18
81 55
11 73
81 73
67 57
34 55
52 30
71 3
19 61
78 27
90 42
92 7
36 23
23 37
56 20
74 5
9 34
81 1
53 41
25 1
34 41
93 98
40 1
79 69
3 43
71 44
7 34
59 39
7 61
2 50
61 80
72 30
83 4
23 52
4 2
1 60
8 58
56 83
71 62
78 18
85 61
13 56
69 25
20 83
35 44
76 96
93 39
95 77
56 96
97 31
72 77
41 89
41 28
11 29
72 57
44 22
82 73
78 42
2 60
88 85
80 91
14 91
11 14
14 94
36 95
67 15
66 53
43 52
22 49
89 67
72 70
58 10
1 22
40 46
29 44
87 17
67 41
21 83
81 93
74 88
17 65
4 21
15 28
9 45
15 2
38 36
52 66
48 26
15 78
54 26
35 10
46 68
67 68
98 23
11 62
55 62
64 89
77 66
49 14
37 37
65 32
21 35
94 98
17 5
12 80
22 42
3 21
79 72
94 76
35 65
52 11
62 40
39 38
18 39
70 84
53 39
55 74
74 50
100 64
22 3
27 27
86 25
19 71
45 94
35 47
30 84
51 56
50 87
58 49
52 21
86 75
74 33
72 55
31 73
90 37
35 86
4 14
44 10
13 57
49 41
78 26
65 67
62 80
68 15
34 57
84 64
72 5
89 83
57 65
71 20
10 85
35 91
9 44
28 55
31 36
95 42
9 90
34 43
45 28
18 39
85 63
82 55
91 23
8 69
65 27
32 11
42 54
20 92
27 20
55 10
69 32
57 98
71 29
82 63
24 12
4 37
65 26
96 17
44 19
73 90
18 36
53 56
59 32
78 32
33 10
90 68
73 73
93 100
75 10
69 53
11 90
59 25
50 7
53 12
66 93
66 33
85 22
7 47
86 76
11 94
13 8
6 59
67 43
83 88
87 21
43 54
39 25
4 47
38 22
82 95
76 88
55 10
87 50
87 72
85 41
19 12
28 39
57 65
63 63
2 100
77 17
73 52
60 24
26 23
26 15
25 69
92 7
62 88
83 15
29 82
24 33
96 74
34 92
91 75
78 62
20 13
33 81
68 38
23 11
22 54
50 32
51 50
28 15
36 34
37 21
12 55
6 45
16 11
68 20
20 59
17 11
44 88
93 62
76 86
22 11
70 76
52 54
65 17
31 15
34 20
93 51
6 48
29 94
26 42
96 74
59 7
97 6
80 54
26 44
72 16
53 60
27 27
22 18
81 74
14 12
10 38
92 81
71 8
25 1
12 52
91 66
41 63
7 39
35 27
68 48
28 49
56 54
71 54
44 18
38 69
4 25
88 68
43 68
85 18
65 61
91 41
95 76
62 67
22 47
72 71
33 34
75 58
99 50
6 51
55 31
64 61
67 41
46 11
87 69
91 41
9 14
29 34
83 3
16 53
63 13
2 2
95 53
70 66
72 55
91 70
7 86
27 80
78 89
49 53
63 49
43 50
91 46
57 77
4 68
13 92
29 47
88 1
87 49
79 48
93 52
41 31
94 9
11 92
38 94
80 29
53 84
47 7
8 14
87 86
14 59
22 26
88 87
8 12
91 44
11 42
50 33
49 29
37 73
28 22
50 82
52 73
70 71
40 27
8 49
25 38
52 70
88 48
64 90
90 70
18 95
8 93
82 100
12 55
18 84
20 93
43 83
70 19
18 52
3 49
56 4
83 62
24 74
95 91
42 25
67 17
5 84
92 58
67 98
93 8
19 79
16 79
44 80
40 1
8 57
52 81
64 90
11 26
91 28
27 79
1 47
9 74
34 72
82 46
72 29
3 7
53 91
14 63
72 26
22 42
16 11
27 81
4 55
92 37
21 71
46 80
58 5
77 6
37 37
76 2
69 13
55 67
92 32
65 45
94 67
51 88
16 77
9 56
61 65
58 56
87 86
13 11
66 29
72 9
47 9
37 9
74 16
99 51
3 24
97 93
73 44
18 86
75 73
76 98
61 22
95 96
73 77
70 27
23 53
9 13
46 80
91 18
15 79
89 12
55 62
60 97
39 99
22 90
20 4
51 16
80 45
58 90
64 26
97 25
29 50
10 86
86 86
54 17
60 36
88 9
50 9
84 79
57 94
76 34
60 77
18 16
70 81
84 53
87 94
92 33
93 18
32 25
35 50
59 48
72 36
41 63
19 45
10 87
63 52
38 48
61 54
94 48
96 89
76 79
42 73
76 39
37 65
27 10
82 7
48 100
66 18
83 16
32 31
75 11
59 1
43 7
44 78
80 81
26 11
30 23
24 65
70 28
14 48
58 67
29 28
37 35
98 29
47 72
47 73
12 33
36 71
59 26
57 32
83 12
34 57
99 56
11 50
22 73
77 65
44 56
69 24
95 82
26 23
100 54
69 45
84 75
94 12
64 22
16 7
20 23
93 97
39 72
89 2
58 96
96 38
69 29
47 82
45 18
67 100
93 7
9 2
55 23
3 32
65 34
37 34
88 40
15 89
99 35
9 12
44 54
42 42
29 36
38 87
20 65
81 41
58 31
55 91
74 53
21 5
70 98
45 75
65 53
8 21
34 28
75 48
55 10
54 57
21 29
52 79
21 8
65 87
60 81
75 30
67 19
76 66
63 15
54 10
43 6
62 49
62 22
86 11
55 91
90 9
75 98
74 7
70 49
32 80
81 49
96 1
4 36
50 46
40 27
68 88
58 18
25 55
94 35
64 79
79 63
14 16
15 58
99 22
78 2
26 90
73 4
44 72
54 55
35 18
49 82
48 12
48 19
62 55
33 23
55 9
4 63
59 72
80 67
73 63
90 51
60 15
20 16
45 87
10 13
60 42
12 74
19 30
84 48
6 61
82 9
62 62
71 28
49 18
12 84
49 81
26 7
84 87
44 53
31 13
71 56
93 86
78 24
18 74
54 92
62 98
24 34
9 54
20 69
4 100
82 68
61 20
63 15
53 83
5 58
72 79
12 77
69 31
42 8
48 76
26 43
76 68
61 38
96 70
76 37
73 21
96 51
1 95
56 59
40 55
84 7
78 66
84 92
13 83
48 40
89 83
75 32
71 25
98 88
46 1
74 25
31 55
59 72
37 91
35 90
15 29
60 69
47 66
83 11
2 28
46 41
8 54
29 48
6 30
56 23
4 84
78 2
51 25
4 79
86 60
42 31
39 37
63 78
77 22
52 71
10 69
18 4
26 3
33 93
67 91
23 55
6 17
97 98
81 26
94 59
31 87
96 54
6 27
29 4
30 64
59 7
74 96
90 17
87 54
32 26
45 92
90 89
9 27
47 68
45 67
46 39
41 99
36 56
61 16
69 72
87 26
70 84
86 76
64 80
54 28
52 18
86 34
60 45
100 67
19 59
5 55
83 5
14 64
62 34
63 8
95 28
20 40
89 4
84 96
58 93
20 81
80 39
99 81
80 7
27 59
44 100
78 45
19 9
79 7
38 12
87 80
17 32
59 47
25 7
80 64
13 75
28 25
17 97
24 71
80 43
35 8
80 25
62 48
100 71
42 58
76 55
95 50
61 97
64 10
30 98
71 41
35 90
10 36
69 74
67 49
88 46
64 25
44 45
58 54
94 31
81 57
44 34
10 14
91 3
20 40
41 77
3 29
48 16
58 26
78 99
27 59
44 33
58 76
40 6
44 55
99 33
15 12
90 5
11 82
31 22
71 54
33 74
65 63
80 89
2 99
83 11
19 87
65 23
26 56
76 40
59 5
58 64
72 73
20 19
1 18
91 65
61 47
55 47
90 80
18 72
33 97
16 38
13 56
42 72
7 95
8 63
92 5
22 7
97 19
2 38
4 80
68 72
35 63
20 42
99 12
88 62
3 53
18 98
52 36
80 60
45 38
62 41
90 23
16 62
82 11
90 40
59 78
42 57
44 38
48 58
11 81
28 35
16 47
23 88
69 6
22 42
31 2
60 62
95 100
79 20
14 99
50 79
98 43
100 62
70 20
49 55
87 75
72 24
18 4
90 10
3 83
62 93
52 50
92 57
30 7
85 12
81 97
88 84
26 21
77 86
87 41
88 1
4 20
54 40
62 40
25 78
76 33
44 42
84 39
22 32
23 13
97 90
72 10
72 56
48 3
41 81
20 62
34 77
64 5
37 65
24 38
66 39
51 58
75 40
58 96
80 64
59 51
90 44
19 99
36 71
18 29
5 40
75 23
22 1
11 31
36 63
46 78
38 63
80 56
81 16
59 94
54 68
30 57
82 55
25 23
77 59
74 35
97 36
11 87
89 91
85 1
86 25
55 82
35 10
12 64
64 77
66 25
70 14
5 72
36 23
57 85
23 52
93 14
31 7
96 52
3 44
18 21
93 81
40 58
49 76
73 49
50 51
54 96
54 5
32 57
79 18
31 16
57 44
27 6
93 2
46 34
11 6
78 26
52 67
98 67
89 41
15 43
15 91
10 55
71 66
51 13
18 91
45 18
43 27
100 49
40 21
45 22
17 22
32 2
36 80
18 97
57 50
85 82
71 92
10 54
16 39
1 62
92 21
73 34
27 67
84 23
18 19
90 24
13 100
21 86
39 90
53 41
35 80
53 80
14 47
57 46
55 44
31 89
2 63
49 70
30 89
93 35
93 44
99 10
25 36
80 23
16 7
33 37
65 4
86 50
42 43
80 94
87 63
86 63
4 27
65 81
21 85
73 46
54 4
86 37
93 31
44 45
38 77
79 10
49 24
52 75
88 7
3 68
34 63
89 21
52 89
16 3
81 56
96 32
14 13
57 43
76 6
29 71
89 80
40 10
66 20
83 22
71 3
52 35
20 84
27 82
69 15
40 21
99 27
22 19
25 57
44 9
18 15
15 85
22 70
66 39
18 11
9 77
68 58
51 25
49 97
71 98
66 27
82 52
67 82
79 39
38 95
94 87
59 61
79 26
33 96
25 33
13 47
55 51
28 67
32 82
81 32
96 81
23 54
80 10
70 51
48 10
23 70
87 66
62 46
96 39
52 56
31 56
57 15
71 65
81 32
5 64
42 62
99 59
86 67
60 95
29 49
24 13
53 82
40 10
54 38
37 29
64 42
66 36
91 31
43 8
49 18
72 14
91 40
71 71
3 23
12 91
18 33
77 92
50 8
31 30
72 83
53 63
61 38
28 49
23 27
94 69
33 12
16 40
44 27
70 79
75 35
72 28
45 43
79 68
11 37
98 81
15 96
26 30
63 16
6 27
21 89
63 85
29 40
63 28
34 56
31 15
74 70
51 40
7 58
23 77
34 69
30 92
75 91
46 6
58 41
49 69
91 75
42 52
65 9
34 53
11 82
91 95
58 32
56 25
70 62
68 68
53 57
84 57
46 49
68 72
41 35
66 37
30 57
69 27
28 65
63 64
51 93
53 34
66 55
9 50
75 63
51 23
39 94
1 53
48 81
96 34
49 22
39 7
37 37
13 82
72 59
99 71
4 76
81 91
54 95
25 37
49 10
59 3
60 45
46 59
26 74
1 32
11 95
7 82
21 58
90 11
22 97
24 50
94 97
39 51
32 51
68 59
89 26
70 96
20 63
36 6
17 29
68 84
74 12
5 66
33 17
98 22
4 36
88 92
78 64
9 82
12 80
78 26
67 84
71 25
23 36
44 9
23 8
85 82
3 43
96 65
26 93
24 91
19 66
19 89
62 94
2 68
38 47
2 19
72 64
57 9
37 76
40 44
77 45
63 39
45 9
9 13
12 60
100 96
48 5
41 76
60 29
11 36
71 53
27 64
33 12
45 88
22 25
56 19
30 69
24 19
3 83
7 61
99 9
21 100
26 1
60 2
22 20
15 99
13 72
45 83
72 60
50 47
37 26
100 4
64 37
33 87
60 68
27 97
32 34
7 72
67 24
43 63
69 8
89 76
21 26
1 19
34 15
43 2
8 90
63 83
18 20
10 72
21 96
17 81
82 24
98 96
28 34
56 43
13 47
41 6
100 77
36 6
90 4
36 2
35 61
5 41
20 40
94 28
31 89
3 74
52 52
49 64
46 36
20 59
90 39
66 13
72 29
23 53
8 15
80 18
37 87
26 86
41 42
57 82
94 66
23 17
55 30
21 100
78 59
67 76
61 57
29 35
54 33
2 60
17 88
88 93
6 52
36 28
33 20
88 40
39 53
84 71
89 3
84 88
55 81
78 93
1 52
26 62
52 97
61 18
5 31
88 84
86 4
46 24
44 17
31 21
20 40
50 98
51 20
49 98
68 25
12 76
77 84
21 57
13 88
45 72
60 49
71 39
33 51
92 21
10 31
71 3
27 43
98 85
6 42
81 76
27 30
6 93
7 37
78 26
66 63
63 19
65 61
3 18
60 95
61 78
85 38
79 34
62 27
36 10
27 84
30 52
47 37
56 19
2 8
11 76
100 90
14 57
81 67
32 40
5 29
91 97
54 94
32 71
40 33
11 35
64 46
67 62
69 80
22 34
96 40
86 42
85 53
61 100
41 11
44 47
73 29
25 100
23 32
86 56
60 9
1 67
67 7
58 98
8 86
69 66
69 73
8 27
82 74
1 39
91 67
38 2
43 87
97 60
21 73
83 20
7 47
85 70
1 81
27 26
58 4
96 72
13 19
42 8
8 72
53 29
86 6
32 52
77 80
60 89
18 7
89 89
12 56
84 65
46 38
20 41
52 31
66 10
79 67
85 4
67 49
21 85
75 58
61 87
17 97
47 82
43 6
76 43
83 51
95 39
2 20
41 6
91 10
66 90
82 13
98 33
18 18
19 70
30 85
47 49
78 59
99 43
35 89
42 14
82 60
32 26
61 6
86 90
50 36
39 24
22 45
68 36
11 9
96 54
28 22
28 57
43 35
23 80
55 51
25 38
17 18
56 70
65 43
7 79
22 59
99 8
57 64
91 28
17 77
38 48
37 76
47 87
36 42
23 65
88 52
17 1
7 42
48 57
54 42
56 29
38 33
76 39
23 16
48 41
71 92
50 90
27 49
65 27
72 69
81 99
42 64
89 38
89 20
58 58
47 68
62 30
56 65
55 31
52 9
25 94
92 78
41 36
71 80
27 20
15 52
58 32
96 20
21 94
57 40
49 14
76 22
94 72
24 52
50 38
93 64
47 43
52 27
20 12
63 21
75 47
52 62
4 84
15 84
40 33
14 42
62 3
1 62
21 58
16 34
53 22
45 51
60 11
45 58
15 83
38 82
59 61
24 66
33 54
80 54
80 5
34 67
7 28
25 29
9 18
9 17
70 92
7 12
60 95
89 56
70 33
34 41
92 69
25 16
1 76
32 2
38 9
62 78
32 15
59 19
29 63
36 89
55 69
88 26
80 46
70 51
26 7
39 58
45 68
10 12
70 12
77 73
95 30
28 91
53 1
4 47
36 7
22 44
10 59
47 53
62 51
79 91
81 45
54 20
56 58
81 72
85 73
93 19
94 1
68 39
3 37
74 64
4 27
58 57
14 89
83 24
79 60
39 47
73 82
23 27
100 11
42 45
99 99
95 40
70 87
52 51
50 39
57 45
25 47
59 49
4 97
87 49
90 91
36 41
40 20
45 48
68 64
76 92
89 18
61 64
43 83
92 54
86 79
46 61
49 11
99 67
81 37
79 70
89 66
53 18
1 96
89 76
95 14
52 47
35 67
16 100
55 49
84 5
72 44
79 95
42 53
75 40
65 44
83 43
62 32
56 63
27 43
29 47
31 7
16 60
41 10
74 41
59 66
27 89
71 1
59 76
25 7
51 37
37 97
14 72
4 6
89 92
2 99
50 71
92 90
88 66
17 70
46 39
71 22
40 13
77 85
12 75
67 4
41 80
95 69
28 87
49 95
73 63
57 33
31 1
40 23
97 95
4 93
98 88
23 35
27 45
56 15
100 41
77 82
44 63
13 65
32 39
33 6
66 15
33 10
24 96
53 32
49 79
22 86
23 54
41 44
98 70
86 80
7 99
90 50
32 48
34 38
38 44
57 63
42 22
69 96
96 85
39 16
24 88
46 24
13 2
2 32
1 90
12 95
79 65
97 52
76 11
62 56
81 57
41 25
47 65
56 4
45 57
47 95
77 89
19 62
87 90
26 59
57 41
93 89
16 60
40 40
79 78
5 3
96 2
20 99
25 50
92 38
10 67
1 37
37 13
75 68
2 20
89 54
38 14
32 37
37 57
14 24
46 92
17 14
6 49
92 56
73 69
3 57
38 2
1 58
21 18
25 92
27 16
77 10
69 80
94 75
17 1
47 9
50 29
64 55
19 7
75 78
7 44
80 25
27 66
43 9
6 93
28 37
84 62
44 58
12 73
20 19
9 82
57 64
89 84
66 30
48 71
13 52
68 38
85 73
13 61
41 7
9 64
91 28
17 16
78 95
84 2
85 68
76 3
34 82
1 22
46 61
60 11
7 18
26 86
86 76
50 26
31 30
65 13
85 87
26 87
28 37
56 57
34 68
84 53
44 92
100 49
83 23
8 44
19 86
68 47
21 4
59 92
28 62
11 32
28 59
57 56
47 85
12 79
85 10
80 19
12 52
30 71
91 29
71 69
7 8
28 57
72 94
90 37
44 69
56 33
15 75
72 57
63 41
1 43
55 9
59 33
100 91
38 32
66 76
18 29
57 30
86 31
29 72
84 92
49 14
56 31
93 99
95 51
67 61
77 61
26 69
31 12
6 31
68 97
1 33
65 90
95 53
24 78
54 26
38 73
79 10
68 52
61 30
93 3
68 94
16 38
51 35
19 37
5 21
17 62
89 17
13 3
54 44
17 88
48 94
54 58
72 70
40 44
100 8
90 30
68 4
25 28
72 94
26 86
44 24
24 26
90 75
38 29
47 3
43 52
28 53
77 65
62 4
88 82
70 67
82 49
55 72
20 1
100 85
11 44
88 14
40 1
23 98
94 57
56 41
23 91
99 66
79 10
14 87
99 73
21 92
82 90
75 52
92 85
7 76
19 76
68 10
48 2
8 56
14 12
90 54
87 8
43 76
3 9
75 42
12 42
84 57
81 65
83 94
84 94
92 60
23 59
75 94
66 58
68 16
83 86
40 100
66 81
61 96
54 86
64 6
81 87
35 28
91 57
25 23
93 55
61 84
92 32
40 56
68 91
57 95
81 61
55 51
99 23
83 69
81 92
62 16
19 78
61 8
45 10
54 71
4 19
19 68
28 16
70 76
86 35
10 2
9 28
51 68
23 49
14 65
67 73
55 35
100 92
9 81
79 9
92 46
69 17
22 40
83 54
36 7
79 86
15 66
42 57
29 8
50 87
74 100
91 24
68 64
35 59
87 85
21 34
90 78
5 4
100 49
11 5
90 39
10 50
72 32
92 6
84 98
85 97
10 30
38 84
85 88
18 62
17 92
28 86
38 78
90 83
11 91
26 37
68 69
77 56
67 45
49 28
26 42
41 97
39 51
45 57
27 55
77 35
17 90
16 84
81 39
17 39
27 89
22 29
78 40
98 72
13 34
61 38
82 68
75 15
98 73
18 8
92 28
66 65
46 45
30 6
56 99
8 87
7 94
75 19
36 94
73 38
23 47
62 88
65 34
13 97
58 44
43 41
89 84
27 34
59 24
21 22
43 72
37 64
42 2
72 11
86 36
55 87
84 100
19 3
29 1
81 73
37 62
72 28
99 89
34 6
53 85
54 87
41 92
59 78
80 58
76 86
84 68
55 4
89 73
100 1
67 52
99 68
43 41
8 35
25 1
1 17
28 8
67 24
89 80
70 9
90 35
74 15
76 95
73 86
92 70
56 47
5 58
28 31
79 75
3 98
13 89
84 11
8 37
53 32
94 41
88 94
81 69
77 8
42 97
69 93
77 60
60 48
19 61
19 53
19 35
43 61
71 69
47 42
61 85
11 100
68 51
50 71
84 15
95 97
74 56
27 36
50 44
79 66
7 66
80 70
81 63
19 54
63 80
41 99
72 86
57 72
80 44
4 6
85 79
73 40
72 99
13 39
32 40
43 59
83 91
51 74
85 19
5 11
49 15
46 55
15 10
68 17
47 25
50 76
62 14
21 33
77 11
63 9
99 98
83 77
42 78
31 12
1 82
57 9
71 63
24 19
65 81
2 6
27 25
49 11
74 46
51 23
62 49
6 85
93 81
96 91
8 10
77 51
1 1
8 24
22 6
15 63
75 93
21 82
65 38
36 58
41 14
41 49
98 66
39 11
75 77
91 95
21 23
75 58
47 3
44 37
99 29
11 35
45 42
25 5
12 46
19 39
75 27
73 46
76 75
67 59
68 37
35 84
96 61
20 89
42 8
69 66
35 51
16 52
89 48
51 89
3 9
29 61
43 89
52 74
19 24
17 17
42 68
92 98
91 74
41 22
35 34
41 54
51 9
79 75
18 58
62 54
49 14
92 36
86 99
24 88
11 94
6 87
58 24
6 55
25 76
51 31
74 72
11 78
18 82
15 71
61 18
20 42
43 84
55 58
71 15
14 7
71 74
65 34
5 4
14 100
5 7
91 89
6 53
7 15
69 15
23 63
21 68
70 80
67 98
6 19
45 20
77 44
63 57
55 43
34 50
88 84
5 25
59 21
98 62
23 58
73 44
11 31
94 99
68 27
65 89
17 13
33 33
88 62
81 98
37 88
1 61
37 4
27 28
58 66
43 19
47 42
81 28
63 38
16 22
47 25
21 8
61 41
75 68
83 65
67 83
8 17
70 48
71 7
18 90
20 61
45 64
43 33
82 92
39 14
10 59
98 32
55 26
42 43
85 93
87 23
30 82
37 6
23 26
56 9
95 71
65 96
54 50
27 50
28 34
22 23
73 74
48 41
82 15
99 94
82 57
100 97
6 62
52 5
70 55
75 3
23 17
15 70
17 87
56 60
5 83
78 97
53 91
11 60
19 39
90 36
97 34
48 72
78 41
19 12
55 80
72 63
83 7
61 82
50 12
62 92
82 4
22 37
61 33
15 19
20 82
43 89
14 67
77 44
46 45
83 74
4 98
20 14
49 95
20 85
75 73
5 30
98 81
79 16
15 89
68 72
68 51
11 75
68 43
46 43
29 86
74 75
69 57
64 44
34 56
19 68
77 36
15 11
92 4
90 20
29 81
64 86
84 60
42 100
40 81
29 5
77 25
95 78
100 70
77 19
15 14
74 42
82 48
64 95
4 9
96 89
83 66
72 59
7 63
2 60
17 53
87 48
76 34
85 9
50 43
61 41
55 76
79 78
76 4
47 32
68 97
56 36
10 69
51 57
50 35
1 1
31 13
26 11
96 30
30 82
54 30
62 44
55 75
35 29
25 90
58 84
83 17
59 55
81 94
89 31
61 66
97 47
27 30
88 100
34 7
29 73
48 92
40 35
7 50
23 95
86 18
74 99
31 31
95 86
76 55
80 17
48 38
6 67
57 28
43 67
87 100
62 9
4 62
93 74
97 37
80 51
2 9
79 6
90 57
83 3
19 36
50 23
31 1
45 66
37 74
16 7
73 90
85 65
56 41
31 39
59 12
41 10
4 37
41 42
88 95
31 43
20 10
87 84
36 61
28 37
29 3
74 60
90 45
84 16
66 86
38 82
15 67
68 46
68 39
4 75
50 100
38 74
54 49
32 100
34 91
42 74
48 59
59 80
26 91
3 51
89 71
37 2
95 61
45 59
77 95
34 7
75 2
49 4
20 91
11 14
28 93
100 45
84 74
17 37
83 60
2 11
6 70
97 78
69 56
73 8
1 53
70 56
10 34
6 53
53 7
44 76
47 27
100 65
2 8
25 17
54 68
42 30
13 70
49 28
86 88
89 64
34 86
61 41
37 19
54 76
71 55
17 11
5 72
6 80
33 48
88 32
59 90
91 69
36 9
79 97
63 29
88 13
48 4
25 14
93 66
53 63
20 89
92 92
52 79
73 48
68 60
6 46
14 77
80 29
6 25
100 65
68 44
91 11
60 5
57 62
96 38
82 59
73 73
1 10
87 38
57 20
40 93
98 79
47 40
75 53
76 28
62 68
63 66
76 83
38 81
7 31
28 45
57 22
50 74
79 24
29 69
17 85
36 21
42 98
96 65
93 46
41 62
16 8
84 8
52 18
72 69
79 45
33 29
96 41
31 6
72 18
4 12
70 50
69 97
3 52
97 3
44 76
64 71
11 68
19 58
1 4
17 50
46 3
9 77
19 75
77 78
37 45
35 59
64 98
30 94
83 75
57 43
