5000 206134
21 15
19 20
8 12
5 13
6 24
24 20
11 12
6 32
13 35
9 17
15 36
22 21
22 13
18 31
13 11
7 14
17 11
11 21
6 15
6 17
15 40
6 35
22 32
12 24
11 15
11 16
7 26
14 25
5 12
22 17
7 34
14 18
17 35
12 32
24 11
15 25
9 20
6 10
15 31
6 23
21 11
16 38
13 12
19 14
23 23
19 16
12 32
15 38
20 40
13 21
8 23
25 38
9 12
12 33
10 17
15 30
21 33
21 34
21 35
14 37
24 18
14 22
7 24
7 21
20 34
12 22
8 24
9 39
8 12
25 17
24 35
11 26
12 19
20 17
13 14
18 21
6 12
15 17
25 37
23 38
23 13
14 36
12 24
11 11
6 19
20 33
16 13
15 26
24 25
23 26
8 33
17 37
15 23
10 17
15 27
5 40
8 19
11 15
25 24
22 14
18 23
23 35
16 13
25 38
15 40
19 11
11 15
21 22
8 40
8 37
6 31
23 12
13 27
18 30
16 20
8 32
24 29
11 16
10 32
22 13
5 23
9 18
19 12
5 13
25 15
12 21
8 31
6 34
13 28
18 14
5 15
5 27
20 17
13 21
13 33
16 26
18 29
18 31
18 19
5 26
17 29
14 18
14 19
5 25
8 22
17 30
11 23
5 17
20 38
22 26
14 12
13 34
5 32
8 16
14 15
6 23
11 30
15 13
25 27
13 33
5 15
25 24
13 27
11 15
10 18
5 40
13 30
17 37
10 17
22 20
20 35
14 12
12 20
19 20
12 30
7 34
23 21
16 19
5 36
10 17
22 14
22 18
17 38
13 14
6 17
11 24
7 13
17 24
16 30
17 15
9 35
6 11
20 13
12 39
11 33
25 37
19 19
8 30
5 19
23 20
20 13
18 25
20 17
9 27
11 31
6 13
12 31
15 26
18 24
19 27
7 27
23 40
9 28
24 10
16 18
6 18
23 40
25 28
20 28
23 13
20 36
12 29
22 18
5 16
14 24
11 36
9 14
10 32
7 20
16 24
25 39
21 10
9 21
11 15
21 29
22 14
23 21
14 39
21 33
6 18
7 34
19 12
12 36
17 28
25 24
24 32
18 32
18 19
10 16
18 39
39 51
28 42
29 58
29 47
23 38
27 52
34 54
27 59
35 46
25 50
38 46
33 38
34 62
24 38
22 57
36 59
24 39
36 38
39 65
35 43
30 36
23 63
40 47
40 36
27 35
28 51
24 57
33 49
23 63
35 52
32 55
25 60
31 41
26 52
20 42
29 42
20 52
32 62
21 59
32 55
32 47
30 40
36 55
32 55
38 39
21 37
34 49
23 49
22 54
32 60
27 57
32 36
32 39
23 40
29 59
37 55
31 61
35 42
26 45
22 62
33 37
32 39
27 56
30 40
20 51
31 37
20 64
31 49
20 65
21 63
25 42
27 64
40 43
21 47
29 65
26 65
24 41
24 50
28 54
36 39
34 50
34 44
24 43
23 47
35 43
29 35
39 58
34 49
37 65
20 49
34 38
22 63
21 50
24 36
35 65
36 39
23 43
38 61
30 39
26 57
22 48
22 60
32 52
35 38
27 36
31 48
39 63
35 44
34 56
27 47
37 49
35 37
28 63
21 39
30 36
39 46
23 51
26 52
33 47
20 53
32 39
36 51
38 44
28 45
25 38
39 54
34 38
35 40
21 50
38 36
24 38
20 63
33 51
38 57
26 36
20 41
22 41
26 37
22 48
31 48
25 65
24 65
39 56
37 38
34 45
31 52
26 50
20 37
36 61
22 59
29 65
36 63
36 53
30 51
32 45
21 48
26 64
32 45
20 48
22 55
39 52
27 41
40 53
21 35
20 64
31 40
25 55
38 64
26 35
36 39
25 46
33 50
39 63
32 60
29 44
31 38
22 54
30 60
23 49
33 49
35 50
29 40
30 53
36 43
32 51
32 59
24 63
24 37
25 37
38 40
27 47
40 37
23 49
30 36
39 53
26 43
25 38
29 39
20 48
27 42
34 59
27 57
39 40
39 51
24 56
37 49
21 58
40 63
23 46
27 38
29 49
32 64
25 54
24 39
23 48
35 64
25 42
33 63
31 47
26 51
25 65
26 65
36 49
28 62
31 58
36 56
24 40
29 55
24 55
33 61
39 35
22 42
27 45
28 52
24 50
30 54
34 35
33 36
38 47
22 42
31 59
22 42
21 50
20 56
20 52
31 38
37 39
23 61
26 47
37 37
35 72
51 64
54 66
54 84
39 61
55 81
52 87
39 80
46 81
36 70
51 81
41 86
36 79
48 67
51 89
49 83
48 89
40 77
49 60
37 81
35 69
42 83
55 65
48 71
49 79
53 61
37 62
54 62
46 73
42 80
53 77
52 76
41 65
53 79
36 71
48 63
54 75
52 83
45 64
39 71
55 84
46 89
37 67
38 73
54 66
49 86
46 72
35 66
42 70
49 79
50 89
42 70
38 75
43 62
44 62
49 71
46 84
42 76
45 66
35 76
36 88
53 62
36 79
40 83
48 90
49 77
38 60
53 70
36 83
52 62
49 82
49 77
44 79
49 72
45 88
37 64
43 65
35 60
52 73
50 78
37 90
49 66
43 85
45 72
47 85
49 70
46 84
43 88
41 86
52 62
51 63
41 76
53 71
45 86
43 64
54 62
45 71
49 60
54 84
37 82
38 85
51 60
36 86
50 87
37 62
38 72
43 63
54 69
45 71
48 64
43 71
41 78
54 71
46 87
52 86
42 79
42 79
50 65
36 74
48 62
51 89
53 80
55 71
38 72
36 90
42 64
40 79
37 60
44 65
54 62
39 73
39 80
36 65
48 73
38 84
39 62
53 88
52 81
51 77
40 89
50 77
35 82
37 81
55 62
49 77
48 84
55 81
37 90
46 63
36 72
53 84
44 75
38 60
44 89
38 64
46 89
38 88
49 84
47 70
45 71
42 87
54 87
53 73
41 69
50 63
35 70
46 90
40 79
46 87
45 77
41 71
43 79
43 62
43 82
45 64
35 67
36 62
35 73
54 85
40 89
48 69
37 83
46 90
48 68
55 86
49 85
55 67
46 70
35 84
37 79
52 61
38 86
35 87
48 76
42 89
42 77
55 80
55 76
48 77
47 76
48 75
48 73
39 82
50 89
35 84
44 69
54 69
46 86
49 72
46 83
52 83
52 76
38 75
40 60
44 83
40 69
52 82
45 86
55 75
36 86
55 68
49 61
53 67
48 81
38 64
43 88
55 81
48 66
35 72
51 64
43 78
40 68
51 64
38 79
54 87
47 86
45 77
49 81
43 79
52 71
40 86
43 74
41 79
37 78
49 82
47 60
51 63
39 75
44 73
39 83
59 99
51 96
52 94
53 107
67 96
66 102
70 93
52 104
70 104
61 108
50 111
61 101
66 87
56 85
70 115
58 105
56 92
52 96
50 115
63 97
51 86
66 98
60 112
54 87
69 90
69 105
62 102
64 110
53 86
57 86
57 101
56 97
51 104
68 93
59 107
65 112
65 99
59 115
54 94
61 107
52 108
68 95
66 99
67 111
56 112
69 101
63 98
55 87
60 103
64 101
57 110
57 115
65 103
53 103
53 109
67 93
70 106
65 107
51 105
62 103
60 95
51 110
63 114
65 104
52 86
68 105
61 96
56 88
67 98
51 107
70 115
50 105
60 98
63 106
53 110
68 100
63 94
65 110
50 115
53 102
62 99
56 109
52 107
55 106
70 100
65 93
51 93
67 114
58 91
70 107
60 108
52 89
63 94
53 87
50 94
59 89
53 107
60 100
57 105
50 102
69 102
52 97
55 103
57 99
53 110
50 108
50 91
59 101
66 106
53 106
65 90
51 106
55 103
68 91
55 93
66 92
58 98
69 102
62 113
50 110
58 88
54 94
50 95
70 108
53 94
55 114
62 88
60 91
67 107
57 111
52 88
50 107
67 105
69 102
51 92
51 91
67 110
66 103
68 91
59 87
65 105
65 112
50 102
52 97
61 98
65 90
58 93
69 88
59 87
60 95
62 113
65 101
68 115
53 109
52 95
63 103
55 106
50 103
59 99
69 98
56 90
56 97
53 97
66 91
70 85
70 108
67 115
69 102
69 93
54 86
63 85
63 100
50 85
69 112
62 85
55 93
57 111
59 99
64 85
70 105
59 86
51 112
58 102
66 113
69 105
55 95
64 99
54 95
59 108
51 108
68 99
64 109
65 101
62 97
54 108
70 98
57 95
66 108
67 105
69 102
57 99
51 114
70 104
65 91
56 98
55 85
69 111
56 88
70 113
51 111
59 99
66 97
69 100
57 102
68 107
56 99
57 114
53 113
61 104
61 110
60 85
69 112
62 101
70 91
70 97
63 86
67 90
50 102
65 101
56 110
59 90
66 95
67 101
68 103
65 94
50 88
53 91
60 87
69 111
53 87
57 91
52 87
50 103
65 86
55 104
56 92
59 113
57 110
68 106
59 101
79 134
79 116
66 125
72 129
76 124
80 126
67 133
85 140
80 111
80 120
76 132
79 124
85 112
68 140
71 130
70 130
82 110
77 120
65 113
80 132
69 125
73 115
67 129
71 126
83 110
82 121
65 121
72 118
75 111
75 113
83 129
76 111
77 128
74 139
84 117
66 111
74 133
70 139
78 116
70 112
76 118
81 136
74 113
69 140
74 117
77 134
72 133
82 121
67 114
72 137
70 138
82 110
79 110
69 110
78 120
79 123
74 119
76 112
72 118
79 125
75 140
84 118
68 112
79 140
81 136
85 126
71 130
79 119
84 122
68 136
68 115
78 116
66 123
73 137
85 114
67 113
68 128
68 134
76 139
73 135
80 125
68 123
66 135
84 134
76 138
74 135
82 132
69 127
68 114
72 133
74 132
72 120
71 117
80 138
70 136
83 134
70 139
85 125
82 136
69 135
83 132
85 134
76 127
76 126
76 129
78 137
67 114
73 128
73 119
66 121
67 115
75 122
83 118
77 132
67 111
66 133
70 114
80 116
66 132
73 117
84 140
74 130
81 116
70 121
82 130
79 125
67 132
67 135
73 134
77 139
71 110
73 126
74 114
70 131
68 120
85 115
74 138
65 121
68 140
72 125
74 117
82 121
85 137
72 136
76 130
76 121
73 123
71 133
83 125
70 121
67 117
65 112
77 115
80 113
68 110
78 131
83 126
83 113
73 115
83 139
85 128
79 123
70 114
68 124
74 124
67 122
76 116
66 131
85 135
81 122
76 118
76 140
81 113
65 114
75 137
84 140
68 120
81 121
75 123
77 140
69 127
73 124
79 131
81 110
65 135
79 117
83 124
82 133
73 114
80 131
77 136
70 121
68 138
69 124
82 124
75 113
72 133
82 129
70 129
77 137
66 110
78 121
70 116
74 139
69 137
73 115
81 113
72 133
75 113
73 117
67 129
71 125
78 135
71 133
77 132
83 131
82 130
72 113
82 113
77 110
82 126
78 129
76 128
71 128
72 126
71 116
72 110
80 124
77 134
77 111
77 132
78 112
82 132
72 111
75 112
75 132
81 115
79 113
84 128
69 123
75 119
75 116
85 118
79 140
84 134
75 122
78 131
81 131
84 125
84 113
99 159
91 165
87 136
96 155
80 152
86 154
85 155
84 139
97 149
91 161
80 136
83 154
81 151
80 138
98 136
83 147
85 163
87 155
97 144
96 149
98 143
83 156
97 162
84 156
84 159
86 151
93 153
98 150
83 147
89 165
95 156
95 139
82 155
90 150
98 165
92 157
86 136
95 135
82 137
93 143
91 138
89 152
83 160
96 155
80 149
86 153
94 164
91 155
97 149
91 148
82 139
89 153
97 150
86 136
80 142
81 142
93 165
92 162
95 154
100 164
88 135
86 139
82 141
94 150
92 163
94 165
82 165
99 139
82 138
94 161
98 147
89 151
84 157
83 138
85 159
91 146
86 150
89 156
88 140
83 141
82 164
89 136
96 156
81 143
86 143
97 135
87 138
92 164
83 160
86 136
96 164
99 146
90 160
85 136
86 138
93 135
83 145
91 165
83 139
93 157
84 144
92 163
93 141
100 138
97 159
82 151
99 149
91 138
84 159
81 140
84 142
96 164
92 138
84 150
96 136
81 148
84 161
88 155
93 137
90 165
90 159
80 148
87 144
95 147
86 152
99 163
86 152
97 143
99 154
88 159
96 164
90 163
100 152
92 157
82 140
99 145
90 140
100 137
87 140
86 148
86 161
80 148
96 140
87 165
93 148
84 147
81 165
83 135
91 157
89 164
95 148
82 157
84 164
100 162
92 137
80 160
85 154
87 140
95 161
90 149
86 161
96 150
85 138
83 139
92 140
84 153
98 143
89 136
83 165
88 143
90 142
88 160
89 140
93 153
86 137
90 139
94 160
97 153
82 164
90 152
90 159
99 153
98 147
84 140
94 150
90 142
100 147
95 150
91 165
88 149
86 165
87 160
81 136
94 151
100 138
94 136
97 142
93 161
98 141
91 160
86 146
91 145
96 137
89 141
90 161
81 163
95 140
92 150
87 139
96 139
89 138
93 137
100 157
96 159
99 162
84 151
82 153
85 164
96 156
80 153
90 158
80 141
83 141
97 135
96 158
94 151
80 144
87 137
89 146
94 162
85 146
88 148
89 143
100 152
86 147
88 145
98 150
96 164
97 140
88 163
81 137
95 155
85 162
99 142
82 152
98 149
85 149
88 160
98 139
99 151
101 172
110 178
106 167
95 177
95 174
114 166
102 186
96 183
108 175
97 186
102 161
113 186
98 162
101 164
107 190
115 180
102 171
112 169
97 182
99 188
96 167
96 178
107 188
114 181
114 166
113 172
114 184
114 181
113 185
114 190
100 173
97 164
105 184
102 171
105 166
105 177
102 169
114 172
105 170
97 179
111 174
108 181
106 163
110 160
106 162
106 180
104 176
98 168
103 164
99 181
110 185
102 180
95 167
115 168
97 188
113 160
112 183
104 177
114 190
105 181
108 173
96 178
107 162
111 162
106 170
109 175
106 187
100 161
101 190
115 180
96 161
96 166
97 170
97 175
104 167
101 169
106 175
95 175
102 176
95 184
108 168
96 186
110 167
104 167
102 162
97 161
96 172
97 186
104 188
97 187
108 175
115 181
106 160
99 176
109 181
109 170
112 173
99 190
112 188
102 185
112 189
103 163
103 161
115 190
104 168
110 160
100 160
97 180
104 181
106 173
105 169
98 165
110 184
109 172
111 169
108 180
101 160
105 178
100 179
104 188
101 172
108 175
108 172
99 168
113 163
97 171
111 173
105 164
103 182
96 185
115 181
110 166
104 165
113 179
104 168
100 178
104 167
98 188
104 162
95 180
95 185
105 179
98 176
100 169
114 167
109 163
111 178
98 174
104 162
112 173
101 173
104 188
111 190
107 168
115 188
101 165
106 187
106 188
106 173
100 177
113 170
100 173
100 189
110 175
101 186
104 168
104 186
97 188
105 186
99 185
96 189
98 175
97 180
99 165
102 178
114 178
100 169
112 180
106 183
96 165
114 190
101 184
100 172
104 178
113 182
115 188
95 167
102 173
110 182
107 183
113 169
98 162
108 168
106 183
102 184
111 178
113 164
105 176
100 188
110 181
104 171
112 164
107 189
103 169
107 164
99 185
102 172
105 189
98 175
112 179
104 172
108 190
104 173
100 190
95 176
105 185
104 163
110 173
101 177
99 178
115 181
100 161
109 166
115 177
108 174
100 190
98 168
101 169
114 172
115 190
102 184
97 183
108 181
108 187
114 183
110 186
98 184
113 172
109 182
107 180
103 162
101 189
105 175
114 187
112 171
96 183
101 176
113 161
95 177
111 172
115 193
121 207
119 185
112 214
113 214
115 209
116 187
110 191
129 211
130 196
127 210
127 194
115 201
129 201
130 188
110 197
112 186
120 194
129 186
120 202
113 210
121 211
113 214
110 196
117 215
122 213
110 207
112 188
130 197
119 195
125 196
111 211
127 205
115 194
110 195
125 203
117 189
118 214
121 197
115 207
117 213
130 190
113 207
121 210
112 207
110 203
115 205
121 198
119 200
125 215
117 202
118 213
120 213
129 205
113 186
127 204
129 212
125 199
128 211
115 206
111 193
122 206
110 204
115 190
124 207
127 212
116 203
119 211
129 202
126 206
118 207
119 198
116 214
119 190
114 187
129 194
123 186
117 188
120 215
110 206
120 192
110 211
129 195
121 190
124 215
127 195
126 187
116 190
112 202
112 206
114 186
118 208
118 213
118 205
118 185
128 198
111 212
122 215
112 210
125 214
114 212
125 198
121 213
128 211
124 212
128 213
125 201
121 214
130 199
127 190
113 212
110 205
117 210
112 210
121 206
112 196
113 213
120 199
129 192
115 189
111 207
116 213
114 207
128 201
122 194
118 203
116 194
128 208
128 211
110 203
122 193
128 185
128 203
117 211
121 206
114 208
120 215
116 203
113 196
126 208
124 208
120 208
121 201
120 185
112 185
124 210
119 200
115 195
127 193
129 207
130 189
126 193
118 187
130 206
111 211
117 187
130 208
122 200
112 190
126 203
118 185
125 196
127 191
110 197
117 208
127 195
129 203
119 212
120 195
127 187
114 215
113 206
130 210
119 214
124 203
110 190
117 211
124 215
120 190
126 198
119 197
127 206
110 191
121 202
124 188
129 204
120 204
125 207
126 197
115 197
113 188
119 199
128 215
123 213
125 205
130 214
126 185
120 213
110 190
113 206
117 185
116 193
110 200
111 215
112 203
113 208
119 209
125 202
120 198
119 209
121 207
117 186
111 191
127 210
123 194
121 200
128 205
122 210
128 207
124 215
128 187
114 212
114 207
121 201
111 209
127 189
116 212
122 186
128 185
115 194
114 193
115 201
123 201
129 185
118 189
118 199
114 202
119 215
116 203
112 195
126 208
125 209
110 201
114 203
121 204
114 207
113 206
126 206
116 203
112 198
129 231
142 235
125 210
142 224
126 217
135 239
139 218
141 226
132 222
132 216
134 239
138 234
144 215
129 233
126 215
139 220
140 238
137 212
138 237
142 224
128 218
133 240
134 211
133 216
128 223
139 222
127 218
144 237
137 228
127 211
134 232
141 227
128 222
141 223
140 211
131 217
142 217
138 232
141 228
126 230
139 218
130 218
143 213
140 237
131 232
145 222
134 215
140 239
128 224
130 233
126 215
140 230
126 212
128 229
131 218
137 229
140 214
137 212
144 240
145 237
125 233
139 211
138 213
145 222
143 216
136 238
139 240
141 230
134 237
135 231
144 223
133 229
140 214
129 231
128 225
139 230
144 232
135 210
139 227
131 219
135 222
132 210
144 230
142 224
143 235
145 229
131 221
131 231
130 236
137 222
132 237
132 224
134 231
142 221
128 235
135 238
141 233
140 228
141 225
144 235
142 213
131 223
128 230
127 234
143 222
138 231
139 217
135 234
140 227
125 212
131 231
134 225
128 235
137 232
137 210
135 226
131 239
132 223
130 240
138 237
145 222
130 229
130 230
138 225
143 224
139 225
145 226
145 227
126 240
144 229
144 233
142 238
127 211
134 213
136 225
131 220
130 225
144 224
125 218
131 219
125 227
143 234
145 229
145 222
130 224
136 223
129 239
127 234
134 227
136 239
134 234
131 237
127 215
125 220
139 219
143 240
130 219
134 236
134 210
125 223
127 211
137 229
140 211
134 238
125 216
145 230
136 212
127 215
132 234
140 224
132 211
136 237
130 214
136 214
129 236
129 228
144 220
133 236
130 229
139 239
138 227
138 231
141 240
141 234
139 220
125 235
125 229
133 229
132 221
142 237
133 218
138 210
135 230
142 237
141 226
144 238
126 217
135 231
125 222
142 239
137 228
135 240
129 219
140 238
140 217
143 234
133 215
131 240
132 227
136 238
135 227
132 211
142 223
129 240
145 212
133 222
142 224
128 234
136 236
133 221
130 223
128 226
137 236
133 220
132 218
142 219
129 212
130 228
145 240
138 215
135 218
134 229
139 237
126 224
131 210
133 233
135 238
125 240
142 233
141 211
130 225
142 235
140 230
130 240
134 237
135 227
141 229
126 234
132 225
136 216
147 235
160 261
146 240
153 255
148 235
160 262
157 265
158 236
156 237
142 239
158 235
141 264
149 261
158 236
140 265
146 258
145 236
160 261
143 246
147 237
159 237
140 262
141 253
144 251
159 260
160 250
157 243
147 244
157 240
159 246
152 248
160 265
145 254
142 252
149 241
159 243
154 248
160 240
155 264
150 252
146 243
148 248
145 245
143 250
156 265
156 248
141 260
140 257
153 241
153 244
149 258
144 252
148 255
156 237
143 244
152 242
152 251
147 264
151 246
158 242
149 241
152 255
147 236
151 247
150 251
158 248
151 241
160 248
142 253
157 246
159 237
151 247
146 243
145 245
146 257
143 263
154 241
141 260
140 261
156 245
151 258
146 253
151 256
158 259
158 249
155 237
141 257
142 236
142 256
144 250
149 263
141 238
156 262
160 241
150 265
143 264
144 239
140 256
149 250
146 264
150 251
159 247
143 246
157 237
144 259
150 242
141 264
152 255
149 241
150 247
142 242
155 262
158 258
159 237
151 263
149 239
140 265
148 251
144 264
147 243
140 241
160 243
145 260
158 262
158 254
146 239
156 249
141 237
156 251
158 248
159 236
144 258
152 265
142 242
154 260
142 248
141 265
153 235
148 251
156 257
153 237
141 263
142 258
160 257
157 235
160 253
141 252
155 264
154 251
147 243
140 252
158 242
148 245
146 240
157 237
160 235
141 255
156 255
159 260
155 252
149 246
149 258
157 245
142 245
154 257
154 237
157 243
154 256
157 251
140 249
157 257
140 254
158 242
157 254
146 252
149 257
142 240
143 259
157 235
145 242
153 253
144 263
145 250
151 249
155 247
153 250
150 241
145 245
144 247
141 247
151 235
143 258
146 249
151 254
150 248
151 236
151 236
147 262
149 247
156 252
149 239
152 261
160 237
140 257
157 238
150 244
149 238
160 242
160 246
154 264
141 251
147 260
156 261
146 238
149 263
147 263
148 252
151 243
155 261
148 236
152 235
158 265
149 242
150 255
142 263
153 242
143 248
154 235
149 255
144 246
159 256
154 250
147 235
151 259
155 255
153 257
152 237
140 255
144 257
148 256
147 258
146 264
156 264
148 246
155 265
142 237
159 265
156 258
156 244
146 256
7 19
15 27
12 37
20 27
20 24
19 13
23 15
15 20
22 38
21 31
8 19
5 22
14 18
9 13
7 27
15 24
11 11
20 14
11 13
24 25
12 37
25 29
15 28
21 11
8 26
21 18
12 21
11 11
15 31
20 15
23 35
17 10
5 26
17 32
18 32
9 13
6 33
8 25
17 27
21 31
14 16
25 35
8 25
13 14
22 37
5 20
9 39
20 26
23 18
14 10
18 22
12 23
18 33
8 20
10 20
23 19
9 36
11 40
7 38
22 23
18 23
13 24
13 37
25 31
10 16
16 10
24 34
15 29
8 18
19 32
12 36
24 10
11 14
21 40
20 10
8 34
12 11
7 32
15 14
23 11
12 10
13 36
8 23
20 16
9 21
17 15
21 38
25 36
18 14
11 39
9 16
15 26
19 36
7 11
18 26
17 17
9 12
8 18
19 23
16 12
5 19
13 37
15 22
17 14
25 23
10 26
7 33
14 33
10 15
21 24
13 35
19 14
11 30
21 15
16 34
19 31
11 22
8 17
11 17
18 13
16 20
8 17
15 27
9 26
6 31
14 18
10 27
25 15
23 31
10 15
25 24
23 23
24 21
21 26
17 38
11 14
10 13
18 15
24 18
10 18
19 27
10 18
23 33
9 17
21 28
6 35
11 15
23 37
20 36
11 10
5 36
11 36
22 25
21 27
18 29
17 25
18 16
25 16
23 10
10 21
14 35
10 28
5 18
22 23
19 33
25 32
14 25
20 25
6 25
25 28
12 34
20 15
6 32
15 35
19 34
12 18
22 16
21 23
18 18
14 26
15 15
22 24
15 33
9 28
21 38
6 18
13 14
25 27
11 33
11 24
25 25
7 40
8 26
15 13
10 14
24 30
11 34
16 39
6 39
10 30
20 30
22 23
24 17
16 28
6 18
9 22
11 32
20 20
24 30
8 37
9 39
21 10
19 26
8 16
5 23
13 17
17 32
19 34
21 27
18 34
23 22
23 24
22 23
16 17
21 13
24 34
19 26
10 32
25 30
25 23
18 31
13 12
11 18
16 16
7 18
24 26
21 13
25 29
7 32
12 24
5 38
18 37
20 39
24 22
5 21
14 29
5 20
21 20
22 26
9 19
27 47
35 44
33 58
32 63
22 57
31 42
40 52
35 63
36 52
27 35
26 65
28 63
28 43
30 59
25 56
22 50
33 58
30 50
29 55
40 62
38 57
29 61
30 40
28 58
33 65
20 55
26 44
24 40
26 57
37 44
23 60
40 46
32 49
20 65
25 43
29 45
26 62
35 41
38 63
39 57
35 52
28 60
23 61
33 45
21 58
36 62
24 44
20 38
20 36
34 58
37 59
26 40
36 43
37 55
21 41
20 35
30 55
35 52
36 55
38 36
32 47
39 63
26 36
27 45
36 64
30 45
39 39
35 43
34 60
22 47
25 41
29 54
26 39
26 43
26 64
36 38
37 37
30 65
29 63
27 40
36 43
36 49
30 35
24 56
20 52
37 56
26 48
40 49
24 46
31 43
27 62
24 55
39 46
24 65
26 60
31 37
28 52
32 46
33 41
20 42
39 36
36 47
37 40
35 63
39 49
27 59
30 51
25 39
20 64
33 37
39 40
24 57
25 55
21 42
27 36
29 50
32 43
26 48
20 55
25 62
23 48
20 43
39 35
37 58
32 50
20 53
28 63
34 43
36 44
30 46
32 62
24 43
23 56
28 50
28 64
37 43
22 64
20 44
38 64
35 60
24 57
36 63
36 54
22 39
38 55
30 40
28 44
29 52
22 36
31 41
29 44
39 43
40 63
27 38
34 49
22 40
34 43
27 60
21 42
39 56
39 47
26 43
39 41
36 54
31 60
28 39
28 41
26 42
20 62
20 63
32 41
29 48
35 39
33 43
22 38
32 38
33 56
24 39
30 37
31 65
21 50
34 61
20 46
35 57
28 46
31 48
34 56
23 63
33 35
40 36
22 35
33 49
27 47
26 47
36 43
34 41
29 46
23 46
23 37
28 63
30 57
31 63
37 39
28 36
27 62
20 36
37 38
22 49
28 36
38 60
40 39
36 64
35 37
36 40
34 44
28 50
38 45
24 44
29 40
40 48
36 45
21 62
30 64
32 60
25 38
38 40
35 53
31 56
31 45
23 55
27 61
27 50
26 49
35 52
38 36
26 53
33 47
20 57
28 58
39 41
36 36
36 65
30 48
38 39
30 47
22 42
30 61
38 45
34 50
28 58
40 82
55 85
36 83
53 72
42 89
54 66
46 88
48 76
52 85
52 88
43 71
55 70
36 85
48 71
41 72
37 83
48 70
37 66
53 90
52 73
48 64
40 87
41 84
55 67
38 90
42 80
47 67
42 72
55 76
40 69
52 83
46 62
40 75
54 65
47 82
38 71
45 66
40 83
36 75
52 71
53 62
46 82
39 87
53 69
51 84
41 69
43 75
54 78
45 75
48 71
44 69
36 60
36 85
46 68
43 81
37 79
40 78
47 89
46 69
48 85
45 81
49 78
49 72
41 63
39 86
36 63
48 64
46 74
42 84
48 64
40 69
35 66
41 61
52 69
55 68
55 70
39 67
39 64
36 89
53 74
43 79
53 85
52 76
44 78
40 88
52 82
47 74
51 63
41 89
49 82
35 73
49 64
37 87
35 65
40 71
43 75
47 61
45 80
46 74
45 84
51 87
37 78
35 71
39 81
43 89
45 73
41 70
46 88
53 81
46 88
39 77
49 89
36 80
36 62
54 84
38 73
50 71
35 86
36 79
55 88
55 84
51 86
43 83
45 66
46 83
39 70
50 72
41 85
53 84
38 63
50 83
42 63
45 74
37 82
42 72
54 77
41 85
42 66
49 63
51 86
49 73
52 63
50 71
37 85
38 83
40 78
46 71
40 74
50 77
45 85
41 82
40 90
51 77
38 89
42 74
48 72
51 87
43 78
40 70
55 67
47 67
39 75
47 71
55 70
47 63
38 82
46 69
42 66
51 80
50 74
40 86
35 87
45 68
44 85
49 84
35 79
43 81
37 76
44 89
55 87
41 86
51 82
41 64
35 87
44 90
36 85
53 63
47 74
40 61
55 87
40 64
54 86
35 75
46 87
35 65
45 73
46 67
55 90
39 60
51 61
46 63
41 83
49 73
49 77
51 71
48 68
45 85
49 69
48 73
55 80
47 87
49 72
47 63
51 72
45 66
44 60
38 67
40 73
44 90
50 63
44 71
38 83
53 73
43 72
53 65
54 69
49 60
45 62
37 60
54 64
48 86
45 72
52 88
48 79
48 83
41 62
46 60
53 64
40 84
51 65
44 72
45 88
38 63
40 71
55 72
50 67
40 77
42 66
53 72
40 64
51 101
57 89
70 112
69 112
58 104
51 100
54 99
68 93
57 93
60 102
52 86
66 111
57 94
57 112
69 108
61 109
50 88
60 107
50 86
69 102
68 101
52 104
59 95
55 96
69 99
69 91
68 103
54 115
66 115
55 100
70 113
60 114
59 88
66 112
55 87
63 107
62 98
69 99
61 90
63 94
68 104
56 86
54 100
66 85
70 111
57 87
62 105
68 104
64 101
58 110
53 114
68 88
62 108
61 87
68 95
60 97
62 112
54 87
54 98
59 107
66 98
52 112
63 107
57 109
61 85
53 108
64 115
54 91
64 93
56 101
65 101
52 99
58 94
66 105
53 97
64 111
69 88
53 112
64 90
65 113
53 89
66 114
64 96
50 109
60 94
64 90
69 89
55 88
50 86
67 115
53 85
69 91
54 98
58 111
60 106
68 105
65 95
58 110
58 106
63 94
59 108
69 106
68 115
60 91
55 100
68 96
63 113
56 102
65 103
60 110
63 89
69 86
68 115
65 87
61 96
51 102
57 109
52 111
51 86
52 106
66 89
61 114
63 101
51 94
56 111
60 95
69 100
53 97
63 89
68 88
50 110
69 99
64 110
61 92
61 94
70 92
56 111
63 97
54 103
54 98
52 104
56 96
50 86
63 102
54 91
60 99
54 90
57 101
54 87
61 109
55 102
68 106
69 89
58 105
70 104
60 88
51 108
69 96
50 90
60 108
67 96
54 94
53 115
65 101
54 99
70 96
66 90
50 94
51 86
64 115
66 85
69 112
65 100
67 97
56 86
65 115
54 93
70 112
55 86
61 91
70 102
67 99
55 101
55 114
50 104
54 91
68 114
60 92
69 91
54 114
63 104
53 104
65 91
70 115
67 111
57 106
69 105
55 85
66 109
55 103
55 110
57 115
59 107
65 86
53 107
59 89
66 113
58 90
64 90
58 93
66 92
52 94
66 85
64 113
63 93
52 89
55 89
50 106
55 94
69 109
57 104
51 94
68 103
61 100
63 99
70 107
61 104
69 98
56 93
63 93
58 106
65 99
53 100
56 105
55 109
67 103
59 94
61 108
53 93
64 104
66 112
70 93
62 94
58 113
57 112
65 85
63 102
55 96
51 99
51 104
78 120
79 125
77 111
67 125
68 121
71 135
74 121
65 129
83 131
80 112
69 130
82 113
79 122
75 111
73 121
80 110
72 133
84 118
74 131
72 138
80 132
72 115
80 135
66 129
79 117
78 112
66 132
78 140
72 126
71 140
78 127
79 123
70 124
80 111
73 122
70 112
78 130
70 115
83 139
80 136
83 125
71 110
80 139
75 119
85 140
79 116
75 116
75 134
80 119
73 131
66 129
69 131
65 138
82 129
76 128
73 139
80 119
68 115
75 138
71 128
67 131
85 118
68 121
70 125
74 132
81 117
68 134
67 127
69 132
65 124
70 125
84 117
85 119
70 137
75 133
82 139
72 116
67 118
68 114
68 113
82 134
66 114
81 115
66 115
84 130
75 111
70 139
66 136
71 128
75 122
80 114
69 132
84 126
74 134
74 128
78 124
73 110
68 136
78 113
84 139
65 127
78 136
77 114
71 133
85 122
75 110
83 124
78 133
81 129
82 125
74 116
71 125
84 122
81 119
72 118
67 114
83 115
76 119
72 128
70 138
75 113
83 121
73 127
66 122
72 125
68 121
67 134
75 135
79 113
75 127
80 119
73 115
70 127
84 128
78 122
81 111
83 122
73 140
65 120
69 111
70 116
84 122
78 115
71 111
74 119
71 127
70 114
78 137
74 111
85 136
78 139
67 137
70 114
77 114
80 113
73 117
85 125
68 115
77 137
81 134
67 130
66 127
78 138
79 125
67 137
66 118
70 114
68 110
74 138
78 130
73 117
66 118
69 125
82 119
74 127
79 122
76 118
81 138
71 120
68 139
84 130
66 138
70 119
77 138
82 139
80 115
66 120
76 136
81 136
83 113
82 113
78 124
69 120
73 121
80 130
81 132
80 123
80 110
83 123
76 135
71 121
82 124
85 120
74 126
77 120
83 121
82 110
78 128
81 112
72 136
75 115
84 111
81 114
67 119
82 134
69 136
83 140
72 135
71 123
75 119
66 134
67 111
80 123
79 140
78 128
83 114
66 119
70 119
70 113
70 138
83 128
66 139
74 139
72 130
66 140
74 111
66 127
81 122
66 131
70 122
73 113
79 138
79 130
67 134
66 133
82 125
81 122
74 133
68 111
82 129
89 144
80 154
94 155
85 158
82 146
86 150
88 151
99 160
93 153
98 159
86 141
88 151
90 154
83 161
89 154
91 152
82 165
88 156
86 141
88 161
81 148
98 163
89 155
89 135
92 140
96 149
80 135
98 163
99 139
98 140
100 138
85 151
98 164
97 153
83 152
88 153
96 158
94 159
97 138
86 151
87 151
85 154
82 160
91 164
83 140
84 154
95 158
83 143
98 143
93 156
100 144
85 153
84 158
98 145
97 138
88 139
100 156
86 164
93 140
99 145
85 165
95 152
89 136
89 145
94 154
84 135
81 142
84 160
85 163
84 159
81 161
81 151
82 152
99 161
85 145
88 136
97 136
88 162
99 144
89 143
97 137
84 156
80 155
83 142
88 151
83 150
96 160
85 157
91 146
89 137
98 157
83 161
98 151
97 157
86 161
86 154
95 136
99 141
95 159
94 142
84 145
87 154
99 153
96 150
94 161
82 153
100 151
83 142
95 138
90 161
81 160
99 159
82 157
86 150
94 145
95 158
93 146
94 157
90 153
100 164
90 156
92 165
85 161
81 140
93 137
94 158
83 145
85 156
85 148
99 150
86 163
93 144
91 150
88 140
92 140
81 151
87 151
86 162
86 154
87 139
97 165
86 151
91 145
81 145
98 147
90 145
92 135
81 148
86 152
83 152
95 153
98 147
94 149
90 144
89 143
95 156
96 143
99 150
90 146
96 140
99 153
88 163
85 136
90 164
94 160
84 141
94 149
87 149
83 159
85 161
92 139
91 142
98 153
88 159
89 148
91 152
88 146
95 149
83 156
81 164
94 160
84 161
85 153
91 136
85 164
96 144
90 145
100 145
95 138
93 160
91 135
87 149
99 159
89 159
83 142
97 162
94 155
99 142
87 164
84 148
82 137
86 163
83 140
98 142
90 142
96 158
90 144
98 153
81 135
85 149
95 165
95 140
99 164
84 158
81 153
97 157
83 160
93 163
83 155
80 138
97 137
94 138
95 135
90 146
97 165
96 138
95 138
100 149
81 154
98 160
90 144
83 158
92 135
98 164
81 159
87 150
89 161
100 140
91 143
96 157
82 146
96 137
80 138
90 144
97 153
80 161
99 152
97 161
95 141
82 140
102 184
105 182
102 166
112 172
110 172
95 178
96 188
109 160
104 164
115 180
102 173
104 177
96 189
107 175
113 164
101 160
115 166
114 176
97 176
96 184
98 189
107 175
111 160
95 186
99 184
102 185
112 186
108 162
95 181
103 187
109 163
95 183
103 175
113 179
105 162
98 188
112 181
108 185
113 184
109 181
105 162
108 180
109 184
95 180
100 163
105 168
95 169
105 174
102 163
110 184
98 172
100 163
105 189
103 181
104 176
103 165
95 185
98 174
115 171
101 190
103 176
96 179
99 164
108 175
110 164
96 168
95 185
109 176
97 170
110 172
95 175
102 172
113 168
106 184
106 184
115 160
104 188
100 189
104 183
95 165
95 178
115 168
101 185
101 161
107 188
110 187
112 187
102 176
106 189
104 179
104 161
115 188
101 166
104 186
113 167
114 181
103 172
109 164
102 180
112 167
111 175
103 186
106 165
99 171
104 179
95 185
112 175
108 174
95 174
111 178
101 168
109 173
103 163
98 183
100 179
108 166
104 189
107 171
108 170
115 165
100 178
110 175
111 176
97 182
101 165
108 178
104 171
98 190
107 171
108 163
99 177
112 160
98 168
105 176
96 190
107 171
100 175
99 176
105 182
110 188
96 170
100 165
105 171
100 163
106 184
110 181
114 173
98 183
110 190
109 163
114 185
114 175
102 168
96 170
101 164
104 182
96 179
111 163
114 188
104 180
112 171
113 188
106 187
110 171
105 184
113 184
104 189
102 187
112 162
106 160
97 170
101 179
108 175
104 186
95 185
110 160
113 182
106 189
106 174
104 173
104 182
97 185
115 168
107 180
108 182
110 175
114 170
111 186
95 181
114 163
114 165
112 180
97 190
115 173
104 185
104 181
104 188
109 161
113 162
97 174
99 171
97 182
111 161
107 172
115 167
112 165
95 177
104 164
113 170
109 187
106 169
95 177
105 187
103 170
111 168
111 179
97 180
97 166
108 187
108 171
115 189
101 173
114 169
113 189
115 162
114 182
105 168
105 177
104 186
99 161
98 177
99 180
109 189
96 186
111 169
109 188
96 180
107 181
106 186
107 176
112 173
95 169
99 174
98 186
98 179
112 170
99 172
103 169
98 182
97 163
111 191
122 190
122 194
128 206
119 200
123 187
127 197
120 202
130 188
123 188
130 189
115 208
115 196
129 210
110 187
113 214
123 213
130 187
122 214
117 194
114 215
115 192
121 201
128 190
114 188
120 191
125 204
114 207
114 212
114 215
112 197
113 191
128 214
130 199
125 185
119 191
113 213
128 194
112 190
130 214
111 205
120 199
130 186
122 189
126 205
117 209
130 214
122 194
116 191
113 205
123 194
128 189
111 190
115 202
116 208
120 203
121 203
129 201
121 190
124 197
111 207
113 209
117 187
124 198
112 206
122 198
116 210
117 188
110 213
117 193
124 186
119 213
121 211
125 188
125 189
115 208
116 201
124 199
128 200
110 209
112 211
120 186
128 209
120 205
117 206
112 192
120 207
115 192
126 201
110 200
113 207
111 197
120 204
127 208
110 204
114 188
117 207
118 189
119 191
110 185
123 203
124 201
121 194
110 209
125 215
122 196
114 196
115 211
115 202
110 215
127 186
115 203
124 189
118 187
118 197
126 188
117 192
110 191
115 195
128 192
130 188
126 212
128 194
127 199
110 192
115 213
125 198
110 213
110 190
120 210
121 186
113 200
122 198
122 205
110 202
125 214
127 197
113 189
118 200
125 198
121 212
114 212
117 206
123 207
119 206
120 195
115 196
123 211
122 197
121 198
122 193
123 203
123 188
130 192
122 189
120 191
120 211
115 189
124 207
110 197
128 193
128 215
129 198
127 194
125 190
113 207
121 187
122 215
117 211
114 205
112 209
129 213
113 211
117 190
129 211
128 210
124 190
128 204
114 199
111 195
127 204
113 214
128 190
119 205
112 185
130 215
111 189
125 194
129 212
128 197
117 211
122 209
117 213
120 199
129 192
119 214
121 207
110 195
113 206
118 211
129 194
116 197
113 204
130 194
130 186
127 188
121 211
114 210
126 191
116 189
129 213
118 189
113 210
125 200
126 196
115 186
118 186
119 215
121 215
122 188
115 212
126 210
125 185
119 198
117 208
113 200
118 198
122 193
127 185
121 204
114 214
111 215
117 185
110 203
129 189
114 214
128 208
124 204
123 191
111 210
126 197
112 203
121 209
118 215
128 199
126 186
122 191
123 193
115 210
121 190
127 223
125 235
136 231
135 235
138 220
126 235
136 235
132 224
143 213
130 218
136 239
140 235
138 217
143 219
143 238
140 236
125 222
143 222
130 240
140 240
142 235
128 238
142 213
132 213
125 232
130 231
133 231
135 232
130 227
140 236
136 219
125 230
125 218
125 234
127 217
128 223
133 227
129 224
140 229
140 235
125 240
127 236
144 239
131 224
140 222
127 237
131 238
142 222
143 227
135 218
134 237
144 229
144 210
142 239
136 228
129 233
133 216
140 215
140 239
131 230
143 235
138 210
131 210
132 233
128 226
128 214
134 231
127 229
145 232
141 213
131 218
142 237
128 221
143 226
134 228
130 228
133 230
130 210
130 239
141 211
131 233
140 232
141 235
145 238
140 235
125 235
134 234
138 222
128 228
131 219
137 213
140 225
132 223
136 217
133 214
143 233
127 219
131 215
132 232
133 227
142 210
144 225
127 239
141 236
145 236
141 227
135 210
131 226
130 222
131 235
126 239
130 219
136 238
145 219
140 223
141 211
139 215
140 213
128 222
145 225
134 212
134 240
144 210
137 223
134 215
140 235
140 229
137 219
135 225
125 212
141 221
139 217
133 227
128 227
141 218
134 211
136 210
125 218
135 224
135 218
129 233
132 229
126 213
130 237
134 223
138 223
144 239
137 216
139 240
140 221
140 230
136 223
144 219
137 226
125 217
130 217
127 234
126 220
135 231
137 224
134 240
125 234
134 223
135 221
129 229
133 225
131 239
145 235
132 226
136 238
134 210
132 233
132 210
138 230
138 213
138 233
130 235
131 239
126 221
139 226
144 237
127 214
142 237
131 211
134 214
131 215
136 211
132 235
125 236
136 228
145 224
136 211
138 234
143 222
134 216
144 212
133 234
133 238
144 210
131 212
134 234
128 216
129 240
138 232
130 223
140 234
130 228
133 211
142 230
135 222
137 216
134 236
132 229
125 228
132 228
134 233
143 234
136 240
125 237
128 226
130 238
134 213
143 211
128 233
143 224
143 224
145 227
131 228
145 239
133 234
137 232
141 233
134 220
131 216
130 220
137 224
125 239
141 229
138 230
136 226
136 221
142 229
136 214
140 212
130 219
137 228
144 219
126 224
136 240
137 233
152 244
142 248
160 259
149 237
155 243
160 247
143 248
154 250
156 239
141 255
148 245
156 244
156 249
150 238
142 243
159 254
140 236
145 255
154 264
149 239
151 240
152 256
143 246
148 238
151 256
159 259
157 261
141 249
149 259
153 254
149 245
142 252
147 239
149 238
140 260
147 239
144 253
142 253
140 264
142 247
154 246
146 250
153 241
158 249
155 249
147 235
157 240
150 237
156 257
142 244
153 244
142 250
144 241
160 259
151 255
155 257
142 243
152 240
144 238
151 250
156 251
158 242
145 265
156 264
142 246
151 239
143 254
147 248
154 254
150 263
148 242
147 242
141 257
160 235
143 263
141 242
146 261
151 238
143 257
147 245
159 240
156 254
147 235
147 250
147 239
145 261
160 263
160 263
148 246
143 246
147 241
147 253
140 235
160 257
141 256
145 253
140 249
160 253
160 242
148 237
140 248
155 256
141 262
158 262
154 246
158 248
142 259
152 251
141 255
140 244
154 243
158 239
141 236
158 237
159 256
142 251
155 235
157 247
152 256
141 236
153 249
143 252
141 248
154 262
142 241
140 246
157 235
146 237
149 238
157 241
145 242
147 263
153 261
152 265
156 252
145 249
149 247
144 241
160 264
149 262
150 241
153 252
142 256
142 238
160 257
159 252
155 264
142 236
145 256
149 241
144 235
149 240
160 253
160 240
147 245
156 255
153 244
159 253
146 257
143 256
159 262
147 242
143 255
158 250
140 241
147 248
158 244
156 249
143 261
152 245
141 256
142 254
154 238
146 260
160 259
140 238
148 256
148 247
155 247
156 252
149 250
158 255
154 249
160 252
146 257
142 248
154 259
160 243
141 239
143 253
151 251
157 248
150 261
148 249
146 254
154 259
143 264
158 260
142 251
150 255
143 241
152 250
153 238
140 261
152 257
154 238
148 235
160 246
151 242
156 239
148 257
149 262
160 244
144 263
159 265
146 265
141 256
155 240
146 238
147 264
157 247
159 265
147 251
156 243
143 236
152 250
141 243
140 245
145 264
160 245
156 258
141 238
140 257
149 239
147 240
140 255
154 237
144 262
153 261
155 240
151 248
146 252
147 264
150 241
151 237
153 258
151 258
160 241
146 235
154 243
