5000 125654
98 22
97 96
79 96
83 59
69 70
28 11
83 60
71 96
65 89
94 42
23 20
56 8
68 78
1 93
46 72
82 49
68 16
33 62
57 6
15 25
45 10
60 32
93 94
72 67
46 19
12 52
24 46
36 49
56 26
85 27
50 5
53 99
33 75
80 100
87 9
1 44
8 62
69 69
23 39
24 2
14 62
98 11
79 61
82 39
98 55
77 32
63 39
17 71
9 94
71 45
31 95
5 55
82 28
75 88
77 74
27 47
38 91
52 19
14 47
93 16
36 98
16 51
97 14
20 24
95 3
83 23
72 67
54 16
3 43
46 57
77 18
17 4
43 19
8 78
50 42
40 74
36 62
64 80
8 44
96 55
34 24
38 90
52 9
68 4
65 78
80 82
46 2
54 68
31 53
60 48
47 36
18 2
75 50
95 1
37 25
21 4
30 23
60 43
75 20
84 65
6 51
3 89
100 20
100 70
62 18
1 61
92 43
97 79
64 93
99 38
92 33
50 68
89 27
96 42
17 71
53 56
75 75
14 72
6 76
6 27
73 19
4 11
75 80
99 21
51 11
64 4
20 24
80 86
23 98
46 95
63 2
80 49
48 83
15 22
80 70
10 1
15 34
71 12
6 79
31 26
69 1
50 12
80 94
57 27
97 5
48 64
61 35
71 31
61 88
19 10
28 10
86 6
74 72
3 89
84 78
24 34
66 45
55 54
55 71
40 42
100 48
18 73
20 42
48 31
84 46
99 11
57 83
98 79
69 74
14 61
28 57
89 74
15 24
59 2
46 53
11 80
58 17
58 87
82 11
19 4
76 48
9 20
4 62
50 19
63 8
39 39
25 4
28 52
94 92
80 75
68 46
93 92
97 99
87 87
92 22
32 44
37 98
48 4
29 74
57 71
14 16
9 82
45 97
28 40
19 83
42 49
91 71
77 100
100 35
24 81
95 3
27 82
32 52
50 64
76 52
95 12
88 55
1 55
74 15
33 98
32 81
93 60
26 89
80 79
31 99
69 10
11 74
67 48
17 65
91 100
23 70
82 33
99 81
20 66
61 72
18 64
61 14
51 94
46 15
60 100
74 75
40 69
87 81
58 78
41 33
14 84
4 89
80 39
66 39
29 4
13 36
97 19
22 15
90 25
76 50
52 13
58 86
86 23
71 12
26 3
77 22
45 82
7 35
27 55
64 47
68 58
96 70
25 13
70 51
41 84
36 12
44 77
32 52
22 45
53 7
72 36
88 28
56 95
52 74
53 18
36 50
16 10
2 89
57 17
5 86
77 38
61 81
62 23
15 12
31 93
88 25
43 34
27 74
94 11
21 40
91 72
13 20
69 9
67 84
83 23
9 92
2 96
78 99
41 95
76 40
82 5
64 31
63 67
89 52
67 4
67 37
24 1
82 65
68 25
33 17
86 2
97 14
93 98
48 25
63 25
75 42
87 1
57 10
1 15
32 64
77 49
43 86
45 83
45 9
61 70
79 5
6 100
63 17
8 56
98 95
90 56
89 12
61 25
4 74
29 15
80 80
22 10
52 16
61 97
90 86
84 84
47 98
38 99
28 33
46 74
100 76
2 26
32 27
8 37
55 40
63 42
36 38
49 78
59 76
33 46
10 99
89 33
38 46
24 67
96 88
87 92
13 22
36 51
47 68
68 47
16 66
26 47
89 9
68 33
39 95
30 94
3 68
85 45
67 45
83 53
82 70
18 72
84 78
13 48
77 8
90 70
27 89
13 45
39 99
86 17
45 91
48 97
26 49
34 88
23 63
22 88
20 31
87 36
9 38
18 98
54 82
25 55
96 96
94 42
44 87
34 91
24 36
98 7
70 35
42 32
80 59
51 56
12 3
16 88
63 4
88 62
5 57
41 92
100 7
95 55
78 8
96 49
94 3
4 8
29 88
16 17
77 95
48 18
2 52
85 85
18 15
55 86
61 39
13 10
1 27
56 78
46 52
24 14
6 84
67 38
17 45
85 94
17 94
28 99
52 81
31 97
16 61
57 38
71 40
67 67
3 44
49 100
63 67
97 47
52 7
43 6
12 63
28 54
43 23
14 67
64 38
60 89
20 4
77 28
24 50
20 82
84 5
21 2
95 96
89 88
87 91
12 92
74 33
3 84
91 91
77 14
33 32
58 51
33 51
3 72
25 69
88 94
3 23
39 87
84 92
54 81
81 92
95 7
33 34
75 66
60 73
49 23
34 54
32 76
25 51
57 3
51 9
8 55
29 56
98 4
97 95
15 47
9 48
22 27
17 82
51 38
98 92
1 14
9 40
83 42
56 37
33 60
70 88
58 59
23 98
5 31
64 91
55 41
51 37
96 77
30 6
11 61
44 99
15 59
42 36
20 49
24 13
44 45
28 56
52 21
93 100
76 2
67 19
53 47
49 80
35 100
4 36
98 72
36 65
12 27
80 65
91 1
96 38
1 4
100 11
18 35
5 35
63 2
72 27
56 71
59 78
1 32
18 32
54 28
68 42
11 19
74 77
91 7
6 15
53 84
42 79
99 67
80 37
8 97
51 65
28 16
43 48
54 53
25 87
30 13
65 31
57 52
20 13
12 69
57 7
19 76
29 55
14 41
34 77
53 82
21 64
92 6
53 65
90 47
97 33
20 7
100 17
70 61
10 65
57 84
74 44
4 43
55 2
53 80
11 39
58 66
80 48
5 86
63 18
5 34
34 98
80 1
61 37
53 63
91 69
69 44
24 38
20 75
34 36
57 66
72 8
6 51
100 71
76 73
95 49
96 55
48 79
46 66
18 16
9 43
3 1
91 11
12 85
9 2
44 43
75 75
18 67
23 90
79 60
81 37
79 75
13 10
60 37
91 64
65 24
50 57
12 59
40 13
21 31
45 94
48 78
92 39
51 97
99 100
20 63
97 45
95 54
67 41
43 10
64 21
27 35
97 10
54 32
39 71
57 11
49 74
13 97
75 30
24 15
91 8
7 18
2 89
3 69
66 54
45 4
20 92
15 62
56 62
11 4
36 92
52 8
11 33
79 82
54 4
9 84
98 44
3 48
55 38
16 36
97 10
18 58
43 22
93 71
24 41
33 44
1 82
72 14
45 40
27 63
95 80
87 48
33 80
49 21
42 16
98 85
45 24
13 60
65 46
52 86
75 63
52 89
3 93
85 48
30 23
9 48
94 31
80 18
11 95
100 20
95 6
7 56
70 78
89 27
51 27
93 18
21 71
51 60
16 84
17 62
30 22
63 63
4 9
62 53
63 35
97 77
60 37
7 59
9 36
24 34
58 44
35 50
27 74
12 88
20 49
56 48
72 35
65 80
87 66
82 81
64 99
82 71
40 37
85 28
22 49
42 63
29 98
43 71
45 22
45 33
59 33
74 95
59 47
14 93
35 47
73 82
62 69
46 35
79 40
22 56
21 20
88 35
57 6
47 45
99 74
76 54
55 93
23 8
92 85
41 58
56 40
55 36
74 80
96 76
92 15
96 28
89 90
20 12
38 99
33 63
64 96
48 31
58 9
74 43
62 75
45 55
46 24
75 44
90 41
76 15
97 51
11 12
63 1
53 8
57 57
14 74
80 62
11 49
36 33
71 98
4 58
91 72
77 85
77 37
38 100
68 100
72 64
79 41
88 63
61 62
63 4
3 59
9 44
21 12
29 1
22 19
65 19
74 76
96 14
6 11
2 42
44 64
16 23
64 42
96 24
25 31
29 15
27 37
87 79
64 47
97 34
90 36
7 70
26 19
67 72
96 69
45 70
90 87
74 62
32 32
51 49
37 65
87 90
59 44
57 28
15 42
80 14
73 98
40 69
27 27
78 9
93 10
71 43
46 83
57 3
18 66
70 13
37 69
45 54
56 43
53 15
93 87
98 30
59 37
18 57
64 53
6 5
63 26
53 39
80 66
46 58
55 39
16 82
84 99
13 83
24 62
98 93
44 96
48 59
90 61
71 75
25 19
82 23
93 69
22 1
90 25
10 86
91 65
79 46
54 39
99 59
31 60
99 77
96 88
41 96
16 34
11 40
46 53
30 11
15 79
25 70
28 20
70 17
92 4
11 19
82 51
67 65
61 11
78 99
14 23
2 71
48 25
91 42
83 45
40 93
12 94
25 22
49 30
3 11
3 67
55 68
53 69
85 78
53 96
48 57
25 26
20 29
58 48
22 30
2 92
24 26
47 99
29 11
93 95
90 2
39 29
27 97
57 18
99 91
4 95
70 41
100 14
51 19
60 34
35 58
42 63
24 79
11 31
42 92
26 89
65 97
48 11
30 58
49 75
100 7
77 14
25 52
72 87
86 61
46 81
73 78
9 39
44 31
1 89
54 85
34 33
91 69
80 33
90 2
42 60
83 28
11 94
93 73
85 98
23 79
79 30
26 13
46 58
89 61
19 4
23 46
5 9
67 15
52 55
5 35
66 73
80 68
29 86
89 59
17 81
75 66
61 89
77 71
18 97
13 77
30 7
3 81
4 45
61 39
44 82
45 4
43 66
7 28
89 28
27 16
29 6
68 58
4 28
26 63
8 70
23 83
100 61
13 78
89 49
3 15
17 65
6 21
82 35
46 50
95 32
50 15
72 68
7 20
26 37
41 64
20 48
8 43
44 96
75 92
68 81
39 29
71 48
11 99
45 56
59 27
89 14
73 62
26 84
93 93
50 76
86 5
67 75
49 36
98 35
55 24
3 51
66 99
12 96
84 85
63 100
6 27
85 51
34 67
65 98
63 87
75 82
84 45
70 81
70 77
10 89
37 13
8 58
80 88
99 11
53 13
38 14
40 76
77 26
16 50
84 20
79 2
1 54
50 95
79 89
50 40
56 70
82 39
15 90
67 17
17 75
78 90
25 44
2 77
63 56
89 93
64 15
89 90
24 38
33 95
58 66
33 26
21 8
18 75
64 13
72 70
22 88
53 78
63 46
98 65
68 27
46 65
28 66
20 81
47 11
7 7
21 72
2 32
88 45
36 62
20 49
4 72
65 3
96 44
57 100
27 58
36 36
20 15
68 99
59 25
4 61
77 17
43 50
77 20
94 91
6 14
100 90
67 78
59 92
62 87
65 95
78 70
59 3
44 60
50 2
5 66
50 66
70 74
58 97
37 63
57 87
29 45
93 86
21 89
25 88
49 85
100 98
60 76
21 51
67 97
71 100
24 64
43 13
65 2
52 83
89 3
23 67
51 24
55 33
81 10
64 10
71 27
10 80
22 65
15 38
59 81
26 30
16 56
81 54
35 26
53 70
37 92
64 71
97 7
58 80
40 10
45 43
9 78
51 37
17 94
27 74
21 37
93 57
21 38
86 90
44 39
9 92
8 56
47 15
16 24
40 66
10 24
38 2
1 45
32 88
4 92
12 77
9 17
20 47
92 83
44 95
24 68
28 74
59 17
20 74
37 54
50 26
16 16
97 31
100 15
33 61
23 56
21 51
25 17
44 45
58 40
20 8
4 36
17 95
66 22
71 12
8 12
76 97
9 13
8 8
7 37
12 56
19 85
67 5
31 2
62 67
62 99
6 21
42 40
20 15
25 94
30 45
21 93
41 62
27 75
21 7
25 22
1 82
93 9
1 91
96 26
2 100
20 50
52 14
18 46
86 71
22 25
25 58
13 19
82 89
32 65
19 55
46 45
3 49
85 60
28 98
16 67
99 10
34 19
57 7
18 25
58 64
39 51
91 69
50 77
65 78
11 75
26 99
17 11
3 35
26 41
65 89
56 34
46 90
16 2
73 79
83 12
89 78
97 88
95 30
23 66
80 53
65 85
68 10
34 53
1 96
47 60
50 72
99 5
80 30
58 78
69 81
90 93
96 80
59 49
91 70
12 9
69 75
17 20
29 20
23 9
42 60
45 60
78 42
39 49
60 13
2 73
21 60
100 90
50 60
15 89
22 7
29 64
79 25
89 17
15 69
32 72
88 28
16 40
30 77
67 57
25 69
98 57
8 49
21 48
56 6
99 70
84 9
76 80
67 41
64 80
98 41
60 100
8 39
27 82
99 100
67 51
28 6
19 11
67 92
77 18
86 52
88 98
58 81
16 76
29 66
24 1
47 48
16 93
39 40
77 76
34 49
15 60
74 32
94 50
35 60
82 89
44 71
19 68
57 21
10 12
82 47
7 61
69 11
42 85
33 42
19 63
8 87
13 100
38 73
26 78
41 17
75 24
66 75
98 49
90 100
46 41
73 50
89 99
13 33
63 41
65 26
98 34
78 1
90 57
91 35
64 60
71 98
86 5
82 79
80 18
95 16
16 25
86 78
16 79
57 61
18 71
34 93
16 99
82 70
23 65
94 76
23 38
49 89
59 2
72 87
91 40
56 42
45 88
79 90
68 27
7 28
95 15
65 12
36 80
36 23
8 46
100 91
59 20
93 2
33 69
38 37
40 70
100 45
23 14
7 48
56 57
92 85
92 40
24 55
74 6
15 56
17 82
48 44
15 44
27 84
19 82
5 35
82 77
15 69
83 24
1 55
74 48
77 90
17 18
9 28
13 13
76 63
8 70
71 32
69 17
93 91
60 69
60 86
92 87
82 34
66 85
100 44
25 70
57 76
75 50
50 76
23 31
43 32
97 71
38 27
69 67
68 52
42 61
2 95
82 20
25 37
54 2
55 67
53 26
70 19
16 46
17 90
46 34
75 16
39 22
66 50
67 58
98 42
25 87
59 44
31 75
90 71
10 87
56 45
98 98
84 37
5 72
21 28
26 20
54 42
58 6
94 38
21 93
99 19
47 84
2 64
75 55
100 85
9 82
80 32
21 56
24 28
96 74
18 41
98 95
87 95
35 42
65 52
84 88
59 28
75 47
67 14
100 50
84 34
22 58
98 47
67 22
78 81
70 26
44 93
83 22
27 32
89 82
3 66
77 50
35 65
57 81
52 56
86 2
65 63
83 39
58 57
40 42
78 12
76 49
37 88
64 58
10 90
53 39
100 45
21 17
27 85
66 59
72 18
62 70
39 68
69 64
80 43
16 49
90 89
23 35
51 22
16 20
11 68
53 40
45 21
97 33
61 72
48 76
82 86
77 34
30 15
40 94
16 27
7 78
67 42
53 14
23 36
28 31
57 4
22 32
48 99
36 41
39 42
20 16
97 10
77 10
40 31
29 5
44 10
30 71
51 91
94 83
97 43
14 59
47 74
41 63
10 43
59 46
88 39
44 28
36 31
69 5
35 21
51 58
76 34
1 62
55 71
50 69
28 44
12 75
71 53
28 94
47 15
9 94
99 61
95 24
37 55
90 91
23 80
80 16
19 61
74 71
74 99
68 3
87 29
72 24
60 18
96 71
30 69
100 56
91 98
65 100
68 12
25 70
68 57
95 45
25 31
22 79
44 66
5 26
85 53
66 18
84 19
31 67
26 63
82 79
26 43
62 18
71 69
48 22
42 33
42 81
73 92
15 83
61 36
11 72
38 7
20 53
59 94
67 27
71 60
49 43
84 26
39 23
74 12
3 34
33 19
98 94
24 13
29 84
54 19
9 17
94 53
37 37
91 84
20 16
70 15
68 78
33 85
41 35
16 51
74 17
34 68
40 95
40 100
94 55
51 66
29 58
65 59
9 60
48 84
36 18
57 2
83 10
26 92
30 66
85 95
58 10
28 59
60 59
38 94
33 78
20 76
32 98
70 66
11 11
3 65
39 33
78 88
35 49
31 19
45 38
61 66
16 86
85 32
52 17
61 92
35 50
81 74
26 50
43 9
28 57
13 19
51 62
10 18
38 10
81 27
46 65
47 20
60 38
5 23
85 65
92 15
25 50
68 62
13 80
35 60
70 27
4 64
64 47
56 75
34 83
9 37
16 92
2 68
45 20
20 8
62 12
79 69
100 33
39 61
73 29
79 90
51 80
23 43
40 59
40 89
55 21
85 23
87 60
14 58
89 46
71 24
6 24
13 95
38 38
70 56
99 7
59 16
73 19
63 5
14 42
59 1
23 41
82 34
60 21
67 61
53 93
73 32
97 81
52 78
12 92
69 10
82 67
62 23
43 52
21 25
2 64
98 24
57 100
40 23
63 82
45 45
62 99
20 5
10 91
51 36
90 60
60 97
9 3
62 79
22 2
74 44
20 31
96 94
7 29
31 51
62 6
59 74
4 82
58 87
62 51
15 26
78 48
43 69
28 48
73 51
15 45
81 11
22 74
71 44
72 86
84 55
68 40
33 84
4 12
29 83
83 71
45 23
88 31
91 25
6 1
62 84
17 20
78 32
57 78
23 1
8 34
71 83
34 74
63 16
80 21
95 76
77 93
10 68
90 96
57 92
82 70
56 40
89 55
55 44
79 36
61 40
90 50
46 27
93 75
93 13
26 9
28 97
37 36
13 40
18 21
95 88
26 23
86 40
72 71
83 52
61 40
31 5
5 87
94 65
94 72
84 7
88 92
22 64
93 27
29 87
30 7
26 96
85 79
19 61
80 91
63 14
79 52
70 41
60 40
23 26
14 53
85 1
50 22
3 40
49 92
20 42
97 28
75 66
5 34
20 98
9 18
17 73
50 2
13 56
10 90
95 25
96 62
50 81
17 88
89 40
78 68
46 47
66 88
62 46
16 7
46 78
76 11
46 59
67 70
35 2
21 36
80 75
19 2
70 58
82 14
20 45
41 51
30 41
94 11
98 36
1 91
2 28
14 61
3 92
66 83
24 50
97 69
61 96
25 30
65 8
1 88
2 49
63 54
67 75
16 46
78 61
64 4
91 8
76 71
30 74
26 10
96 6
61 100
96 63
17 15
43 13
67 8
58 18
24 6
60 18
7 53
25 96
13 97
20 65
27 39
78 31
95 14
75 7
91 78
19 96
40 67
91 65
73 44
54 20
9 91
88 42
83 32
72 95
30 49
58 2
53 20
7 58
53 60
14 19
55 73
70 26
8 83
21 80
79 95
83 40
33 49
85 100
7 87
45 97
56 64
85 78
75 27
3 30
12 36
17 4
73 25
3 2
59 69
45 20
56 22
68 11
84 61
38 53
91 5
14 62
96 7
44 24
20 71
100 18
9 94
74 43
21 95
16 29
47 74
99 42
98 68
79 74
35 41
57 7
23 70
43 56
93 84
49 48
45 85
4 19
65 52
17 61
6 73
24 72
62 33
61 94
43 82
97 45
51 98
33 39
10 6
98 56
28 14
82 77
97 25
36 8
7 71
18 20
3 88
53 45
68 13
53 7
31 70
55 5
9 13
6 40
97 60
53 96
54 87
41 97
57 67
19 90
57 9
14 39
94 13
70 41
75 84
36 47
19 86
77 33
20 85
28 91
74 89
100 98
61 19
70 13
87 57
68 90
39 84
90 96
20 86
59 96
94 3
51 55
13 100
54 15
56 46
9 12
6 63
61 33
49 60
62 81
31 74
57 68
76 71
24 39
79 9
2 54
11 85
97 46
30 86
31 21
76 36
3 26
82 18
37 7
24 39
68 27
4 96
63 74
57 22
75 33
21 70
50 76
25 87
33 21
3 91
32 33
93 84
61 5
45 17
41 43
22 37
75 42
49 11
49 7
51 80
27 71
2 12
61 64
23 16
31 97
43 84
51 51
33 75
24 54
87 9
9 13
92 32
90 56
71 38
100 5
64 88
43 7
2 81
41 75
27 80
4 23
24 59
19 63
16 27
68 27
59 6
38 15
43 68
59 68
38 21
45 100
86 38
92 32
5 63
60 53
22 80
100 99
10 55
7 54
23 4
96 64
15 18
66 35
37 19
37 56
66 39
53 7
31 14
67 71
45 33
57 45
22 93
20 43
75 60
38 71
88 69
85 65
27 85
82 36
43 84
16 5
26 35
28 21
7 88
82 50
40 25
81 20
81 100
49 79
39 25
56 3
97 94
5 95
21 89
85 13
41 50
38 79
37 71
71 15
56 50
33 55
79 60
30 42
53 97
53 19
19 13
40 65
37 35
97 49
73 52
79 70
12 6
50 39
59 90
71 93
31 88
50 14
51 64
64 39
98 44
89 89
19 93
46 38
45 83
91 81
31 2
85 84
81 11
19 72
7 50
36 60
52 26
85 9
17 54
4 74
89 79
35 18
95 38
25 65
31 66
67 41
55 86
95 71
68 79
65 75
65 16
98 18
14 40
15 79
61 56
64 84
55 19
31 100
61 73
99 53
22 80
91 74
35 36
54 91
62 45
93 86
89 2
13 22
77 46
58 55
68 95
17 77
92 72
62 84
41 93
75 90
80 24
47 79
69 60
47 55
64 5
33 75
44 72
29 45
99 6
57 80
44 80
53 24
39 79
5 52
3 77
12 11
47 25
89 64
65 53
8 21
81 1
6 54
72 94
9 47
63 61
39 40
25 75
54 84
100 75
17 19
28 73
31 98
63 49
48 85
77 4
78 54
80 11
73 28
7 50
78 16
81 7
50 81
82 40
19 37
54 84
36 68
31 47
53 8
24 83
95 51
60 80
56 84
100 5
84 73
64 82
62 17
22 64
40 8
68 52
74 38
56 26
47 25
4 87
71 75
95 61
33 91
48 80
74 71
5 18
54 29
4 87
85 76
56 61
37 78
55 64
61 44
73 97
85 11
13 3
48 79
32 61
25 82
4 62
83 17
8 6
19 43
97 85
29 69
59 2
64 37
2 58
14 28
10 13
58 44
36 54
4 73
90 86
84 33
30 43
46 55
89 13
33 81
82 82
44 73
21 58
36 46
57 16
93 54
73 56
69 18
93 85
4 68
93 51
48 46
38 37
52 56
66 41
34 73
81 76
76 42
97 9
34 85
42 21
59 21
43 28
77 74
14 45
84 66
60 6
43 88
29 20
1 70
27 20
10 2
96 42
48 78
46 47
52 9
92 83
70 54
73 78
84 67
25 73
17 28
83 65
62 61
69 35
1 57
96 34
1 62
76 98
44 94
34 46
69 71
2 67
29 26
46 44
16 11
12 91
57 2
58 50
41 10
9 71
37 70
2 63
5 65
84 99
99 61
56 25
75 81
68 14
28 3
11 100
92 39
45 82
45 64
54 51
65 17
45 20
1 84
65 78
73 69
44 30
50 76
41 39
46 96
78 1
38 35
13 6
42 91
47 88
70 8
82 52
55 10
58 29
35 67
59 74
41 27
34 27
67 51
68 7
1 93
94 53
30 58
45 83
90 34
74 21
98 33
54 2
19 92
98 69
18 32
91 61
93 98
20 7
83 51
38 93
97 7
73 85
50 50
38 49
19 24
72 9
71 52
73 34
29 37
6 18
32 59
22 63
91 97
98 9
89 22
91 89
43 61
18 79
87 71
85 47
91 52
36 55
90 48
61 43
85 23
8 79
3 55
78 20
79 37
86 6
15 64
75 43
10 42
17 14
65 43
28 66
40 22
87 47
100 99
68 59
92 64
31 9
89 73
82 12
80 18
29 94
25 52
23 30
98 25
11 74
59 28
89 76
47 29
48 76
1 70
83 51
7 6
4 25
60 23
85 43
41 82
75 86
12 37
50 75
43 51
76 32
77 40
82 73
62 78
76 90
1 83
6 93
59 99
42 7
39 5
90 68
70 53
15 56
64 49
68 77
78 82
22 77
8 4
76 10
70 4
8 25
58 12
76 9
63 1
18 34
61 3
3 34
44 72
24 40
4 9
86 22
99 23
80 100
19 46
12 100
8 90
19 80
69 92
18 40
60 87
60 48
7 59
82 39
26 56
23 7
1 67
3 37
44 83
60 22
30 98
13 38
19 98
88 9
41 47
82 99
57 95
53 1
36 32
100 66
76 40
40 92
37 87
26 62
71 92
55 85
89 13
30 81
73 64
10 57
99 72
85 2
69 4
6 82
18 92
46 11
80 88
18 58
49 99
23 23
77 31
78 96
88 60
95 81
17 57
28 58
76 79
73 51
32 59
64 62
72 68
59 50
3 54
60 6
84 64
25 97
14 90
24 76
55 29
39 6
33 32
53 100
75 7
53 88
10 81
92 99
99 50
89 20
9 8
99 49
64 42
37 39
28 44
51 54
31 71
45 100
30 11
59 1
17 2
13 21
22 62
41 21
71 71
76 67
100 27
54 34
52 63
66 68
29 61
58 43
4 73
62 45
11 42
78 80
66 32
72 74
69 78
16 81
13 94
29 85
14 29
28 87
65 75
42 25
30 92
47 45
86 76
59 55
57 45
54 30
71 75
30 59
46 50
41 45
5 77
46 28
46 30
9 92
63 96
74 91
66 34
66 68
87 35
28 28
95 47
53 18
52 1
15 76
68 50
64 46
43 61
34 31
43 85
59 87
75 55
72 76
5 32
12 82
30 30
62 28
17 11
52 57
43 86
63 13
44 53
48 15
60 40
41 83
8 6
22 35
14 25
73 91
39 55
53 11
1 18
85 1
57 28
52 19
99 29
24 29
67 16
93 41
9 59
9 100
51 27
35 13
80 28
7 10
46 47
61 57
20 38
15 9
64 65
63 75
77 21
7 18
62 89
88 61
47 52
69 46
61 95
12 28
93 37
51 1
64 38
93 54
35 54
20 17
44 24
33 82
96 45
62 40
77 22
56 4
22 91
79 100
91 68
53 18
37 10
88 66
13 27
57 99
2 75
28 91
71 73
30 95
34 60
84 14
69 55
32 11
4 11
29 2
96 38
96 47
79 2
11 27
89 53
13 55
83 43
84 76
97 88
30 40
98 67
25 9
85 95
19 58
3 9
75 14
72 75
40 70
15 80
36 53
48 68
16 54
64 44
70 92
98 100
49 55
53 5
66 55
33 66
8 16
95 8
28 55
3 14
25 61
90 82
43 66
38 68
72 76
79 94
86 55
1 67
76 12
11 16
86 61
46 69
13 24
12 27
17 96
4 45
26 6
53 100
51 12
94 11
68 95
72 3
91 10
16 50
76 60
56 64
100 15
83 75
2 23
27 21
86 40
27 84
17 54
28 58
16 3
40 82
58 51
1 57
41 48
33 14
11 72
78 61
79 35
76 47
41 87
47 82
31 91
19 92
51 81
34 54
12 2
18 76
5 57
54 11
86 25
81 16
9 27
85 91
63 42
11 1
64 11
100 33
89 36
80 65
80 90
4 38
19 46
37 92
4 47
11 93
22 6
67 70
88 5
52 40
94 17
81 91
98 21
24 59
99 82
1 1
57 13
62 35
18 76
14 21
15 98
55 52
94 88
23 76
40 42
56 81
85 28
3 53
56 13
73 64
34 17
35 3
28 53
4 14
23 94
84 99
15 58
44 51
50 69
54 63
95 90
95 37
86 53
45 10
70 95
84 87
45 63
27 59
45 73
62 38
40 31
59 70
69 42
85 18
34 97
8 83
40 50
70 25
62 35
47 63
95 40
95 3
33 17
22 92
50 16
56 10
5 43
16 74
51 13
6 11
22 88
46 2
100 47
7 40
90 64
70 93
91 26
34 26
48 4
87 51
47 15
39 34
98 72
15 56
23 4
83 69
74 39
14 53
52 45
35 25
13 67
46 36
81 28
97 83
20 27
31 95
52 45
24 69
98 20
3 57
82 31
19 7
100 58
81 29
26 47
89 21
2 22
68 24
74 46
1 77
6 74
72 13
91 10
3 46
87 68
65 65
85 66
12 6
79 70
89 62
47 31
43 36
34 97
79 10
39 19
53 75
61 4
43 15
29 44
59 24
97 71
10 26
77 30
96 80
42 55
54 28
36 53
96 76
21 52
61 50
96 4
27 77
32 62
39 65
81 22
70 30
3 30
18 39
82 87
81 99
6 100
80 69
75 86
91 96
58 78
14 56
96 71
71 82
8 70
24 66
29 57
56 92
33 91
57 38
3 72
26 97
11 66
90 76
21 24
83 17
50 25
69 27
61 45
33 87
7 92
42 67
55 68
9 21
11 57
36 54
42 71
16 57
67 23
68 8
58 4
76 52
33 64
53 26
46 85
40 85
28 43
26 41
95 77
12 86
83 79
97 100
38 82
93 44
86 75
10 6
75 12
87 51
78 32
36 56
72 37
36 23
29 74
26 4
97 95
39 31
13 10
90 17
6 39
79 32
57 25
15 94
6 35
90 88
68 72
52 20
81 72
95 14
77 60
76 100
7 99
59 90
24 51
96 33
3 85
62 25
5 38
30 96
100 76
83 21
17 4
71 64
70 96
97 29
96 20
66 90
35 59
8 29
55 59
92 49
38 12
12 83
6 95
44 46
53 22
25 66
95 65
33 45
20 31
23 77
60 45
78 30
34 66
36 95
73 14
36 51
49 72
77 3
17 98
48 99
11 23
33 1
71 14
81 70
29 30
66 33
98 12
15 40
26 61
53 70
58 41
63 24
16 52
16 35
6 70
20 73
40 52
52 86
4 17
11 82
27 62
64 13
40 63
60 80
51 60
12 76
47 30
99 83
41 30
16 79
98 81
3 5
48 32
68 94
83 74
29 13
34 79
33 85
95 4
11 91
85 6
53 44
73 15
52 57
68 30
31 36
23 81
59 81
34 21
26 50
70 63
60 35
41 14
9 77
71 14
91 73
73 53
70 95
89 55
13 82
85 73
39 87
15 86
84 4
6 33
50 12
64 68
91 11
82 96
59 72
1 53
18 2
63 67
26 67
21 10
82 97
8 54
43 43
40 29
41 27
20 44
9 43
53 61
61 57
70 20
75 26
51 82
42 72
44 20
92 88
6 5
80 44
30 75
72 43
64 100
35 59
21 54
27 67
26 21
54 49
37 38
78 73
23 2
99 5
3 92
43 64
80 53
10 45
37 58
20 81
3 23
57 53
80 24
55 83
69 61
49 43
81 60
19 42
42 66
25 79
10 82
47 22
56 75
39 8
19 64
19 74
26 66
91 17
98 92
3 86
45 18
34 82
80 10
19 71
85 86
35 1
62 34
16 90
44 98
50 43
35 70
98 20
58 95
67 45
4 55
26 56
67 39
85 66
97 49
9 56
61 45
6 30
55 78
16 71
97 37
25 93
35 44
74 2
16 10
84 87
76 39
12 79
69 68
55 49
30 49
53 53
41 1
43 35
69 94
85 50
45 77
55 16
34 22
2 24
73 60
38 28
80 79
40 51
22 93
76 27
48 6
34 89
33 9
54 35
49 59
29 45
31 28
35 54
2 99
46 89
18 41
29 89
9 67
87 8
84 89
38 15
91 13
76 90
33 49
59 6
60 91
77 78
66 21
46 12
30 1
38 33
83 39
9 79
77 35
56 32
36 57
76 40
89 20
69 65
82 27
89 31
97 62
12 6
24 84
51 12
9 94
93 76
79 100
17 60
31 84
14 89
6 74
22 48
90 30
38 75
32 5
1 20
66 52
97 78
46 84
96 4
87 10
80 22
56 82
63 44
35 5
92 90
91 35
75 77
60 7
72 13
16 7
8 20
83 18
91 42
58 31
91 11
83 18
89 82
7 70
14 53
2 70
64 96
87 52
43 51
54 22
70 56
44 23
19 25
67 33
41 6
66 28
5 94
21 79
22 61
19 89
7 84
65 50
9 76
34 12
24 8
80 40
49 70
31 27
14 58
39 11
41 57
56 20
73 80
29 39
14 42
38 84
82 60
78 89
24 35
25 63
31 10
94 43
20 85
49 34
12 27
60 42
67 61
16 73
80 20
88 21
86 13
39 3
52 22
95 40
72 66
27 30
26 80
72 35
9 8
92 89
10 98
49 65
47 8
82 77
29 55
61 49
20 13
63 66
38 37
95 99
87 28
20 98
40 93
6 64
20 31
51 20
65 5
86 43
18 44
97 25
25 15
4 56
87 79
76 37
50 48
58 45
54 18
27 27
81 31
63 25
18 15
90 28
63 41
65 74
23 57
92 47
77 23
94 69
54 13
66 11
41 19
92 92
85 61
80 12
49 56
4 91
83 31
65 12
90 86
52 26
13 36
14 100
7 33
99 67
42 36
56 80
8 63
95 53
35 6
88 93
9 30
52 72
29 21
72 70
68 46
4 29
15 17
44 20
49 97
20 81
9 82
89 15
11 72
45 42
21 26
11 79
49 85
3 8
75 43
90 70
54 85
88 30
55 69
13 18
38 96
96 57
20 97
46 10
43 61
54 55
33 3
51 90
58 78
62 75
74 60
25 75
17 3
88 76
21 46
65 51
7 8
81 80
54 17
69 31
78 21
74 95
79 10
26 57
28 54
6 4
67 26
33 39
45 33
21 47
45 56
82 81
69 3
65 4
27 90
11 63
70 10
12 44
13 5
27 88
25 18
87 64
4 14
41 72
26 91
76 60
5 74
85 98
56 39
10 43
53 28
33 11
83 37
84 89
10 68
10 90
41 92
28 45
43 80
85 25
49 43
39 35
66 5
17 97
3 91
45 94
79 12
73 100
8 38
43 16
51 39
32 7
81 79
54 53
72 31
7 69
29 12
28 56
91 18
37 2
38 98
95 45
21 12
20 34
78 34
83 31
82 76
70 77
10 76
76 55
54 1
58 70
14 42
72 57
26 67
69 32
68 3
56 78
93 83
75 92
51 93
43 22
6 50
31 71
49 74
29 80
89 91
77 37
56 36
79 8
13 90
93 85
26 52
86 53
65 19
55 37
68 84
46 94
25 14
77 11
73 100
78 66
87 80
38 41
1 75
64 98
6 24
68 77
72 75
50 7
42 68
22 67
93 28
47 17
4 89
93 53
27 49
93 79
69 41
83 36
23 86
34 30
75 20
48 90
71 34
91 38
3 78
38 17
88 83
27 43
66 79
60 35
56 9
52 11
98 75
57 35
68 8
55 99
24 11
39 83
5 5
18 30
12 49
49 84
16 98
15 38
93 88
43 46
7 68
61 28
25 81
30 6
46 9
51 1
29 95
16 42
94 90
31 24
5 11
81 25
9 67
71 89
41 11
65 27
22 99
90 85
73 61
41 59
96 35
48 23
79 41
52 91
65 52
90 41
52 26
81 49
5 30
44 13
75 47
63 98
57 92
51 27
44 3
2 100
1 79
73 49
70 94
94 21
3 24
74 4
27 97
12 90
44 44
19 7
28 68
18 95
60 43
52 80
58 53
55 78
99 2
89 93
7 20
64 5
78 33
10 46
96 54
34 15
54 10
22 100
49 12
10 2
72 78
92 66
63 53
24 9
64 66
32 46
70 29
19 89
6 1
96 25
82 31
49 45
14 83
9 98
18 39
73 25
60 78
76 91
79 54
10 31
64 35
37 74
25 36
93 19
47 71
72 89
79 33
100 32
93 40
27 96
61 33
64 69
70 61
23 86
88 77
34 78
55 83
57 5
4 67
60 84
4 81
85 49
60 80
17 63
45 46
78 18
41 88
56 75
5 60
19 93
65 6
20 46
8 18
90 93
64 64
54 88
61 33
42 97
53 20
54 72
20 92
65 4
69 92
42 5
87 41
56 69
75 82
41 24
64 25
78 100
52 59
67 6
14 48
64 38
35 20
58 46
93 7
27 59
13 72
49 18
98 52
77 29
68 63
5 69
66 21
31 78
58 9
79 53
25 26
62 80
84 76
44 18
26 83
52 68
37 74
64 24
60 88
11 7
5 99
23 12
40 7
8 9
42 17
53 6
23 46
28 89
62 3
15 4
55 47
74 75
63 73
52 50
51 55
82 87
8 19
68 76
13 64
65 27
98 80
37 90
78 58
81 56
32 59
55 40
85 75
69 84
18 15
44 62
31 90
74 13
18 25
23 48
34 21
11 94
27 6
56 18
39 82
89 8
23 73
93 28
14 34
37 45
96 78
16 89
19 31
3 48
36 64
83 47
19 26
33 95
71 36
48 83
66 2
54 46
2 74
50 76
74 29
71 89
45 89
57 18
45 53
14 66
79 66
78 26
25 59
57 23
85 43
63 40
97 30
59 68
7 19
11 64
96 12
2 48
26 4
66 95
56 95
13 67
48 41
26 72
46 61
70 28
73 54
63 15
23 73
74 28
64 42
97 1
96 68
8 31
5 70
40 20
21 96
83 35
69 45
45 6
91 9
6 40
59 45
88 39
64 7
65 15
50 54
59 70
18 63
27 57
76 64
25 9
40 75
75 56
50 81
37 87
44 83
22 86
99 1
19 55
47 13
62 43
15 7
43 32
21 25
71 77
34 52
41 72
5 63
3 48
38 77
95 72
8 87
48 73
34 10
23 93
65 87
35 15
34 63
82 49
62 71
9 78
59 58
53 45
84 34
8 90
41 31
79 68
82 75
39 84
97 75
28 40
52 26
63 81
22 71
72 50
33 57
56 22
64 21
37 20
10 22
53 97
32 43
69 8
53 69
17 4
91 53
17 7
52 18
24 15
98 56
65 88
85 44
56 65
17 84
68 29
16 54
57 66
46 97
97 28
47 49
95 71
24 67
50 74
57 51
98 38
73 75
90 60
53 11
36 95
26 31
62 32
41 43
9 73
82 92
93 63
26 76
72 44
9 70
29 93
96 10
58 77
93 32
80 53
66 41
61 67
99 82
33 94
69 32
96 78
29 73
67 81
90 100
4 40
16 6
47 50
1 29
88 81
88 9
5 91
75 27
13 91
18 75
15 70
74 63
99 66
59 84
51 90
71 9
19 5
79 82
18 18
29 81
23 65
49 22
94 73
83 31
99 55
26 66
3 63
94 84
6 91
69 95
36 83
9 30
84 100
34 33
62 10
23 32
21 93
66 52
97 59
85 84
84 26
64 80
58 98
34 91
74 63
8 88
4 51
93 20
86 21
73 20
21 100
60 38
73 94
66 25
42 68
71 48
43 90
96 82
17 32
48 32
64 28
52 14
56 13
99 80
85 98
17 22
73 11
57 43
35 74
70 69
41 78
18 51
85 100
99 75
51 94
10 15
6 14
7 44
54 34
44 87
31 16
74 85
3 24
4 9
91 9
97 43
26 8
33 51
92 25
94 39
80 82
8 4
45 5
88 95
6 83
81 54
4 68
79 94
37 96
38 93
100 14
78 73
7 44
36 14
28 100
10 89
45 28
33 13
68 84
99 13
28 99
98 99
24 97
83 74
53 59
15 58
79 17
79 67
99 8
22 93
72 5
79 41
29 96
69 61
66 35
87 79
1 15
21 55
65 24
90 10
59 47
16 89
67 35
17 42
3 2
94 34
26 82
47 81
78 98
93 66
97 45
58 49
43 64
73 94
40 22
95 23
87 51
70 38
25 41
85 58
43 30
49 45
15 50
24 26
17 58
80 37
10 56
69 72
53 91
26 31
58 33
63 89
41 19
76 19
79 83
43 73
21 52
57 64
41 53
51 2
49 29
90 50
8 50
43 45
62 43
99 23
38 19
100 93
20 61
14 59
36 2
62 42
62 55
51 51
85 19
30 12
82 87
94 74
99 35
34 29
71 4
8 68
96 18
11 75
84 86
27 52
5 47
4 90
83 15
98 99
54 43
83 96
87 48
13 44
26 40
48 90
63 66
15 10
99 34
82 78
28 68
34 35
96 20
42 22
36 38
80 90
71 34
18 76
26 64
21 68
3 5
96 19
29 87
51 74
59 93
12 73
77 25
15 39
67 14
11 91
12 90
73 56
93 86
98 89
85 99
70 77
97 31
48 16
36 86
95 16
81 94
64 5
29 51
76 65
5 27
64 40
56 54
27 12
33 15
33 69
48 79
88 19
80 40
76 18
38 92
90 84
39 42
66 68
5 23
5 55
76 59
68 64
29 62
68 96
18 4
14 60
90 25
14 86
13 75
25 62
9 2
93 20
40 67
89 4
69 84
96 93
4 43
76 38
23 4
89 57
60 58
70 34
76 28
91 97
97 51
13 71
81 81
87 92
30 39
37 55
91 98
5 97
4 18
20 59
24 44
21 73
85 70
13 68
87 59
49 97
90 82
47 60
93 16
29 48
35 63
13 100
25 92
90 57
88 89
47 47
78 13
99 46
68 80
5 92
90 43
16 83
69 63
22 23
2 26
98 1
58 29
44 24
2 49
13 46
15 82
26 44
86 70
51 4
90 12
72 28
99 100
79 93
18 39
92 15
60 92
4 53
4 66
84 83
45 9
44 6
82 29
75 74
94 4
1 60
79 65
35 98
16 42
48 27
56 72
69 68
45 79
65 100
12 43
99 79
30 45
79 24
24 23
15 66
29 27
65 34
38 94
80 78
96 78
7 84
23 93
55 21
10 37
78 10
38 3
6 45
73 16
71 31
80 70
67 71
71 42
59 87
1 68
38 84
58 65
9 39
6 3
2 44
25 38
69 45
100 22
54 34
47 20
75 44
20 99
28 99
92 29
57 44
7 76
87 58
15 28
29 68
41 78
76 64
58 30
78 32
82 60
31 97
48 14
61 82
97 67
70 56
71 68
49 34
7 39
28 32
9 72
12 93
30 27
34 9
32 37
81 49
39 94
31 56
8 44
11 92
58 54
99 25
19 36
16 82
85 34
34 15
44 1
25 64
9 78
53 30
54 95
90 89
83 26
53 9
3 22
31 92
22 64
73 89
80 77
28 54
1 21
40 48
91 46
82 47
73 8
74 34
62 47
64 1
4 41
21 43
74 93
61 47
19 19
92 80
76 28
55 4
25 94
71 28
79 67
86 23
24 58
84 62
75 63
6 35
36 22
77 85
37 79
9 85
2 73
68 55
88 90
2 45
7 3
78 87
83 44
32 10
52 20
96 42
95 63
7 60
69 36
20 55
68 58
87 54
11 86
95 85
42 10
88 79
66 65
72 76
73 53
41 22
56 37
99 15
98 8
43 10
28 51
86 86
52 94
29 24
53 41
39 35
30 20
12 43
17 21
64 63
95 4
20 40
11 57
41 66
78 52
79 92
60 72
45 9
66 98
22 57
40 46
59 7
61 87
57 10
30 34
33 91
97 83
37 23
84 6
46 90
80 32
11 8
32 76
31 26
39 31
36 16
69 60
20 3
47 10
37 33
83 17
41 65
8 72
45 73
81 31
86 75
24 17
92 54
82 36
41 66
14 63
73 81
99 72
74 49
29 42
80 57
59 92
77 24
17 79
94 49
23 65
48 11
4 56
54 40
78 88
94 39
89 7
98 99
65 41
88 68
35 31
47 57
80 33
94 3
43 82
61 15
79 29
66 50
4 20
61 64
6 15
17 82
33 96
56 38
43 83
14 37
36 94
53 74
42 12
4 73
46 22
64 77
51 83
1 77
69 16
80 70
46 15
10 75
77 68
10 7
49 94
11 99
8 16
28 26
5 53
50 97
40 92
35 81
68 46
44 12
47 97
73 60
12 45
32 92
29 97
6 27
97 81
16 42
58 100
38 92
19 14
55 73
54 68
21 96
7 2
74 36
100 17
4 16
35 62
76 85
13 75
83 55
87 35
72 90
63 33
43 39
74 38
2 24
29 19
41 83
97 87
28 67
13 94
9 32
59 11
93 42
14 58
55 91
8 83
24 10
44 82
78 97
30 82
97 2
98 44
37 35
71 37
97 61
40 3
57 50
73 97
5 77
92 4
11 83
76 66
54 36
5 21
49 3
7 12
33 91
89 37
4 98
12 58
54 82
64 29
70 68
98 23
29 39
76 58
6 57
4 48
20 91
83 5
34 81
68 44
33 49
70 16
90 80
29 61
61 18
47 29
1 9
17 46
38 85
63 91
93 11
43 20
67 11
93 65
49 31
52 1
34 53
4 81
63 58
39 34
19 9
85 77
36 8
48 47
60 86
93 16
51 46
31 77
28 21
36 79
99 20
60 21
5 46
88 52
88 33
18 15
86 32
41 41
34 60
75 68
55 31
78 22
17 88
22 93
23 38
18 70
25 93
8 90
21 50
39 3
46 75
40 11
23 79
81 34
39 9
35 17
74 49
41 7
17 45
1 21
77 85
67 16
12 41
33 30
55 67
99 25
2 96
92 51
91 65
36 55
67 18
46 47
65 76
83 57
19 91
87 13
100 79
43 84
94 54
73 80
33 38
91 28
64 90
8 68
72 61
54 51
42 84
97 61
94 57
10 28
49 82
22 93
77 44
60 74
55 74
83 62
10 99
56 69
74 64
1 15
43 23
92 34
98 14
8 50
27 90
16 4
46 14
78 20
10 39
92 67
50 100
42 76
82 46
65 89
49 44
5 58
18 91
42 79
1 18
64 47
52 7
1 51
85 91
80 2
60 77
91 64
62 15
70 75
99 32
35 79
22 41
93 6
79 64
19 54
52 7
5 53
86 10
98 20
82 25
95 48
41 86
32 24
88 24
22 31
96 64
89 19
27 88
66 55
82 97
79 58
29 53
85 55
80 8
65 44
64 8
91 84
56 59
25 23
60 10
54 43
12 53
33 3
98 48
90 16
51 56
50 7
94 20
88 65
47 26
27 44
82 13
87 12
10 67
22 88
60 94
6 31
10 6
38 82
23 37
91 54
17 91
51 89
76 61
48 98
15 84
39 68
38 34
22 43
16 90
50 95
27 37
27 42
82 97
25 36
68 9
85 5
74 42
13 29
72 69
72 68
39 72
6 33
10 31
49 91
27 72
69 24
6 73
88 29
7 57
80 9
78 83
75 47
30 49
5 43
