4000 102125
79 23
4 58
66 77
62 79
28 50
27 91
45 17
56 89
29 20
49 55
87 32
79 76
86 94
25 7
44 75
100 51
56 6
93 34
65 30
19 49
76 56
16 27
79 1
72 13
95 9
32 88
82 81
93 93
83 84
77 6
100 70
13 58
80 15
65 46
26 88
7 17
43 88
70 56
14 5
24 7
70 11
53 36
2 35
8 56
77 94
45 9
7 7
85 99
89 95
71 36
3 48
65 50
38 62
33 100
88 14
84 22
64 87
22 46
76 14
99 22
98 51
75 36
63 31
29 17
91 33
41 70
88 33
86 21
10 26
1 37
9 79
32 36
53 25
62 13
91 43
82 70
58 22
49 49
66 21
46 16
20 85
20 68
10 17
9 98
53 19
50 82
93 20
68 57
71 27
68 85
18 30
20 29
95 72
33 12
48 45
37 5
73 81
35 30
22 77
34 58
88 18
82 55
65 45
92 42
43 68
7 88
73 64
100 41
56 36
90 84
98 56
27 20
10 3
59 24
35 70
14 21
8 57
27 89
33 29
30 83
47 25
51 58
49 11
93 97
35 21
97 7
29 53
7 1
83 36
3 29
40 11
70 54
84 83
57 55
62 47
27 50
15 42
86 10
78 90
70 30
76 45
75 97
96 49
85 47
34 72
31 18
50 19
93 28
9 58
82 99
23 10
55 83
84 8
71 72
47 31
18 28
19 31
28 83
76 81
2 66
30 11
68 91
23 71
13 45
24 45
36 18
91 95
90 39
22 79
21 36
60 68
97 76
47 85
55 16
33 22
32 56
37 86
82 93
25 36
46 95
63 43
99 45
52 77
47 51
69 69
51 59
16 78
40 99
78 41
92 58
93 16
59 3
59 48
15 87
71 48
34 45
51 56
14 94
23 83
72 34
34 81
82 50
20 61
80 65
89 17
52 35
12 73
25 54
33 27
88 8
22 49
47 69
86 52
26 77
45 19
6 72
28 36
61 49
45 22
57 28
52 6
37 38
15 31
10 6
52 24
37 78
43 50
54 79
50 23
65 84
77 64
35 3
99 33
96 25
15 68
87 1
99 59
78 92
63 55
83 37
65 99
37 3
29 57
50 2
62 31
74 28
55 74
41 18
34 76
100 95
97 46
37 33
88 32
63 76
46 90
91 7
99 5
88 91
44 37
49 79
4 74
20 1
35 81
2 58
67 77
49 100
88 59
17 87
26 91
51 13
99 23
42 89
87 67
80 31
91 91
100 97
5 58
98 16
40 15
90 85
49 10
88 12
26 18
36 94
50 87
71 7
27 52
48 43
10 50
22 89
48 21
13 23
94 41
83 53
67 81
60 69
83 53
54 39
29 55
9 95
56 3
79 29
50 84
94 69
58 59
93 26
45 17
14 17
90 41
84 83
3 1
38 2
23 94
80 70
25 47
72 32
2 29
51 99
20 26
11 78
73 39
19 98
76 100
66 31
1 51
42 32
77 99
36 55
47 70
57 53
96 1
55 24
36 33
45 84
48 92
45 91
89 61
93 61
59 59
30 53
28 95
13 12
19 7
51 41
93 81
44 53
22 24
94 61
46 3
93 50
57 38
18 93
12 99
84 90
35 23
64 1
25 73
64 21
99 55
23 43
72 25
94 56
77 66
7 57
91 91
25 10
52 100
31 4
69 22
62 10
61 8
48 16
26 21
79 14
98 56
70 54
22 19
72 32
16 14
68 73
64 81
72 4
37 66
27 79
55 45
24 88
43 32
31 17
39 61
93 86
53 59
10 85
39 93
82 77
17 94
81 36
58 38
20 93
11 91
26 11
33 54
23 98
73 78
58 75
2 12
23 34
28 28
75 30
94 17
95 93
94 2
57 97
66 96
83 19
36 27
72 40
58 7
30 58
54 57
96 19
22 96
58 67
57 55
60 40
39 95
73 48
92 27
96 84
44 92
55 17
73 94
28 46
77 67
46 72
86 72
30 78
68 57
65 99
57 59
13 73
11 91
2 12
21 21
28 39
84 31
56 99
99 78
93 89
85 9
4 86
88 7
59 4
61 53
97 61
70 95
52 99
69 61
62 22
99 83
65 4
16 90
72 28
92 49
44 56
69 99
29 20
74 85
36 7
45 70
30 43
100 79
55 13
31 7
20 51
82 51
67 37
76 50
32 80
11 77
12 58
87 66
99 83
70 13
100 70
95 95
92 7
51 68
15 7
53 80
1 2
31 11
20 22
72 30
75 59
63 29
40 80
55 31
88 14
27 87
52 52
69 8
26 17
6 64
52 14
46 20
40 14
18 2
73 69
23 46
28 78
36 78
62 11
78 12
58 90
61 32
24 7
49 48
63 99
91 65
53 80
63 53
73 75
72 53
87 82
47 86
86 81
26 13
54 16
26 46
5 51
5 19
94 54
82 68
62 83
45 19
79 39
53 48
14 21
3 7
76 93
42 50
39 36
37 3
71 62
96 25
49 34
47 20
44 24
11 85
89 84
48 55
25 37
61 59
71 7
11 70
60 44
8 40
89 34
13 11
33 85
93 85
69 29
27 90
26 4
30 63
71 9
5 42
83 11
85 81
7 100
10 3
78 30
97 35
98 58
100 91
92 11
46 43
46 10
87 34
8 79
86 94
34 89
32 67
47 4
56 47
95 36
58 47
64 86
83 22
70 9
96 23
75 6
38 89
22 12
52 9
19 52
45 72
56 50
53 62
29 52
15 1
62 16
58 34
63 35
11 25
57 24
55 45
8 68
55 86
93 30
15 46
40 31
79 70
99 13
86 34
34 69
93 100
95 32
49 54
75 21
64 92
45 76
1 26
53 80
18 40
52 86
24 31
62 11
60 87
76 44
90 15
26 87
90 60
99 48
88 73
100 84
56 23
94 69
8 3
10 8
39 99
74 1
1 90
17 20
24 13
39 23
2 88
16 64
33 6
51 94
42 37
49 97
95 69
42 14
53 77
12 60
46 100
76 59
26 23
57 38
4 3
67 37
34 25
93 14
66 84
73 49
44 49
21 6
67 18
3 52
82 66
5 68
77 52
34 55
73 87
52 16
72 30
74 75
68 31
5 35
24 68
61 67
53 32
70 88
55 81
57 60
34 100
100 80
33 18
59 22
8 17
88 72
25 58
93 93
80 85
42 93
65 94
75 34
62 50
83 11
78 37
95 15
39 78
6 88
29 22
11 64
57 55
52 51
37 90
76 85
56 85
60 9
37 52
60 68
82 97
91 32
17 79
15 96
42 63
1 49
25 69
49 31
88 20
49 26
93 76
19 5
91 70
57 69
93 90
4 19
40 79
70 26
51 86
30 8
27 65
31 7
41 71
84 19
82 57
77 13
59 3
90 93
88 21
95 6
49 13
69 69
85 89
17 43
35 64
26 51
17 91
59 32
26 34
4 11
60 9
18 9
74 67
2 78
27 77
67 56
57 49
18 7
88 81
59 34
47 14
15 45
89 92
87 36
98 15
23 100
15 48
8 69
12 92
3 21
55 75
60 56
23 89
91 63
77 51
58 5
17 66
45 41
68 88
94 99
1 3
27 97
64 7
74 69
80 26
90 35
92 76
37 74
7 41
80 8
95 59
53 6
94 4
36 50
92 41
43 18
58 49
58 41
2 87
69 93
12 13
56 61
80 100
35 1
47 75
8 50
44 5
15 40
5 91
63 93
60 38
5 45
90 41
23 96
30 14
21 66
12 30
22 41
57 92
18 70
1 49
4 50
23 27
46 52
39 100
66 20
40 70
48 100
23 12
93 8
68 92
35 24
49 20
47 92
21 24
47 94
7 41
64 81
13 86
11 83
26 25
72 23
67 28
67 17
95 71
96 93
40 82
58 100
69 33
96 25
76 22
69 33
51 75
50 48
66 85
41 26
15 67
57 6
88 25
89 78
50 13
55 17
23 53
98 84
54 60
43 29
96 29
12 52
58 61
8 14
74 87
36 85
79 89
92 14
54 1
25 59
87 58
93 34
83 58
56 42
41 59
10 31
76 75
91 85
59 79
94 11
84 10
25 97
50 68
71 34
13 27
99 32
78 2
88 79
48 15
83 13
82 7
43 43
46 65
40 67
2 9
19 51
27 3
81 97
62 16
80 3
57 7
48 25
25 89
39 64
55 66
17 47
48 95
83 92
59 31
58 25
76 54
42 92
34 21
25 21
65 25
99 47
76 4
42 79
38 26
23 18
76 91
19 84
66 13
21 7
10 3
67 21
91 57
36 5
99 17
52 24
68 60
56 75
51 48
44 48
46 38
58 66
60 46
46 84
40 9
18 76
55 60
67 63
60 19
89 81
43 35
24 95
39 79
18 39
17 73
76 56
41 8
92 16
46 40
58 20
64 22
56 42
24 40
6 31
91 46
75 8
9 54
10 57
82 82
59 2
53 4
27 72
68 67
12 49
24 7
59 75
30 76
79 67
25 89
89 94
19 99
20 76
64 89
57 77
37 14
80 13
84 33
29 73
23 28
29 24
86 93
38 50
36 17
62 84
43 32
79 14
36 44
51 85
88 71
69 77
61 86
41 74
95 100
81 4
4 23
19 59
39 31
33 50
49 25
64 19
73 44
67 23
35 94
88 32
75 51
71 59
67 96
10 35
100 32
41 24
90 58
85 76
78 25
26 26
98 11
72 56
4 40
33 6
74 40
43 10
1 83
87 78
35 35
48 34
67 81
39 9
18 92
5 11
23 59
66 68
20 82
48 54
84 42
54 27
35 37
10 93
77 38
54 32
19 27
76 21
46 55
60 37
12 96
24 31
85 14
10 58
47 86
40 53
94 64
21 78
83 14
47 98
59 55
17 1
46 31
25 87
7 9
63 23
29 50
30 19
80 90
1 83
29 72
15 32
54 9
63 8
24 76
30 98
68 92
94 54
57 18
14 46
53 42
21 65
89 29
90 56
82 23
87 14
29 60
27 86
7 43
63 74
25 83
65 49
32 26
70 65
41 36
90 86
84 87
22 37
71 5
15 29
22 19
99 28
29 60
27 27
14 88
4 87
57 77
81 79
97 40
65 94
46 76
2 82
37 59
34 4
91 37
18 81
21 70
71 48
45 18
79 64
86 73
69 52
96 13
69 98
91 16
88 100
58 84
74 3
9 36
29 40
89 83
30 54
27 67
69 94
57 32
40 6
73 80
65 8
73 36
21 19
81 2
18 12
74 52
18 12
4 67
64 40
35 92
76 88
87 88
31 61
6 52
24 60
52 12
53 16
92 10
94 27
41 15
49 93
67 81
49 50
77 84
7 63
31 3
4 2
76 56
39 86
95 8
100 87
3 94
67 43
72 58
83 47
37 6
46 9
52 58
40 25
61 1
87 49
67 12
47 88
69 9
72 15
70 99
72 72
77 30
61 8
65 98
17 44
62 52
84 31
17 45
38 35
90 45
99 47
41 37
17 53
37 33
88 44
68 39
39 78
54 38
40 96
74 24
90 44
37 57
25 81
81 20
97 57
63 81
99 31
96 96
84 41
23 98
17 94
7 12
99 27
30 54
72 61
67 23
91 5
55 91
35 67
28 40
96 36
34 66
21 28
65 88
70 50
8 71
84 78
61 27
13 60
75 26
86 2
55 55
11 82
62 82
35 74
60 90
77 62
86 57
55 85
60 2
8 54
71 30
66 65
6 32
52 83
89 25
24 54
42 88
95 68
58 73
22 79
91 55
43 90
42 6
7 94
65 39
1 28
90 71
25 17
13 39
65 48
62 18
67 94
27 29
23 51
54 67
86 18
99 64
39 75
40 54
10 65
98 28
63 84
76 81
55 60
66 18
64 57
78 65
8 57
11 24
87 89
81 87
53 30
30 78
22 92
59 23
94 68
74 71
100 46
70 36
38 10
16 93
83 5
5 55
43 74
5 55
10 73
80 43
56 18
100 48
72 97
65 34
97 27
86 32
92 14
3 86
51 1
56 71
80 3
10 58
18 46
18 43
90 96
70 76
99 21
63 40
28 50
44 40
36 10
79 95
65 76
74 71
95 40
47 80
30 25
89 13
52 87
91 98
68 55
7 56
90 97
39 3
23 90
38 23
24 86
15 55
40 61
27 87
22 77
71 15
36 96
39 23
40 57
26 91
8 50
39 77
40 30
35 99
34 69
28 92
65 46
99 44
1 14
59 85
45 75
82 39
47 49
48 13
72 88
67 55
6 69
13 36
5 10
29 58
2 58
81 47
43 64
93 70
7 85
64 41
15 84
42 80
54 15
54 41
19 23
61 64
44 69
59 4
47 14
78 37
86 47
11 59
76 32
38 61
70 95
72 7
71 51
68 95
20 71
94 90
34 2
77 39
6 25
91 11
5 48
59 34
71 57
99 12
51 4
29 42
14 4
65 87
22 73
67 18
70 27
41 47
27 33
14 96
51 51
25 46
91 84
88 49
36 57
18 16
25 9
57 3
89 74
47 11
76 50
60 44
40 100
10 51
37 83
97 76
52 61
93 82
55 10
74 69
92 93
57 13
2 10
5 48
73 99
23 83
24 65
42 78
15 29
2 97
55 25
65 31
27 95
97 8
4 32
14 3
14 23
80 92
70 57
55 48
26 3
97 6
66 92
65 2
58 56
54 26
61 78
9 16
47 7
67 39
82 85
90 52
23 51
35 46
46 99
95 1
58 80
69 16
37 78
72 61
71 64
43 54
89 91
49 10
40 62
92 74
62 12
5 36
72 66
83 69
11 84
49 68
79 74
29 27
14 21
89 30
82 52
26 50
97 97
80 10
93 88
31 33
69 13
67 90
65 79
67 64
62 91
74 10
87 79
50 20
98 70
57 94
92 74
38 13
57 4
83 35
81 86
18 15
40 22
52 51
52 35
50 5
1 70
83 9
30 31
66 91
71 90
12 34
91 92
19 38
91 96
35 80
1 23
12 8
2 69
66 53
30 71
15 11
91 62
16 1
64 31
88 32
25 95
7 4
25 44
81 50
42 90
6 29
51 64
81 11
9 32
2 51
82 68
61 1
36 11
12 50
26 43
58 52
23 84
69 35
77 89
65 31
55 66
77 11
28 38
56 34
94 63
57 61
22 97
85 77
25 13
85 79
72 8
49 59
44 82
49 3
29 8
85 23
6 83
79 24
65 85
14 14
33 74
98 52
27 15
20 84
9 54
4 57
78 35
83 89
24 43
54 75
100 19
79 8
82 38
27 8
86 94
76 52
36 68
8 90
12 28
60 33
92 68
35 87
8 91
87 1
35 89
88 51
71 75
40 72
19 74
87 59
6 37
51 99
85 63
32 3
70 34
93 68
87 12
99 20
76 56
11 54
52 94
75 74
89 62
86 83
53 81
74 55
13 35
40 1
81 96
24 62
51 33
25 63
58 1
58 75
11 15
93 89
98 25
34 89
84 12
16 50
20 99
89 49
66 100
4 13
72 51
87 85
49 80
59 62
86 4
76 35
69 16
89 50
50 8
9 29
26 32
54 89
82 83
38 66
46 41
15 30
13 80
96 73
39 92
23 80
54 99
1 58
67 20
51 76
34 46
50 32
18 77
54 96
91 32
83 77
9 9
62 82
21 13
57 88
72 44
58 17
32 23
92 11
99 66
33 30
100 91
24 49
39 70
34 25
14 67
84 62
48 54
26 98
79 86
38 97
48 29
32 85
38 54
66 48
34 12
24 51
16 31
3 88
77 46
58 62
37 16
37 54
71 44
58 29
94 42
43 39
67 97
25 16
34 1
65 14
10 45
86 91
41 62
48 67
19 15
54 28
31 80
18 68
31 25
9 66
55 64
31 53
93 2
44 69
96 53
78 13
67 19
63 83
81 100
95 64
20 97
17 68
84 70
91 40
26 48
77 11
85 30
93 44
53 26
70 30
9 57
62 22
55 72
49 18
61 40
73 38
2 98
91 20
42 5
85 74
52 37
96 20
15 79
44 38
92 88
10 31
73 50
10 58
73 65
53 1
57 21
44 61
22 68
40 90
34 52
47 67
68 52
70 81
39 10
20 29
40 62
48 66
34 3
94 85
48 36
94 42
19 22
2 85
37 13
60 78
86 58
88 49
8 97
100 88
83 86
99 36
9 70
55 87
60 45
33 35
8 88
16 66
77 47
29 7
55 7
62 99
27 74
22 11
32 31
66 83
94 39
71 45
65 1
79 41
16 29
12 88
72 35
34 3
13 24
60 99
94 80
98 33
99 48
1 29
49 21
81 85
51 16
58 90
36 72
10 61
42 76
95 11
26 78
70 75
75 17
32 84
32 25
1 90
6 46
15 55
18 25
99 85
37 51
34 77
77 77
52 32
46 16
100 63
86 34
10 39
12 62
31 13
60 71
10 9
83 93
8 43
91 45
85 9
17 85
78 68
94 21
11 12
72 78
71 98
80 86
98 95
55 33
63 10
98 36
60 79
77 17
68 12
10 15
13 19
1 40
38 91
65 50
98 55
37 54
2 83
60 45
100 15
84 48
19 68
10 75
66 92
78 10
100 71
50 52
47 46
77 39
95 72
57 58
100 16
66 69
88 95
97 62
20 2
51 5
46 50
31 32
27 73
13 13
40 46
92 91
66 53
77 88
8 93
63 59
65 41
9 75
74 4
17 7
92 74
44 23
26 33
9 18
22 32
25 4
10 69
20 30
53 42
4 41
28 87
4 9
21 61
15 81
100 71
92 14
65 37
97 72
22 45
44 61
10 84
13 90
35 52
27 88
41 30
42 44
41 47
58 70
2 70
15 2
74 29
93 96
58 24
99 13
53 13
31 7
75 16
62 81
50 36
79 9
17 73
77 74
82 18
38 34
92 7
33 40
81 99
8 43
29 11
55 44
51 4
90 46
67 85
85 7
16 34
60 14
78 2
57 80
69 36
79 23
71 81
42 64
71 70
28 56
92 76
75 82
59 62
18 44
36 15
60 50
48 52
5 39
37 23
29 21
42 72
80 29
13 60
74 71
87 24
41 22
28 66
38 79
31 68
47 50
74 37
98 1
58 16
52 90
54 32
26 51
30 12
76 64
19 66
53 82
4 19
62 93
79 15
14 32
79 88
15 81
73 81
78 40
71 20
61 56
58 12
12 43
40 84
70 24
37 13
79 59
10 45
65 30
16 89
92 64
11 32
41 25
90 16
68 47
92 14
95 99
45 49
74 78
71 62
63 66
78 11
26 32
24 58
56 25
91 64
54 46
22 6
63 96
31 37
92 77
76 51
88 100
55 19
67 87
57 23
92 32
45 97
18 20
56 13
60 86
62 83
18 44
1 62
3 51
37 42
44 76
97 49
81 90
69 5
19 11
43 55
46 15
44 94
18 65
2 91
34 9
71 62
75 48
49 5
53 50
67 24
76 7
40 49
21 43
42 45
48 72
64 26
87 42
17 43
19 38
46 79
30 25
88 82
98 40
32 27
24 75
94 67
81 76
56 65
62 71
51 38
98 71
8 37
95 31
67 35
61 28
80 92
37 96
35 75
80 48
41 45
53 99
55 54
32 46
74 41
97 51
31 17
37 18
83 92
48 59
8 55
80 22
29 35
47 88
78 61
13 62
71 63
71 28
93 89
26 79
84 50
43 26
76 49
91 87
89 8
42 36
3 14
21 51
31 83
90 40
100 98
71 80
42 38
55 4
3 25
67 30
51 54
33 93
4 47
85 97
32 3
63 54
64 18
13 37
9 41
93 78
25 50
31 55
15 57
69 90
9 33
99 7
63 15
84 34
41 93
4 75
77 69
44 6
24 25
7 3
33 97
23 23
30 82
26 35
77 26
84 58
93 16
79 31
68 50
48 15
63 27
52 52
10 68
79 96
64 41
70 60
71 73
40 42
1 67
86 30
8 32
61 51
84 36
22 98
44 84
76 80
25 72
20 4
19 37
48 49
79 59
3 33
71 71
60 40
29 19
99 48
43 98
73 35
30 30
62 99
20 1
44 56
13 51
81 20
22 51
28 43
50 79
93 75
67 84
2 97
30 56
26 67
62 48
13 43
48 65
57 83
88 22
72 36
29 87
59 10
20 36
59 45
13 43
42 6
18 36
93 61
92 5
12 85
65 47
21 34
73 84
36 99
17 41
38 86
16 18
38 43
65 28
18 49
82 70
84 63
19 45
11 25
9 30
33 92
23 20
56 94
41 75
63 41
80 81
69 13
73 51
99 17
27 9
37 45
92 74
96 96
30 57
83 31
7 81
46 4
56 16
32 64
82 2
72 57
69 1
49 72
61 51
85 28
66 20
43 20
68 42
37 64
53 97
29 71
21 8
28 16
84 16
61 34
42 8
63 49
30 98
14 10
13 65
8 6
2 54
56 90
4 1
83 11
91 20
62 33
29 66
46 36
93 48
62 19
69 44
61 48
62 90
29 46
98 27
28 9
71 66
65 69
16 25
76 14
93 39
36 84
3 29
29 7
96 17
44 88
43 55
77 14
9 98
8 19
85 71
10 3
63 60
40 23
45 65
53 80
1 56
73 30
50 67
94 55
86 1
18 62
6 3
99 90
99 7
3 29
26 51
69 24
20 97
41 27
96 37
12 88
28 10
98 17
92 94
24 26
93 57
35 100
52 91
1 54
42 70
88 13
63 8
56 29
27 35
7 73
61 60
80 42
31 54
10 78
73 97
68 54
80 39
30 51
66 44
78 98
33 79
44 46
98 21
52 28
36 72
94 10
15 67
64 81
43 78
7 12
39 58
36 34
93 11
90 48
88 39
34 80
30 12
2 47
89 60
56 46
60 71
1 20
35 40
42 24
11 97
59 88
61 78
42 88
89 38
27 73
71 85
73 68
22 18
20 57
76 47
57 89
13 18
42 13
72 69
8 48
48 76
10 78
95 81
40 38
52 77
82 72
25 17
81 88
36 70
66 29
88 85
95 40
66 48
23 24
89 63
28 96
33 63
49 92
69 83
73 52
27 64
39 19
45 20
48 33
11 76
72 18
5 21
75 45
14 31
28 41
82 92
61 58
38 70
76 25
53 96
41 46
10 96
77 64
73 33
45 17
94 92
60 18
91 56
60 39
34 93
31 70
39 87
67 56
80 14
8 69
91 7
6 29
98 40
36 78
54 62
8 67
7 96
10 34
83 11
20 78
37 27
16 55
33 35
26 96
92 79
37 82
66 42
53 26
65 46
90 26
49 42
59 37
50 43
39 97
70 28
35 36
22 18
8 14
1 43
1 31
67 34
92 1
58 60
17 25
79 79
11 73
76 91
37 74
72 6
10 54
9 3
9 32
26 8
93 89
86 80
69 86
29 71
4 73
21 11
93 16
93 98
69 52
3 4
94 41
59 100
72 31
29 28
80 69
32 96
81 70
80 100
98 82
24 22
38 11
14 6
2 100
100 83
90 97
91 25
24 88
99 50
99 79
32 72
76 9
43 68
69 3
44 94
71 38
72 75
64 56
15 5
17 72
84 59
18 8
10 64
43 10
41 91
38 91
22 78
72 86
19 12
54 77
22 67
42 34
43 39
35 25
96 85
94 21
76 73
38 62
17 61
27 74
36 40
100 84
2 82
30 7
69 86
46 27
100 96
92 60
61 82
66 100
8 83
45 92
35 8
18 47
87 1
76 98
7 37
60 78
99 35
25 1
65 7
20 54
19 34
59 45
7 78
66 70
53 18
82 50
3 31
21 78
8 75
90 71
21 13
62 56
19 29
41 98
7 82
70 25
84 9
67 15
35 24
44 91
63 58
70 83
13 89
49 58
97 80
19 26
61 87
95 67
96 78
25 93
67 20
66 63
84 90
73 49
31 32
88 7
54 50
33 15
8 84
14 24
74 85
80 96
75 31
92 65
20 45
33 12
61 89
56 5
51 78
47 65
99 47
14 35
16 47
11 36
14 44
64 79
29 13
26 30
11 45
76 90
51 23
77 16
41 52
86 12
1 16
71 35
73 70
6 17
55 49
80 53
19 40
28 85
60 100
45 70
71 50
31 96
29 33
31 90
86 100
32 62
30 54
36 98
97 96
97 1
46 33
10 39
61 79
27 45
36 68
23 23
2 86
38 42
99 90
43 37
23 5
99 5
65 24
47 74
4 73
20 72
78 78
75 12
99 57
89 29
71 33
70 58
20 76
100 17
52 47
57 27
83 30
33 1
93 25
79 25
30 1
90 57
40 15
90 31
16 54
27 34
64 5
18 39
64 28
62 94
12 28
38 32
12 50
76 51
84 58
67 22
95 74
62 35
41 85
46 82
50 16
64 69
67 39
21 91
63 37
70 38
30 18
97 66
3 38
74 42
75 42
32 90
63 50
14 56
73 20
31 3
41 41
36 24
48 42
4 20
49 69
59 21
94 52
60 70
86 71
29 61
26 91
33 44
42 47
19 27
78 26
44 62
82 47
44 16
64 5
96 83
13 53
45 22
92 48
67 42
18 15
66 89
98 31
33 64
31 96
70 2
63 19
71 88
57 77
62 12
27 8
5 45
72 32
72 11
64 14
57 2
100 71
42 56
89 97
42 17
12 34
18 74
85 31
93 80
61 42
100 35
40 62
26 94
97 8
83 61
92 88
14 74
100 1
42 18
46 89
30 48
63 72
60 7
1 36
20 48
21 18
79 95
24 45
92 49
50 5
40 10
49 2
49 27
33 66
89 99
42 95
44 51
7 24
78 25
88 31
19 65
30 11
79 92
96 59
26 70
61 5
40 46
39 43
60 5
81 15
37 32
89 53
43 38
96 90
41 40
62 86
17 8
71 34
38 30
60 8
20 38
77 39
60 10
21 16
61 56
49 60
14 10
4 7
7 83
92 87
43 37
25 48
21 49
21 80
21 58
46 19
81 36
60 55
36 13
92 41
92 21
24 96
80 45
34 59
20 86
73 84
48 96
88 45
95 17
85 25
99 52
15 6
13 15
59 13
87 73
73 23
59 72
52 82
28 29
65 7
43 20
22 17
41 54
15 69
42 48
13 63
12 39
74 84
24 69
48 51
65 76
15 89
71 47
96 72
49 99
42 84
68 55
48 94
81 28
63 23
84 70
80 31
29 80
96 37
38 44
67 52
20 59
48 67
18 85
99 39
12 73
13 5
20 7
4 78
27 25
61 6
17 40
91 63
86 41
40 60
90 65
50 16
55 49
12 63
45 87
55 47
54 46
65 93
2 93
86 25
79 15
37 62
65 56
59 94
32 98
54 51
25 97
3 8
1 17
94 82
1 46
64 42
6 86
72 52
68 19
85 62
84 10
36 11
27 24
69 50
75 70
16 40
18 66
81 70
27 55
14 4
87 69
32 100
78 49
40 61
18 77
8 63
76 22
34 32
66 9
7 72
88 34
42 5
61 79
40 50
36 86
13 77
56 91
93 23
84 80
23 62
29 84
67 89
10 72
55 59
87 39
36 93
22 51
56 56
17 63
1 5
70 11
3 31
32 56
99 59
95 43
1 32
7 74
70 16
87 15
72 82
29 87
74 48
14 38
89 66
65 50
1 76
2 94
20 40
45 50
37 73
94 53
26 34
56 62
3 76
80 44
42 100
39 69
54 94
98 55
7 83
54 98
19 65
61 65
37 54
17 24
55 7
90 85
23 49
25 22
76 52
47 82
53 61
1 99
12 19
93 78
65 48
12 46
46 71
85 40
8 96
83 43
78 92
33 29
90 4
81 68
65 72
83 3
71 88
18 66
80 9
77 22
23 15
98 74
89 86
59 68
67 49
96 44
100 5
89 97
20 17
75 56
87 78
24 77
75 6
98 48
68 54
40 54
61 46
14 24
76 45
69 41
48 67
53 88
1 21
37 70
85 7
65 44
19 25
55 94
34 61
51 33
83 67
56 76
100 58
72 52
67 95
66 6
67 95
66 99
7 54
38 12
41 6
93 83
13 40
67 12
91 83
80 94
58 17
3 28
45 17
33 61
71 20
92 35
38 100
24 40
80 5
22 7
88 83
99 81
77 52
74 96
1 13
11 19
29 71
52 71
34 22
95 17
18 28
52 69
13 16
76 82
89 32
53 73
20 16
53 71
71 84
62 98
33 64
81 100
65 77
77 33
65 12
35 96
21 67
2 64
58 35
100 23
76 70
98 70
50 3
4 73
71 17
2 68
14 43
51 39
54 38
48 17
46 55
23 65
99 85
58 22
98 98
40 16
62 95
69 14
92 38
84 78
31 63
76 2
64 30
95 40
5 86
81 93
81 35
25 4
82 56
39 22
76 79
57 77
88 43
78 33
60 50
58 59
79 100
26 44
60 49
84 37
73 60
5 3
6 54
23 44
14 77
55 51
62 11
27 71
24 16
6 49
63 100
6 79
81 2
78 29
100 18
85 39
58 22
32 4
61 42
40 29
22 25
89 72
48 6
9 19
66 5
60 7
18 29
96 4
85 50
78 77
80 93
9 62
34 32
85 46
83 57
100 8
92 48
97 68
78 30
15 64
2 68
40 29
72 42
34 69
18 10
23 11
19 7
75 83
54 14
31 100
66 11
76 91
19 72
66 68
84 61
36 76
77 74
54 90
32 31
61 24
31 18
11 23
21 37
64 1
47 20
3 93
15 60
38 68
51 12
93 89
4 83
52 79
32 70
27 76
86 99
1 31
49 86
56 57
28 65
3 51
86 57
45 75
78 93
57 80
10 95
13 54
92 7
86 68
66 95
75 37
98 43
96 64
37 12
70 79
12 65
84 31
25 72
78 24
73 50
75 83
70 65
29 84
27 62
54 86
55 59
64 12
54 68
4 96
19 69
33 32
58 99
56 77
78 58
87 91
64 56
87 52
99 96
56 14
25 20
65 90
82 50
74 62
12 54
19 13
44 93
75 70
54 44
68 64
53 45
78 45
42 98
74 61
6 81
20 11
27 46
13 39
83 23
33 65
68 87
53 91
17 96
25 85
9 67
94 6
11 27
72 74
33 57
61 23
79 87
57 28
77 12
61 88
30 90
41 17
31 1
73 34
15 86
84 96
92 97
19 83
61 40
34 94
45 43
19 72
5 5
23 41
31 63
88 79
7 5
98 49
40 69
24 53
74 85
100 87
17 58
36 11
72 12
49 14
96 85
2 98
57 94
73 97
14 85
87 35
13 65
44 37
11 68
79 3
27 32
3 64
50 85
88 24
88 9
46 79
6 95
92 65
68 71
88 57
31 43
75 76
37 57
71 63
98 80
10 41
22 49
14 37
97 4
45 60
15 2
44 88
47 9
71 95
16 36
60 46
9 29
80 53
4 82
20 96
11 55
82 14
74 59
12 91
21 37
13 20
57 21
78 83
4 84
24 92
65 40
35 27
50 19
53 96
57 89
47 98
14 89
30 90
13 34
10 44
75 1
27 87
54 31
21 10
49 82
21 19
32 55
58 62
53 71
87 36
29 58
15 77
69 1
2 68
26 19
89 37
14 87
34 39
67 72
69 23
9 82
83 11
55 1
59 100
36 58
63 41
57 97
49 46
93 30
69 82
11 89
67 31
47 69
64 72
39 92
48 2
36 42
70 98
5 63
88 12
57 85
85 20
2 40
25 86
86 40
79 10
65 74
51 26
12 48
83 45
71 100
21 30
18 7
26 100
31 29
53 65
40 41
87 78
53 62
32 70
8 59
63 3
98 52
6 79
78 26
36 95
53 80
14 67
58 92
9 43
1 30
14 77
93 14
55 69
90 14
30 53
33 78
54 87
32 31
97 77
89 84
3 30
69 58
6 90
80 30
99 39
58 54
19 70
37 16
62 68
3 91
96 26
25 70
52 95
2 5
2 95
40 89
6 36
15 61
97 81
15 30
68 42
10 9
7 44
22 62
51 22
89 48
6 91
4 60
20 78
54 67
44 43
22 60
22 25
49 33
53 89
72 15
58 38
72 10
61 30
20 5
26 52
56 7
96 26
77 46
9 63
97 72
16 35
15 99
64 84
12 67
29 80
83 25
73 75
87 23
56 86
23 48
75 23
61 76
79 7
47 52
15 43
22 2
68 11
88 19
71 86
73 51
12 85
80 23
96 12
72 14
99 80
21 64
79 72
94 57
97 9
88 35
43 29
13 95
2 85
58 12
24 13
82 64
40 37
49 39
20 39
47 22
71 86
47 61
7 50
1 45
93 64
73 44
23 46
12 75
13 14
45 31
84 25
24 98
24 5
79 37
47 63
75 84
99 52
25 34
20 93
48 12
64 68
62 21
60 7
65 4
71 84
35 71
98 68
62 20
83 10
70 6
8 94
6 95
16 18
67 43
6 91
8 81
91 38
80 36
71 7
3 51
76 66
7 84
26 48
100 23
85 72
72 10
26 58
36 23
49 95
45 50
83 34
12 15
59 70
94 92
29 18
29 54
28 63
78 85
43 25
63 24
47 42
50 70
68 70
62 11
68 64
25 61
21 44
59 1
5 96
44 50
61 51
80 14
50 33
39 50
31 36
34 4
10 11
56 93
21 26
10 6
1 95
55 12
22 20
59 16
48 55
50 37
39 69
28 17
27 74
81 46
90 40
26 15
83 15
9 10
87 78
50 79
33 22
60 21
8 79
89 17
3 70
21 82
21 82
52 55
59 31
51 69
37 58
20 42
59 14
10 36
30 47
11 8
64 99
51 66
69 23
64 53
52 54
59 44
43 22
30 27
92 41
32 61
55 94
74 55
92 22
94 71
75 33
76 43
5 91
35 64
65 12
7 12
55 45
37 45
10 18
13 27
39 66
98 76
32 68
97 79
7 63
61 66
7 38
23 13
63 83
27 12
38 65
66 37
38 7
80 86
48 15
29 47
63 99
2 8
2 54
6 72
47 78
28 86
81 67
51 20
62 1
97 30
9 84
16 97
33 74
70 1
80 24
72 39
68 28
64 43
20 69
26 42
24 61
27 58
100 54
39 43
5 22
89 71
56 31
42 80
68 56
3 98
70 79
82 6
57 5
23 32
87 30
3 35
3 69
20 96
6 6
64 70
16 25
14 89
32 66
1 50
84 42
11 41
72 41
3 69
74 84
43 61
28 11
50 44
69 71
80 16
40 38
26 92
68 86
47 21
19 23
88 94
50 18
41 1
69 51
6 74
15 32
8 80
60 60
17 53
79 27
65 66
33 22
94 51
31 6
64 39
94 1
66 47
26 32
17 93
68 68
52 67
60 53
47 30
53 62
80 23
26 45
44 99
57 66
94 83
90 71
76 89
33 76
39 88
16 89
1 26
96 14
30 73
60 58
8 73
47 25
38 84
72 38
79 98
84 87
54 96
94 88
29 39
19 42
71 19
98 31
38 61
22 85
9 83
37 90
26 46
88 58
62 35
69 97
97 23
7 17
59 67
72 11
39 44
49 7
87 52
92 21
97 20
68 76
3 78
4 92
66 52
41 14
27 82
96 49
76 100
81 77
89 88
4 38
51 70
12 59
1 68
41 31
33 95
61 2
77 20
59 93
49 59
90 6
79 89
97 82
97 22
37 7
68 44
87 17
38 65
6 47
30 38
34 84
73 22
33 67
37 28
39 73
25 32
63 9
86 73
100 31
95 85
75 61
55 20
46 6
86 71
8 39
38 36
70 65
68 41
14 56
80 57
68 51
3 61
59 97
64 84
51 35
47 4
83 28
38 51
36 68
88 74
67 40
69 4
13 48
51 59
5 31
3 20
75 90
20 91
88 45
26 73
14 27
14 57
81 92
11 32
99 27
40 31
48 68
21 91
7 23
61 75
52 100
27 73
16 87
10 96
90 9
66 21
9 51
73 36
3 24
44 71
12 61
22 15
65 74
24 8
72 73
69 56
78 80
99 15
40 46
66 76
24 87
54 24
79 32
56 30
16 55
30 10
47 12
64 74
2 52
6 34
76 48
53 51
32 59
43 87
15 99
73 67
9 7
23 49
45 54
63 82
18 19
9 66
36 97
82 44
84 74
60 21
3 51
62 5
58 87
42 48
27 80
33 73
47 71
5 63
41 55
15 26
86 72
87 66
30 51
87 23
92 52
57 51
40 26
75 62
100 37
6 24
48 80
8 95
80 24
44 33
22 29
97 95
52 98
58 25
31 90
36 23
17 97
85 41
97 79
26 84
78 88
