4000 101055
25 13
64 69
42 96
82 56
29 25
71 33
77 58
89 92
30 16
41 60
28 5
87 16
4 32
39 22
68 97
26 45
53 54
73 53
83 50
72 23
58 27
81 13
80 75
28 66
74 75
20 71
42 16
8 78
18 39
25 77
23 71
43 3
40 97
64 66
24 59
68 21
35 50
52 16
8 65
16 66
93 75
36 21
54 81
96 7
74 42
73 78
22 51
26 48
45 82
4 52
98 70
55 60
36 16
29 96
34 78
61 90
1 66
75 93
69 68
70 4
51 21
91 90
64 7
90 17
6 55
39 17
57 90
92 57
91 32
17 54
7 22
83 58
52 74
61 54
30 16
77 67
33 83
51 18
55 14
30 64
6 22
52 83
36 76
93 37
32 78
69 53
54 79
84 96
43 97
74 98
54 99
94 17
16 87
17 57
35 85
21 93
56 25
44 74
13 49
46 56
60 79
71 22
80 66
63 52
83 76
61 81
39 71
68 58
64 51
93 84
49 74
69 72
96 67
84 49
14 60
80 96
52 1
67 38
63 91
46 97
92 87
16 42
91 65
7 73
85 50
26 49
79 18
92 75
69 23
91 66
89 82
80 1
14 88
68 47
42 5
96 15
28 80
32 75
63 24
91 30
77 10
63 97
12 53
72 28
46 45
25 12
3 24
49 97
43 2
66 66
95 45
34 88
33 59
37 9
92 61
69 9
62 10
70 78
60 35
82 32
13 95
48 16
13 84
26 34
15 15
6 40
73 48
95 46
38 66
88 24
37 27
14 76
50 20
100 79
37 3
96 17
76 90
40 78
96 65
18 91
57 44
90 10
3 79
41 2
27 70
46 91
10 62
40 31
16 20
69 48
74 14
28 14
17 16
86 98
5 100
83 30
92 89
77 99
29 27
81 55
16 22
66 53
94 30
66 94
17 31
82 84
13 10
93 20
73 62
8 26
62 63
81 57
50 87
17 93
22 58
28 9
62 35
83 72
67 39
77 54
51 19
92 53
56 19
19 34
30 2
60 18
2 15
73 90
89 69
30 41
53 44
4 90
47 93
98 25
21 83
16 23
79 9
33 44
8 95
4 70
93 22
21 9
84 26
42 8
37 53
5 35
69 16
99 87
39 58
87 55
27 40
90 77
31 59
83 10
8 62
60 60
42 80
61 29
84 49
30 48
43 69
36 93
86 37
41 14
85 17
6 72
56 88
63 25
39 67
15 34
18 46
83 88
36 42
2 23
24 48
72 94
58 58
44 15
22 32
97 15
82 69
49 71
86 43
64 79
31 33
45 57
23 38
24 12
58 85
58 87
54 59
52 5
93 31
91 47
92 70
77 47
96 70
100 58
92 24
86 89
66 91
61 69
68 28
1 85
62 92
43 75
25 30
20 1
38 90
46 62
16 67
20 10
46 84
53 10
83 89
76 16
49 18
58 26
52 27
58 54
15 64
57 37
9 58
60 94
47 84
53 28
88 41
42 53
4 37
31 16
28 41
69 27
92 36
95 21
22 63
5 79
90 95
46 45
24 79
27 36
43 6
91 98
98 46
41 41
95 59
33 86
68 9
96 76
42 11
19 35
53 29
8 75
75 72
14 86
67 68
21 7
18 65
7 60
63 11
73 1
89 27
42 4
41 80
80 63
88 24
14 42
85 41
77 18
59 38
60 72
56 54
54 95
3 69
53 51
94 36
97 27
85 36
13 44
44 54
78 98
32 30
49 82
86 24
6 53
62 19
4 44
79 59
31 36
10 3
93 22
3 36
99 30
34 25
95 15
30 44
21 48
9 9
66 36
50 17
19 98
78 7
5 22
72 93
80 27
9 24
17 80
28 5
46 59
30 23
72 58
23 9
13 4
20 91
60 32
18 57
33 62
64 75
48 67
63 97
25 30
40 88
17 32
23 11
25 64
11 99
5 54
98 11
19 59
22 89
47 80
38 56
99 48
3 1
61 100
78 26
63 25
30 79
6 31
8 35
59 53
77 40
83 43
23 57
48 31
42 27
92 65
80 92
5 1
40 31
42 40
30 30
79 71
58 71
4 40
56 34
20 21
60 45
53 97
39 31
82 86
99 76
28 87
80 85
53 28
88 86
58 10
15 4
17 17
15 92
75 39
27 69
91 84
57 33
49 25
90 66
50 59
41 41
69 9
55 12
32 24
62 48
36 41
62 94
19 18
91 33
17 79
90 91
51 29
69 75
28 21
32 66
19 50
55 59
11 50
71 30
95 97
20 12
38 33
63 13
34 3
12 23
42 33
76 38
20 56
42 10
65 3
69 66
34 50
33 11
75 77
65 73
94 58
10 70
79 66
64 28
1 54
95 45
54 18
3 34
64 71
33 90
34 100
82 21
40 49
96 1
5 50
86 97
16 12
42 34
48 9
49 67
5 57
41 41
77 4
24 64
83 50
41 7
44 81
16 52
26 17
71 10
33 24
71 27
80 31
11 42
35 54
32 84
5 38
40 23
86 69
20 8
24 12
19 20
54 80
63 12
15 21
10 81
48 8
30 84
3 15
48 68
30 50
7 71
88 61
6 6
82 34
22 10
99 12
77 66
38 13
24 80
47 75
22 37
94 58
79 5
32 78
80 11
62 40
88 67
71 85
48 9
60 74
95 49
66 28
13 54
57 60
32 100
22 34
57 20
13 84
24 100
56 87
43 85
82 70
43 47
100 90
15 55
17 9
98 53
91 21
54 21
73 33
38 95
27 9
67 42
16 52
58 38
98 53
77 91
97 4
69 89
24 51
56 78
63 37
42 31
20 83
71 97
73 30
41 68
79 16
86 13
16 68
34 54
80 98
49 89
29 1
79 87
63 44
45 61
29 92
54 16
50 33
1 24
91 62
76 42
19 17
58 13
85 79
69 69
34 56
81 83
37 58
10 6
89 12
51 94
3 36
8 94
21 42
27 66
1 61
52 9
12 30
68 80
85 63
43 79
17 69
13 15
74 18
79 64
9 27
2 9
84 79
58 59
54 84
26 92
85 100
25 100
83 57
69 79
93 21
69 12
2 61
29 30
30 17
42 24
31 75
32 5
49 17
51 17
58 70
49 29
2 77
22 51
17 9
39 91
64 30
85 29
3 5
37 99
15 92
12 83
90 7
99 22
21 42
96 90
24 13
58 41
20 41
59 21
78 71
12 61
27 32
79 83
92 90
56 1
20 6
22 65
87 5
21 74
24 33
96 26
21 3
78 61
17 28
89 63
16 52
33 57
73 91
70 8
21 55
40 34
81 91
11 13
38 55
54 32
58 2
13 19
11 24
77 95
71 40
88 47
40 55
49 23
19 81
31 97
4 75
90 87
4 13
42 31
62 12
27 97
38 56
83 14
56 57
6 84
71 28
71 8
38 92
96 70
93 16
59 99
35 3
25 6
21 11
72 57
78 89
30 65
36 28
40 64
6 59
7 67
28 62
45 65
55 41
98 43
27 61
11 16
39 29
30 25
4 46
1 92
8 21
93 2
83 6
64 78
99 37
53 85
86 37
88 80
100 55
78 52
98 78
34 57
3 9
70 89
57 66
32 49
99 53
93 93
72 13
4 63
51 11
51 74
100 27
57 51
48 68
78 40
67 66
86 96
7 64
23 12
86 40
67 85
15 65
20 45
30 14
13 53
25 81
67 50
53 32
24 35
45 2
50 10
58 44
99 62
20 50
14 61
30 11
18 2
58 5
1 75
74 16
8 15
3 100
25 42
65 65
50 68
3 81
83 83
88 15
61 97
57 46
25 54
79 33
72 62
45 50
8 46
36 66
21 31
27 95
88 97
44 17
23 48
38 58
53 12
21 62
9 7
19 72
2 72
78 60
76 76
55 98
3 75
36 42
57 49
28 69
52 7
59 16
82 1
86 41
46 83
94 97
43 38
70 88
73 29
14 99
66 38
32 74
1 64
86 20
58 21
89 12
82 88
32 20
78 70
34 52
52 81
86 28
4 23
54 4
15 40
80 51
8 1
18 14
67 92
16 2
45 34
18 50
74 69
78 35
55 42
19 51
23 31
97 79
41 91
47 12
62 77
58 28
79 37
15 92
96 99
88 57
3 4
77 38
20 29
32 25
62 89
23 9
17 52
66 64
28 13
31 43
97 66
87 65
100 57
63 9
3 18
96 42
32 59
76 87
73 76
38 52
47 37
96 59
35 31
39 27
94 70
48 59
96 6
72 58
62 3
91 56
12 15
16 6
19 94
83 95
47 82
81 34
5 3
15 85
98 49
33 67
98 28
46 14
19 84
97 36
60 23
73 1
93 77
91 33
49 87
65 53
28 84
95 76
12 63
14 66
85 54
6 84
14 77
80 60
29 41
27 79
23 67
40 7
43 84
41 12
22 1
89 17
73 46
79 56
56 1
70 94
11 22
53 28
15 60
81 57
49 63
26 82
54 58
41 40
16 14
54 96
58 44
96 49
100 71
69 6
61 15
84 25
26 89
26 91
63 36
7 81
53 69
85 2
98 88
95 4
78 66
72 40
35 72
50 63
50 95
90 72
72 56
12 69
94 100
38 67
92 25
43 62
64 48
97 82
83 53
31 13
2 78
92 96
78 62
1 100
61 53
91 28
84 24
38 93
16 70
99 11
44 74
68 90
35 13
42 61
14 45
12 78
13 52
1 16
14 40
14 47
42 87
37 47
25 15
36 86
74 14
68 39
78 100
89 13
17 73
12 52
72 26
18 2
4 100
49 39
19 1
16 52
39 18
54 77
5 45
7 87
4 87
1 18
74 76
39 51
94 30
40 20
2 28
58 33
40 35
15 19
71 79
81 73
3 18
95 45
16 11
29 83
14 84
45 10
17 47
30 8
9 13
88 24
100 9
64 12
89 62
18 61
31 16
79 79
23 89
35 60
85 17
27 76
87 29
11 92
65 26
80 10
50 63
18 6
37 42
89 49
85 76
7 21
69 22
87 45
53 17
37 32
15 27
19 100
33 93
84 26
100 59
93 57
71 49
99 19
56 69
11 63
16 80
86 36
90 41
91 20
73 95
26 10
17 95
59 75
36 1
33 73
91 84
85 16
50 30
27 77
73 64
34 5
86 49
94 37
21 2
90 66
82 20
87 80
8 17
14 64
70 5
8 76
7 21
93 54
6 94
14 41
3 16
74 25
52 76
44 8
64 45
76 70
70 17
80 91
86 96
5 70
12 63
76 31
42 85
61 44
55 7
66 100
47 49
40 56
59 37
67 50
29 21
40 8
53 81
89 89
6 72
75 86
48 64
64 92
67 91
53 10
77 32
69 6
78 86
80 59
13 65
41 82
55 28
34 34
72 73
41 75
90 3
35 87
68 5
31 39
48 31
22 11
97 90
94 31
13 18
7 78
12 32
94 90
47 86
16 12
82 79
4 9
90 97
29 94
19 52
56 87
33 3
47 35
77 44
63 41
27 93
41 61
3 22
33 72
74 46
27 46
25 46
63 100
13 85
93 50
46 38
60 15
14 12
42 27
5 97
79 30
48 5
16 28
72 19
46 42
84 39
53 49
1 50
73 88
33 43
19 1
81 26
17 97
66 35
57 22
79 37
92 79
49 82
34 11
76 50
22 27
12 8
1 95
36 78
24 92
93 96
33 15
84 6
58 7
74 93
40 2
36 36
74 49
56 81
7 7
71 42
91 20
11 55
72 91
63 59
95 97
42 43
95 84
64 46
7 29
3 57
42 82
50 7
51 90
27 44
26 56
24 68
90 52
26 2
12 45
14 43
18 97
44 59
49 1
27 4
70 4
88 2
63 91
95 4
95 35
69 97
65 46
85 54
32 52
36 36
100 64
26 100
30 31
94 99
89 45
36 11
49 56
83 79
86 18
99 45
61 74
63 25
75 13
3 25
88 27
86 57
16 20
57 75
29 68
16 20
83 30
50 23
55 73
97 21
44 26
2 7
18 69
9 71
38 12
49 72
96 59
37 27
26 72
25 89
83 26
67 68
13 99
31 81
1 98
50 68
81 77
13 72
12 45
55 89
15 48
51 71
40 98
30 19
7 97
21 17
97 90
41 27
22 91
4 15
90 47
66 16
5 73
7 15
26 39
42 85
7 87
21 97
31 11
32 10
98 37
65 36
98 77
10 87
47 68
50 27
59 55
27 45
63 98
70 99
34 85
77 97
72 21
73 34
59 16
78 69
45 2
55 57
70 95
67 92
10 71
59 93
84 60
14 44
65 8
9 98
8 80
23 46
81 46
90 42
55 7
78 82
54 30
4 83
39 20
100 97
54 61
97 74
78 93
68 10
18 24
11 30
44 7
41 96
36 63
2 74
18 65
32 17
9 82
40 59
98 60
18 53
50 52
81 71
84 96
67 11
41 68
43 27
89 8
22 65
32 68
43 14
99 98
37 97
99 48
38 18
88 94
52 9
86 43
65 38
71 18
56 19
28 67
14 76
96 14
63 82
68 1
66 30
94 98
28 83
57 41
44 9
45 87
6 44
24 80
80 34
72 54
65 99
74 60
61 13
86 64
5 27
55 26
36 61
93 24
53 73
25 78
80 69
56 33
63 21
45 6
26 51
18 39
72 25
40 78
65 4
86 6
59 31
82 34
79 3
86 65
38 26
22 11
82 51
44 69
98 42
62 36
15 74
14 41
35 95
27 86
51 4
92 73
82 11
86 64
84 96
34 35
63 94
16 16
42 68
25 66
60 74
67 70
94 56
83 98
58 47
58 11
68 3
16 29
92 44
98 57
53 93
29 21
20 19
35 95
24 89
69 61
48 30
91 62
82 1
34 24
17 47
84 4
25 97
98 9
21 19
61 44
84 44
83 12
76 12
25 11
7 29
87 85
43 80
52 84
21 34
1 78
62 95
88 36
68 7
53 90
37 92
21 51
33 11
8 62
55 46
57 51
76 22
54 75
47 13
9 22
87 51
63 11
92 77
64 99
13 20
13 96
76 94
48 63
47 59
3 5
24 73
6 40
89 41
66 4
57 23
9 74
18 81
18 69
48 61
38 39
22 11
84 4
58 90
55 73
44 66
64 87
11 23
19 39
17 61
57 35
28 13
55 63
71 46
71 89
18 61
35 17
83 36
93 7
82 79
82 47
95 63
57 3
87 86
35 4
23 6
43 60
95 29
92 38
61 81
94 42
29 77
34 91
30 45
86 18
88 63
73 62
1 4
98 85
91 1
69 64
6 72
70 13
24 79
29 69
41 53
41 39
15 85
75 89
86 45
49 63
56 87
32 60
5 65
42 72
67 63
79 22
37 83
13 43
71 59
49 63
7 84
99 35
82 53
36 81
37 52
70 67
8 94
37 55
19 4
50 94
6 71
25 27
20 58
81 49
5 95
12 11
73 39
19 79
38 51
58 36
67 93
46 37
42 95
24 9
87 60
8 9
2 30
75 42
72 3
72 88
23 57
78 39
71 75
5 61
13 71
59 78
74 28
72 64
95 85
92 83
74 58
52 7
68 9
45 67
32 7
24 3
56 29
57 45
95 33
93 79
14 32
61 77
38 67
55 78
84 85
77 26
14 38
86 66
51 20
86 41
9 5
74 76
15 31
79 31
30 36
80 1
89 9
3 15
51 64
84 93
46 97
24 73
87 99
66 5
68 40
71 5
41 7
75 68
27 1
35 91
20 99
92 85
48 67
9 65
47 14
31 3
37 43
12 52
68 68
88 62
49 44
77 25
13 89
64 74
7 55
94 24
43 74
96 15
48 91
45 89
31 7
93 87
69 62
69 57
10 92
88 53
39 13
51 50
15 72
17 66
37 41
34 70
9 2
84 59
94 87
7 15
15 62
31 29
70 66
34 81
70 90
19 9
62 5
82 30
82 34
21 60
27 5
76 59
68 26
74 95
20 48
98 85
66 82
40 61
18 41
28 25
80 13
9 6
30 26
94 36
25 23
66 66
79 6
33 24
50 77
72 92
91 90
16 38
2 20
61 56
1 18
71 61
79 16
63 75
4 42
12 2
83 86
30 46
87 60
2 11
3 41
58 59
51 95
21 22
98 19
68 88
100 98
77 83
76 45
29 23
70 19
1 67
46 41
100 76
85 42
95 17
71 67
28 31
62 54
73 38
88 38
63 23
95 50
18 54
25 97
99 91
81 7
59 82
80 36
19 66
12 93
35 76
76 25
62 87
55 49
25 95
29 26
6 98
1 30
57 70
34 21
22 100
9 36
31 61
21 75
93 29
26 29
44 93
72 60
39 34
16 30
11 97
1 56
62 31
80 2
77 5
60 21
60 8
87 86
92 8
30 26
98 30
26 84
58 2
59 69
32 84
82 48
40 94
37 82
35 77
96 64
22 54
8 76
4 51
52 66
81 50
48 32
29 94
24 42
20 91
68 27
91 23
82 39
20 34
52 53
62 93
49 38
64 25
73 52
35 24
55 33
3 77
85 5
32 16
12 78
95 73
63 51
45 26
34 19
51 84
79 54
29 34
72 37
39 82
84 84
75 54
19 31
32 67
56 99
42 25
3 57
75 25
84 99
84 48
94 59
35 4
45 92
94 48
98 28
18 43
29 71
4 60
72 20
13 28
35 27
35 49
7 100
97 78
79 26
93 70
99 13
10 32
73 3
70 2
48 13
57 39
97 55
18 95
88 5
52 54
11 71
90 14
78 30
94 70
25 61
71 40
28 73
70 4
65 88
26 100
39 46
45 10
29 12
62 17
9 37
16 38
96 18
67 89
12 67
26 43
59 58
11 80
35 74
32 61
32 81
82 86
88 51
80 87
99 33
27 55
83 92
9 3
68 68
60 22
2 72
92 80
31 13
82 96
13 83
47 100
59 48
51 81
43 62
39 59
64 97
51 98
54 96
11 14
69 38
18 15
37 9
80 96
80 94
71 82
63 8
63 26
5 20
2 10
43 12
3 4
28 64
25 56
64 6
47 84
85 29
17 30
38 15
67 41
50 25
51 50
65 93
8 72
53 30
7 54
47 82
69 78
9 3
52 30
79 92
77 41
69 44
15 100
8 88
48 37
38 33
70 47
11 14
42 4
71 56
5 77
44 7
50 19
29 32
59 65
96 54
65 60
28 94
34 69
31 53
77 18
36 18
95 45
85 42
40 99
1 50
83 23
60 76
61 52
34 52
39 19
38 92
55 47
5 70
45 31
54 83
42 55
67 77
16 48
83 10
37 32
20 25
79 17
87 3
1 56
37 33
82 56
65 68
16 26
67 76
96 20
93 95
54 45
90 64
29 36
46 43
43 13
11 11
5 71
3 16
96 14
95 89
92 60
50 61
100 11
89 90
56 95
41 65
55 67
71 43
76 74
91 50
91 67
54 42
29 52
91 74
42 74
63 8
7 41
58 99
29 35
2 60
50 46
35 80
44 75
30 81
80 74
86 39
40 43
84 44
40 55
87 57
31 85
32 14
89 17
30 95
72 55
44 63
22 59
26 73
14 5
97 84
68 23
56 71
2 26
97 74
46 45
96 99
59 33
53 37
53 50
39 68
6 49
54 95
73 99
49 23
83 27
4 72
86 14
74 70
40 16
78 68
60 78
70 52
9 33
100 46
51 46
32 87
43 8
72 56
57 60
57 13
21 39
24 34
12 35
74 64
72 7
10 31
69 15
82 92
14 68
21 16
73 11
19 16
26 10
45 9
20 38
60 36
1 80
57 51
85 57
40 47
34 70
97 34
9 98
94 54
96 79
59 95
25 93
39 87
82 50
81 52
47 51
54 41
57 37
58 85
28 4
80 95
19 16
96 70
14 86
32 83
69 85
86 48
3 50
46 94
82 8
22 39
6 82
82 40
78 42
42 90
21 86
12 11
38 24
81 36
57 17
34 54
91 82
82 9
24 92
73 32
14 12
70 42
78 72
70 48
79 79
5 27
2 42
98 46
53 97
15 80
81 80
21 81
100 27
83 29
18 27
81 35
56 67
75 8
15 74
86 8
17 49
87 11
97 71
54 72
68 98
5 87
39 78
58 80
86 95
62 21
82 63
100 6
31 63
60 86
21 5
62 93
16 64
22 46
11 38
68 60
88 25
91 17
40 93
87 4
26 97
58 19
20 90
81 63
32 78
86 63
66 23
48 26
72 25
14 93
54 50
39 23
19 31
92 27
49 54
4 25
54 47
82 68
55 82
36 61
93 53
76 86
97 5
9 16
49 31
7 94
76 28
37 8
50 62
68 20
75 63
75 58
25 90
46 52
55 73
8 67
31 66
73 95
56 44
3 90
86 87
9 93
93 64
56 17
100 71
93 17
60 93
5 70
75 84
66 74
41 82
67 88
41 11
89 39
27 56
42 93
48 32
55 83
78 52
97 94
22 54
4 14
71 3
98 43
50 65
77 75
5 61
80 30
49 69
60 4
34 72
87 7
20 49
79 35
42 75
72 71
71 4
53 67
76 40
97 39
19 92
68 74
16 79
11 54
9 12
42 34
52 47
56 95
96 16
81 98
4 40
17 69
85 64
26 43
14 63
34 80
2 17
19 23
65 62
3 86
30 78
51 33
41 92
2 78
29 19
82 67
73 49
51 74
35 85
100 40
48 65
5 29
20 13
63 43
15 82
28 76
4 76
19 80
35 23
52 43
99 30
38 62
68 11
83 93
15 4
34 25
16 72
68 21
4 99
81 33
22 58
85 76
31 65
62 49
86 54
11 36
44 67
10 2
61 9
30 4
10 93
8 73
34 32
29 58
22 67
100 65
8 85
78 42
18 45
42 7
29 84
17 74
31 69
48 46
99 18
45 24
81 70
15 89
64 44
36 20
47 22
86 53
21 96
29 38
47 54
58 1
39 25
90 20
68 54
51 86
71 75
77 46
11 10
56 58
57 55
32 77
56 23
64 40
9 18
25 19
5 46
37 54
41 44
87 66
37 99
92 61
83 90
17 21
58 49
46 85
5 92
56 22
31 38
25 87
84 12
78 43
82 39
74 36
19 62
1 44
24 21
42 89
77 90
34 83
97 46
33 44
18 59
4 20
48 35
26 28
29 38
4 81
15 81
21 33
90 98
51 32
12 93
72 39
19 4
21 42
70 24
23 95
76 15
52 13
99 34
59 26
29 55
33 72
32 14
100 68
33 68
8 86
93 8
62 57
41 68
89 6
46 52
58 78
45 25
94 87
36 6
73 15
97 19
2 38
45 47
87 68
52 21
57 40
10 7
22 24
29 33
31 82
97 71
5 47
83 46
95 4
63 25
63 100
79 27
47 38
62 19
64 94
54 75
54 79
25 2
46 43
95 84
70 6
4 20
39 8
63 44
91 77
63 74
60 14
92 15
7 21
98 81
95 35
15 60
59 87
16 11
44 44
90 68
64 81
48 42
72 13
11 36
62 66
86 64
89 14
60 55
100 35
52 60
13 30
5 13
76 13
11 24
99 96
98 18
66 95
89 55
60 13
56 72
51 29
71 26
47 86
10 1
68 59
93 72
24 12
79 45
60 82
19 55
68 65
24 62
66 96
91 29
34 49
80 14
28 93
74 63
39 68
27 79
26 22
4 49
32 43
53 86
14 72
30 90
50 4
31 67
19 96
62 68
86 90
21 24
32 94
84 75
30 24
52 52
76 98
6 35
82 48
87 80
24 41
1 64
10 93
42 37
43 93
95 42
21 2
70 37
69 56
11 69
97 15
46 29
66 70
28 9
50 14
31 41
9 98
52 17
61 59
79 93
13 85
46 48
100 69
96 30
81 74
81 44
99 33
8 72
86 79
80 32
95 3
10 71
32 96
4 95
3 59
74 88
51 88
75 60
44 76
19 43
85 81
92 90
16 71
3 50
19 50
65 85
33 42
79 47
16 53
94 53
58 91
80 89
91 52
9 59
28 70
24 26
41 3
78 2
31 49
27 33
10 34
25 51
88 3
41 81
81 97
42 14
15 20
31 85
16 73
10 95
1 79
100 5
1 84
16 50
2 54
71 85
32 86
87 48
49 31
48 38
32 100
58 21
79 27
74 51
18 32
6 96
97 28
59 34
84 50
28 76
37 18
93 35
52 78
76 20
85 15
32 27
17 85
99 34
14 63
32 58
60 80
14 41
83 62
60 15
29 90
37 68
82 99
61 75
75 15
83 29
60 65
6 14
40 1
90 43
79 16
10 32
96 90
28 44
68 17
31 39
55 71
56 34
75 25
58 1
31 6
59 91
42 27
99 90
10 76
55 89
82 99
69 55
69 81
16 61
81 69
49 71
52 80
62 67
9 97
26 94
96 95
20 13
83 59
36 48
10 55
14 74
97 31
57 45
41 69
64 48
39 83
47 40
71 33
13 8
56 92
53 38
23 98
97 70
51 28
32 26
4 58
32 26
53 80
72 90
99 38
33 49
20 60
51 17
46 15
81 9
28 62
42 62
52 21
63 20
29 9
61 76
76 46
25 91
69 72
68 66
40 38
7 54
66 57
10 71
19 13
21 48
62 60
94 63
70 17
64 87
25 88
73 26
47 65
77 67
96 16
45 54
61 67
15 27
47 71
59 82
47 87
75 32
100 95
99 8
89 4
80 55
11 35
16 1
4 45
80 6
35 18
95 35
86 11
100 75
4 5
57 76
72 22
17 16
50 90
41 91
80 3
26 29
65 16
26 19
55 47
60 31
22 72
67 14
27 10
69 94
25 47
73 96
95 78
24 41
23 55
83 33
55 95
34 41
98 33
10 39
13 98
32 50
4 73
50 61
83 24
59 29
58 36
54 98
75 45
59 77
47 88
6 99
85 5
11 55
83 69
91 3
23 38
5 40
57 16
49 47
73 34
82 62
21 94
67 63
57 54
96 49
49 95
12 48
29 41
98 79
21 87
93 39
81 28
25 11
42 99
63 4
35 92
52 86
68 53
10 36
10 62
14 92
67 86
94 18
77 46
50 54
36 20
99 83
54 45
93 88
99 29
78 30
74 49
71 75
44 92
82 55
66 23
44 86
45 2
94 63
93 64
66 40
86 53
73 44
42 51
80 51
35 99
76 42
31 88
2 51
37 29
40 49
68 94
4 66
86 18
96 39
5 19
21 38
94 22
58 63
65 25
44 2
87 45
90 25
14 76
30 36
72 79
80 50
25 74
16 33
25 65
69 89
33 72
11 69
41 32
26 74
42 20
27 82
54 67
72 7
28 32
90 95
63 8
47 25
45 60
48 25
42 16
49 30
21 14
87 89
58 45
85 90
30 90
44 89
75 15
44 18
25 24
98 45
75 19
1 97
13 77
99 35
69 86
98 1
61 4
9 69
23 74
2 75
35 51
76 41
25 33
15 34
66 35
88 40
61 11
62 47
87 17
55 26
11 76
59 82
41 66
20 20
44 72
23 55
64 8
70 38
18 24
88 84
67 82
92 95
89 32
79 11
90 29
57 69
76 11
3 32
18 90
99 36
4 58
52 40
26 76
29 91
18 25
43 63
68 82
31 35
5 9
54 50
85 12
67 36
13 32
77 77
86 8
8 3
99 84
49 67
77 40
16 59
89 2
43 73
59 53
77 34
73 35
1 34
85 54
1 97
3 17
2 43
51 33
6 75
6 34
76 8
86 65
23 59
19 70
5 98
53 45
75 30
11 48
89 9
41 18
23 79
66 37
78 77
82 81
64 20
27 43
58 72
32 31
67 97
52 44
90 35
43 30
76 31
90 68
79 35
76 27
92 85
33 30
26 59
50 11
38 63
2 19
87 27
12 73
72 40
92 24
17 70
46 22
2 71
5 78
38 39
76 49
70 14
15 67
9 81
86 86
93 9
66 52
69 68
59 5
69 48
58 2
53 86
44 78
48 70
32 73
20 56
91 6
64 2
97 15
92 16
53 64
98 33
31 42
64 89
21 72
22 65
80 58
66 45
75 88
37 35
3 83
2 36
6 100
70 49
10 69
43 37
62 10
27 20
11 4
21 66
95 19
21 58
73 4
90 48
20 27
4 76
9 4
10 84
19 77
6 18
54 51
71 92
55 2
84 92
35 80
76 25
57 8
66 37
93 70
31 95
2 23
48 4
32 83
60 75
17 5
41 51
54 11
78 66
67 22
65 67
98 31
13 93
85 24
71 86
2 40
4 2
26 61
63 95
65 85
45 37
20 64
70 35
67 29
26 65
5 78
53 60
53 42
61 37
19 97
46 63
43 84
72 71
45 18
74 66
31 45
61 74
66 68
85 56
90 39
84 41
1 74
88 22
48 85
37 97
10 7
2 25
92 50
87 20
64 71
8 34
83 56
35 35
78 20
50 36
60 51
82 49
54 48
65 92
43 85
72 44
10 6
37 68
44 14
6 76
63 85
26 59
66 49
80 52
62 66
7 88
16 45
62 39
94 61
63 29
98 87
55 67
64 5
89 36
94 86
79 76
49 21
76 94
13 10
26 40
77 81
25 60
59 40
31 28
89 4
53 24
54 23
50 61
90 44
49 89
55 36
52 28
75 99
72 85
31 32
36 64
78 24
46 76
50 54
24 84
9 56
47 40
30 2
24 61
88 75
23 40
55 88
36 95
51 85
67 97
13 86
79 17
43 8
71 25
61 45
31 63
24 100
15 19
32 24
65 95
63 7
86 11
16 23
89 5
9 95
46 6
77 20
87 70
44 33
26 73
10 53
4 88
24 12
91 7
79 100
11 38
14 46
33 87
98 84
16 82
52 35
62 69
94 98
94 95
33 45
55 94
77 57
8 97
69 13
8 32
72 91
83 71
46 43
39 65
72 76
54 89
36 22
100 95
40 59
79 54
25 20
1 63
34 94
48 31
92 69
13 45
11 21
57 66
45 32
60 4
72 47
96 18
22 25
65 97
90 12
6 21
19 90
18 69
65 69
39 54
25 100
88 12
74 25
70 94
26 28
97 100
76 83
13 50
96 46
15 41
44 3
20 65
68 3
77 48
19 48
11 24
89 93
81 68
67 89
34 76
93 71
90 88
81 93
66 47
54 84
70 5
71 68
25 25
39 25
87 36
15 79
64 76
74 99
88 3
85 70
51 27
84 54
60 52
63 76
79 99
27 44
6 30
50 16
94 98
83 78
69 63
56 21
71 70
1 30
22 62
56 45
93 52
11 49
37 89
10 51
16 84
58 45
32 18
92 60
97 69
18 5
7 38
12 97
91 56
94 92
96 18
41 82
78 45
8 21
56 57
56 96
34 64
61 86
6 11
79 61
95 15
26 73
34 82
18 36
78 54
7 43
73 32
23 57
69 43
61 21
32 7
84 78
71 17
64 76
76 37
19 86
81 33
82 27
30 34
24 88
75 18
77 51
16 69
4 15
84 71
71 77
60 10
17 86
32 14
17 20
95 98
26 29
42 44
28 31
43 16
19 97
86 25
68 48
41 53
54 67
80 20
25 12
38 44
50 36
88 87
65 33
68 73
68 19
98 59
49 6
43 58
24 28
26 8
59 26
28 42
9 30
29 2
39 51
78 15
12 68
55 70
72 65
90 96
96 13
52 95
32 63
66 61
37 20
51 10
59 66
91 86
31 29
83 77
80 82
80 17
70 63
96 66
100 89
89 34
93 76
48 47
32 91
68 3
73 54
90 69
95 45
34 84
70 22
33 95
11 50
82 89
39 17
34 14
71 36
86 81
85 9
54 99
52 42
74 80
5 8
62 7
64 17
87 89
44 83
95 50
18 5
65 97
90 15
17 45
5 30
34 90
17 91
88 73
1 93
41 97
77 41
48 89
74 80
47 62
32 83
84 81
80 51
71 51
70 47
50 86
56 32
54 7
3 84
59 25
27 86
7 44
20 83
42 54
45 84
15 17
88 4
63 40
79 13
29 70
79 84
36 95
62 60
95 75
23 67
15 4
88 71
52 7
62 44
61 2
50 68
45 78
97 34
29 70
15 29
66 80
78 56
71 12
71 38
80 91
29 36
50 75
39 86
49 18
43 29
83 69
15 86
31 32
97 8
46 98
59 53
76 44
81 92
73 12
22 18
3 10
39 67
9 40
6 16
52 10
22 93
55 36
96 88
18 26
83 5
11 68
35 58
12 12
33 79
5 47
44 55
13 66
54 22
34 92
13 35
97 2
68 61
28 20
79 33
65 20
73 17
89 85
92 15
53 61
13 49
65 84
7 70
51 67
74 23
65 38
54 29
47 15
19 25
50 16
64 93
54 29
12 35
98 50
17 93
96 13
54 96
60 99
8 78
60 17
45 90
21 12
56 18
13 2
100 83
86 2
29 74
72 51
74 39
20 88
76 11
87 39
84 72
34 33
89 57
9 94
98 22
95 85
55 61
69 46
44 100
70 53
74 26
7 86
67 54
90 70
54 98
73 49
2 68
61 27
32 18
46 58
33 90
39 87
10 59
32 72
24 41
38 32
55 23
49 31
9 72
82 85
87 69
93 43
16 17
28 77
1 88
65 90
22 62
8 48
33 35
17 13
77 52
6 13
23 99
96 5
48 82
28 96
68 54
49 2
88 23
51 23
46 59
73 64
89 9
8 69
56 36
64 1
97 53
11 58
64 31
6 24
92 42
3 51
50 18
59 11
30 28
2 5
24 100
51 41
9 5
8 87
67 53
86 8
66 51
41 51
33 13
65 32
20 99
100 18
13 33
7 73
2 40
10 43
31 36
42 100
69 64
87 71
5 53
66 16
49 80
20 35
71 91
92 74
22 86
72 8
3 36
51 65
73 64
78 87
53 5
34 68
37 25
71 9
71 76
2 75
63 60
3 40
66 59
82 58
2 57
30 91
41 82
3 48
92 86
71 17
44 99
60 49
9 40
100 3
25 16
9 71
71 38
47 6
1 96
93 75
70 13
55 31
95 39
43 76
32 18
100 95
28 96
68 42
22 3
98 23
22 17
85 14
100 14
39 75
66 23
53 22
69 17
58 4
7 69
12 54
81 73
2 19
71 54
89 12
1 22
48 69
50 34
23 59
46 74
50 30
67 33
16 38
56 60
14 23
10 66
87 29
13 69
37 61
6 23
34 71
86 35
27 91
70 85
85 48
66 17
88 7
37 69
86 85
45 11
43 89
49 39
25 35
44 59
71 92
66 46
96 80
70 13
15 31
18 90
16 86
16 60
85 74
83 24
71 72
50 48
44 89
9 100
62 16
32 1
14 74
47 87
17 87
93 64
17 23
1 34
10 80
56 29
89 2
47 65
100 91
31 42
95 55
77 25
74 100
17 98
42 22
21 32
87 10
56 53
38 73
54 96
23 64
74 47
88 71
93 35
23 46
31 11
53 87
36 62
14 63
18 12
83 100
30 49
10 76
51 74
82 82
71 7
58 2
70 35
69 71
57 45
52 28
63 77
85 21
25 27
32 75
26 43
97 58
18 84
33 47
34 83
71 31
55 62
60 81
58 53
99 49
34 26
40 15
3 87
70 39
53 29
21 98
4 90
34 77
30 73
6 63
15 10
53 32
63 17
36 96
21 54
19 61
87 23
36 31
4 81
63 2
67 5
81 75
59 11
84 40
66 73
44 93
6 23
72 35
55 73
15 27
71 83
89 51
54 42
73 69
58 89
58 22
45 18
13 79
91 99
27 91
18 41
57 60
79 74
80 57
44 56
99 27
50 69
82 30
86 57
5 2
96 31
52 13
86 76
6 94
87 5
3 1
49 38
44 79
74 35
56 11
58 5
96 69
44 61
63 98
21 89
53 1
20 20
65 6
65 31
62 70
91 48
82 72
70 29
69 21
61 80
13 36
20 48
62 1
46 66
5 56
67 2
41 48
9 69
4 29
46 93
95 25
6 29
47 31
91 3
79 15
2 41
48 7
75 35
45 53
63 57
95 23
97 5
34 76
59 81
13 36
96 97
50 28
94 59
17 25
70 1
6 38
30 61
89 48
67 38
27 78
46 3
33 91
68 25
54 23
36 20
13 70
100 47
41 100
59 100
90 49
72 67
12 40
90 8
46 1
8 44
4 64
92 76
56 48
37 91
2 8
68 83
32 87
51 87
61 41
49 11
73 87
66 31
30 23
61 86
33 20
56 52
6 41
17 11
75 29
11 63
53 82
88 98
11 62
45 33
98 97
52 10
16 51
62 88
93 69
