4000 121279
68 63
30 41
19 55
94 21
59 52
91 69
25 19
90 72
47 49
67 23
99 1
77 74
16 37
34 47
74 43
52 15
95 59
42 100
24 65
95 7
76 9
85 74
69 26
42 16
86 89
51 80
96 23
90 10
58 7
65 56
80 74
77 69
94 96
50 80
23 90
4 100
41 100
47 60
93 23
39 100
13 34
91 24
68 73
80 70
77 22
41 68
32 37
71 80
34 19
55 1
65 38
9 28
92 75
85 15
50 43
29 15
87 94
97 65
19 24
97 100
13 72
98 49
73 20
59 19
47 80
95 61
62 70
39 79
93 73
55 93
78 78
6 6
45 16
97 2
37 76
73 89
89 69
68 12
95 68
22 88
75 64
59 5
83 15
66 90
96 19
84 9
94 4
82 12
33 25
12 79
78 63
45 48
61 79
3 34
3 66
60 58
49 47
17 36
98 88
42 19
71 80
27 65
47 76
67 47
23 19
35 51
40 35
11 87
3 14
34 2
85 26
29 30
45 58
67 40
94 19
40 76
2 100
39 75
73 39
86 24
3 53
51 53
31 23
63 84
5 38
85 89
22 41
53 84
1 76
20 29
94 54
23 7
46 45
92 30
90 53
21 63
27 32
81 87
31 2
81 98
14 88
67 27
9 27
10 97
33 19
54 45
1 24
87 18
92 19
74 62
72 94
94 24
76 66
54 16
9 7
80 55
91 56
30 99
84 91
43 31
1 79
78 44
66 89
99 76
21 25
7 41
71 90
47 57
87 27
1 91
27 54
52 66
68 70
87 80
62 62
52 88
40 76
62 85
90 57
84 47
35 98
14 50
29 70
62 15
67 66
37 28
41 70
9 73
19 78
25 60
52 56
71 9
54 55
17 44
69 84
74 80
23 85
91 73
21 36
61 11
92 16
99 41
12 29
11 37
38 72
73 90
14 76
29 47
35 27
4 32
12 93
21 76
69 82
41 14
83 91
87 99
77 93
75 12
96 71
47 71
51 71
47 78
18 79
4 25
15 22
38 14
78 56
37 6
29 38
50 43
97 68
20 53
100 83
8 96
82 41
89 6
33 38
47 16
18 5
67 64
2 48
29 97
39 39
70 81
21 63
21 29
57 31
98 55
96 40
52 53
44 77
46 62
98 31
61 7
50 39
12 52
99 20
79 94
100 9
27 58
80 89
48 76
98 62
31 71
7 72
31 3
20 29
39 9
77 18
37 33
57 24
79 17
17 81
96 62
48 49
38 43
68 43
56 31
87 50
63 34
7 84
82 26
61 48
56 66
95 33
62 86
19 69
45 4
92 31
70 77
23 61
71 19
69 52
20 23
53 42
76 75
2 25
72 70
66 83
78 94
60 54
75 58
8 63
29 34
22 20
8 11
66 77
89 14
63 42
4 78
4 47
70 77
85 55
64 46
77 42
79 39
25 31
48 10
23 43
16 14
17 86
45 3
38 84
86 89
16 77
90 25
13 64
69 53
14 46
78 98
47 47
25 99
4 56
6 9
53 33
25 27
13 71
70 61
66 40
28 12
73 90
69 38
49 40
10 44
84 84
25 81
88 83
60 66
72 42
63 77
75 31
89 27
7 79
64 15
26 68
75 8
5 91
38 31
43 60
70 37
67 28
41 6
95 87
23 83
47 66
99 71
99 61
11 89
21 31
64 100
38 52
45 72
84 38
86 92
54 16
67 73
63 72
42 50
26 38
34 14
4 26
52 69
74 92
62 56
67 83
99 59
36 63
72 25
88 41
31 23
93 61
7 69
71 80
39 100
29 3
69 98
90 70
27 64
32 86
10 53
91 15
69 37
54 24
26 4
7 28
8 91
45 76
69 52
1 40
70 14
54 17
4 17
74 34
28 8
17 25
92 68
78 19
5 87
15 92
18 59
35 61
8 5
24 79
57 93
46 4
52 34
78 90
87 73
78 49
9 75
96 77
20 63
29 11
2 1
46 67
87 91
61 91
90 94
55 42
61 83
11 59
61 58
16 99
36 92
88 17
32 23
28 11
17 35
88 62
42 55
34 46
22 74
1 59
57 76
31 66
99 14
60 9
8 7
85 38
38 9
68 81
33 15
57 72
48 44
34 15
54 90
35 34
46 57
95 35
41 27
6 39
6 94
1 84
73 90
93 37
40 100
56 64
20 48
9 87
44 25
14 2
42 84
65 51
14 12
51 59
47 68
64 25
10 20
6 75
49 62
99 28
73 7
33 76
8 51
73 2
18 42
13 92
7 87
63 99
8 27
99 13
68 37
13 20
52 96
40 26
57 8
91 48
95 90
77 55
99 86
90 66
42 8
93 69
55 68
7 19
95 79
53 36
71 95
56 98
59 62
71 57
7 78
83 68
3 84
14 28
55 70
72 26
78 72
61 56
34 76
85 98
12 21
1 12
49 69
63 68
92 90
6 76
53 15
38 31
34 83
4 52
28 96
75 90
48 20
34 16
81 61
94 99
86 51
3 55
1 48
96 12
73 63
7 25
79 31
27 47
72 53
33 100
98 24
50 24
46 8
83 99
86 73
57 28
35 62
35 41
19 95
26 51
40 68
23 62
16 33
73 2
78 13
95 81
99 92
77 33
28 96
79 4
22 83
65 46
34 58
23 30
13 9
6 21
81 55
91 39
85 19
5 59
75 39
34 42
6 34
20 98
17 92
91 6
76 77
51 53
25 98
46 71
29 56
16 17
21 84
96 88
40 19
98 97
90 68
38 10
75 81
69 63
69 13
96 15
85 60
2 22
70 44
97 68
7 42
51 50
39 7
43 60
7 8
14 97
29 53
12 41
33 46
97 44
2 98
61 22
99 97
79 95
58 44
27 4
94 12
78 28
74 91
86 30
28 76
15 11
23 91
54 8
83 25
91 55
49 22
20 37
92 28
71 17
68 4
51 70
73 67
7 62
93 81
79 26
72 58
73 34
90 19
56 55
69 29
43 16
16 76
68 25
21 63
26 20
46 80
67 74
3 99
20 71
52 55
82 74
34 33
74 97
35 33
69 9
17 3
36 54
88 45
8 30
6 70
55 49
58 99
78 88
13 62
3 32
56 66
84 72
75 17
97 84
40 26
96 45
39 99
7 2
63 22
12 61
32 73
60 1
78 86
87 71
31 71
81 92
68 96
65 55
6 88
3 80
85 64
22 90
38 33
24 60
30 20
95 54
30 8
39 70
72 42
43 70
93 53
79 7
78 41
20 69
27 42
69 18
15 14
65 40
76 19
29 35
28 53
59 43
88 35
5 90
97 65
19 58
37 82
17 60
35 64
43 69
71 39
71 79
64 11
8 23
94 39
45 82
54 29
75 98
84 3
77 70
17 67
76 56
7 28
47 59
95 24
33 21
15 29
61 89
49 12
42 47
89 75
77 64
1 90
29 62
33 54
97 54
99 19
70 35
65 66
33 34
64 55
35 56
3 13
27 17
94 31
48 51
24 98
47 59
22 48
59 1
23 80
91 67
86 56
81 59
89 77
33 31
13 79
3 5
93 72
62 90
45 4
34 46
90 6
97 45
62 7
22 11
45 50
60 77
43 97
10 15
44 63
6 51
44 23
98 75
85 68
38 5
45 77
60 17
36 63
18 76
18 17
11 42
60 94
3 24
91 52
48 71
35 55
4 30
51 27
80 26
17 71
47 82
13 23
6 76
95 26
74 82
79 38
91 76
85 58
74 34
100 42
28 72
31 37
96 16
25 46
67 56
85 20
21 74
26 72
20 82
38 50
43 41
30 75
98 43
98 64
73 26
45 65
32 18
76 7
47 92
11 95
44 30
45 73
75 18
1 57
39 51
48 51
31 95
30 26
32 8
4 80
81 19
59 80
35 16
76 35
35 77
1 23
12 54
55 51
27 95
32 88
93 52
21 87
13 14
42 46
18 50
85 92
86 11
2 20
12 50
85 54
12 14
55 79
29 78
87 83
55 36
20 28
86 33
38 82
1 5
70 93
41 61
81 24
80 24
27 29
9 58
15 52
80 51
72 63
69 54
58 97
3 2
13 57
78 83
68 16
54 3
48 33
4 59
92 13
49 4
16 8
28 66
12 69
22 87
56 43
50 52
29 74
27 23
36 36
66 55
79 27
57 80
6 67
12 50
36 55
85 95
20 59
2 59
64 46
91 74
23 12
21 94
46 75
35 69
50 77
65 42
41 23
97 61
68 52
84 35
45 64
83 60
11 52
9 32
5 98
66 46
58 35
33 71
45 68
45 23
50 77
23 95
1 54
55 43
34 96
89 61
91 38
5 7
90 19
54 35
48 80
12 82
74 28
45 6
99 2
76 56
9 100
39 24
72 16
76 51
22 10
69 31
11 62
32 61
77 15
67 59
49 7
86 1
51 81
93 74
31 75
100 9
68 20
31 29
6 52
1 68
19 41
97 41
58 74
61 59
2 27
5 5
72 92
76 6
49 62
70 46
3 62
9 13
60 69
74 29
36 16
33 79
94 60
98 77
64 91
70 26
64 88
65 97
56 26
66 20
9 23
38 53
17 29
76 94
68 33
23 32
29 61
39 73
71 24
86 86
51 83
72 50
42 90
22 74
99 55
42 4
44 71
1 68
50 16
55 40
27 97
37 31
88 70
20 8
35 60
51 60
42 85
50 99
67 9
97 62
16 18
76 31
34 14
32 98
51 24
53 46
6 29
31 85
43 18
76 4
68 22
93 52
100 53
9 12
67 78
50 60
2 67
62 48
3 27
3 82
16 39
29 75
40 65
55 8
100 34
74 76
6 20
41 18
75 74
24 28
89 80
90 43
99 58
74 93
22 41
2 33
27 91
79 21
32 69
21 60
7 25
52 91
66 12
6 29
12 54
84 89
7 88
14 20
45 88
9 67
16 1
12 27
37 93
7 17
67 34
37 27
32 92
24 53
77 44
7 17
47 32
18 75
96 60
46 41
91 20
69 100
47 74
69 10
100 20
30 94
90 69
6 96
81 84
55 32
63 25
93 37
90 72
69 12
58 56
34 60
78 30
25 9
97 86
66 23
32 77
63 71
2 1
63 21
86 76
31 96
21 37
85 7
48 71
69 96
82 48
38 90
37 47
80 73
59 51
88 67
9 66
48 19
93 62
42 2
54 3
55 38
86 38
43 74
76 2
43 46
28 33
5 31
67 6
24 70
70 5
98 82
87 41
24 5
13 2
24 16
6 1
33 39
60 22
53 23
53 86
41 21
42 12
90 33
20 93
52 62
77 51
29 11
99 32
22 64
22 12
4 34
28 2
7 1
46 60
3 3
1 46
25 44
7 85
67 3
49 14
29 90
17 85
87 6
52 46
81 38
62 21
57 98
65 28
22 94
61 20
18 14
62 15
54 83
59 98
82 59
6 96
87 48
62 69
56 28
8 11
35 32
60 13
88 12
41 33
57 24
42 14
93 78
82 68
1 51
59 81
82 33
29 40
27 17
20 38
32 37
59 6
81 58
88 35
24 34
54 51
100 6
93 99
16 17
5 89
51 96
49 76
10 36
37 43
10 96
18 63
97 53
44 28
77 28
36 17
36 60
85 51
77 82
28 89
18 70
77 32
38 69
51 2
57 23
65 37
70 39
88 60
75 43
51 48
75 46
98 28
4 99
26 51
90 26
71 15
31 91
92 21
19 42
92 27
81 15
80 38
9 41
29 19
75 65
37 20
64 35
10 76
22 71
40 69
89 64
91 40
69 100
27 85
42 42
25 75
43 73
11 32
13 34
17 15
13 80
39 79
67 42
69 30
65 81
8 19
91 44
47 24
100 39
62 38
38 2
80 5
41 75
47 42
60 24
16 91
35 14
23 10
77 18
8 84
14 30
66 81
99 75
82 30
44 17
92 68
59 56
38 90
54 100
71 89
54 4
67 31
61 19
72 98
87 60
77 99
80 16
29 55
23 74
31 7
90 92
61 75
62 63
31 18
59 69
21 86
98 8
93 82
43 48
74 25
53 17
8 77
91 58
51 91
90 58
34 74
94 11
100 13
71 63
47 10
22 53
77 19
13 40
82 71
48 16
51 51
59 22
79 83
80 5
81 95
9 41
69 97
93 70
22 4
51 14
3 90
42 89
48 74
48 71
36 88
22 50
100 39
44 65
12 7
2 29
85 74
98 33
95 39
84 39
68 47
41 100
5 91
44 65
6 91
38 62
44 32
8 41
96 83
22 15
87 98
29 29
83 55
8 94
73 50
56 58
58 59
76 39
98 99
58 84
23 61
85 86
79 34
74 99
80 2
42 92
75 80
64 28
39 24
21 70
99 66
59 71
61 22
55 56
2 87
18 12
93 17
97 19
26 5
40 51
71 33
64 2
68 80
5 39
23 47
93 29
60 49
33 57
68 68
57 47
90 41
42 80
94 84
20 74
15 79
73 86
61 17
89 10
89 13
52 93
9 79
87 30
10 15
21 100
94 85
63 1
39 64
86 54
60 19
16 20
25 4
30 3
79 73
45 35
34 94
2 19
37 64
93 42
34 27
56 83
2 40
23 67
97 62
47 23
94 92
63 92
19 60
54 9
3 1
7 24
5 53
11 32
46 53
66 67
83 83
39 38
29 19
73 98
76 91
88 90
88 17
52 46
69 44
67 41
48 81
2 37
20 59
84 96
46 30
5 38
91 78
99 69
27 4
39 91
45 44
72 48
1 35
64 3
25 56
3 87
22 79
82 60
65 18
19 83
47 26
48 53
57 20
75 96
20 50
84 62
14 85
60 67
36 60
82 29
78 7
83 40
35 65
97 18
19 87
81 95
1 7
9 64
79 15
79 10
48 6
76 58
50 57
100 40
39 13
26 64
3 27
12 91
7 23
67 96
31 73
6 100
66 48
39 45
80 96
38 98
75 58
46 80
97 16
10 69
27 8
74 74
44 60
62 25
22 43
62 46
94 71
22 49
23 9
24 37
52 11
22 67
99 95
1 67
21 58
89 59
78 83
75 84
53 1
85 57
94 32
83 25
90 9
59 79
73 21
21 4
48 28
47 79
18 35
96 43
8 99
45 95
21 69
52 59
58 71
42 63
13 4
51 93
15 12
87 65
26 29
18 74
8 31
77 75
70 92
29 88
65 33
48 74
55 24
17 33
32 83
48 55
51 10
73 91
59 85
76 30
45 46
6 13
74 60
15 80
54 7
82 59
59 26
74 27
33 17
68 48
68 90
97 20
70 40
34 53
84 84
95 69
52 26
43 66
71 43
21 17
71 6
88 76
68 43
78 29
56 60
51 25
25 35
59 69
75 67
83 71
34 99
72 12
41 83
59 10
86 43
94 42
40 68
96 69
67 68
24 84
63 68
86 9
73 56
32 8
20 61
56 39
78 76
71 38
98 57
49 70
43 7
21 62
88 97
11 1
98 42
43 57
13 77
74 28
1 77
88 43
57 98
86 27
11 54
49 33
45 37
96 96
42 26
36 4
91 16
60 93
12 40
5 84
46 54
84 95
36 91
65 66
91 85
13 18
87 4
88 41
13 87
29 62
60 54
52 84
91 62
9 47
95 92
4 90
83 74
47 20
43 32
91 24
33 47
53 85
39 8
29 35
48 80
80 33
16 90
90 48
39 25
27 29
94 31
36 30
10 75
81 73
100 96
100 60
45 90
38 51
40 52
10 28
67 12
99 58
61 63
57 25
60 4
55 6
60 14
94 30
54 26
54 97
84 5
38 24
6 81
74 12
66 10
53 12
5 44
33 99
94 59
95 20
60 80
87 41
31 50
21 6
67 13
82 97
21 65
12 54
20 47
60 69
21 34
38 10
10 26
33 48
94 86
21 81
88 54
6 51
14 62
93 31
59 47
49 18
30 6
65 79
22 29
47 15
69 90
78 24
79 65
63 1
73 44
38 96
1 41
55 45
59 2
20 6
36 41
31 18
83 11
7 39
42 86
55 44
44 48
3 63
87 44
90 85
24 96
26 97
47 35
89 9
18 27
5 33
38 27
47 84
21 11
11 7
93 98
42 52
89 31
72 62
56 52
13 26
61 10
56 45
67 70
71 11
27 2
54 62
1 28
9 12
13 100
94 66
63 8
56 99
97 80
50 51
45 83
72 27
27 99
91 17
60 36
45 77
48 49
49 14
91 60
20 11
60 20
84 9
61 62
100 50
7 70
16 14
64 27
19 31
24 10
30 96
90 41
50 11
35 9
42 21
11 74
47 8
36 86
73 81
55 58
84 17
74 83
51 40
55 44
1 33
42 8
14 79
97 9
41 8
15 92
87 20
60 18
74 63
22 28
73 80
25 65
80 50
88 93
88 91
99 80
63 54
69 39
88 21
65 64
55 47
81 41
75 37
2 7
16 78
47 70
56 64
99 94
73 4
58 4
5 37
25 37
51 63
71 67
21 97
91 71
85 10
59 17
3 88
10 73
81 96
75 67
34 37
60 45
14 11
73 27
58 25
29 64
41 65
97 97
93 27
47 64
78 89
67 16
48 70
45 66
65 37
55 85
96 11
89 40
13 40
100 48
13 28
15 3
22 66
85 25
6 73
6 76
44 93
8 60
15 48
24 88
34 27
100 84
35 33
99 89
72 62
45 9
27 53
64 79
41 5
19 31
11 42
70 93
37 98
10 11
67 10
2 34
17 47
62 20
42 26
81 87
13 19
55 53
95 89
35 85
91 29
52 61
92 60
34 21
11 20
7 7
9 61
44 98
58 42
44 45
95 39
82 3
88 53
21 43
45 81
80 9
92 25
7 74
2 1
28 23
69 36
68 62
81 8
85 83
29 81
23 33
17 69
93 100
77 86
11 57
79 84
67 14
63 69
71 43
53 87
25 40
29 1
61 47
69 90
86 94
56 43
63 28
67 96
43 95
35 70
64 29
75 3
26 94
70 2
76 55
54 68
90 90
43 16
86 76
74 72
23 48
8 8
90 40
67 47
36 93
53 48
46 82
55 59
67 16
16 76
7 97
91 55
96 28
19 95
11 44
33 21
75 37
25 71
52 69
69 83
60 92
15 97
43 85
85 86
36 50
70 91
90 53
26 39
12 58
28 28
51 10
86 5
35 88
93 1
5 4
23 32
45 48
50 37
77 90
63 15
17 13
35 38
53 70
64 92
53 32
64 13
96 13
27 20
88 36
47 81
96 2
47 27
13 29
90 38
84 64
49 78
60 80
25 69
26 69
23 37
52 48
76 30
61 42
39 35
68 83
65 97
61 67
64 82
14 33
89 8
26 97
82 97
23 98
31 66
45 89
27 29
94 30
40 53
54 1
33 65
39 33
1 2
32 44
51 13
42 92
15 59
51 42
1 71
91 27
76 10
24 8
95 27
4 92
84 1
85 61
23 74
100 49
45 79
87 55
13 81
33 39
64 51
46 30
7 36
94 68
90 70
33 64
39 98
81 22
38 16
72 14
19 6
90 70
3 57
70 18
32 61
69 68
72 59
84 83
11 94
48 21
7 42
5 72
51 12
42 42
89 33
25 37
93 42
85 63
63 91
57 75
69 1
27 94
2 4
75 36
72 61
43 73
8 52
11 58
24 46
97 67
82 24
94 51
87 36
36 32
15 20
18 48
4 99
87 30
1 31
14 45
86 50
60 72
71 16
88 61
53 66
11 100
12 49
46 7
96 63
75 40
2 81
64 15
53 33
56 36
39 51
24 45
98 60
98 2
86 55
73 5
94 20
67 78
67 7
80 8
54 9
33 26
49 55
57 8
71 8
50 37
23 4
56 57
61 61
93 19
43 70
65 26
3 19
55 18
10 32
50 33
81 57
64 65
14 47
33 41
19 100
4 49
8 86
16 60
1 2
94 92
41 16
46 22
12 69
7 23
78 81
66 77
91 100
26 35
74 36
62 7
27 24
96 39
17 16
39 84
40 10
12 85
4 9
95 80
66 2
13 92
44 12
98 11
76 8
9 10
82 3
46 8
12 59
41 40
14 19
64 12
34 31
54 86
62 33
98 99
12 8
39 13
15 28
2 60
16 100
88 15
63 18
43 23
36 54
32 33
81 58
75 15
43 69
84 18
21 94
60 71
49 61
65 57
57 33
76 69
25 18
90 35
22 28
37 76
30 75
35 98
52 88
16 5
88 83
13 72
13 56
99 43
3 37
79 83
52 2
19 88
66 49
67 71
61 62
53 54
98 56
93 19
80 68
92 24
29 36
100 13
51 46
77 96
16 69
59 30
4 16
41 87
48 65
25 43
29 14
29 91
11 40
80 53
44 47
50 23
45 77
8 54
48 65
47 13
86 36
52 18
65 100
4 85
18 40
77 61
56 38
15 47
70 31
35 58
58 71
50 66
87 70
8 68
26 13
54 39
18 50
81 29
94 77
65 66
6 23
22 42
93 56
68 63
54 95
37 54
18 37
98 71
96 8
17 53
44 35
82 95
68 22
61 86
85 31
85 13
37 46
92 21
51 60
58 28
27 78
8 82
7 45
65 99
67 1
84 57
18 89
84 50
65 37
64 65
100 15
22 60
85 7
45 22
89 74
38 53
33 76
58 62
87 23
28 35
75 14
83 9
9 81
94 87
43 94
93 12
31 99
31 91
85 84
33 58
89 18
63 13
93 39
47 62
79 11
59 92
31 70
96 100
95 41
95 7
59 16
94 56
68 18
96 74
38 77
56 91
85 26
70 4
66 4
72 100
98 38
40 69
6 8
58 71
85 55
48 53
3 82
15 5
78 43
87 65
100 63
18 60
1 29
92 53
65 21
79 39
2 44
47 91
26 90
96 37
93 49
37 6
42 92
60 66
84 31
31 20
67 8
68 57
53 76
32 11
91 8
2 65
23 79
96 16
59 35
8 85
95 68
61 16
74 89
25 63
99 32
25 3
42 22
51 60
16 8
58 95
29 51
70 3
4 37
7 40
65 39
96 85
95 97
58 82
55 2
78 28
89 2
22 9
45 36
41 77
5 71
88 43
94 41
28 1
83 10
52 28
87 85
78 30
13 43
12 25
2 92
63 27
37 28
95 65
14 38
52 87
53 59
94 88
21 89
8 95
52 80
38 80
4 79
46 28
47 61
10 80
23 7
87 14
31 40
20 94
79 42
88 10
59 37
72 35
15 10
41 98
24 62
1 46
70 79
88 56
12 71
23 70
50 82
100 50
70 35
15 72
52 36
22 45
9 11
24 24
29 40
60 42
13 55
84 70
58 70
60 16
94 2
32 28
46 81
76 41
3 22
25 23
63 3
61 10
48 57
77 64
54 7
71 70
29 10
23 86
10 25
93 80
98 7
12 59
92 81
67 93
26 30
95 16
40 38
86 40
71 91
20 77
98 82
83 46
4 46
55 3
94 13
97 99
86 30
92 93
24 40
89 3
68 67
87 94
1 12
15 75
15 57
54 71
38 44
96 66
29 56
47 69
88 97
26 14
10 79
31 77
44 7
36 8
26 92
83 44
73 99
96 35
2 20
70 32
30 80
5 17
24 86
76 44
53 68
62 68
19 36
77 7
2 70
38 55
15 100
2 34
4 29
29 56
56 4
41 73
24 74
84 59
40 93
63 70
61 24
49 71
94 47
4 30
36 30
19 90
86 73
9 80
66 24
87 44
78 12
47 55
44 13
54 97
74 98
96 80
67 64
92 86
24 86
20 86
81 40
38 37
21 19
85 20
19 44
28 22
25 92
42 17
11 32
16 36
57 39
71 55
65 58
50 37
26 85
100 87
20 26
11 9
60 67
37 2
50 53
90 30
83 8
93 65
95 78
9 58
40 44
61 94
52 95
64 81
80 79
33 86
53 69
52 97
17 5
71 12
80 70
41 49
65 81
42 1
57 84
21 19
65 7
73 42
70 55
90 43
24 80
41 32
1 52
84 98
77 85
50 4
73 27
11 93
94 68
19 5
19 2
33 63
79 98
71 96
96 43
10 28
3 81
49 63
13 76
19 85
71 74
92 45
11 85
35 54
34 97
19 69
55 24
98 55
91 62
76 78
87 98
15 93
16 62
39 49
50 91
92 46
40 52
74 69
3 38
33 71
92 25
73 39
66 33
70 74
43 86
13 27
31 1
97 66
13 89
43 76
15 3
84 14
87 72
78 87
18 20
72 20
96 7
25 43
69 75
39 20
100 73
7 72
5 13
16 34
98 20
54 3
59 79
37 71
27 23
13 69
70 93
18 48
86 59
87 25
39 21
80 45
99 3
21 22
77 62
12 43
15 49
43 64
47 56
1 21
20 3
16 75
72 40
68 9
40 70
92 14
6 29
92 42
51 37
10 93
59 75
48 56
63 95
17 5
84 78
41 17
82 25
5 70
58 16
67 84
91 46
48 37
98 80
42 48
68 10
74 41
5 42
82 58
17 57
51 98
35 30
88 59
66 24
6 22
55 19
58 93
98 87
12 99
49 86
48 24
73 91
59 60
47 79
87 37
75 17
82 57
27 6
8 41
87 78
36 21
74 24
29 24
83 57
72 3
22 23
2 18
97 96
26 65
36 76
65 52
76 14
70 57
53 10
94 37
75 78
59 80
51 82
24 65
23 79
51 67
23 88
95 69
9 79
69 18
82 6
35 95
51 74
8 11
43 35
89 4
96 31
68 11
69 27
30 40
39 65
91 49
84 57
88 60
16 65
19 84
52 63
44 78
40 41
56 24
37 67
66 18
15 4
39 48
90 34
37 82
89 14
64 21
83 2
97 92
33 39
64 7
83 38
35 64
24 69
25 25
23 67
19 52
93 87
43 45
100 43
83 51
33 46
83 99
70 63
49 10
1 35
74 77
44 40
40 75
29 1
80 6
58 44
95 4
18 53
47 78
31 37
58 18
10 50
66 38
6 62
94 88
29 97
88 51
80 4
52 65
65 75
54 22
22 68
57 61
97 67
22 10
91 64
29 12
56 61
13 78
29 73
57 95
86 54
72 12
48 21
66 6
3 69
5 64
61 61
20 73
3 93
43 97
29 91
65 43
8 87
34 4
10 82
37 35
22 54
90 85
40 51
38 81
43 7
14 19
46 93
39 25
87 28
36 8
20 88
42 88
100 85
48 60
50 34
37 91
72 24
50 54
3 48
74 92
6 70
63 9
46 65
61 62
57 57
74 7
25 56
65 43
60 10
34 38
53 77
33 15
75 74
92 28
70 47
18 32
57 98
15 40
8 56
43 77
50 47
27 43
37 17
2 84
27 55
38 50
38 26
98 78
87 56
40 73
71 21
45 25
54 33
68 85
5 86
11 90
94 91
29 94
75 32
53 52
14 31
27 61
85 19
89 4
70 40
54 65
58 88
79 37
68 56
65 95
73 65
69 55
44 90
9 81
70 38
70 44
47 31
8 15
67 73
85 86
99 39
89 93
29 62
53 72
9 78
33 99
63 61
2 20
13 92
89 44
54 24
79 22
15 56
38 42
67 78
36 95
43 6
76 17
14 83
10 62
92 11
39 48
30 68
35 100
47 28
52 5
4 43
45 10
11 71
22 15
82 47
9 61
63 60
62 8
13 32
71 37
95 7
75 44
72 8
59 98
15 88
25 31
37 72
81 43
14 72
55 1
17 90
56 30
30 17
82 72
17 43
22 27
20 71
98 10
8 79
19 51
49 66
64 21
15 12
11 36
85 88
96 59
20 96
99 47
58 66
84 80
69 35
4 24
11 23
92 42
62 22
25 62
68 73
51 45
6 5
81 96
5 45
74 94
88 25
35 13
55 17
56 67
8 91
27 40
54 76
15 69
45 90
54 41
30 90
11 1
65 28
67 29
59 11
36 76
65 27
68 77
19 55
34 61
71 100
29 29
77 54
84 73
6 91
45 26
34 69
11 47
77 74
39 65
84 92
65 98
25 77
90 8
72 17
84 68
16 99
25 92
50 36
12 88
31 85
80 77
23 41
95 64
46 57
33 51
82 39
10 83
100 79
52 45
95 43
22 31
81 26
72 49
5 55
86 16
16 26
91 24
48 62
44 99
81 88
83 5
60 97
5 17
72 12
32 13
88 84
40 11
8 56
37 71
3 50
38 92
68 100
25 42
84 56
13 56
9 93
17 46
23 39
8 71
69 91
17 33
29 53
49 68
40 81
86 8
86 83
7 7
76 31
85 96
51 5
56 70
67 100
10 53
12 38
38 63
41 17
51 21
29 25
1 25
87 44
32 27
38 16
55 43
8 68
74 71
19 98
17 60
90 17
41 88
24 83
58 59
10 21
5 35
58 26
1 1
90 42
95 60
8 59
65 24
79 7
10 16
72 46
45 58
19 20
35 83
35 20
12 37
85 56
15 97
12 13
23 99
46 23
1 28
29 93
54 90
26 51
48 42
22 2
16 67
40 30
97 84
25 77
1 50
1 70
83 54
2 2
90 12
29 13
61 13
6 87
8 19
70 28
29 32
4 76
88 99
63 15
90 47
51 87
47 70
5 43
14 99
22 20
2 17
67 27
50 12
7 7
92 77
97 53
28 8
59 95
37 82
25 43
84 71
37 83
77 12
18 76
90 85
19 75
46 88
50 97
76 62
5 58
19 76
5 93
9 85
59 74
19 59
98 83
9 61
18 28
54 78
75 11
39 47
56 94
41 37
88 10
62 52
32 65
37 63
90 11
91 59
25 96
66 53
26 81
61 79
42 17
43 56
3 63
12 91
40 95
52 11
88 52
45 4
23 38
92 97
5 88
81 11
62 55
54 23
41 23
79 35
8 100
15 34
17 81
63 45
55 22
57 43
76 97
39 87
93 57
17 59
29 45
17 52
82 12
6 78
29 30
76 28
48 33
83 44
87 70
39 80
35 6
74 74
83 83
9 43
17 70
39 23
89 6
79 76
93 45
81 28
9 10
100 96
96 13
26 43
14 92
2 35
34 85
89 40
40 21
78 41
6 99
20 17
46 92
39 62
25 94
26 74
66 89
24 79
9 69
5 10
63 58
95 27
30 83
97 92
3 69
47 52
36 66
43 74
77 28
28 62
23 54
85 37
79 57
70 18
62 79
92 1
72 52
47 15
32 40
11 24
24 55
37 38
83 41
69 99
28 99
7 86
95 24
93 39
31 16
55 92
49 49
93 25
49 18
79 31
41 17
51 39
77 35
76 82
45 64
53 14
55 96
67 69
89 50
33 4
37 87
3 81
76 4
60 38
49 47
8 44
22 14
73 2
96 33
4 6
93 52
23 32
11 91
39 75
68 22
41 7
93 66
68 70
85 31
93 36
46 53
77 99
43 74
22 39
53 33
39 89
26 52
59 28
6 58
67 53
44 31
94 44
69 85
71 35
53 33
17 32
78 30
26 46
41 85
26 62
30 51
86 36
100 45
92 94
24 10
19 67
84 52
69 27
87 88
20 82
61 14
32 92
96 33
56 39
6 30
48 65
94 28
83 81
59 44
99 85
49 86
54 74
44 80
17 70
24 60
48 12
86 1
54 41
74 10
78 37
79 3
55 12
63 72
30 47
46 5
87 33
49 65
29 56
55 12
35 53
48 90
67 25
18 44
43 22
22 64
75 26
43 38
16 43
58 6
53 33
66 27
6 91
6 58
10 58
75 13
29 18
57 69
12 65
82 58
82 78
89 2
12 12
36 90
52 73
42 11
81 46
90 58
42 75
61 54
96 69
76 79
8 43
62 45
45 23
3 16
84 8
20 48
45 5
99 2
77 5
97 37
16 80
34 48
54 94
77 37
8 60
82 63
86 6
19 76
16 73
67 35
60 77
79 84
55 76
11 2
20 94
35 74
100 59
13 21
96 27
95 79
40 99
55 69
56 23
85 73
57 36
91 83
56 20
53 40
41 84
32 77
1 28
57 64
17 24
54 73
33 100
25 35
88 36
70 57
95 10
55 60
37 44
54 39
33 43
91 71
16 40
5 89
77 96
67 50
17 61
24 22
61 28
57 59
79 42
69 2
41 32
87 77
11 84
96 3
92 68
52 20
79 79
44 47
60 83
95 54
98 20
44 34
71 40
37 7
14 43
18 50
91 66
50 38
23 88
23 60
92 60
91 79
79 48
20 56
57 28
96 60
44 77
70 7
52 19
74 19
90 8
44 2
12 47
100 44
91 4
3 67
51 63
69 35
99 13
10 45
15 88
48 32
54 30
38 28
84 38
19 24
7 29
26 55
68 61
29 68
48 15
11 21
71 46
27 14
30 76
28 25
74 74
73 4
49 31
25 92
98 22
38 90
20 93
10 21
37 33
10 48
64 87
40 95
30 82
62 99
1 91
96 22
9 83
6 73
33 49
44 72
24 96
91 29
69 27
43 57
72 96
69 41
53 29
42 41
47 6
35 4
69 65
20 79
59 59
17 47
96 22
57 81
6 36
15 14
18 53
43 21
24 14
81 91
34 67
5 95
95 41
34 10
100 16
3 23
40 82
85 16
99 47
63 77
75 44
67 73
58 33
46 39
35 65
10 61
88 31
33 70
96 16
8 47
52 1
55 75
77 93
47 22
11 7
34 81
13 36
28 11
28 53
36 1
60 1
61 19
92 95
54 41
95 28
92 63
9 64
86 9
76 30
7 62
100 38
2 26
25 34
57 70
48 64
12 50
19 83
87 47
44 71
14 50
46 93
48 71
68 76
74 38
94 93
30 34
8 18
59 80
9 44
35 22
94 80
21 44
96 40
38 26
74 85
42 20
29 88
34 100
79 80
56 70
40 61
30 17
57 95
17 46
87 39
4 10
28 95
57 73
42 56
23 17
70 22
88 49
70 88
90 50
13 38
16 80
71 83
20 55
74 59
80 27
55 28
19 90
100 70
2 19
56 15
25 6
95 38
36 55
59 57
25 70
91 24
50 69
54 86
48 70
66 14
92 76
3 79
45 60
48 48
45 35
68 77
70 22
84 35
89 16
59 71
96 72
4 95
81 53
16 78
29 5
12 79
22 57
48 94
11 1
75 75
3 8
88 58
21 13
39 14
98 67
45 34
81 37
47 35
50 19
28 58
65 1
42 95
31 37
61 60
89 94
27 23
80 88
58 15
10 9
69 3
68 85
57 32
24 49
49 38
24 9
53 53
12 68
45 65
100 98
23 20
71 91
54 58
62 30
43 55
44 71
59 96
39 88
25 60
57 30
89 7
4 17
73 82
30 53
86 5
86 42
70 46
12 27
65 81
80 61
73 35
85 84
99 45
30 66
9 32
99 34
53 26
13 37
11 54
50 42
12 34
85 73
72 33
17 91
46 54
15 87
13 14
56 49
53 75
89 73
64 31
41 33
92 41
37 12
22 37
78 46
22 5
44 82
41 72
38 86
23 94
14 59
23 21
21 91
95 76
83 4
20 76
47 2
95 40
30 29
48 95
58 26
14 54
20 79
26 68
11 7
34 18
38 81
66 56
38 92
26 5
29 86
31 76
70 46
17 49
52 12
99 91
90 54
95 45
91 14
80 39
69 39
4 24
54 11
90 81
50 100
36 14
61 56
97 53
82 6
42 85
44 47
39 83
55 38
63 78
16 50
17 44
48 95
54 83
34 51
86 38
31 87
14 88
68 13
52 84
31 37
19 76
2 26
72 42
66 20
93 40
51 32
34 10
48 63
4 42
75 90
98 14
91 7
35 46
46 66
72 12
76 82
89 65
62 94
82 19
4 42
78 96
50 14
3 36
83 78
83 17
40 73
13 64
97 4
7 37
17 100
79 92
26 12
18 25
50 33
43 83
10 16
53 64
28 93
58 79
8 5
3 34
7 44
99 12
89 31
52 10
70 75
65 12
92 74
84 21
98 82
95 15
61 16
48 48
50 2
43 93
30 64
89 74
7 8
78 19
96 10
23 7
56 11
73 73
41 32
6 43
67 55
2 47
10 59
94 99
11 77
17 15
96 33
17 21
15 78
85 15
68 82
37 53
1 27
60 7
20 73
50 60
6 21
32 88
97 59
55 74
26 32
79 22
44 47
84 39
56 93
91 8
7 46
12 3
63 80
99 29
69 97
81 86
52 27
78 7
74 85
63 56
46 22
70 69
79 28
61 99
6 83
99 9
49 3
58 61
58 15
20 27
7 73
15 87
3 14
56 31
70 60
28 97
34 5
65 58
