5000 128692
62 98
21 40
57 50
35 50
22 32
3 79
40 24
77 39
98 55
55 58
14 12
24 100
32 49
43 61
100 72
92 96
13 82
91 50
26 75
68 8
68 73
55 41
72 26
24 9
4 53
69 71
97 80
97 100
28 89
46 50
57 47
41 39
66 42
65 48
27 40
39 73
19 78
67 63
15 64
68 32
73 73
80 75
91 32
56 21
22 35
42 55
47 16
34 68
32 4
24 42
53 76
100 76
78 34
25 1
23 85
81 86
45 71
71 16
29 37
72 11
68 66
37 35
65 49
85 7
53 82
91 89
23 31
71 60
9 3
89 94
90 43
34 75
20 20
80 74
89 95
93 54
22 80
36 63
27 74
5 84
59 4
31 49
56 11
89 90
7 1
30 47
21 75
52 71
100 63
2 64
75 33
19 80
38 98
39 34
3 38
43 32
82 74
77 68
13 43
42 76
65 62
55 85
75 51
84 33
34 11
64 97
77 39
7 90
99 59
55 12
64 25
9 15
37 60
19 88
97 56
44 60
49 34
70 30
95 82
100 48
71 45
69 66
19 27
60 43
60 51
21 64
2 74
41 24
98 84
67 68
82 52
14 45
21 52
9 54
50 77
6 14
72 50
78 15
65 4
22 61
84 78
28 80
30 27
20 89
46 67
79 82
63 100
46 1
48 63
9 81
46 100
70 8
78 99
64 27
29 50
37 49
36 42
31 75
29 25
85 25
97 42
62 76
99 21
17 45
70 29
100 50
22 59
93 30
77 16
38 14
14 90
60 94
65 93
96 16
79 82
63 60
26 49
94 82
8 12
25 12
2 14
5 11
94 19
79 64
68 89
74 20
67 13
4 31
4 46
47 89
88 7
100 39
61 16
38 80
68 35
82 44
37 29
42 45
75 25
13 44
79 58
40 15
24 89
96 3
87 82
3 71
10 62
64 83
48 4
17 25
88 94
49 69
22 35
33 64
80 33
41 24
59 35
98 97
96 6
62 32
45 85
36 12
14 70
57 100
73 91
33 56
38 95
62 71
74 1
64 19
26 67
5 10
56 85
50 55
52 12
42 19
4 77
61 25
58 1
51 32
29 49
97 94
51 1
50 36
82 9
30 33
43 59
40 43
28 81
90 16
1 74
72 65
25 79
14 95
80 16
50 22
99 50
17 62
11 92
72 2
33 32
88 58
28 12
88 69
89 65
79 75
81 87
44 41
39 100
38 87
46 25
20 100
35 32
97 25
21 35
16 92
26 9
63 45
55 86
53 89
53 12
7 11
76 5
29 91
73 5
55 72
78 12
71 6
24 33
40 55
94 60
56 16
28 65
22 71
95 84
68 29
52 97
75 70
12 21
43 96
65 8
57 45
62 48
99 91
53 21
82 34
66 82
31 29
97 31
72 67
83 17
49 42
78 29
11 73
77 32
50 33
17 44
7 43
20 91
40 76
46 50
14 2
47 92
25 14
87 24
93 75
45 42
90 20
68 97
56 14
32 68
84 4
64 11
45 15
82 47
69 31
27 48
99 28
99 60
23 78
70 47
33 28
23 20
47 75
43 1
51 3
97 60
12 44
57 98
68 2
3 72
55 47
33 3
2 15
31 60
19 26
94 41
75 53
9 45
13 37
30 18
92 12
96 93
46 28
37 78
29 91
14 59
63 78
27 70
12 70
37 7
48 16
96 97
59 78
95 43
91 97
61 81
43 54
2 93
18 78
62 55
4 16
72 24
95 9
5 30
2 35
65 86
99 70
77 39
25 30
63 59
58 56
17 94
59 3
55 84
5 23
39 93
68 94
19 100
66 62
31 63
55 7
65 30
27 59
65 84
59 72
17 8
25 64
53 77
18 52
94 93
15 31
73 67
65 68
9 91
30 48
19 2
73 76
80 17
47 40
50 57
42 27
56 48
66 2
52 81
11 31
22 25
91 73
30 76
40 24
8 87
61 38
94 82
72 16
39 48
10 18
83 39
55 7
86 81
35 15
24 58
80 26
49 97
48 76
96 93
9 39
77 23
14 47
34 14
56 92
12 38
83 22
98 70
20 85
100 24
1 51
30 15
21 100
91 75
11 42
60 75
98 61
71 79
5 57
22 28
61 27
66 74
4 18
15 85
51 6
38 84
90 43
30 83
39 80
38 70
26 76
47 70
66 93
91 74
80 35
22 36
55 11
14 57
71 5
74 96
13 32
71 55
55 62
85 31
14 30
65 4
96 5
11 42
88 82
100 13
84 70
48 60
65 38
87 87
15 45
16 96
77 71
4 39
97 78
67 2
93 8
22 5
13 72
59 52
65 30
45 58
32 87
19 41
58 14
54 44
92 36
23 45
24 98
46 49
59 27
37 79
10 52
55 84
100 21
97 86
6 48
35 90
97 97
71 86
22 28
11 93
38 33
50 98
14 83
86 62
16 52
59 43
8 19
80 75
69 94
72 48
76 32
100 33
42 88
34 46
53 76
33 75
8 42
28 25
78 24
66 21
17 4
39 27
72 4
16 76
88 64
78 51
50 65
84 13
100 88
23 44
46 5
89 72
24 94
59 88
74 34
39 45
69 30
33 52
71 19
37 75
4 51
46 2
88 59
45 39
31 99
92 86
29 65
90 93
20 63
58 40
56 13
36 18
97 19
79 68
3 93
36 82
56 18
4 9
71 46
55 58
79 52
16 51
43 29
2 45
26 90
17 14
93 41
95 71
49 17
63 11
83 97
5 68
60 13
71 56
1 58
91 11
14 93
82 74
80 55
33 55
39 14
87 67
20 72
87 32
66 34
22 64
22 65
21 4
78 24
44 63
28 13
56 76
59 13
22 41
57 72
37 54
38 7
1 13
83 76
39 23
63 23
65 72
95 42
75 87
87 79
47 99
65 50
1 72
28 73
44 4
85 78
67 38
83 71
5 50
53 21
48 56
78 65
27 37
20 11
7 89
70 99
47 23
62 16
81 63
69 16
71 87
17 68
58 22
71 51
51 43
48 44
86 26
15 15
42 38
60 12
54 45
41 88
76 61
6 16
68 12
71 17
90 94
34 49
53 39
46 95
39 21
100 94
76 11
65 58
72 5
82 99
34 8
70 27
96 66
66 23
90 42
18 5
82 90
48 15
40 55
32 33
47 11
25 80
99 99
89 48
36 44
4 43
81 35
11 4
9 11
48 47
82 20
50 56
82 47
34 10
48 2
72 68
86 4
75 12
36 77
9 60
8 11
21 36
78 38
3 28
87 58
68 32
20 32
68 48
67 46
60 87
52 32
13 8
36 18
2 82
53 55
24 61
57 24
33 42
86 65
65 86
81 88
67 36
66 41
14 86
53 46
65 94
85 5
90 1
39 6
20 81
98 12
47 16
40 69
27 49
1 43
26 26
94 32
73 27
46 25
60 30
84 13
49 56
25 37
19 30
2 37
77 44
94 91
58 13
10 85
80 7
74 50
42 24
98 94
39 43
55 9
50 91
56 36
91 14
91 43
94 41
62 46
40 54
92 8
53 14
67 55
93 3
31 40
12 86
65 29
76 16
24 15
48 41
76 24
48 4
18 22
77 60
24 47
64 64
34 24
85 31
43 70
7 74
26 6
40 16
97 16
32 14
42 6
52 51
22 79
84 1
98 92
83 25
24 54
89 99
36 90
42 60
33 1
66 81
53 98
49 81
93 97
76 64
48 21
20 20
23 67
66 95
96 31
99 13
81 58
81 55
83 95
23 28
39 80
61 100
14 95
35 47
92 66
55 52
39 97
14 44
91 52
88 40
48 20
14 58
76 91
35 10
55 17
61 43
52 90
59 14
9 24
96 38
87 30
57 96
15 57
61 96
74 90
10 88
59 61
54 48
90 94
94 55
28 27
28 73
54 7
41 73
15 71
45 72
48 24
5 19
10 67
38 28
92 59
58 87
3 85
19 1
44 48
9 53
79 95
96 89
67 19
40 70
91 27
53 48
96 66
6 83
14 43
21 7
67 22
24 3
26 6
9 15
17 10
5 84
36 39
70 16
45 56
2 9
67 87
44 80
6 28
76 53
33 7
97 38
85 91
87 43
68 90
29 38
95 95
46 84
76 27
14 13
37 6
66 5
18 12
84 23
23 87
83 7
4 29
90 9
7 9
81 35
98 75
75 70
85 18
85 14
97 85
82 26
39 74
63 23
25 5
44 1
90 28
10 63
93 90
75 70
96 5
60 79
55 60
43 51
57 15
30 38
56 16
94 20
47 42
25 27
77 42
70 28
8 33
33 22
11 88
66 94
13 56
8 63
40 15
98 26
44 76
36 100
79 3
82 1
50 74
55 7
78 2
40 53
16 21
70 43
66 23
64 77
81 22
20 82
6 27
89 88
49 19
13 94
34 7
47 60
37 21
11 100
16 39
96 5
95 21
26 27
61 98
59 29
85 41
1 13
56 54
29 68
88 64
86 8
62 68
38 89
93 66
39 69
77 94
60 86
60 64
42 16
23 14
92 85
13 49
80 40
81 72
13 19
92 86
14 30
59 30
81 6
76 29
75 20
76 10
22 49
52 46
89 60
81 77
37 86
89 24
88 82
17 53
76 39
74 89
78 73
65 79
18 54
17 41
41 72
77 91
76 4
34 87
100 4
68 40
46 87
31 96
100 63
58 5
75 81
65 92
17 86
55 86
93 20
43 6
82 47
14 21
94 3
70 58
94 97
82 41
10 33
82 31
98 45
38 71
7 19
76 17
2 2
76 73
44 58
95 73
52 63
19 13
80 12
3 19
38 5
26 98
34 14
89 67
35 55
60 94
54 11
3 40
14 31
46 82
97 97
47 77
11 2
91 100
69 87
57 51
24 40
30 19
90 81
22 84
67 42
48 99
49 1
21 43
23 23
92 10
67 67
26 38
62 74
46 78
81 56
52 30
23 76
66 69
40 97
58 82
25 14
45 59
12 73
90 44
90 40
9 70
36 72
53 94
51 69
56 58
9 44
74 60
38 29
98 76
47 95
56 22
97 26
95 95
76 16
19 49
86 56
42 82
44 38
100 82
40 60
24 45
51 11
62 87
89 65
90 59
19 68
65 78
35 17
83 92
54 21
76 9
91 61
42 92
28 2
93 81
97 2
88 97
66 40
34 82
37 72
65 35
90 3
33 97
59 81
17 18
3 97
97 89
11 99
47 34
96 70
50 58
22 30
46 32
11 96
63 94
87 91
82 63
27 71
21 7
16 7
81 43
49 67
58 67
22 87
28 68
50 100
70 88
16 16
67 91
56 69
4 39
31 77
97 23
89 36
42 58
13 40
91 84
90 98
75 38
89 70
85 19
76 48
11 99
82 50
39 43
25 93
20 40
72 58
51 63
93 99
87 64
83 6
41 65
44 82
56 92
20 85
93 81
26 31
87 100
11 24
81 51
91 39
42 100
77 73
79 26
35 9
41 12
21 9
24 6
16 1
10 78
60 24
43 48
72 77
93 74
81 43
96 69
12 65
52 52
98 83
4 63
38 67
33 40
96 80
81 48
88 83
16 64
25 81
65 13
2 15
88 4
45 15
44 53
29 55
73 87
74 78
15 64
14 50
95 39
38 69
81 51
56 68
97 45
23 50
27 44
41 70
4 44
74 64
52 34
55 95
23 99
8 49
45 61
55 38
55 28
77 61
95 21
70 43
54 93
59 85
24 57
41 48
4 100
67 10
21 2
76 86
41 39
35 65
41 36
35 29
24 86
73 38
90 97
20 82
48 87
68 92
12 51
51 31
41 56
63 36
57 77
63 54
22 36
53 90
70 43
77 15
30 2
64 63
46 57
83 46
22 48
69 14
23 93
77 99
88 75
43 46
5 36
28 65
29 63
97 23
14 94
52 100
70 60
55 42
23 81
17 99
22 33
34 83
19 81
14 40
96 18
27 57
28 45
70 54
80 98
97 88
46 68
9 99
12 50
43 77
91 44
34 49
12 90
65 88
62 99
51 16
59 34
66 35
78 32
87 48
63 57
43 77
90 47
32 69
97 18
12 27
100 67
70 51
45 9
18 47
83 42
92 78
96 55
62 87
61 83
75 53
59 74
58 51
83 3
22 75
1 79
25 47
7 24
12 68
41 34
69 74
14 35
99 19
34 8
91 66
37 18
48 17
33 43
26 64
31 85
81 12
37 42
30 3
50 14
33 2
99 1
84 56
25 32
95 55
45 42
37 14
21 59
3 15
95 16
4 62
77 89
95 94
80 8
83 64
58 13
21 93
51 90
71 99
71 64
37 97
13 65
8 81
84 65
97 59
85 97
15 1
77 70
22 90
96 3
26 36
6 44
47 3
9 91
82 75
41 10
5 32
19 88
61 68
8 98
65 56
16 29
36 38
59 49
48 88
18 54
68 14
20 81
69 43
90 12
90 96
57 91
2 28
49 76
40 8
98 38
86 24
6 8
26 8
7 14
54 11
3 95
64 57
100 65
63 85
46 83
92 74
67 68
64 70
4 42
26 65
28 77
72 70
61 54
38 78
19 58
79 7
57 91
38 90
99 1
46 54
79 85
55 44
99 82
80 12
46 51
48 19
65 36
4 58
73 78
23 1
57 20
75 72
86 9
8 85
37 8
31 91
99 58
3 75
46 12
54 99
81 39
25 89
25 21
41 45
14 66
43 30
19 3
70 8
32 19
69 4
67 61
63 55
75 47
65 42
42 66
21 49
12 13
58 53
76 6
84 42
80 5
32 26
10 14
17 13
91 62
46 21
100 3
89 19
1 96
45 67
94 70
33 86
70 55
19 90
73 82
83 72
13 19
44 85
5 79
97 89
12 40
71 91
59 43
87 38
36 85
52 60
59 86
47 97
9 65
34 43
83 38
40 69
17 20
92 3
8 34
7 81
90 76
7 88
47 100
42 23
52 54
40 69
74 60
73 60
58 58
98 42
55 31
23 28
41 26
11 61
19 16
5 17
82 52
77 10
43 54
69 36
80 69
1 39
15 84
40 85
86 33
49 73
31 54
2 53
93 76
38 87
60 33
34 3
45 74
6 32
75 25
48 80
45 52
100 84
20 39
55 61
97 77
26 70
77 40
90 2
37 82
95 55
94 70
18 33
23 16
88 23
38 20
2 37
88 13
52 3
41 21
73 46
53 28
71 74
26 98
45 55
60 12
85 82
78 57
4 38
90 66
4 81
51 17
86 17
55 16
70 55
40 30
3 93
48 24
68 69
92 46
84 58
62 76
37 16
53 90
84 91
24 90
90 62
37 27
63 3
93 16
77 48
87 100
97 43
99 73
12 49
93 97
59 85
96 30
70 53
14 22
37 95
25 85
65 38
23 64
79 1
86 92
14 45
82 45
85 68
82 13
25 90
68 25
95 88
14 5
72 66
31 79
37 95
13 27
67 57
52 49
6 95
96 4
38 48
54 37
46 29
50 48
47 86
4 13
97 77
16 90
18 86
86 24
93 27
34 75
8 39
23 27
71 66
73 83
56 23
56 85
6 95
81 12
75 61
53 35
46 69
47 79
83 65
82 15
59 57
49 21
85 63
16 51
96 77
23 62
70 40
42 5
24 9
68 77
45 69
20 37
35 66
14 54
5 12
27 92
99 28
64 50
50 70
22 45
89 84
57 44
77 82
94 31
37 56
3 94
46 65
82 24
49 72
80 81
16 90
60 29
29 1
52 52
27 31
24 29
74 65
48 22
65 33
97 25
15 98
62 53
17 61
50 64
27 6
73 73
28 7
78 85
37 74
29 29
99 30
77 58
86 72
75 63
22 88
74 79
77 56
68 4
8 54
78 28
99 84
75 43
89 8
27 36
26 46
67 90
3 65
100 10
15 12
19 49
96 34
81 9
32 2
64 47
82 24
11 7
89 71
10 83
88 44
77 44
38 63
86 25
53 53
75 34
12 87
74 92
49 65
40 42
93 95
56 18
17 21
92 30
30 61
57 80
70 66
55 6
24 70
24 30
54 68
90 81
95 30
2 53
70 41
26 31
17 51
4 65
36 90
57 21
65 47
75 33
33 17
54 9
60 57
85 69
29 94
71 43
11 61
77 58
63 36
55 7
32 76
79 9
46 89
13 88
88 88
68 54
67 45
11 9
43 35
73 12
52 41
37 64
26 17
73 82
63 47
94 67
76 98
50 36
51 88
40 96
77 68
83 4
94 56
36 24
20 24
22 49
59 18
82 36
50 59
21 5
36 95
33 86
51 13
34 83
45 73
38 53
53 88
11 69
100 61
95 22
35 81
51 54
32 37
60 97
24 35
46 83
6 63
99 84
47 18
56 2
91 79
23 37
90 57
36 34
11 12
61 81
57 34
69 29
42 68
58 92
41 34
30 62
90 29
91 46
15 44
34 53
81 50
67 31
96 22
80 11
61 4
31 2
31 64
44 41
42 50
6 50
89 75
47 64
56 33
88 93
2 66
46 63
10 81
44 22
81 96
72 93
4 54
89 29
40 21
46 22
46 73
32 6
75 35
87 1
23 4
89 79
20 54
55 53
7 61
16 75
34 63
19 17
98 28
16 78
63 57
39 29
21 79
3 83
86 92
29 63
90 27
39 9
26 25
52 8
82 83
7 72
23 100
86 88
47 53
15 20
83 9
45 77
46 78
9 44
31 77
20 81
49 74
51 82
74 33
55 86
18 8
8 48
73 2
15 35
75 25
87 10
53 15
48 56
90 93
90 7
76 18
79 19
81 67
1 95
82 26
62 49
59 18
57 25
99 37
58 22
71 97
81 97
2 98
68 74
41 92
32 27
88 54
89 17
34 8
61 38
95 3
3 68
20 85
68 4
69 54
47 62
6 14
22 69
94 17
95 58
63 27
21 86
26 76
43 93
73 32
7 54
57 94
32 50
63 30
55 82
89 23
85 26
88 30
42 21
53 51
28 22
25 47
40 56
69 38
11 6
52 94
63 92
13 73
72 78
82 96
82 27
70 91
88 61
55 95
63 7
82 70
69 21
35 45
7 45
64 65
7 76
66 98
20 58
90 77
80 28
26 39
30 100
65 5
13 69
71 72
17 8
93 42
48 18
8 63
61 31
58 23
59 8
23 23
22 48
82 38
5 70
55 74
51 28
44 82
61 20
65 87
25 51
30 40
99 31
84 47
93 4
58 58
1 97
64 14
47 87
80 24
89 52
77 38
44 80
54 72
99 9
12 87
46 65
46 78
19 2
6 96
55 52
78 61
80 70
29 99
11 98
36 91
83 72
62 26
79 24
96 91
78 64
56 74
25 82
77 94
39 20
69 38
34 3
39 16
84 51
32 89
70 91
72 54
8 26
14 23
25 78
59 86
25 61
22 42
56 63
96 14
79 89
63 15
25 75
59 10
91 65
35 72
94 100
25 37
96 49
25 23
20 79
74 12
80 48
96 13
2 57
18 20
16 2
87 60
8 87
99 52
18 100
77 30
23 57
78 78
42 52
99 86
36 63
19 64
21 28
43 78
14 78
99 68
5 92
38 52
9 78
47 56
72 75
3 29
72 44
20 76
27 52
43 75
45 39
6 51
39 39
98 96
75 70
6 40
84 7
82 57
5 43
1 6
10 86
79 51
30 35
52 89
77 37
65 98
70 52
49 16
60 75
83 29
100 83
64 18
72 32
8 60
11 25
43 7
62 41
34 21
14 34
40 44
76 47
10 72
45 94
14 37
7 19
71 64
20 76
90 25
4 72
76 70
43 83
14 9
54 20
72 17
17 97
82 56
89 66
86 100
31 71
48 92
20 81
82 6
63 61
43 64
89 17
25 38
85 22
51 57
58 10
51 55
90 100
34 56
60 27
87 94
99 92
67 45
57 9
18 19
8 22
13 32
45 40
2 56
78 40
50 11
74 72
94 88
84 19
14 90
31 39
66 41
13 33
2 19
47 46
75 94
44 83
35 63
100 31
80 4
85 71
57 40
30 59
27 23
42 47
42 37
13 68
41 90
60 33
21 76
10 60
67 54
85 59
55 99
21 9
62 98
56 61
46 33
7 37
39 79
59 22
37 75
4 20
71 6
90 46
50 17
97 99
33 28
37 31
48 81
65 83
73 2
57 72
46 93
99 24
98 70
87 29
63 91
38 59
98 14
36 18
100 70
17 67
20 76
6 20
37 28
34 25
61 81
82 60
40 13
52 59
40 33
29 87
55 30
62 38
18 32
57 47
10 89
3 11
93 77
58 21
67 94
17 78
14 45
64 86
16 53
11 14
3 67
30 95
1 25
100 80
65 64
52 94
16 98
37 91
57 14
52 25
70 67
69 46
85 36
9 79
20 4
76 20
89 66
27 34
37 10
7 49
35 80
47 50
61 60
79 8
56 70
79 5
95 86
69 14
42 42
62 90
31 80
44 8
92 37
83 4
44 39
8 100
34 49
11 89
44 43
90 14
15 13
13 9
11 59
99 1
74 88
30 15
27 20
62 5
56 48
63 81
20 53
42 79
61 30
80 12
20 86
16 100
58 68
15 23
36 65
100 10
76 65
67 44
95 69
19 1
1 47
90 8
27 52
35 48
1 48
70 94
76 61
67 12
83 3
86 20
65 12
8 42
16 34
91 84
69 46
23 33
6 64
89 98
65 63
18 94
20 62
36 100
86 93
78 29
50 23
73 57
29 38
78 87
91 53
75 7
96 39
92 99
65 66
22 90
26 98
17 13
44 84
53 59
83 24
78 38
39 30
99 88
85 79
6 15
42 71
53 24
80 47
47 34
93 73
96 61
16 79
13 34
32 60
53 23
42 63
33 34
26 32
70 52
10 72
16 84
44 10
6 10
7 34
60 75
79 52
84 32
76 39
22 87
37 90
58 15
99 76
27 71
57 54
83 54
84 85
50 76
88 29
63 83
48 61
80 1
11 43
63 40
44 87
42 54
16 62
85 49
26 88
93 93
6 100
36 11
8 28
50 62
93 21
67 62
61 36
71 24
50 93
37 27
93 10
38 34
46 93
43 85
16 4
54 98
78 90
99 40
3 73
65 70
14 22
50 33
96 70
24 16
65 72
40 56
17 69
32 86
24 56
42 8
24 30
82 8
77 19
83 58
31 69
21 91
49 19
91 56
92 14
51 63
79 34
36 75
40 48
25 26
30 11
56 3
78 23
7 52
54 42
81 47
71 21
67 15
82 80
67 42
42 30
46 51
58 98
58 98
77 88
33 5
100 58
100 18
14 12
28 28
83 75
96 80
49 18
83 93
39 88
92 83
85 7
17 21
79 9
25 6
93 99
8 19
80 8
23 21
67 22
85 49
55 20
37 42
4 63
36 99
55 83
45 44
82 1
64 32
3 93
58 89
97 37
54 50
10 6
62 48
33 77
44 80
58 80
33 46
78 24
48 67
76 28
63 30
16 87
54 36
87 35
9 85
14 6
18 94
83 58
80 79
54 94
37 77
68 20
57 56
72 27
75 55
2 51
53 27
38 86
56 43
63 15
86 22
61 93
24 20
48 22
93 21
67 51
57 1
78 67
96 74
4 19
53 46
58 55
71 5
59 34
96 41
79 42
72 91
65 34
61 51
3 70
19 27
49 27
70 89
27 34
21 53
44 43
80 84
25 31
82 81
35 27
87 46
19 2
95 71
62 17
66 23
40 91
80 68
74 75
17 57
76 41
77 45
69 55
85 96
48 2
27 88
81 36
78 43
50 78
97 22
91 93
52 47
67 48
39 71
74 88
94 82
11 75
17 30
73 17
36 5
50 62
60 43
74 2
21 64
6 13
36 19
86 38
97 56
15 38
60 65
13 64
42 78
88 9
34 18
27 25
87 10
12 5
59 13
17 4
62 83
55 34
59 48
65 81
74 33
49 70
38 68
67 66
60 44
7 50
91 83
95 1
8 11
2 25
20 54
28 26
8 90
55 24
66 64
4 45
22 61
77 80
69 8
15 91
64 40
54 26
41 15
3 50
65 82
51 27
19 5
78 16
58 12
77 53
43 97
31 45
25 22
32 16
97 10
84 18
90 65
39 92
30 70
50 28
41 69
50 23
77 53
48 58
56 99
94 68
3 54
29 59
70 47
23 61
44 49
86 87
76 38
84 16
88 88
41 72
35 42
6 92
70 87
44 6
34 96
12 83
74 50
58 18
96 99
70 11
94 87
85 15
60 55
23 56
86 42
100 23
24 30
63 47
99 32
80 28
8 14
54 85
8 39
78 13
76 97
51 87
63 99
52 87
87 2
2 38
44 58
73 96
7 81
13 96
16 53
40 77
77 79
89 54
49 46
72 29
10 64
42 32
8 95
21 18
17 87
94 37
21 92
40 68
8 35
71 75
71 96
67 48
24 11
31 34
44 60
100 8
81 72
58 10
3 46
19 26
59 99
98 55
43 73
17 80
10 50
58 25
8 56
38 80
98 78
57 1
61 8
59 41
50 84
69 55
80 11
66 70
14 91
100 54
58 37
73 25
22 29
28 84
39 24
46 39
58 69
35 36
97 98
91 41
44 45
99 95
61 18
55 44
96 49
4 90
71 75
57 99
13 14
31 30
95 78
63 91
87 82
55 38
21 83
36 65
75 92
100 93
54 86
40 34
51 99
11 74
12 10
73 27
90 58
3 33
70 17
100 78
37 68
66 15
90 70
32 65
16 9
2 87
86 60
63 10
5 76
9 34
19 8
70 89
39 15
65 37
32 31
25 96
72 26
52 14
12 12
46 17
4 58
65 97
38 2
54 56
75 70
49 11
78 34
65 79
51 96
47 51
64 57
39 15
64 17
5 26
71 31
79 77
58 65
56 90
41 86
63 40
16 75
12 45
84 81
54 89
76 82
15 11
30 36
47 7
18 76
42 47
45 76
21 34
6 43
82 77
27 41
33 65
82 40
56 27
49 95
85 35
55 77
64 51
23 1
18 45
68 29
45 32
97 21
25 45
53 21
89 59
39 84
68 96
100 55
74 64
22 36
76 88
88 27
51 72
74 95
58 54
92 18
18 22
78 87
50 13
51 50
56 80
82 77
33 89
12 6
82 71
17 75
66 34
45 74
91 76
35 78
64 54
36 7
31 50
40 98
88 79
20 60
31 33
55 26
19 15
4 49
28 62
46 2
44 75
79 33
20 48
1 80
22 2
89 21
78 67
71 14
40 71
86 98
4 42
24 59
97 55
37 65
40 86
14 88
81 90
82 61
48 17
96 95
17 19
31 18
36 92
56 49
2 78
66 76
63 75
20 44
21 24
90 88
18 97
64 50
20 72
37 45
64 30
42 73
25 65
94 48
64 39
16 87
31 45
20 32
39 46
79 99
56 96
30 83
92 38
89 37
12 43
91 54
84 31
80 13
21 23
71 74
88 61
22 52
88 50
2 87
94 95
9 25
91 74
11 92
24 75
63 45
99 88
88 56
56 70
75 52
33 3
71 8
91 39
15 99
90 39
81 36
93 49
98 87
63 18
84 86
38 75
26 12
26 91
21 6
57 76
99 65
44 31
44 36
20 17
31 80
45 75
65 11
39 5
88 48
75 54
63 31
50 93
25 41
2 86
57 62
100 45
86 88
27 21
42 35
100 38
69 11
74 22
92 86
18 49
36 91
27 23
55 24
61 54
4 65
27 29
18 29
2 29
70 59
13 16
74 45
1 91
58 90
38 8
39 47
97 38
65 13
53 77
98 82
89 54
6 62
54 95
40 50
91 1
80 67
81 36
42 38
100 77
7 57
33 75
17 26
42 47
11 49
71 49
55 52
15 13
98 29
72 80
68 41
19 87
36 95
41 38
19 29
45 37
79 97
10 75
41 26
95 9
14 51
38 59
83 14
20 64
43 53
75 63
10 16
75 19
7 98
52 5
74 47
13 6
36 79
91 24
7 4
99 27
13 72
61 55
65 91
62 100
84 34
32 84
81 39
19 81
73 21
51 67
64 69
3 69
12 42
56 94
97 77
26 44
94 52
31 43
45 60
88 56
5 5
6 75
62 26
12 55
9 80
88 72
24 12
97 10
30 96
30 16
95 89
42 19
42 70
59 79
4 19
25 56
90 14
36 9
96 88
14 86
86 27
59 56
16 54
98 20
14 1
12 83
75 64
59 52
43 25
71 75
47 7
47 81
76 49
60 32
10 87
85 80
47 55
86 99
33 42
76 50
67 14
27 30
18 21
9 35
85 60
73 91
85 42
26 74
8 99
80 29
40 11
45 25
38 36
7 65
94 97
4 36
19 47
68 12
14 39
13 23
38 86
60 45
11 3
66 34
72 28
21 90
2 66
18 83
58 88
34 7
46 84
24 53
60 88
63 4
84 39
96 47
87 94
69 81
73 72
46 44
48 61
64 83
42 21
38 97
71 99
36 17
93 84
41 97
55 28
6 23
53 19
45 13
18 19
63 73
62 98
89 47
35 14
15 15
58 81
92 53
48 21
3 16
68 5
59 8
17 72
51 96
6 7
3 17
71 76
78 30
100 13
71 36
42 64
42 33
8 84
64 62
29 1
52 68
4 10
35 28
57 42
56 80
31 92
26 60
70 53
92 41
14 6
5 18
6 56
72 38
48 71
5 28
26 6
15 27
63 36
43 29
18 22
20 94
97 45
88 49
50 23
97 57
10 37
91 87
90 41
17 20
6 100
70 41
20 39
9 62
56 20
77 80
64 41
87 63
2 40
85 45
30 56
68 97
89 63
88 11
91 87
89 85
92 90
16 92
55 11
7 25
10 20
24 85
26 70
7 16
64 33
27 93
55 25
73 69
17 31
96 17
42 41
74 82
65 10
61 79
82 43
72 29
89 59
97 36
58 44
91 50
82 80
40 99
10 98
22 94
27 61
52 84
62 78
70 50
67 27
17 89
76 27
77 98
40 73
54 96
35 14
3 57
80 40
89 90
28 26
49 22
84 6
69 66
22 4
100 15
29 96
56 98
71 96
18 6
52 33
81 91
60 55
85 65
20 89
21 5
59 58
98 1
72 88
20 36
67 2
38 67
36 76
95 28
66 64
28 100
100 76
100 29
82 56
79 67
40 70
9 81
79 89
75 28
29 98
53 92
74 42
58 94
60 41
97 89
27 99
11 74
29 79
86 6
48 38
100 19
6 10
6 47
97 71
29 49
25 82
15 73
18 67
13 9
9 52
84 31
92 8
8 79
35 11
73 64
39 46
27 81
34 96
69 34
1 8
62 94
73 77
27 1
71 39
32 17
23 90
97 89
95 42
51 20
34 94
42 79
50 91
91 55
99 26
98 61
19 56
75 59
12 33
37 22
87 68
73 37
72 4
78 27
32 15
58 15
3 90
22 60
84 47
36 86
91 45
85 54
49 31
15 21
63 6
20 69
47 90
85 47
16 57
41 31
87 67
50 3
34 62
88 9
92 9
32 39
85 69
11 64
6 97
48 54
99 86
45 16
20 90
70 89
74 43
52 4
79 55
76 84
25 16
63 1
63 69
67 60
99 6
64 99
82 81
61 12
83 19
28 70
97 58
50 28
20 52
83 76
51 30
53 13
70 84
43 38
36 51
54 53
5 2
93 100
53 6
3 39
37 15
73 47
72 79
63 9
76 2
50 86
90 93
100 17
64 86
53 13
19 77
14 92
68 64
100 9
74 3
50 82
79 30
70 12
99 9
98 81
4 88
2 90
2 94
73 71
44 28
37 44
78 75
48 81
29 43
31 80
50 71
18 10
55 78
73 49
80 70
82 80
74 34
69 62
81 96
90 72
73 27
99 72
3 15
40 90
50 32
77 69
41 23
28 61
98 80
92 84
77 42
2 67
93 73
78 35
26 90
88 52
14 30
56 64
35 32
95 25
38 96
36 2
64 86
44 73
60 3
95 55
25 52
33 88
63 69
5 48
74 11
88 95
56 71
77 25
79 84
57 55
53 93
72 58
85 15
2 25
63 41
61 56
55 43
7 14
91 42
33 32
94 65
56 72
88 96
80 49
50 48
77 91
67 2
65 33
20 15
26 56
59 87
44 67
10 96
74 55
100 66
84 6
13 1
7 88
60 83
91 84
64 42
64 75
14 94
100 57
65 51
76 34
60 64
72 94
34 99
2 58
4 25
27 16
58 81
91 72
6 64
59 28
67 62
72 65
24 60
38 29
49 73
34 98
81 95
59 68
7 53
80 60
94 73
19 53
87 99
53 55
62 89
50 41
68 82
75 34
49 49
84 32
3 67
60 64
55 25
36 66
62 21
58 2
15 81
71 1
100 73
72 96
29 28
18 87
96 12
4 39
55 15
44 84
38 37
35 9
54 51
44 41
15 20
47 76
15 45
53 70
99 82
76 33
54 10
18 15
2 66
2 10
2 47
56 85
13 74
56 23
44 2
26 94
66 24
58 34
96 47
65 97
29 29
77 26
83 35
24 92
80 65
89 49
20 76
69 1
24 9
73 78
65 93
90 80
20 5
79 37
94 49
70 87
6 22
47 11
88 53
7 39
48 20
89 99
15 23
12 45
96 74
58 76
90 91
61 97
15 9
37 37
26 45
95 37
13 62
60 79
19 29
45 78
48 79
90 56
65 30
23 87
62 85
29 22
64 18
81 90
7 59
57 19
51 28
12 32
3 29
90 80
71 70
2 100
78 31
37 45
66 97
73 4
94 20
55 87
34 52
8 29
91 75
11 49
54 17
56 36
22 79
24 97
52 66
21 58
13 4
16 95
44 96
75 89
45 17
59 14
55 30
3 27
16 32
57 9
67 58
70 12
46 88
37 79
72 63
75 70
25 23
37 59
100 73
18 95
91 45
85 77
77 75
33 19
95 25
30 43
88 7
68 3
54 40
39 72
88 12
18 95
7 66
83 8
92 83
51 34
42 73
99 64
53 12
57 56
7 72
71 21
26 67
53 12
59 100
49 29
79 81
83 74
85 40
78 6
100 20
27 84
62 82
76 94
60 55
8 58
58 37
99 61
75 60
63 28
90 84
15 72
80 22
96 1
97 31
72 57
98 87
38 3
22 20
2 98
46 58
28 92
73 71
24 76
32 3
31 22
72 56
11 35
14 95
9 95
40 40
65 15
87 31
2 21
93 60
98 85
61 78
2 96
97 97
88 90
64 23
38 80
2 13
95 97
85 32
98 43
66 53
82 18
36 45
39 24
35 68
33 54
67 15
59 38
56 29
50 69
90 59
80 36
12 4
55 5
40 31
52 43
71 71
26 13
5 16
63 31
76 97
65 45
64 78
72 45
4 34
27 53
61 24
5 98
22 1
45 7
3 40
39 53
78 77
90 36
30 76
64 44
22 89
48 43
23 33
30 69
97 63
12 91
61 5
9 66
18 47
100 87
12 61
88 70
77 99
16 28
3 52
52 95
32 72
66 29
75 39
36 58
45 33
87 14
40 7
18 33
31 72
42 47
8 37
60 48
83 82
37 13
24 43
57 23
84 7
98 75
86 91
33 69
61 17
98 47
41 87
78 64
49 33
52 99
17 33
25 31
19 26
19 84
29 77
50 49
85 64
3 67
37 58
29 49
90 32
77 65
98 81
72 4
70 63
5 18
84 3
53 44
42 82
59 46
61 18
77 88
56 20
46 9
9 8
16 37
95 55
1 94
93 52
43 40
4 44
61 36
67 70
22 21
80 71
47 99
24 70
16 86
50 65
60 79
96 34
91 49
36 95
93 15
14 4
58 57
97 84
49 6
62 53
90 65
7 51
22 70
19 4
62 23
19 30
27 11
29 11
13 85
80 57
21 62
55 76
83 100
34 49
73 45
57 21
13 19
20 95
80 42
28 4
21 12
91 72
23 90
63 60
79 67
15 4
28 15
36 75
63 39
77 20
49 27
53 3
83 23
70 49
71 6
97 45
88 78
49 68
25 7
52 14
28 24
98 68
6 89
63 76
31 68
78 86
19 96
43 38
49 80
50 89
22 93
69 43
40 12
44 82
83 2
70 78
10 37
11 16
5 53
72 75
87 88
5 31
76 29
21 10
74 79
98 34
17 6
13 57
47 2
94 12
64 70
26 77
91 31
21 11
40 52
73 50
51 96
10 99
67 87
99 27
59 39
88 79
20 70
51 51
83 13
2 71
72 80
92 49
12 39
29 84
63 24
50 78
33 15
91 4
71 39
59 93
88 38
39 96
71 1
86 91
84 59
87 23
64 19
74 89
7 33
3 71
98 90
9 28
13 21
64 76
8 54
23 60
51 6
79 23
25 10
33 18
32 46
97 41
24 19
44 36
77 25
39 94
45 13
9 39
81 97
67 51
67 83
68 86
6 46
90 84
6 28
89 4
76 58
69 47
15 44
34 90
23 69
12 85
43 69
35 89
28 12
50 74
10 100
78 17
80 97
86 61
63 87
11 94
34 2
38 57
6 81
10 26
28 50
51 93
19 64
8 46
69 95
37 98
28 84
26 92
26 33
33 11
67 47
1 90
1 9
81 42
35 31
23 77
44 26
29 99
10 18
23 37
30 73
71 17
1 5
9 21
56 30
15 43
19 14
42 31
4 99
77 46
51 56
32 48
79 38
21 71
91 46
47 84
10 20
18 81
73 27
35 53
50 43
39 73
88 94
2 52
71 66
74 25
77 80
66 91
2 23
86 97
89 79
31 95
8 66
41 35
91 67
15 95
55 78
61 32
56 77
58 28
37 77
59 84
41 28
15 66
79 54
32 25
62 49
40 25
49 5
86 75
75 77
51 47
24 99
14 71
52 98
94 16
39 95
28 78
59 58
40 69
65 26
99 36
22 16
24 43
39 23
12 82
39 37
93 52
72 14
94 65
3 79
61 90
4 48
43 6
75 56
83 53
74 30
88 56
74 78
75 86
73 83
100 6
25 85
48 33
13 76
28 34
93 49
51 22
56 63
4 6
42 91
72 89
2 94
15 6
48 31
41 16
26 39
86 20
85 67
50 52
31 36
39 97
62 94
35 84
82 55
88 1
69 36
7 36
76 8
42 65
81 22
100 42
42 71
57 6
100 75
54 98
85 39
44 75
57 20
92 2
47 80
50 62
15 42
1 73
65 19
62 24
41 40
42 57
47 95
77 58
91 61
78 31
16 55
4 6
64 66
49 61
92 58
32 1
55 96
19 65
73 18
88 69
70 7
66 88
44 74
69 33
72 85
80 65
13 7
28 56
71 18
11 38
77 17
86 11
11 63
93 35
47 86
3 2
35 44
46 81
80 12
77 56
75 63
47 18
81 61
38 28
95 78
72 70
69 80
49 73
42 34
93 97
88 42
11 92
59 84
84 67
32 76
82 69
63 83
44 82
9 24
86 52
6 20
37 93
71 62
17 82
82 79
69 48
71 35
16 74
14 80
2 46
92 29
40 42
48 15
24 41
77 69
42 92
47 10
45 48
43 17
88 96
90 97
82 10
99 87
100 80
65 28
30 63
81 100
80 11
25 96
41 76
65 14
82 67
29 68
87 28
50 100
10 98
55 27
21 35
25 72
21 6
22 32
69 100
60 99
70 47
92 93
89 19
63 90
39 2
85 18
5 6
78 97
74 14
87 67
28 36
73 94
3 95
57 50
5 45
82 57
33 97
45 20
46 70
67 64
74 39
84 97
16 63
35 37
91 75
36 97
12 60
11 80
10 81
80 11
22 30
79 79
23 3
62 48
93 68
13 57
47 66
50 26
91 53
20 79
88 92
18 40
45 24
90 86
27 41
49 21
24 42
11 38
46 92
21 64
77 1
71 31
5 12
45 63
5 19
95 87
80 12
16 30
57 18
41 44
47 40
30 48
71 22
70 43
92 95
64 89
34 99
38 12
13 14
76 3
9 43
52 6
46 95
5 18
41 43
72 35
54 38
16 37
34 72
51 82
37 52
63 24
21 12
41 63
7 39
25 82
87 1
38 2
93 63
43 19
79 45
39 2
24 18
49 66
60 96
15 64
64 6
46 46
4 76
28 20
21 1
65 70
79 77
66 95
69 87
20 71
89 81
74 77
87 7
23 5
24 58
23 58
37 28
44 21
15 73
43 66
21 54
1 73
80 67
65 16
95 43
10 11
55 69
19 60
11 28
15 65
85 24
74 34
12 10
41 51
2 5
32 10
5 20
80 81
50 56
73 58
51 3
38 37
47 86
38 10
12 41
22 95
60 19
48 20
18 67
27 43
90 86
38 72
27 68
22 4
54 87
74 10
31 67
8 8
44 70
93 94
74 72
80 45
67 79
85 33
20 47
68 83
69 95
24 18
47 63
18 50
49 75
50 66
55 38
95 13
87 27
19 30
68 7
98 97
66 50
85 26
24 40
8 35
74 97
3 7
81 90
27 36
76 68
63 56
35 43
19 89
56 2
8 66
50 33
22 80
93 98
70 31
89 63
61 44
45 48
87 77
30 46
93 75
36 94
36 83
39 87
22 72
54 13
7 45
72 69
72 14
91 70
95 60
79 48
65 67
97 18
59 89
43 54
24 85
73 45
77 96
94 26
28 98
85 61
44 10
49 77
29 10
13 41
89 91
41 54
57 88
28 68
70 51
2 62
63 13
5 85
40 48
37 85
11 49
98 45
8 5
82 62
41 66
54 64
60 61
5 84
3 33
70 50
47 37
26 69
42 46
76 32
20 94
70 43
12 44
15 4
70 71
40 54
27 96
11 62
32 59
35 83
38 81
53 9
88 45
100 93
9 93
28 44
88 77
19 42
25 40
47 81
100 55
17 6
1 96
11 16
21 89
3 80
32 65
20 26
80 49
74 62
47 9
99 94
95 4
58 53
13 49
16 74
49 58
91 44
26 87
80 68
78 27
63 67
84 76
65 23
15 60
92 20
44 18
2 36
11 13
21 58
1 69
10 68
37 15
53 16
73 35
58 3
55 96
4 51
29 80
86 96
29 12
75 89
85 89
23 67
84 93
49 38
91 40
32 2
92 81
16 79
63 69
69 7
31 45
46 96
85 81
45 4
37 15
29 99
98 92
47 80
49 8
98 12
9 99
85 22
2 27
33 33
94 24
56 74
36 35
74 56
42 69
65 46
48 96
78 58
39 12
31 88
78 95
81 3
14 41
69 27
97 81
76 9
89 86
27 26
21 4
74 66
23 81
58 70
2 16
72 72
56 1
2 23
70 83
16 99
86 44
23 62
48 83
80 20
79 35
84 69
53 27
72 4
100 14
53 22
1 13
90 77
35 61
30 7
71 32
49 1
51 33
67 12
76 9
39 18
45 89
97 64
64 36
19 22
6 85
17 51
90 93
13 86
18 26
59 28
29 84
4 21
34 89
76 19
35 40
12 75
11 87
39 18
35 78
10 53
91 39
87 90
100 29
78 51
16 48
70 12
78 51
18 33
88 76
53 11
57 2
84 16
1 26
72 89
2 37
58 11
89 40
91 82
71 96
6 65
2 9
99 31
61 85
35 49
26 1
95 77
98 75
37 40
34 94
84 5
46 92
76 85
70 46
97 72
53 35
37 94
18 84
30 38
55 78
57 59
35 100
63 79
40 74
87 26
34 20
41 63
45 88
74 59
84 44
15 83
80 75
85 4
65 65
40 59
71 52
90 66
87 87
68 78
78 5
20 33
51 82
24 48
47 69
72 28
72 19
100 55
60 21
42 54
81 44
66 50
98 64
67 44
28 80
90 90
54 21
14 99
82 52
98 8
87 57
65 95
64 42
18 83
1 50
28 6
10 94
71 53
69 23
96 80
38 30
47 27
67 64
40 12
22 74
13 32
63 39
93 45
64 39
75 11
34 98
97 82
40 60
84 14
63 25
20 91
73 3
16 97
85 90
54 6
65 56
71 98
19 52
28 49
89 81
19 1
7 55
98 26
42 53
76 77
45 5
31 82
74 56
11 21
71 45
95 81
75 4
85 83
39 25
39 42
59 45
25 75
87 24
51 56
8 88
49 100
70 47
80 42
17 97
54 88
85 47
33 4
76 85
55 98
13 53
16 17
26 50
19 59
65 42
67 2
46 35
9 99
97 83
19 42
71 19
19 28
13 23
46 22
4 62
52 99
36 16
14 7
76 73
22 39
64 14
35 12
70 38
85 60
66 53
38 86
90 47
50 51
71 90
66 84
5 48
83 94
81 52
30 97
53 52
98 46
48 50
99 38
6 44
44 85
17 80
29 14
15 64
82 54
74 87
70 25
33 52
9 2
83 83
60 25
30 92
99 97
46 36
51 30
83 8
11 41
41 67
73 7
60 91
11 8
90 42
16 91
45 1
22 45
97 39
97 4
19 90
44 89
95 42
77 85
40 73
64 21
5 50
54 88
45 74
30 89
23 12
29 77
38 42
57 47
40 1
19 34
55 95
85 89
21 15
90 54
95 81
61 81
14 60
6 71
23 41
3 53
22 61
19 93
76 98
70 52
16 97
95 87
14 40
62 38
71 24
53 64
77 10
27 73
58 51
73 35
56 61
32 14
53 11
45 3
88 12
92 64
63 36
95 6
28 52
35 2
36 12
22 32
48 34
49 23
80 54
22 74
3 76
53 67
41 67
78 73
22 18
8 63
24 11
35 9
21 52
46 34
39 72
98 61
72 59
96 74
22 95
27 71
27 87
75 5
71 73
67 51
18 68
85 60
61 8
46 71
72 61
48 19
19 54
19 47
96 42
