5000 206235
20 35
7 22
8 33
6 39
24 37
20 24
16 27
7 35
11 34
23 30
5 36
6 24
9 32
14 22
17 14
24 34
9 28
18 38
22 11
12 38
19 30
21 32
5 24
22 22
25 39
21 21
18 40
8 30
17 27
10 18
21 39
14 25
23 12
7 32
20 13
11 37
13 37
15 35
20 40
17 26
23 15
16 28
5 25
9 32
6 16
19 31
13 37
22 26
6 26
22 40
11 32
6 18
5 21
5 37
18 15
10 16
23 14
23 21
10 39
13 31
11 39
9 16
7 24
18 30
21 37
23 23
14 23
20 14
11 29
5 10
10 21
8 12
23 36
5 12
23 24
12 36
13 11
16 14
11 29
16 19
17 19
25 11
10 22
9 23
12 12
10 33
11 26
18 38
12 16
6 15
23 31
9 39
19 39
18 11
24 33
23 10
17 12
11 32
14 12
10 22
18 22
8 29
23 38
23 18
11 21
12 31
6 18
12 30
10 26
16 33
6 40
17 18
10 30
11 25
11 39
12 38
24 39
20 17
7 38
23 39
11 33
15 16
18 15
6 14
19 22
24 38
5 28
10 22
9 10
22 38
24 31
11 18
14 18
15 25
15 35
23 18
14 39
7 25
8 15
20 33
16 23
14 37
23 33
17 16
5 10
13 30
12 37
17 18
18 19
11 14
11 13
21 26
16 36
17 13
22 27
10 23
18 23
22 37
8 24
16 35
20 11
25 15
18 17
21 39
14 13
10 25
6 24
12 15
21 39
6 15
24 12
24 21
24 34
7 25
6 17
7 33
16 31
20 14
13 17
11 20
11 12
15 23
14 34
22 33
15 35
19 13
8 21
5 17
8 29
23 21
16 39
23 40
22 37
6 23
22 13
24 20
19 25
15 29
6 21
9 39
8 14
5 40
11 23
6 29
24 35
14 33
22 10
11 18
17 36
20 37
16 21
17 10
24 37
8 14
11 39
15 20
6 40
14 26
11 22
15 21
13 40
14 35
5 33
21 35
5 29
25 23
7 33
18 34
13 40
23 37
25 36
25 39
18 22
9 14
23 25
24 36
14 24
14 24
23 29
5 33
18 33
9 15
11 26
18 13
15 32
11 21
20 12
12 19
20 31
8 13
21 57
35 55
22 51
20 44
24 42
34 47
36 37
29 49
32 46
35 65
27 50
28 52
27 52
26 64
21 39
29 48
24 63
34 62
22 38
23 51
30 38
22 42
33 45
24 53
28 40
23 58
38 60
34 39
21 37
40 51
22 65
23 63
27 64
32 43
26 60
33 46
30 54
39 65
21 41
24 54
38 36
21 65
32 51
34 37
30 37
31 57
38 52
36 60
29 43
28 50
38 59
29 64
31 47
25 43
24 47
39 61
32 36
33 39
30 61
34 39
35 59
29 61
37 43
33 57
27 54
38 52
21 65
27 58
28 43
22 61
39 57
32 64
37 49
33 45
26 43
24 40
30 39
31 43
34 52
29 62
24 40
40 52
30 59
33 49
36 41
29 52
32 63
23 55
21 52
32 54
40 45
26 58
25 56
33 61
20 65
35 46
27 36
25 43
20 40
33 60
31 62
30 40
20 60
28 37
25 56
26 37
34 46
31 44
28 58
35 39
24 60
29 59
22 48
23 53
30 55
37 61
38 55
21 43
35 57
37 56
28 63
22 41
34 48
37 38
36 53
25 60
37 58
26 38
26 53
40 55
24 65
35 56
39 47
38 64
24 38
31 46
33 43
29 39
26 64
25 60
33 48
36 62
22 40
28 42
29 53
22 61
39 43
33 37
31 45
30 54
40 53
24 47
32 48
37 49
35 55
33 63
29 59
35 42
30 56
38 55
25 45
30 58
32 64
20 41
30 59
34 56
27 58
40 36
28 50
32 49
37 57
26 41
33 37
34 47
20 59
38 64
24 49
26 55
29 49
36 53
32 53
23 49
23 42
34 48
38 64
30 57
28 40
37 36
36 41
40 63
36 48
37 65
21 49
34 39
25 45
24 37
37 64
34 39
29 64
29 58
30 46
38 46
32 44
36 56
38 60
39 46
30 46
33 35
35 61
40 56
34 60
33 35
29 38
27 59
29 53
21 60
30 63
36 45
28 52
26 55
23 49
39 50
39 44
22 53
34 54
28 44
22 62
33 39
25 46
25 65
32 47
31 59
21 62
21 51
35 37
34 54
32 36
29 44
40 52
38 51
30 35
36 50
24 36
20 61
23 49
20 42
28 50
33 40
36 40
38 54
54 82
40 80
35 68
50 61
36 82
45 87
51 67
55 74
46 86
41 77
36 61
40 65
51 85
52 84
44 87
35 63
37 77
49 69
50 78
35 78
54 86
40 87
47 80
44 69
35 79
49 86
54 77
43 60
50 65
39 69
52 63
44 76
38 61
35 72
44 62
47 85
42 69
52 89
52 89
52 72
53 89
49 61
39 64
42 87
38 83
35 66
46 72
50 73
43 76
44 89
47 79
37 74
48 70
49 85
37 75
37 82
53 72
50 87
52 82
54 81
43 85
52 67
37 77
43 76
37 70
40 77
51 61
46 85
38 69
49 75
48 84
38 63
46 87
43 79
52 81
39 90
36 61
54 80
43 84
47 79
38 74
37 61
35 62
35 84
51 71
42 60
42 71
49 67
41 61
35 82
40 60
38 64
35 88
43 78
41 87
53 82
47 67
38 86
46 74
49 78
49 82
47 87
42 79
49 65
38 85
46 71
51 76
48 83
47 68
38 61
51 72
39 72
51 73
51 85
39 81
47 80
41 88
50 71
40 76
36 66
54 71
50 63
37 61
42 66
38 65
44 69
41 88
36 61
51 87
43 65
38 66
52 85
53 66
54 79
51 82
43 60
45 68
42 88
42 89
37 74
36 71
41 76
35 72
41 75
36 69
50 81
45 70
46 76
53 81
42 64
42 85
41 73
49 65
40 68
39 72
44 62
53 71
45 87
54 89
47 87
41 89
36 82
46 62
54 81
55 69
35 61
51 85
36 62
52 79
43 89
47 90
38 79
42 72
38 61
39 85
36 76
53 73
36 88
47 74
50 63
35 66
51 83
52 74
36 86
54 63
46 63
36 80
51 71
37 63
44 70
49 65
50 78
44 61
50 60
47 88
45 64
35 65
42 60
55 79
41 81
49 76
41 85
44 72
55 61
35 73
52 71
52 64
35 64
36 70
37 77
36 65
39 68
52 73
50 87
50 60
46 84
52 67
36 77
53 80
46 61
42 87
43 78
50 69
39 60
55 85
42 84
51 65
54 67
55 68
38 78
45 77
35 82
43 88
41 70
35 83
54 77
37 82
41 75
44 84
43 76
50 62
40 74
39 72
35 82
47 81
50 87
51 78
39 89
48 83
39 90
55 103
68 86
55 101
51 91
61 85
69 107
52 87
62 89
54 109
57 115
63 87
66 103
62 95
58 86
58 110
65 99
62 97
70 104
61 114
59 86
56 101
53 113
58 112
63 115
54 110
55 114
65 104
52 100
70 86
59 112
50 100
69 88
60 109
57 106
65 99
51 105
69 97
56 100
66 100
66 108
63 93
63 87
68 91
63 108
53 114
50 113
51 114
62 91
62 103
61 97
60 101
52 114
62 98
60 89
54 110
55 89
70 103
54 113
61 106
62 112
67 92
61 85
56 104
55 111
67 85
50 90
53 90
60 99
58 99
50 98
69 98
54 92
51 107
66 105
53 107
70 113
66 90
62 87
61 85
66 114
59 88
60 100
64 90
55 107
64 100
59 109
59 104
60 108
70 87
68 102
57 111
67 105
55 91
70 107
51 103
69 91
56 107
68 110
52 105
67 98
57 103
57 111
66 90
52 96
67 114
63 113
63 92
53 107
66 92
59 106
63 114
54 96
60 102
66 99
52 102
57 89
65 85
51 89
55 102
51 94
69 95
53 92
51 105
56 115
56 90
61 102
69 97
65 108
62 114
68 115
68 85
70 98
64 86
68 87
70 85
70 88
59 98
57 109
57 90
54 112
56 93
57 97
55 93
58 100
55 91
60 102
57 100
60 86
56 98
67 87
53 95
70 106
66 97
50 107
69 88
60 108
68 115
53 113
65 90
68 95
65 107
50 97
63 108
69 107
67 99
70 101
58 111
57 98
52 102
53 105
60 103
50 114
58 98
57 106
63 87
51 110
58 108
54 114
60 103
65 101
64 97
51 105
58 91
52 95
64 87
58 94
68 92
58 90
60 113
57 90
67 107
57 106
57 88
70 109
58 92
70 104
54 94
50 105
56 91
70 88
57 112
51 111
66 99
58 108
50 107
55 93
69 108
66 109
67 100
51 98
56 109
55 90
68 90
69 100
55 110
51 102
53 111
64 106
57 96
70 104
61 91
69 97
62 107
64 106
56 105
62 110
61 114
70 97
68 107
60 95
64 96
64 88
59 91
62 101
53 88
50 101
66 112
54 89
61 85
65 106
60 109
57 114
69 95
57 108
52 90
66 99
52 112
61 106
62 92
56 101
80 116
75 127
67 139
79 127
74 123
75 124
75 131
82 136
66 129
85 140
81 126
82 115
66 135
72 121
74 136
74 119
80 138
72 110
75 123
75 128
70 133
80 110
78 119
83 121
76 120
82 127
77 129
65 114
82 124
70 122
82 121
69 117
75 123
73 138
74 133
79 129
79 124
68 137
80 121
83 129
82 123
73 122
68 136
83 125
79 139
68 126
79 126
65 123
78 110
82 132
70 133
77 115
79 134
68 138
77 117
78 131
78 129
78 131
72 125
78 133
74 110
73 133
83 139
67 121
80 122
75 127
72 118
80 117
77 133
72 114
79 128
77 128
82 134
83 130
76 122
66 133
67 126
85 133
82 127
71 119
84 113
72 139
80 128
68 122
82 118
75 116
73 119
80 139
67 139
70 119
85 136
75 128
78 125
83 132
74 121
83 137
84 136
75 133
69 139
80 130
65 127
72 138
68 128
78 136
76 122
80 134
67 114
74 125
77 128
67 127
74 114
69 120
67 114
81 120
69 115
67 116
79 136
75 125
75 136
83 137
82 123
73 122
76 139
76 112
66 140
85 123
74 110
81 111
80 136
78 114
85 121
65 130
68 119
72 125
76 123
74 121
76 110
68 119
76 123
65 121
68 139
67 124
66 126
85 139
71 135
77 118
69 116
82 117
84 110
83 129
70 112
79 114
65 126
79 137
71 132
68 121
76 110
84 123
84 117
71 135
71 120
71 112
71 139
82 140
68 110
76 119
83 121
83 110
82 133
74 134
67 113
76 110
76 137
69 125
69 132
74 111
67 120
65 124
78 121
74 114
74 136
85 122
65 132
67 111
71 117
82 135
65 137
85 119
77 115
81 132
75 113
69 133
82 133
82 127
84 128
67 122
69 140
75 127
81 112
81 111
66 120
75 126
82 129
74 135
76 129
65 126
73 113
73 110
70 125
76 137
74 113
70 121
77 139
76 129
70 122
74 116
84 125
72 137
70 126
83 134
84 113
77 132
65 126
73 110
68 112
70 139
74 114
84 113
67 112
71 140
81 121
80 114
74 135
69 137
78 127
71 121
85 138
83 136
79 131
65 121
65 133
67 137
78 124
71 136
75 130
68 139
67 138
81 134
80 139
66 140
100 144
99 139
80 146
94 153
99 160
87 157
98 141
84 145
90 153
85 139
99 163
100 139
81 136
88 151
91 151
81 149
92 159
84 165
92 150
83 138
87 148
87 156
98 146
93 142
98 139
81 137
80 145
96 160
92 136
96 145
89 158
90 147
94 144
89 152
87 159
94 164
99 146
95 159
88 154
98 154
99 141
81 156
98 160
99 159
97 158
89 149
88 160
83 162
86 138
85 158
82 165
83 136
98 146
93 135
80 157
89 153
85 143
98 147
83 158
88 163
87 142
82 159
92 137
92 136
94 165
87 164
95 150
93 139
85 158
94 156
92 160
84 145
90 151
96 138
93 161
88 154
98 144
92 136
92 165
83 148
99 162
98 158
99 144
83 138
92 137
87 149
97 135
97 160
90 149
96 157
92 162
100 144
90 153
95 151
91 146
80 147
86 143
80 150
87 164
87 151
96 144
99 158
83 158
94 157
80 148
92 147
91 155
98 149
80 136
96 157
88 159
96 153
92 139
95 149
95 153
94 162
92 164
98 138
80 137
85 158
80 139
91 158
86 161
85 135
99 165
93 140
93 156
95 156
82 157
81 159
87 138
83 138
82 142
91 155
90 164
80 156
89 148
96 161
97 151
95 135
98 150
98 139
93 159
93 164
97 162
86 158
84 144
98 135
85 165
86 157
99 161
84 163
94 158
96 147
99 149
81 153
95 150
84 165
88 148
97 156
86 152
84 143
89 142
94 142
84 157
87 136
80 143
85 159
87 152
80 140
90 150
100 162
100 148
89 140
97 157
85 140
85 140
91 136
87 153
84 153
80 140
91 158
80 148
93 148
96 154
90 165
94 142
87 135
90 154
94 148
100 162
85 150
86 163
97 148
100 157
81 155
91 150
80 143
85 161
94 162
83 138
83 152
90 152
85 163
83 153
100 147
95 160
87 149
100 147
89 135
81 158
96 161
98 135
100 139
84 156
80 144
93 155
81 136
89 143
98 143
82 140
95 141
80 150
96 152
80 146
94 161
91 139
92 146
81 159
89 164
98 147
89 139
89 165
89 139
95 137
91 163
80 165
90 139
83 153
96 142
87 140
83 136
94 158
86 147
100 161
97 161
83 152
85 137
93 138
88 153
113 176
95 172
95 177
109 189
109 164
97 162
109 166
114 176
111 174
95 172
111 169
105 170
115 163
102 167
100 179
113 171
107 169
113 179
98 164
106 189
113 182
111 173
112 160
112 185
110 186
98 180
106 171
100 186
100 171
115 181
97 184
106 160
105 181
96 187
113 163
104 190
98 181
99 182
110 167
100 162
112 177
110 162
114 180
108 170
102 187
106 189
100 186
96 181
103 176
102 167
106 165
115 172
111 174
102 173
97 176
112 182
114 167
97 189
104 180
111 186
100 162
99 162
98 180
99 172
99 163
109 185
97 183
100 161
107 166
103 188
98 190
104 182
109 172
110 190
98 182
111 172
107 176
113 182
95 162
98 169
103 180
112 171
100 165
100 176
109 185
104 189
109 190
110 187
101 166
101 166
113 178
109 180
112 190
95 167
103 170
114 164
113 175
96 167
111 186
115 190
111 165
97 172
98 174
110 171
99 160
111 177
95 163
101 176
112 176
105 162
105 164
110 184
97 180
103 167
115 182
97 162
108 190
97 187
113 178
99 162
108 183
114 160
101 183
101 188
104 167
98 162
99 162
98 189
108 182
114 162
112 167
99 166
96 175
100 179
95 168
111 179
100 167
99 184
109 163
107 166
99 179
114 181
106 190
103 168
105 181
110 160
100 173
111 160
98 168
97 187
98 165
109 175
104 190
113 168
99 188
99 172
95 178
107 163
98 179
108 165
99 178
113 163
97 171
111 185
104 179
103 160
107 163
114 162
112 180
97 163
96 180
99 190
103 175
104 182
109 171
115 171
99 189
100 186
102 174
108 184
111 168
103 184
113 165
101 169
114 161
104 172
109 186
113 186
102 170
101 173
100 170
109 176
95 164
112 174
114 189
98 178
98 190
114 171
109 165
105 190
106 189
105 184
105 179
97 165
107 162
108 176
108 167
102 178
100 170
95 187
101 167
108 170
104 184
102 167
108 168
106 160
107 172
101 190
99 171
109 186
109 178
107 183
107 170
112 164
113 170
110 184
111 173
105 177
111 180
98 160
104 190
104 162
107 183
113 168
95 163
106 172
110 172
111 174
114 172
95 165
98 174
112 162
97 190
115 189
95 172
98 174
107 188
99 180
101 174
111 179
121 214
126 189
118 185
120 213
129 186
128 185
113 214
127 195
126 205
130 199
124 192
111 195
123 196
117 205
114 209
112 195
119 189
127 185
116 185
128 200
123 214
111 201
117 200
127 208
120 187
127 189
125 215
117 195
129 196
114 187
124 189
124 208
112 209
124 194
120 203
117 209
113 189
124 194
114 186
119 206
112 190
125 194
129 190
112 195
123 201
127 202
120 206
117 210
126 214
127 189
119 211
118 185
122 188
110 203
119 194
117 190
122 214
114 199
111 187
114 201
118 187
129 190
121 193
116 190
112 189
123 208
113 189
112 211
127 213
116 194
118 202
123 202
123 211
118 201
129 206
115 198
123 185
130 199
116 203
117 197
115 209
128 203
124 208
111 186
129 210
124 209
129 204
115 208
129 192
112 196
113 191
110 204
120 195
126 195
113 202
111 201
128 206
126 189
125 199
129 215
110 196
129 201
127 186
118 197
123 198
120 189
127 200
118 204
116 209
128 206
112 199
125 204
124 192
117 201
112 211
111 211
126 191
129 188
110 200
112 198
125 191
115 195
127 194
121 197
122 208
116 196
113 191
120 194
116 206
115 185
129 193
118 203
113 189
111 204
120 188
122 196
122 202
120 213
115 201
116 214
117 195
117 196
121 190
117 211
120 198
114 194
125 204
128 187
124 200
127 192
128 206
114 211
111 190
123 188
126 185
112 212
118 191
121 205
114 212
124 191
117 193
126 214
113 194
126 200
117 205
129 194
128 191
120 202
125 209
113 215
128 202
121 215
123 185
110 188
127 187
116 186
116 205
130 188
124 214
114 205
114 192
112 211
112 215
128 206
123 214
115 200
114 197
122 189
125 187
123 187
111 197
119 196
128 215
125 213
111 215
117 196
129 197
114 200
130 200
126 185
111 209
129 209
125 214
110 197
128 186
127 187
118 201
112 200
122 212
123 194
121 211
129 215
117 208
115 198
112 205
125 201
110 212
115 199
127 189
112 208
126 193
119 204
110 190
117 190
113 198
115 210
127 188
129 197
111 192
119 186
112 190
113 190
123 208
126 210
121 198
111 185
123 192
116 196
127 202
113 196
118 214
119 189
119 214
117 211
118 191
121 212
125 196
121 196
129 204
123 214
127 228
135 227
145 224
129 214
132 220
136 237
139 230
144 216
129 224
135 227
142 236
144 239
135 225
140 218
139 222
137 240
144 211
132 232
141 222
134 222
142 220
140 237
142 218
137 223
141 213
135 217
145 223
125 212
142 221
137 235
145 224
127 230
127 219
138 237
141 214
145 219
144 224
128 221
127 215
138 219
137 230
132 212
133 227
141 234
125 221
135 227
133 220
143 218
142 226
132 218
133 220
128 212
141 228
143 221
142 213
140 239
134 211
142 231
129 212
144 222
141 210
129 216
142 214
137 238
130 224
127 216
125 228
141 223
134 229
138 236
144 221
136 221
129 232
127 239
138 222
136 213
131 217
133 232
137 232
137 238
140 230
133 238
144 220
136 220
137 212
133 227
130 237
142 234
145 237
141 218
143 237
142 228
145 229
127 221
125 235
132 223
133 219
132 230
140 229
135 226
141 213
138 211
138 238
132 224
129 223
125 239
133 240
126 220
145 233
140 235
140 237
137 240
138 226
130 234
136 228
132 232
133 218
129 229
128 224
132 236
138 231
130 211
129 219
126 214
130 210
126 226
139 214
125 210
132 213
134 228
139 240
125 217
138 239
144 218
141 238
128 214
135 237
129 216
137 225
142 212
125 216
139 217
130 240
144 234
138 238
131 229
126 228
131 240
133 231
133 237
130 218
133 211
140 216
132 215
142 223
125 211
141 229
133 234
129 222
134 229
137 238
126 212
142 212
130 239
132 216
129 216
126 234
129 226
126 221
145 226
138 232
137 219
134 231
130 237
129 229
131 219
127 230
131 239
137 217
144 218
126 228
133 235
137 229
139 216
126 237
131 230
133 214
144 237
140 211
131 232
138 214
135 211
142 218
136 219
130 233
127 237
136 239
130 229
144 238
136 223
135 224
137 218
137 240
137 216
137 233
126 227
133 237
143 225
130 226
134 228
144 219
139 226
143 210
130 234
139 235
138 230
133 217
144 232
139 240
128 214
130 234
131 225
137 217
139 231
136 233
130 239
134 228
139 215
141 224
145 226
135 211
136 224
141 210
142 222
142 210
133 230
144 213
138 221
140 210
129 210
131 216
135 231
131 220
145 220
143 233
134 211
133 238
127 240
130 226
131 238
152 256
141 241
144 251
158 236
159 250
158 242
150 263
159 245
146 254
156 264
153 248
148 237
141 243
160 243
144 243
146 243
156 254
144 256
158 263
153 254
142 255
160 262
156 252
145 256
151 260
143 250
142 248
140 251
158 252
148 250
160 261
156 257
160 238
151 250
140 236
151 241
151 258
150 239
143 241
146 250
152 246
155 239
156 247
156 248
151 245
153 255
156 250
143 249
146 257
148 249
155 264
142 245
147 253
150 235
143 240
142 257
144 245
146 241
150 247
151 254
142 248
145 258
148 253
151 249
140 239
155 262
155 249
160 257
147 253
150 260
143 238
140 240
147 244
143 237
144 235
151 245
154 261
142 244
143 241
152 251
149 253
155 243
140 251
143 265
160 254
153 259
142 242
147 236
156 245
160 240
143 256
144 252
145 250
155 260
155 251
149 235
150 256
142 235
154 241
156 241
154 259
153 250
160 264
141 251
149 251
150 247
150 239
144 253
156 258
140 244
144 253
151 244
149 249
142 248
157 243
152 246
143 252
145 264
141 242
151 254
145 238
160 258
153 262
145 260
140 253
157 263
151 246
157 245
160 246
159 245
152 245
146 251
150 247
154 242
156 258
159 243
143 259
152 236
157 244
141 242
140 262
160 265
141 241
148 263
150 235
155 238
152 260
154 237
148 263
152 260
148 237
160 251
145 236
143 246
144 243
159 239
157 255
155 243
149 245
157 247
145 245
158 253
149 265
156 246
157 262
156 251
155 241
151 255
142 250
160 249
155 251
150 259
151 254
147 235
141 239
156 240
152 258
141 251
141 246
156 250
142 264
158 237
144 235
155 243
141 255
153 238
147 243
145 243
141 261
155 257
155 249
147 246
159 254
144 259
140 253
154 236
147 240
158 250
156 258
156 249
141 248
149 248
148 246
145 248
145 260
150 238
145 235
141 247
140 239
140 249
141 243
160 240
141 253
155 250
144 246
150 255
156 250
153 247
150 256
148 263
153 263
150 256
150 245
159 249
152 238
147 239
149 249
155 259
140 263
142 246
159 242
147 265
148 264
153 248
153 240
150 236
155 243
159 264
146 257
153 235
149 246
145 237
143 245
143 257
148 239
145 246
156 264
156 263
147 256
160 248
11 31
24 35
10 11
8 25
12 14
11 23
18 25
17 13
14 19
20 38
22 35
24 29
12 26
18 27
25 36
14 37
25 21
9 21
25 22
20 10
5 16
6 35
14 37
9 22
9 32
18 25
21 22
14 16
8 29
17 12
19 30
10 39
10 27
21 18
20 10
13 19
15 30
9 34
24 40
19 30
10 20
23 15
21 16
25 28
13 14
24 18
15 24
15 33
15 22
21 34
21 17
21 27
14 15
6 21
6 23
9 34
24 11
8 21
13 19
15 11
16 24
18 13
14 23
15 34
13 34
25 15
9 29
11 36
13 11
23 34
25 14
19 12
6 23
15 22
22 19
5 10
8 30
9 28
20 37
12 36
22 40
8 30
24 30
15 19
17 29
18 10
12 26
11 36
7 22
20 28
17 26
9 22
10 29
8 13
25 19
22 12
19 37
19 34
11 13
19 12
14 11
11 21
16 13
6 24
12 17
15 13
11 24
13 34
23 23
14 23
23 34
15 37
8 11
25 12
11 29
8 32
22 15
12 12
25 15
24 31
7 22
25 13
22 15
23 35
22 31
14 16
12 29
9 10
6 30
21 32
18 14
23 34
8 24
18 26
16 18
8 39
21 37
22 22
15 35
12 28
21 21
24 36
18 34
16 27
9 35
22 30
5 28
7 16
20 18
8 27
8 34
21 12
14 25
17 31
9 28
5 31
15 39
8 35
6 17
20 13
22 24
24 37
7 17
24 10
18 30
7 37
11 10
20 10
11 20
14 31
5 35
14 33
11 33
17 23
6 34
14 40
19 17
20 16
10 35
16 37
18 33
17 37
9 30
16 14
14 25
25 34
9 11
21 10
21 10
20 31
13 37
20 40
12 25
21 26
23 21
11 32
20 12
11 34
6 22
12 28
17 28
21 14
17 36
8 18
20 25
9 27
20 28
6 23
6 28
15 17
24 18
10 11
18 25
15 40
9 29
7 32
6 36
13 32
11 38
5 23
7 38
5 30
22 22
22 23
22 38
19 39
6 27
11 25
11 29
11 40
16 39
6 21
10 23
7 22
22 10
15 31
5 31
20 18
17 18
17 10
23 17
7 21
5 34
16 36
5 17
19 29
9 22
24 37
8 11
21 12
40 63
35 61
34 64
35 54
39 56
30 46
30 50
32 55
35 49
35 55
39 41
23 59
22 40
25 45
40 58
39 39
22 36
37 43
20 37
38 37
35 47
32 52
36 36
32 39
26 54
22 39
31 63
21 45
22 47
32 41
24 64
37 59
22 44
20 60
40 61
40 65
22 41
35 39
35 53
25 56
27 63
20 63
28 51
27 60
24 59
30 36
27 47
33 54
35 59
30 63
30 42
25 61
40 44
28 54
22 37
30 65
37 63
25 56
27 38
35 44
24 50
36 52
26 36
39 48
20 50
34 46
37 37
39 38
37 36
25 39
35 62
24 36
22 62
34 41
35 39
37 58
28 57
31 48
20 45
34 51
36 38
27 50
21 36
22 50
29 40
34 39
21 55
31 60
25 59
31 49
30 47
39 51
40 48
31 60
33 57
38 50
27 39
36 35
28 51
25 41
25 38
37 56
34 47
26 40
30 45
37 36
22 59
36 59
39 49
36 62
25 61
37 64
36 43
21 39
26 46
34 46
22 52
35 37
35 47
31 36
34 61
20 50
38 53
33 57
38 58
24 37
40 62
35 49
27 62
32 60
38 60
22 54
33 39
32 40
34 63
27 44
25 42
20 44
39 63
35 57
40 52
36 37
34 56
30 50
22 35
33 58
26 50
36 36
28 35
21 38
23 45
28 53
32 38
27 42
40 62
23 50
36 56
34 58
28 36
29 61
22 52
26 59
36 63
20 51
25 64
23 59
25 65
35 57
38 39
23 64
20 63
29 45
24 62
25 60
21 43
36 62
33 41
27 55
20 45
27 64
26 56
32 47
40 63
26 53
26 35
27 64
33 60
21 46
35 43
24 49
37 56
37 41
40 61
33 61
28 65
23 44
30 45
23 41
36 56
21 40
35 42
25 51
22 46
21 52
28 61
29 36
23 42
30 44
27 38
39 39
23 59
27 55
32 36
39 44
37 53
28 46
24 52
35 57
37 55
39 45
40 42
25 65
31 54
40 49
39 45
30 57
37 63
30 39
26 40
32 54
24 60
29 50
30 57
30 37
38 49
25 58
34 57
36 37
25 62
40 65
30 65
20 42
26 35
29 59
33 56
29 60
39 42
20 58
40 50
31 41
52 64
45 75
38 79
45 64
52 89
43 80
51 81
44 81
49 64
45 82
54 83
36 69
48 86
37 86
45 81
41 66
39 87
47 77
35 63
50 84
43 80
55 85
42 66
38 87
39 89
42 63
42 63
52 79
42 68
44 65
43 70
54 80
43 88
54 75
46 85
35 90
48 80
37 81
44 68
35 63
49 63
49 87
46 73
35 63
38 86
46 76
35 78
35 67
55 71
47 74
46 60
42 77
48 65
38 73
45 83
45 79
42 77
39 62
45 90
48 77
42 71
35 89
46 67
47 70
54 86
53 81
52 64
46 73
45 73
41 83
49 69
38 90
51 86
51 85
40 62
49 75
44 72
53 66
50 75
42 67
49 67
54 63
39 63
50 81
55 71
47 78
49 82
45 72
51 74
47 67
46 74
47 86
54 61
52 72
53 75
39 84
38 73
52 60
45 72
53 89
44 90
54 66
55 90
43 65
45 79
48 88
38 61
52 84
45 82
48 76
45 83
51 84
53 65
52 78
35 74
50 65
35 89
43 61
53 87
45 70
48 74
38 76
39 87
49 74
42 75
36 81
36 67
43 69
42 68
41 88
51 69
50 60
47 70
44 61
53 63
49 80
35 75
38 60
49 74
53 87
36 71
51 63
47 90
54 89
41 65
40 84
37 82
49 79
54 84
55 64
55 90
37 72
41 89
38 83
35 80
52 68
50 62
36 75
51 79
39 67
37 64
37 67
39 82
50 84
50 75
52 68
39 80
48 87
37 86
41 88
47 66
36 73
50 74
46 68
55 66
43 85
36 71
39 62
37 84
41 74
45 80
44 79
53 67
36 87
46 63
51 75
45 87
42 77
52 82
45 68
46 68
51 64
41 89
51 80
50 87
36 87
35 84
53 84
41 88
46 90
38 69
53 68
35 67
48 71
53 78
46 83
53 78
54 72
37 90
43 64
49 62
35 70
50 71
43 83
47 80
51 66
38 63
39 62
48 67
54 66
49 89
52 76
49 83
48 89
43 87
46 76
42 87
48 82
39 87
54 73
51 65
42 75
37 62
38 76
36 88
35 60
44 77
41 69
46 72
51 90
52 66
53 62
49 70
36 66
41 67
45 81
42 66
36 76
36 80
55 74
51 106
67 94
65 111
60 100
68 107
50 97
61 112
66 111
55 92
50 94
60 104
64 107
53 87
51 115
65 89
56 89
66 108
54 114
50 113
64 109
68 109
60 97
62 104
59 108
68 90
56 90
66 114
51 102
60 115
50 105
69 112
67 109
54 91
54 89
60 89
50 106
59 85
62 101
61 93
64 95
58 93
63 90
66 92
69 88
64 90
56 90
50 101
55 103
67 104
55 108
52 104
62 102
61 99
60 90
52 92
57 88
51 111
60 104
63 114
68 89
53 96
66 90
51 90
56 101
56 99
52 98
62 103
68 104
64 114
70 107
59 89
52 104
55 86
54 115
67 111
70 89
51 95
52 86
61 85
69 92
63 105
70 97
61 103
52 94
52 107
69 105
55 109
68 106
59 95
53 110
52 106
54 94
61 91
54 97
61 107
63 102
70 90
54 104
57 115
63 90
56 112
67 98
60 115
70 100
63 107
54 97
70 91
64 94
62 113
59 101
68 90
52 113
64 86
55 85
64 96
55 102
58 114
57 111
63 86
64 91
56 102
66 114
52 89
62 87
55 109
65 101
50 106
68 91
51 112
60 103
70 94
61 97
63 87
70 87
52 98
56 105
59 107
60 104
61 109
55 111
50 93
67 98
62 107
62 102
64 108
56 106
62 94
64 92
63 91
56 96
56 101
51 100
64 103
54 86
60 109
67 110
54 90
56 113
56 107
57 95
65 102
58 99
58 85
58 88
65 115
66 109
54 99
62 104
53 97
69 95
52 100
70 89
55 95
69 99
70 97
56 99
69 107
69 106
66 101
55 112
67 91
57 112
63 112
65 106
63 88
57 97
56 89
68 89
57 99
50 97
70 93
69 108
69 105
50 105
70 92
50 105
52 89
64 86
54 113
59 92
50 104
57 99
68 85
66 88
67 87
57 96
51 92
59 90
50 100
62 86
64 93
61 85
67 87
61 94
63 107
65 113
62 85
68 86
51 111
61 98
57 100
59 88
51 109
58 103
58 87
67 113
59 90
65 103
61 113
54 90
54 95
63 110
66 93
53 94
51 109
61 115
60 97
65 115
67 95
60 98
70 115
53 103
61 88
61 94
51 85
70 100
60 98
70 102
50 115
68 108
78 123
71 110
69 132
74 140
65 120
69 119
65 128
70 121
68 138
71 130
74 110
73 112
82 121
66 140
70 122
80 140
67 123
79 128
84 133
72 111
82 138
81 119
80 112
66 116
79 116
65 132
77 138
84 125
78 120
67 124
79 114
77 122
80 119
67 127
69 125
74 110
83 136
79 137
67 136
73 132
84 136
81 113
81 114
83 139
74 112
68 111
78 130
81 130
84 123
82 138
69 135
84 117
73 115
78 124
68 112
70 110
71 126
77 130
75 130
72 111
70 135
82 135
66 125
69 121
73 130
83 131
69 116
76 110
71 140
66 120
65 125
72 138
67 123
71 128
68 140
71 131
65 131
72 117
77 137
85 138
74 135
75 137
76 122
67 120
68 116
67 118
72 139
73 129
70 129
82 120
69 133
81 121
65 121
68 124
74 112
73 131
81 136
72 136
81 121
83 126
75 132
83 113
70 140
66 136
82 136
83 113
81 111
67 139
76 136
71 129
67 130
78 132
75 133
85 132
72 129
66 127
79 111
75 138
68 120
72 124
68 136
83 132
78 135
78 116
84 139
84 124
76 110
81 111
75 131
69 134
74 139
75 129
67 139
84 134
71 117
67 119
71 130
71 136
78 125
84 110
79 135
75 138
74 128
68 125
85 129
76 127
75 127
73 123
81 127
81 129
75 122
73 133
77 133
77 122
75 127
80 128
70 132
73 111
73 123
73 125
81 133
78 124
82 110
83 130
70 111
74 117
71 111
72 120
72 123
65 139
72 140
65 117
83 110
69 137
80 133
78 120
72 119
78 132
67 129
76 136
65 125
81 139
78 139
68 116
85 139
82 117
82 130
82 125
84 130
85 139
73 132
65 136
76 138
78 118
68 137
81 111
66 112
72 136
80 116
77 117
76 115
82 136
65 136
85 120
74 131
76 135
69 124
73 118
68 113
71 136
68 126
69 116
78 133
82 126
84 112
81 139
79 114
77 136
69 114
75 122
70 121
72 112
72 131
67 111
80 134
76 131
74 130
85 136
68 137
68 118
85 110
71 140
75 138
67 111
72 138
67 133
71 124
85 137
66 112
83 136
74 131
76 112
66 120
81 128
65 115
68 140
81 138
74 118
72 132
79 134
98 154
83 157
82 144
93 139
81 150
95 137
96 146
84 147
91 135
100 159
95 155
87 144
90 156
91 145
80 157
86 161
99 153
98 141
88 139
81 139
98 140
98 155
97 144
86 140
98 163
95 148
87 155
97 136
91 139
90 152
90 148
85 135
81 163
85 161
88 150
100 153
99 138
95 141
95 142
80 156
84 143
100 152
91 159
84 139
81 164
92 155
85 135
96 147
96 161
95 165
84 139
87 135
86 159
98 153
100 151
90 136
89 145
91 153
84 141
80 162
84 145
93 147
84 138
95 143
88 162
81 143
80 157
93 138
85 147
85 148
83 163
84 155
80 137
89 145
88 162
86 142
97 155
99 149
84 145
97 154
98 162
81 139
81 136
100 135
81 162
86 144
96 161
94 136
84 138
99 165
87 150
80 140
80 158
81 158
87 144
94 141
93 138
98 154
87 151
98 149
98 162
89 141
93 154
87 150
99 151
82 154
87 152
86 164
98 144
89 145
81 163
85 153
95 160
84 136
97 155
84 155
82 139
83 140
92 135
87 146
93 165
92 147
88 155
84 159
81 164
87 146
91 152
94 159
91 135
81 154
96 142
98 140
96 136
90 137
88 163
94 148
82 147
98 146
80 137
92 162
88 142
81 157
89 136
98 138
88 141
83 157
83 165
81 158
97 140
82 136
84 141
80 163
99 139
93 151
95 148
98 137
81 150
97 146
91 141
85 152
91 141
80 159
86 136
89 138
90 144
82 141
83 149
97 136
98 146
98 157
89 160
90 145
93 150
96 158
97 138
98 135
87 149
99 146
97 141
92 154
98 152
96 159
97 160
99 154
97 142
82 161
90 135
92 143
95 158
81 137
89 141
96 137
94 158
85 135
99 161
94 142
92 144
92 145
100 159
99 142
86 140
98 135
92 141
95 153
98 142
92 157
92 154
98 135
98 138
93 140
80 150
87 143
93 146
94 161
88 148
84 137
92 136
84 154
87 144
83 136
92 158
86 162
80 148
86 158
85 158
92 147
84 143
91 164
94 138
87 156
95 157
90 165
88 155
87 162
91 158
96 145
85 154
81 162
82 164
81 150
83 149
86 159
85 147
80 142
99 146
95 163
94 152
98 158
97 148
93 138
109 175
99 176
102 176
95 164
106 187
109 161
103 171
115 188
109 176
105 163
97 160
98 187
102 184
108 180
97 164
100 167
106 163
105 182
109 190
101 161
102 172
112 163
110 187
101 173
108 163
109 164
114 173
103 177
110 173
100 170
97 186
105 165
114 165
105 176
101 180
110 189
104 178
101 180
99 190
100 180
100 175
102 162
110 180
103 163
109 181
98 178
98 186
102 173
105 178
105 161
102 174
102 165
107 189
111 172
99 184
104 188
115 182
106 163
106 174
114 172
107 175
112 180
109 182
107 167
111 190
113 173
98 166
112 170
110 172
102 190
105 180
101 172
108 183
115 180
111 178
97 170
115 189
113 171
113 190
109 187
100 184
107 169
107 187
115 160
111 167
98 169
95 184
108 165
98 162
108 179
106 182
96 182
104 186
96 167
97 178
108 180
97 169
109 170
101 175
115 169
112 166
102 175
104 165
103 172
105 169
102 187
106 188
104 178
96 177
115 172
96 185
104 175
108 188
108 165
106 162
95 190
106 160
97 164
96 160
103 171
102 175
105 166
114 183
109 160
99 177
96 172
99 173
99 170
103 177
111 180
102 188
100 185
113 190
110 190
110 173
105 164
110 177
113 167
111 162
105 174
98 178
98 186
114 177
96 168
97 179
97 182
105 175
99 171
107 172
99 171
113 180
102 180
106 184
97 169
108 160
96 172
98 173
114 177
103 170
99 164
108 183
112 174
106 167
103 179
112 162
103 170
98 172
101 182
111 183
109 189
115 179
113 168
113 175
95 162
107 178
108 182
103 188
100 173
104 186
95 179
95 189
113 175
114 187
108 174
104 160
112 171
114 179
101 179
103 172
112 185
103 183
97 165
111 179
107 182
113 175
101 169
111 167
114 181
98 184
99 178
108 173
111 170
109 174
98 162
104 178
115 181
102 170
105 187
103 169
100 170
104 186
114 166
107 168
111 160
98 190
98 183
111 175
99 171
96 190
103 182
98 164
97 185
101 165
105 170
104 165
108 167
98 164
115 188
100 167
102 169
106 175
96 174
102 160
108 186
104 162
109 173
99 187
113 181
98 185
95 173
95 177
102 185
97 189
111 190
115 177
109 166
103 166
110 188
115 171
96 163
114 189
127 205
117 207
128 214
130 189
110 197
117 213
110 193
124 209
126 215
124 196
111 194
114 210
125 206
127 209
118 202
118 194
118 211
126 195
113 198
129 186
122 188
120 212
126 207
115 201
125 215
128 209
128 195
115 194
111 204
115 208
110 213
119 192
113 185
121 198
127 215
119 190
124 193
130 196
130 204
126 200
129 204
115 207
123 207
114 213
120 214
130 197
126 205
127 200
120 189
114 185
121 190
122 188
119 189
119 193
121 191
129 191
126 215
110 205
120 210
127 185
122 188
115 202
111 215
115 195
113 210
123 188
130 198
129 195
119 202
120 190
118 194
114 198
118 191
117 214
119 201
125 207
127 193
115 196
128 190
116 195
127 214
122 210
127 201
128 209
124 203
112 210
124 194
112 187
118 192
129 199
119 212
125 196
116 194
110 195
117 193
111 192
129 215
123 198
111 186
130 201
125 187
124 197
115 200
119 208
130 197
117 198
126 192
122 194
129 197
111 209
125 190
114 208
125 213
118 200
114 195
117 200
115 194
117 207
121 194
130 198
130 203
126 213
117 201
123 191
128 209
116 200
126 213
112 212
112 196
130 206
126 193
113 187
113 186
116 193
130 193
111 215
122 199
120 204
112 215
110 210
123 208
119 202
123 197
124 198
130 206
128 196
128 192
121 199
114 191
120 200
112 195
110 193
116 190
120 206
119 204
115 211
123 207
118 215
112 205
128 208
123 198
124 192
120 199
117 210
130 196
126 187
114 203
120 198
112 189
124 213
116 203
121 187
120 185
112 192
124 196
122 212
121 186
124 198
114 207
122 186
124 198
111 207
112 195
114 206
117 193
122 189
125 193
121 215
127 191
124 209
117 188
125 192
115 206
124 201
115 209
121 198
122 204
123 187
130 194
124 197
124 194
127 191
115 205
117 206
127 194
120 194
112 185
130 196
117 189
125 187
128 197
116 215
122 203
110 211
125 209
123 194
130 204
122 201
125 202
112 185
128 201
123 189
122 207
115 188
112 195
118 204
130 204
116 202
122 202
129 214
128 203
122 194
129 203
128 196
112 185
112 214
119 200
128 215
113 199
126 215
129 191
112 197
124 186
115 212
124 194
121 210
122 213
114 214
114 212
126 228
144 228
129 220
141 227
129 219
127 221
127 233
144 233
138 220
138 240
141 220
143 238
138 212
130 215
143 220
142 217
137 237
126 222
144 235
141 225
137 236
143 216
138 220
143 227
129 230
145 233
136 235
130 240
129 222
144 233
141 213
143 227
130 232
127 214
134 234
145 226
136 222
139 212
134 228
132 218
140 214
138 211
144 228
132 232
129 211
145 231
141 221
129 212
136 211
144 225
125 232
145 219
138 228
138 232
145 240
140 218
126 239
141 240
145 218
125 225
129 211
125 222
140 218
143 221
131 228
128 212
137 232
141 219
138 231
129 222
126 239
127 229
127 238
144 220
142 216
127 223
141 236
143 224
129 216
137 218
133 227
140 240
141 228
128 224
138 216
142 235
129 225
140 237
137 240
130 228
134 239
133 217
132 235
134 231
143 222
144 232
139 215
145 214
125 235
138 237
131 222
130 212
130 212
137 219
134 212
129 211
126 233
145 230
140 237
142 225
132 216
136 214
127 232
132 211
134 232
137 225
132 227
127 239
138 221
132 227
133 240
144 219
125 234
142 216
126 216
125 235
127 232
131 230
144 212
130 237
136 226
125 235
136 237
134 228
140 237
129 227
128 230
135 224
141 233
138 239
141 215
130 218
126 228
126 217
127 227
127 223
127 223
133 211
126 236
141 224
134 231
141 224
145 233
138 227
135 225
134 221
142 216
125 224
126 224
136 223
131 233
137 240
137 239
143 221
139 227
133 226
135 234
137 223
132 235
145 238
132 225
126 236
144 233
143 221
145 237
144 214
144 227
134 230
134 212
128 219
143 234
129 235
138 230
138 240
143 217
140 229
145 213
131 216
139 232
139 210
134 221
143 212
127 216
140 221
137 233
135 235
132 220
138 211
132 235
141 219
142 238
132 227
128 218
132 234
138 218
135 225
136 237
129 224
135 219
145 216
140 223
134 224
126 224
141 229
130 224
136 215
145 232
136 215
134 221
143 238
144 232
143 216
135 238
145 227
144 223
143 212
132 228
136 226
129 240
140 218
141 237
132 229
145 213
139 224
141 232
131 211
139 233
145 239
127 234
145 231
140 214
136 240
145 216
130 232
129 224
134 224
127 222
135 236
136 235
133 238
150 255
156 262
153 265
143 261
150 243
152 262
156 241
160 237
159 242
155 250
143 257
158 264
155 262
144 252
147 236
147 240
141 241
157 264
153 263
145 262
158 245
143 251
156 252
145 261
146 242
154 245
160 239
150 235
156 265
156 255
140 264
154 255
142 261
152 243
147 246
155 259
151 260
156 236
157 258
158 235
159 237
147 263
158 251
147 238
147 250
152 248
143 249
146 249
153 252
158 263
152 259
142 250
145 264
145 263
157 244
142 253
150 239
148 251
144 247
158 265
158 242
156 241
151 246
143 235
156 244
160 257
148 253
149 255
157 253
153 236
155 246
143 241
143 238
149 264
146 241
155 245
153 243
140 239
148 240
145 250
141 265
152 249
143 243
140 262
152 252
149 256
144 250
148 241
141 251
151 239
142 236
146 239
151 264
157 264
148 243
143 251
143 252
155 255
151 265
141 253
144 247
145 247
159 237
152 251
147 257
144 242
145 265
140 236
155 252
153 263
154 243
151 265
144 243
140 252
159 237
154 260
148 244
148 247
148 256
143 263
160 246
140 237
153 248
159 239
153 263
151 255
143 247
140 264
144 238
140 261
158 252
142 253
148 258
147 240
148 258
147 255
153 239
150 245
143 257
154 247
156 248
160 261
141 253
143 245
158 240
148 259
155 259
157 249
159 242
157 259
150 251
151 265
146 237
148 239
143 256
140 247
141 250
155 261
155 260
148 254
160 245
141 255
141 258
155 249
157 254
143 261
153 253
149 258
150 239
144 245
157 246
147 262
159 260
157 260
158 260
141 253
156 257
146 238
158 242
153 245
151 257
140 261
145 235
159 263
144 248
144 262
142 263
152 250
151 246
152 242
150 252
140 244
154 235
140 256
146 263
144 264
145 238
158 264
152 245
141 240
154 236
152 247
156 255
154 249
152 235
151 239
156 249
143 260
156 258
159 252
152 246
156 244
145 242
145 248
144 265
148 240
150 250
151 258
140 244
148 236
146 264
150 259
147 253
149 260
154 263
140 265
146 260
140 255
146 248
145 249
149 251
145 242
150 238
140 237
158 241
140 253
144 245
145 248
140 261
151 240
158 251
157 235
143 244
152 244
160 253
155 264
145 244
144 236
153 237
140 258
