4000 120255
73 1
41 35
89 71
79 95
94 54
49 92
13 88
13 95
69 63
80 83
77 99
2 39
73 5
69 2
54 9
95 85
57 73
40 16
85 22
41 27
11 27
70 12
26 18
60 47
79 84
45 90
64 24
2 35
13 58
30 9
67 68
37 58
70 96
7 38
67 5
15 1
7 81
80 44
28 48
27 43
11 26
56 46
29 81
83 82
76 48
34 89
29 66
32 72
26 56
13 40
24 98
88 34
82 51
1 15
99 32
13 86
45 5
62 56
66 21
9 14
91 16
33 40
97 23
13 63
91 77
64 79
79 64
50 57
95 22
6 11
76 51
5 47
13 8
56 83
39 28
88 7
90 23
68 46
71 78
67 79
80 85
94 27
54 64
62 87
46 94
52 48
26 72
90 50
66 55
91 44
98 15
8 70
23 83
95 89
20 33
66 11
10 68
99 48
15 19
4 89
56 58
90 21
60 88
21 65
46 3
98 67
8 72
87 78
65 64
31 1
53 8
97 100
76 80
6 71
10 86
22 73
9 18
35 10
11 74
74 72
25 5
61 88
82 94
100 40
7 76
53 78
17 2
16 43
3 25
31 21
71 84
11 82
72 41
30 23
31 98
69 96
79 89
90 21
55 73
96 5
20 22
59 80
44 4
96 53
16 2
53 42
17 25
25 72
39 51
79 50
50 43
15 7
91 37
31 88
14 98
97 12
36 65
30 100
64 7
90 89
12 20
86 90
100 70
84 12
67 12
30 20
52 59
98 52
20 40
59 83
93 56
91 61
17 62
36 60
86 65
33 16
40 1
54 89
9 87
78 3
33 38
58 81
92 61
75 26
41 69
58 59
24 90
76 33
39 58
87 96
17 22
51 29
25 37
17 43
86 92
91 100
46 62
37 51
40 51
17 2
47 33
32 59
8 14
16 47
19 70
45 79
48 62
58 22
99 19
8 100
87 24
83 9
65 80
31 36
57 34
57 48
88 46
80 23
84 81
26 3
19 70
1 54
28 83
95 6
17 96
13 27
37 57
14 10
2 29
77 60
83 11
48 13
8 18
42 24
63 59
27 39
86 54
62 72
36 60
84 73
69 71
23 35
66 81
86 51
53 70
75 66
42 50
92 16
6 89
26 30
69 70
24 10
78 35
97 5
70 68
94 31
9 31
7 24
59 40
62 59
83 83
41 2
62 71
42 52
82 77
24 82
20 90
68 31
38 5
56 49
3 55
6 28
30 83
21 35
91 78
34 5
95 52
85 79
25 20
52 92
62 61
45 41
28 2
39 95
41 45
97 69
32 77
2 27
3 44
42 68
15 85
37 27
83 69
76 8
79 30
16 98
100 41
98 20
83 28
89 45
5 20
38 34
94 72
34 55
58 20
37 1
67 59
4 71
73 80
43 30
55 63
34 40
88 70
82 64
72 86
80 67
31 84
55 63
33 93
33 27
48 82
48 30
70 5
30 51
23 37
100 35
46 100
74 29
97 6
80 27
62 73
2 77
17 12
56 97
35 31
26 31
44 97
54 89
29 1
16 28
96 70
84 63
1 19
35 92
17 78
24 5
67 58
47 13
78 19
99 50
32 92
25 100
46 79
53 96
7 2
69 67
52 82
4 1
42 95
48 87
35 79
4 20
1 64
52 90
11 16
36 94
77 20
6 64
41 35
58 73
73 44
88 56
93 87
73 62
75 47
9 17
96 18
41 4
8 29
25 36
39 6
39 20
1 88
85 84
91 16
59 89
5 3
94 97
62 90
46 97
41 36
97 20
1 68
42 99
100 10
63 83
29 44
28 81
68 99
69 30
85 53
92 42
8 86
77 40
64 3
82 32
38 56
11 73
22 88
97 84
35 60
61 93
87 56
88 47
97 28
29 23
46 88
1 30
22 71
60 29
98 79
62 6
56 48
99 46
55 56
7 9
13 81
35 52
34 90
33 79
55 33
71 42
24 20
63 18
99 33
88 74
44 2
88 88
98 98
18 41
84 24
85 58
78 33
70 79
72 4
74 60
98 1
69 43
26 42
71 23
28 71
23 20
33 29
83 19
73 17
39 36
41 27
86 49
74 87
75 16
70 27
80 72
97 10
93 98
42 41
95 42
32 24
38 42
83 82
82 21
55 82
18 5
66 78
84 66
88 35
89 34
9 26
37 87
57 76
34 19
8 9
85 99
8 38
92 37
19 17
81 6
82 25
60 95
66 55
7 63
86 63
35 33
87 34
82 72
79 31
28 75
28 65
11 6
17 68
10 46
44 26
23 2
28 50
9 56
58 67
67 84
49 41
18 44
55 70
5 68
51 62
14 79
41 66
11 51
5 67
12 82
91 57
87 43
71 29
8 63
45 6
8 91
94 95
31 39
89 62
72 77
11 65
68 26
34 82
27 33
30 72
77 60
2 34
57 73
37 15
59 52
75 57
85 7
77 96
29 78
42 74
79 9
43 8
34 40
41 60
99 75
45 73
31 68
37 17
15 1
38 30
82 74
22 91
83 76
64 13
62 4
7 53
74 77
30 30
40 86
53 61
59 53
69 45
6 94
67 77
5 11
64 46
93 85
42 17
92 93
73 63
83 43
23 1
67 70
16 82
63 12
18 96
61 54
46 79
54 65
27 7
83 60
87 38
1 97
18 36
3 2
14 1
24 40
76 31
95 82
63 77
80 91
5 86
83 74
85 37
23 62
88 84
1 34
15 47
29 53
92 26
40 61
63 95
66 78
58 82
30 28
29 90
75 78
42 33
74 68
81 94
69 39
8 80
19 83
21 88
77 15
21 85
34 40
100 6
49 67
29 21
15 82
28 57
85 58
97 55
13 93
8 71
84 91
13 26
74 17
64 43
56 3
65 29
78 89
22 81
23 11
8 68
2 22
97 40
49 100
27 89
29 33
69 39
86 20
48 15
89 78
63 34
68 51
23 17
14 39
16 17
3 89
28 21
44 26
39 46
25 27
8 18
46 16
60 17
72 96
72 85
24 11
27 98
36 13
1 51
100 78
58 75
60 18
53 99
7 14
9 18
31 40
35 46
77 8
17 59
82 13
18 37
31 45
2 15
40 53
44 35
17 84
94 93
24 7
12 9
84 38
48 34
19 26
30 5
59 2
42 21
53 41
34 13
69 71
88 6
87 15
20 48
98 80
46 33
73 99
4 94
6 2
55 90
90 91
83 61
71 48
24 55
100 97
53 44
25 70
91 1
49 79
41 5
36 93
72 85
5 13
19 82
71 70
23 38
100 38
29 72
17 11
52 79
63 36
85 81
92 84
49 50
56 80
89 15
94 34
28 78
44 8
100 35
83 19
85 51
34 47
5 19
8 57
85 95
10 62
32 78
27 95
58 92
25 82
14 39
29 29
29 94
32 72
99 98
3 84
84 10
79 21
19 46
87 40
41 56
55 26
78 75
41 58
11 57
18 89
35 91
90 87
13 49
86 78
24 5
98 51
71 24
29 23
5 7
7 19
90 37
89 85
85 65
47 28
13 66
98 56
27 56
93 12
81 79
77 6
95 95
64 88
55 78
14 40
51 79
48 34
20 17
80 5
88 43
30 73
50 94
74 33
20 11
62 94
11 10
43 16
11 96
81 34
23 90
68 2
39 4
64 26
56 86
23 20
10 6
20 4
20 75
88 13
12 15
1 54
64 70
58 61
16 93
71 48
23 100
18 24
18 33
43 16
98 28
5 75
72 40
99 73
79 7
43 51
60 18
89 69
38 18
71 13
22 54
12 59
90 15
60 9
76 37
45 52
35 28
85 42
16 7
54 55
25 6
27 73
6 60
88 76
84 33
74 52
10 75
7 32
91 27
27 7
1 99
40 7
32 81
72 91
38 79
62 39
67 93
98 49
50 59
4 62
20 61
23 12
15 20
61 27
35 20
90 56
5 79
69 100
27 49
72 37
74 54
51 55
98 10
80 13
90 82
33 42
53 16
100 56
91 26
95 43
26 14
91 76
35 1
9 94
15 18
24 79
70 84
81 10
73 27
72 95
84 71
92 40
94 58
50 43
4 66
28 30
40 50
8 96
96 29
66 99
31 33
22 82
68 5
80 94
1 46
57 38
13 87
5 61
56 93
55 12
51 55
82 6
98 40
85 7
90 51
64 57
61 86
12 86
44 19
33 64
83 32
79 89
77 3
76 90
80 83
80 21
56 19
19 33
40 16
3 99
36 83
70 48
24 80
3 87
50 93
76 77
60 76
14 80
32 89
15 68
68 43
83 96
48 25
17 82
19 2
90 27
80 39
79 39
1 12
75 57
12 3
35 44
5 97
88 57
62 85
85 32
19 77
69 3
55 64
58 93
72 1
91 46
28 92
95 32
93 84
77 85
23 60
4 59
90 16
54 48
71 78
9 58
36 43
18 54
26 40
55 45
59 80
57 30
33 35
11 91
32 38
96 37
45 86
36 86
35 46
59 70
72 17
54 22
27 24
27 32
11 66
98 76
17 29
90 10
45 59
61 64
66 46
67 18
65 74
7 61
20 66
87 51
68 18
8 60
4 4
45 9
62 56
15 83
1 90
46 91
25 26
84 27
94 27
22 63
72 65
28 24
80 85
43 81
81 46
58 60
69 65
44 63
8 36
37 93
33 72
52 94
98 57
51 17
70 12
14 30
57 77
41 29
52 33
76 47
48 88
55 36
20 7
61 44
21 71
21 97
59 34
98 48
4 75
52 12
19 62
75 39
31 36
50 46
70 72
64 33
59 6
90 88
7 95
66 93
27 80
91 19
17 86
76 88
41 87
38 49
41 18
50 64
79 29
92 50
25 62
78 69
98 37
97 68
39 12
19 59
17 16
97 97
16 58
72 91
100 8
86 20
99 81
30 95
87 17
68 4
93 79
45 22
57 91
51 26
11 14
35 71
42 44
79 52
10 10
34 30
17 52
2 27
35 45
47 33
93 28
12 58
24 1
43 17
8 78
62 12
61 27
24 93
10 60
28 85
47 35
61 19
65 56
45 16
91 14
51 72
64 71
35 44
95 46
73 62
86 69
57 11
7 84
79 12
36 62
69 93
64 94
52 66
22 72
99 90
98 98
67 51
10 48
21 50
9 67
69 25
35 61
21 46
92 69
96 72
48 82
90 4
57 90
64 37
87 71
99 55
14 60
50 93
33 99
60 5
74 54
70 67
17 16
33 89
100 31
52 29
53 34
64 76
55 94
74 57
14 65
52 43
40 7
75 64
24 92
48 26
43 88
10 4
20 23
86 9
6 75
67 4
75 12
62 17
30 40
61 34
60 71
95 99
63 26
44 69
55 56
88 32
14 88
71 71
20 72
65 70
74 99
24 57
28 97
28 93
98 13
93 61
31 87
89 72
67 77
54 31
89 49
9 16
64 34
8 71
94 24
21 61
27 74
21 87
82 77
8 65
33 20
93 47
3 15
47 46
36 68
9 70
35 77
1 7
31 92
6 100
66 76
4 91
30 57
45 72
31 35
79 69
38 84
61 21
19 92
4 60
66 51
7 40
65 28
81 37
67 62
10 51
1 97
93 87
82 38
34 73
52 3
15 57
26 19
6 70
61 54
14 38
14 91
47 82
66 44
44 83
53 82
31 71
99 73
34 38
28 94
29 7
12 58
65 30
41 79
30 50
20 41
59 30
89 41
84 68
39 66
55 55
46 19
40 14
99 41
27 56
73 86
50 96
41 64
51 56
8 65
54 18
16 46
21 55
100 51
81 89
17 37
52 32
64 12
15 61
85 21
91 5
96 19
48 79
55 86
88 98
30 80
26 27
46 79
18 72
62 94
85 96
24 26
7 64
76 9
22 19
33 71
100 46
23 66
26 35
50 1
30 30
79 4
17 46
3 36
30 54
98 87
71 25
34 38
13 98
85 85
18 58
3 54
32 4
18 88
9 92
20 1
47 67
34 18
17 79
64 91
95 63
1 26
87 68
53 27
28 34
60 38
86 97
28 79
34 3
63 83
29 31
16 32
93 38
46 29
18 68
74 44
95 15
40 44
7 81
7 64
24 28
77 90
61 69
8 83
94 78
69 60
27 83
40 96
2 29
43 13
55 38
49 92
96 38
93 6
1 18
23 23
4 43
38 66
2 1
37 46
52 1
31 84
52 29
44 38
28 12
21 48
18 33
74 26
60 91
24 65
80 41
36 71
52 55
40 61
43 53
45 84
8 73
21 36
36 31
61 1
63 100
90 69
9 92
10 90
34 26
62 61
85 12
37 68
99 79
86 65
74 65
51 79
16 48
77 94
46 68
95 59
50 93
15 1
68 36
61 84
39 65
99 28
48 54
90 71
38 40
42 6
87 54
97 12
62 93
22 37
10 13
77 45
64 5
70 56
86 86
97 82
31 17
22 49
86 49
82 47
8 13
11 66
84 25
75 12
39 59
29 44
70 22
40 3
44 44
89 9
1 38
34 61
88 36
100 91
75 31
77 76
42 49
61 37
74 87
55 93
35 73
35 51
31 89
50 29
4 7
69 74
46 10
87 75
90 23
83 10
68 21
97 87
93 75
51 97
24 99
32 85
31 40
93 72
71 88
74 36
33 81
23 77
59 48
20 16
75 20
34 78
97 43
16 20
46 66
22 82
70 64
80 90
56 32
53 53
29 70
11 90
73 78
27 31
97 64
62 52
61 41
16 36
11 39
54 67
18 84
34 89
37 4
49 24
78 60
59 43
74 11
10 40
34 19
85 58
82 8
8 38
18 87
30 50
23 57
15 5
3 83
44 21
95 94
58 67
48 25
75 16
20 56
20 2
53 46
69 72
34 54
14 38
84 7
44 44
19 57
54 91
29 32
55 60
54 66
58 43
65 2
27 28
19 35
98 72
11 85
100 42
5 10
80 23
81 43
79 18
95 27
83 26
75 90
41 73
92 92
22 14
67 88
12 99
94 68
20 33
32 70
27 21
33 23
67 29
70 16
51 79
20 71
50 99
57 90
73 36
59 41
21 43
52 15
77 75
71 14
14 99
29 68
27 75
94 73
9 11
58 45
40 100
92 88
84 34
80 72
35 79
57 48
46 59
46 77
50 15
17 43
77 99
76 87
1 17
96 27
97 54
3 95
15 49
98 52
59 36
40 36
56 44
32 78
91 50
33 71
54 44
4 100
61 38
80 18
49 72
21 100
89 62
40 71
64 87
72 48
71 42
99 17
29 47
69 52
96 94
78 13
85 47
25 44
6 51
86 63
20 22
54 4
88 10
34 70
52 7
99 45
73 5
7 50
82 75
15 54
91 72
35 18
71 53
51 62
66 87
71 24
24 61
55 1
11 47
87 100
78 48
81 40
37 16
58 46
49 92
33 61
88 58
86 90
57 4
93 8
23 52
28 25
46 11
10 13
13 46
97 69
60 10
86 50
56 18
41 84
52 55
46 42
27 53
22 59
49 3
93 91
93 83
72 15
99 91
55 29
10 14
28 90
87 68
99 30
86 35
36 11
31 42
73 92
73 100
39 46
17 51
95 4
66 22
14 61
56 16
78 68
11 29
16 77
15 69
18 99
8 60
19 24
63 92
35 64
92 82
11 94
79 55
36 16
34 8
29 97
90 96
96 74
56 87
77 16
94 3
93 73
64 78
76 96
17 65
36 30
66 41
33 15
82 33
83 15
47 28
37 100
12 34
9 8
4 77
79 2
26 58
12 88
97 77
40 49
98 52
88 11
3 94
76 58
24 78
36 54
56 54
65 74
83 27
63 92
41 41
76 81
56 65
56 18
3 76
72 29
91 47
68 69
57 95
24 31
50 83
3 74
61 31
62 16
63 34
16 59
40 69
88 91
79 46
88 98
79 92
76 49
75 8
81 85
3 58
50 37
69 38
58 12
15 10
51 16
21 55
55 2
79 96
28 19
11 72
81 24
51 99
53 70
1 92
7 94
77 1
50 74
9 19
89 83
63 41
71 52
56 41
54 61
10 95
35 38
41 58
89 86
10 39
68 17
69 70
13 96
17 54
37 60
22 59
83 15
40 75
94 14
90 17
18 23
73 32
100 88
50 46
24 83
4 57
50 37
30 76
32 9
52 62
91 46
72 91
66 54
61 98
28 83
20 14
23 92
62 73
12 24
11 77
23 11
31 40
31 98
87 58
100 45
20 9
61 69
82 60
59 84
54 34
71 28
76 58
27 17
22 15
25 3
2 99
26 23
27 91
31 26
9 32
78 52
21 72
81 74
43 5
34 69
60 9
14 70
56 12
73 81
78 93
18 88
95 43
8 85
48 37
34 100
59 29
67 46
94 20
41 40
77 81
47 53
63 67
4 38
25 70
37 81
29 92
78 68
62 56
7 82
9 94
22 39
84 33
81 65
54 64
78 89
14 85
13 72
44 58
21 96
37 52
21 3
38 35
32 94
80 87
86 23
65 46
39 67
4 68
58 65
31 7
81 100
56 18
45 73
84 37
33 39
81 6
64 80
10 6
94 13
70 61
70 99
16 51
5 93
51 15
69 14
35 33
16 99
34 86
78 43
37 46
70 89
50 45
74 80
53 35
29 83
59 3
69 80
19 1
15 22
78 96
49 7
47 22
86 65
46 32
30 10
18 3
26 89
46 90
79 61
20 1
67 50
1 11
87 3
24 95
51 26
55 16
58 79
66 76
40 53
87 21
2 74
62 42
36 17
28 53
14 76
16 99
38 7
83 7
35 52
52 81
12 54
35 10
98 2
97 19
80 41
80 63
66 73
6 81
77 4
45 33
77 81
95 6
97 96
63 83
18 52
47 21
69 51
27 30
64 48
9 3
65 51
18 21
22 96
100 67
45 26
87 23
68 18
82 84
21 81
2 21
86 64
33 35
88 30
35 17
29 5
20 23
66 80
95 77
77 3
42 35
91 62
53 36
37 40
87 57
15 18
6 43
85 29
35 20
33 73
48 28
95 23
49 23
17 49
16 70
49 41
13 26
3 93
68 10
95 9
23 73
21 30
32 73
55 59
8 60
66 41
36 63
27 82
84 72
30 40
55 36
25 7
72 53
7 71
13 98
58 9
73 41
71 41
42 37
8 60
55 13
41 64
2 34
3 87
58 64
70 56
3 79
22 89
72 100
70 89
16 50
46 72
90 70
99 74
1 31
50 29
17 14
36 93
28 62
100 86
17 84
83 50
76 92
88 36
89 20
41 41
97 96
14 12
11 81
38 84
21 24
65 45
30 48
74 9
19 83
39 63
43 64
22 62
61 4
66 63
91 2
28 53
12 87
33 71
27 78
64 17
82 52
95 91
51 61
9 13
46 76
19 97
91 14
21 19
6 84
32 86
13 60
2 80
45 97
23 92
91 63
65 20
39 37
72 62
90 29
58 19
11 77
33 44
31 32
23 80
50 7
21 33
50 84
61 45
5 56
28 61
24 13
86 7
74 3
26 25
95 71
19 31
44 21
37 85
92 49
1 5
68 70
4 60
2 84
12 18
79 52
44 98
28 38
69 40
16 60
18 18
78 10
78 36
2 13
8 42
100 67
51 71
81 26
49 50
12 15
85 81
29 62
87 27
71 39
2 16
65 52
17 10
21 46
8 72
5 46
12 95
9 28
73 15
67 6
62 63
36 32
45 9
58 61
64 21
66 48
25 72
33 90
43 10
2 7
34 3
51 3
53 25
36 73
31 80
53 26
99 40
15 13
81 87
38 66
37 51
35 2
2 17
53 12
55 100
61 41
58 57
18 94
21 20
82 23
36 51
35 83
17 7
33 60
92 95
32 27
98 59
16 66
16 69
40 68
69 24
1 71
90 22
21 48
37 95
72 2
73 73
87 34
39 14
6 11
24 52
75 16
40 64
77 20
28 28
94 63
38 12
37 84
63 8
58 32
70 7
98 59
92 66
86 65
30 70
35 60
70 91
79 28
2 25
85 11
19 48
70 100
38 81
60 21
90 99
74 28
32 22
15 71
60 13
22 87
20 33
36 64
96 3
59 48
12 84
75 82
4 63
49 47
11 65
18 70
59 78
80 23
15 80
2 43
18 87
97 1
37 54
39 30
75 29
90 30
75 40
45 28
60 29
12 73
5 100
1 27
37 52
88 74
67 49
49 64
9 60
86 33
84 80
56 14
96 81
95 15
31 95
99 95
96 61
93 12
16 64
54 39
25 86
83 96
7 33
42 25
31 96
43 87
32 54
57 76
85 68
6 45
2 55
44 97
70 69
58 55
96 75
6 20
97 28
63 76
54 36
57 39
48 60
37 15
12 53
96 92
32 29
94 99
94 86
79 89
87 10
62 50
32 79
11 96
96 97
38 12
4 20
78 92
33 50
35 25
86 20
17 17
92 21
39 74
12 65
61 90
96 28
7 92
67 61
44 7
21 67
72 96
52 46
69 26
9 10
16 98
64 18
92 38
9 96
9 55
70 79
95 58
22 56
53 57
57 53
69 52
90 68
60 24
46 96
74 69
46 100
32 15
90 86
38 20
70 40
53 2
98 61
18 68
60 93
16 22
13 26
80 11
88 17
65 71
100 89
48 79
80 68
15 58
39 68
40 16
76 12
60 46
35 73
49 68
12 3
91 77
18 71
53 22
3 52
63 66
27 91
48 51
46 80
68 28
85 70
68 20
21 81
35 83
37 39
32 74
2 4
49 16
63 36
89 72
65 87
15 24
88 50
96 6
81 81
26 18
36 21
8 45
37 15
22 45
57 12
48 17
64 73
74 82
1 91
66 24
88 48
79 33
66 26
86 79
98 12
2 48
53 50
70 92
36 30
41 40
53 17
90 33
41 56
16 53
78 56
6 94
82 28
66 6
53 99
14 61
43 75
40 72
22 5
80 89
13 68
78 16
79 58
29 41
51 49
31 100
46 16
90 48
9 32
11 42
75 79
7 43
13 89
79 28
28 86
100 18
19 20
81 55
89 2
60 27
48 7
19 57
17 20
29 86
36 14
21 18
94 46
78 40
61 89
15 50
9 81
25 9
92 17
88 38
53 49
94 66
70 37
99 16
84 13
79 20
61 57
10 91
37 14
73 45
89 71
64 99
25 14
7 42
96 53
13 67
18 68
43 11
31 76
34 87
71 97
66 41
55 56
65 42
96 81
67 97
31 44
56 61
91 5
75 60
95 50
96 5
68 25
65 86
94 20
3 90
95 57
54 77
65 80
83 70
79 73
53 2
98 68
3 39
11 43
94 21
67 57
29 10
36 83
50 32
62 48
59 79
67 73
68 56
75 73
62 53
86 52
5 16
70 65
29 8
79 75
64 14
24 12
99 52
80 51
69 83
53 41
74 7
74 59
17 72
56 76
52 84
69 74
6 43
6 74
80 16
99 15
73 30
8 78
86 98
74 14
21 77
44 28
40 86
41 32
18 52
54 90
26 35
23 19
23 54
54 94
1 46
38 19
77 5
51 97
18 69
97 40
4 89
91 75
71 50
20 60
99 50
22 33
41 33
56 44
80 58
20 1
54 59
4 88
79 78
39 8
77 1
51 6
35 87
16 38
91 90
52 91
69 79
17 24
26 9
43 84
22 18
27 54
81 2
51 74
29 2
98 70
47 13
32 90
40 96
17 63
4 50
90 45
91 47
44 34
45 40
70 5
15 34
50 98
25 44
45 11
41 57
1 96
95 69
75 96
68 33
38 58
26 86
89 11
6 33
52 46
31 94
27 2
30 52
63 47
77 28
58 53
12 16
76 40
42 95
4 63
92 54
45 44
93 7
82 53
40 77
90 46
3 9
54 11
39 96
27 52
50 73
31 4
79 47
44 93
5 99
47 31
33 50
83 36
87 93
38 35
86 82
17 38
17 36
15 33
32 84
45 63
24 37
43 51
20 55
17 31
46 13
12 60
13 26
91 71
45 12
52 55
32 68
100 20
57 65
22 63
78 23
6 89
53 19
57 21
2 34
57 69
55 51
34 83
91 57
41 95
24 17
76 38
9 32
40 5
90 22
92 15
36 67
66 10
35 65
56 21
82 41
32 29
19 33
95 18
74 99
15 44
98 72
57 67
14 16
55 88
79 81
44 38
60 29
31 51
100 11
61 62
39 20
6 13
47 96
30 76
98 8
70 13
5 65
58 39
61 17
47 38
50 54
48 35
12 47
36 70
3 8
45 39
19 51
73 40
91 57
45 49
88 35
89 80
1 67
53 50
95 68
79 100
96 40
54 48
61 50
47 50
67 9
100 69
52 62
65 4
29 96
1 69
86 68
85 12
59 60
46 36
31 49
60 65
45 71
94 48
95 34
48 78
91 86
65 36
72 69
81 94
9 85
59 3
21 26
10 3
64 5
15 45
40 2
59 44
21 92
1 52
58 45
87 100
52 72
61 58
3 3
80 20
62 79
88 71
16 31
72 38
85 6
47 80
31 2
29 28
92 27
77 87
28 57
82 64
41 23
100 25
15 10
2 59
58 80
35 35
63 61
73 84
50 79
2 63
84 27
70 70
54 66
41 23
8 21
5 37
1 80
10 75
36 8
14 58
49 97
52 39
85 47
33 55
50 18
67 100
61 82
41 96
43 87
89 39
75 11
36 61
88 15
89 20
37 19
97 94
23 6
99 79
70 77
24 84
52 93
53 55
45 5
58 10
45 29
52 77
62 99
45 9
13 52
98 6
59 18
61 48
1 44
95 17
93 2
50 61
62 16
6 84
42 8
4 2
46 74
16 19
91 62
33 40
4 90
27 32
81 86
79 96
77 63
2 14
2 31
81 55
6 69
47 88
38 65
50 97
50 64
51 15
47 57
15 15
48 20
57 27
75 63
100 64
51 43
20 16
1 76
12 58
77 51
43 84
68 12
22 76
10 54
58 73
6 16
14 43
37 57
86 1
44 90
65 19
40 66
45 21
45 25
45 86
43 8
34 41
47 35
93 23
85 55
45 91
7 38
84 75
1 17
33 52
84 38
51 59
52 19
84 65
15 69
28 70
78 100
34 80
1 45
88 53
91 4
6 60
53 48
79 60
92 12
96 37
44 78
83 78
40 9
40 55
79 63
35 16
74 95
25 97
27 91
10 50
21 40
85 28
93 76
21 8
17 31
28 65
24 19
21 49
64 29
38 87
100 18
41 81
71 66
1 15
28 33
13 69
6 74
80 32
44 81
49 38
27 21
87 10
31 67
67 29
78 64
10 29
1 97
3 59
86 78
79 87
12 60
7 69
63 14
57 35
79 76
31 96
84 51
2 94
51 44
47 79
91 80
51 14
88 59
13 97
51 28
67 44
26 66
8 53
99 27
21 98
57 42
25 47
7 7
39 8
91 76
84 71
48 89
43 72
87 81
86 18
73 58
50 40
44 86
87 23
6 26
22 61
18 70
42 76
24 55
20 65
88 6
66 86
22 30
27 17
79 83
24 57
94 60
56 48
32 62
92 86
76 97
88 3
68 85
82 3
26 63
11 60
17 25
26 51
53 83
55 5
63 68
78 92
57 96
6 53
64 66
62 73
27 65
33 35
55 100
2 19
5 99
43 6
68 57
26 29
21 22
46 39
50 37
66 33
1 38
33 98
9 70
76 34
20 53
77 54
9 36
97 15
87 65
77 61
74 17
91 47
84 17
36 84
68 90
92 65
41 88
84 55
53 37
20 52
68 89
8 37
21 23
72 40
2 42
88 31
50 20
74 15
85 69
99 56
40 99
37 6
31 6
48 68
64 39
2 10
24 74
24 26
50 24
62 90
1 38
24 40
53 37
36 7
11 75
72 26
27 71
4 14
7 33
31 7
23 17
75 21
90 95
43 91
98 12
43 88
83 21
47 31
17 54
19 89
97 39
56 52
56 46
79 44
55 72
19 84
32 5
31 45
43 62
82 28
92 34
95 51
57 19
96 22
82 57
19 45
68 100
60 79
22 58
74 32
90 38
44 74
100 4
32 32
39 65
98 16
74 20
21 85
96 98
42 73
91 26
93 36
49 77
46 71
23 31
4 48
65 7
55 35
34 44
59 68
88 14
77 77
53 70
44 32
73 51
34 27
62 28
40 2
93 5
36 85
65 33
34 94
79 59
65 88
65 26
17 75
14 3
91 97
89 11
9 53
84 21
80 36
53 88
33 97
77 7
76 19
88 96
41 13
30 5
21 39
99 32
17 19
49 68
3 1
12 2
21 18
88 79
25 30
12 19
80 36
60 66
29 3
66 29
91 76
93 90
82 6
59 50
58 45
24 2
48 61
66 97
8 75
79 48
19 84
40 71
55 6
46 54
27 67
48 70
75 11
99 5
46 1
43 29
99 24
1 54
54 82
72 41
88 84
30 63
83 11
20 19
42 29
11 65
85 100
32 4
55 55
18 5
90 6
12 99
42 59
89 18
30 47
49 33
19 65
100 82
40 55
74 71
45 36
18 21
21 40
19 46
68 78
18 93
13 26
66 53
18 98
18 59
37 94
58 81
47 22
72 56
77 52
40 2
34 21
61 3
71 57
89 27
78 59
13 62
52 77
71 17
53 31
33 23
19 1
72 96
32 4
10 56
45 18
76 91
27 28
17 9
46 88
46 57
34 53
58 65
64 10
4 50
27 24
52 55
61 83
74 97
23 10
37 86
65 50
9 82
49 88
36 6
97 8
78 46
100 20
100 36
49 15
52 50
33 10
19 15
23 97
16 14
81 70
19 66
44 56
59 50
35 27
89 96
5 6
21 79
99 60
68 15
76 81
77 35
71 21
36 15
50 83
94 31
24 100
15 32
2 64
24 87
2 90
50 24
53 84
53 9
1 59
53 98
4 10
85 69
72 13
79 59
1 34
4 34
97 24
44 41
62 83
32 2
84 36
66 41
4 33
34 48
85 55
79 13
11 34
8 28
66 79
12 69
1 58
41 78
78 52
54 73
64 16
31 41
55 96
68 99
83 1
7 7
21 49
39 63
92 27
44 13
17 21
44 12
47 46
13 96
87 52
8 81
96 98
22 40
26 21
99 30
8 87
62 27
29 94
70 72
69 54
46 72
33 40
21 63
86 1
11 92
26 36
1 68
41 84
80 83
69 18
76 85
87 41
89 66
14 47
30 67
84 78
30 19
73 78
30 76
94 14
11 82
89 56
90 63
84 21
14 76
40 44
91 59
28 54
21 89
12 82
48 8
66 12
45 22
69 70
52 12
55 65
46 57
4 79
47 100
26 92
72 97
74 84
64 32
12 14
87 82
45 99
95 92
68 52
17 28
76 67
62 18
27 9
65 74
3 80
10 81
30 49
94 76
53 39
57 2
14 64
64 21
57 61
80 76
60 94
25 83
83 39
14 10
70 39
86 18
13 9
47 30
10 66
86 45
62 62
21 31
25 78
6 12
68 22
92 30
22 39
43 40
5 47
100 100
7 13
7 78
62 80
89 13
1 53
66 71
97 67
66 17
81 43
53 27
97 44
41 88
29 9
79 82
6 97
51 100
17 51
70 57
49 29
26 68
8 1
11 42
98 99
32 79
68 53
65 72
75 8
42 44
60 64
80 6
93 43
18 28
38 83
54 74
6 41
90 88
71 44
3 7
56 56
52 38
55 85
52 99
92 25
36 46
83 32
49 21
86 45
51 83
19 78
34 25
76 2
26 30
96 67
25 100
9 8
64 71
42 24
83 67
57 14
1 87
14 72
49 8
18 14
4 7
55 82
24 54
93 94
25 77
78 12
100 49
76 15
32 49
4 47
19 39
19 94
38 30
68 12
4 38
88 12
38 41
90 62
15 14
15 70
37 80
39 65
23 78
100 51
80 88
57 96
8 16
80 74
71 68
57 24
50 40
26 74
11 57
73 45
70 67
35 85
50 57
22 67
63 99
33 57
25 65
81 90
52 50
14 94
100 53
7 87
1 58
89 93
48 100
67 23
3 14
85 80
5 87
25 43
84 82
37 27
34 39
44 97
68 52
4 58
100 20
17 91
81 31
62 28
41 36
50 49
96 13
42 44
71 67
10 63
27 100
47 31
43 4
30 49
60 24
42 56
36 87
12 81
83 100
84 38
78 3
85 14
68 69
35 42
62 56
3 50
71 68
95 46
98 47
90 71
50 3
97 18
7 62
30 85
58 46
99 49
79 33
6 58
41 92
2 99
15 72
67 91
48 81
57 76
48 91
8 5
51 31
83 29
71 85
33 83
18 66
49 40
69 96
37 35
83 33
30 3
92 36
5 100
76 49
89 82
94 70
25 51
38 52
52 83
54 36
47 97
51 31
85 20
52 6
43 74
86 71
19 77
61 16
85 51
27 4
8 6
44 7
77 35
42 86
15 44
61 17
60 52
63 83
30 64
48 38
97 15
11 66
91 73
1 66
87 66
32 7
94 87
63 69
69 58
98 22
17 56
15 6
48 4
53 75
19 11
90 78
90 97
37 39
2 45
74 100
63 43
9 3
70 6
92 29
50 88
84 49
4 97
61 91
98 83
85 12
61 28
94 49
96 77
51 53
46 66
34 95
82 11
91 5
96 63
2 20
88 26
64 18
17 25
35 29
16 44
35 87
76 58
57 93
23 25
77 3
83 92
37 19
37 5
52 49
28 99
87 44
87 50
84 95
99 35
84 84
68 6
59 14
77 33
63 35
62 18
74 50
48 81
43 28
64 54
44 43
45 47
52 31
7 12
13 23
38 12
75 7
99 9
66 69
83 99
73 86
42 23
65 42
9 56
79 79
68 91
89 55
17 23
54 40
72 1
15 57
37 75
39 59
26 22
65 7
54 45
87 40
38 9
1 25
81 19
2 62
96 19
77 66
5 93
55 82
41 40
42 4
81 88
39 49
7 24
63 39
63 86
1 47
80 80
72 41
31 77
47 22
12 47
99 99
53 13
35 48
13 7
89 88
25 58
90 29
6 46
78 2
28 68
43 54
31 78
9 86
96 16
78 48
37 3
100 60
32 29
78 43
94 15
64 68
68 43
52 90
79 6
31 28
4 88
58 38
54 68
34 65
56 11
17 67
32 63
8 24
3 14
97 22
97 11
27 71
38 50
2 8
57 24
66 17
96 62
39 1
26 54
92 29
16 48
62 57
43 40
100 28
91 51
88 54
63 95
11 93
92 95
41 53
93 72
95 83
50 42
46 91
29 99
6 52
14 57
12 13
13 75
16 70
60 34
61 37
42 92
98 83
14 45
50 67
15 51
10 6
88 67
40 5
53 86
4 66
53 13
47 25
55 93
96 63
35 30
69 40
6 7
26 24
10 92
98 78
72 58
11 33
95 68
52 56
16 36
8 25
64 69
81 11
75 46
75 2
41 99
68 90
72 85
55 43
18 56
86 87
16 100
5 75
77 91
20 85
60 92
82 3
66 61
66 85
77 17
52 90
35 76
82 23
29 66
44 67
79 52
53 23
6 51
25 20
4 79
22 86
84 44
67 99
2 48
58 41
42 100
94 47
25 30
65 36
100 41
94 38
3 23
67 41
51 12
31 65
86 77
10 3
12 20
4 38
28 39
88 36
7 27
62 14
21 11
88 92
57 32
99 62
40 67
62 34
75 33
43 45
83 72
58 28
62 43
36 19
15 69
55 94
82 17
92 50
19 82
81 58
37 87
73 4
48 50
87 50
4 20
85 26
49 5
15 39
88 15
76 43
55 27
47 42
37 9
75 89
34 85
93 92
26 50
25 3
54 78
100 35
67 47
89 49
58 62
80 41
24 19
24 82
34 87
57 36
67 32
53 68
38 45
4 70
77 23
37 94
42 72
80 42
21 71
90 76
47 33
61 86
17 70
1 59
7 79
5 30
75 47
92 15
97 22
100 48
16 18
3 51
100 34
34 16
91 99
9 96
14 9
66 17
32 77
47 95
23 4
99 60
51 14
12 48
54 82
28 36
48 93
95 5
59 29
20 64
37 80
5 61
80 1
53 1
5 71
38 79
58 83
80 69
81 45
6 56
79 69
96 62
8 6
30 2
82 30
50 4
38 97
95 38
68 72
22 26
93 32
42 76
72 37
44 97
53 75
25 70
23 32
52 68
71 74
81 12
71 83
7 53
86 25
3 35
12 6
90 95
40 13
69 88
21 16
73 9
26 43
52 84
68 71
86 48
81 85
