5000 126819
87 23
36 14
35 100
93 83
37 56
38 92
59 2
61 76
14 77
36 47
26 74
65 24
89 87
63 23
12 79
57 75
68 11
74 91
54 93
93 61
71 29
51 25
95 10
41 15
17 35
41 51
30 59
7 39
16 1
14 15
19 29
2 76
1 80
5 28
94 58
37 35
95 19
52 11
49 11
8 47
88 10
27 84
24 22
76 96
89 58
36 53
84 71
8 69
9 95
89 15
52 81
79 23
91 91
98 42
20 90
59 25
38 92
1 48
66 63
53 45
66 14
36 43
6 72
66 94
92 22
99 81
55 80
38 92
3 91
55 90
45 39
90 100
33 26
21 12
17 48
73 83
56 64
52 18
80 3
64 58
41 32
32 83
95 33
31 22
29 25
14 22
42 99
19 68
66 21
59 13
23 64
83 87
94 56
29 35
48 32
37 77
79 15
54 11
75 69
81 58
61 1
71 59
22 57
93 78
91 70
38 4
66 60
46 86
42 73
97 15
10 95
82 56
80 49
4 27
64 30
9 25
69 100
5 28
79 45
86 73
15 92
53 8
68 59
8 47
81 95
67 90
97 76
12 9
73 52
71 44
92 66
33 4
41 54
66 75
77 81
32 23
55 30
42 93
29 60
96 3
91 7
90 55
77 10
70 7
93 33
93 39
30 32
13 85
49 18
8 76
50 57
64 10
61 35
17 67
23 8
93 29
36 8
19 83
56 90
8 59
89 26
48 7
40 63
82 31
13 33
68 43
65 54
19 63
62 87
93 65
15 17
52 93
83 19
43 26
21 100
27 52
35 17
51 83
92 36
84 86
10 10
41 44
47 95
70 44
10 62
21 3
15 73
45 69
40 85
70 14
52 79
28 63
69 20
43 41
61 93
33 53
10 36
25 98
52 15
71 74
18 63
66 83
74 67
100 33
8 60
95 18
78 36
95 76
97 52
69 23
78 62
6 61
62 66
76 8
28 4
71 27
48 10
94 28
15 47
87 47
15 41
66 26
67 61
84 61
60 18
27 5
68 65
69 5
52 3
19 31
92 79
21 17
36 13
65 97
72 1
96 72
11 66
49 37
90 48
7 17
18 59
19 61
65 77
79 77
46 68
44 80
1 3
93 30
37 60
15 2
80 28
51 100
32 27
98 88
86 12
91 96
24 44
54 76
11 1
75 98
72 6
54 31
47 66
60 70
71 27
18 67
55 42
81 92
67 3
96 41
40 60
36 13
14 53
4 36
66 89
11 20
47 67
66 44
3 1
35 26
32 45
34 28
85 78
63 23
31 67
71 89
5 18
55 63
24 17
67 70
81 60
47 74
21 100
28 26
6 44
91 78
45 92
12 37
23 21
63 46
7 77
62 80
98 58
20 81
17 15
63 47
30 100
63 34
80 42
85 53
97 59
11 86
18 32
34 36
25 8
49 99
56 77
29 77
55 13
31 93
48 47
87 72
77 66
20 98
66 97
35 61
62 76
63 40
46 97
84 96
25 85
5 25
98 76
75 95
24 5
14 42
89 41
6 57
29 75
69 34
42 9
77 86
31 19
59 92
10 73
56 78
59 90
17 49
36 6
65 2
47 93
83 4
52 26
76 11
54 2
17 74
10 71
15 29
79 14
7 20
51 76
56 50
11 44
48 3
30 44
87 1
13 45
18 36
44 57
41 71
86 69
85 17
18 56
17 39
95 8
79 29
24 16
54 50
96 29
59 22
18 3
42 22
94 77
21 28
17 84
99 78
38 54
78 54
14 58
68 67
85 73
16 34
23 16
47 69
63 36
52 12
85 69
27 32
70 47
28 77
68 3
7 68
64 93
37 10
75 6
59 52
15 90
98 22
64 53
10 19
9 95
33 56
4 92
54 23
54 35
72 75
52 1
43 88
50 80
17 10
10 6
86 53
32 43
85 74
84 73
46 31
36 85
69 41
73 62
57 83
48 17
92 16
16 50
12 61
28 26
90 56
70 64
42 67
88 29
85 17
4 85
48 75
17 24
7 28
1 97
70 58
30 2
52 97
12 98
31 82
69 59
74 3
16 86
52 1
58 76
52 58
98 31
45 12
20 50
22 45
54 95
67 18
13 12
69 44
30 30
40 89
10 99
51 93
81 56
49 27
35 9
36 92
96 1
52 32
94 20
48 50
73 42
24 73
52 98
37 39
54 6
72 56
10 93
22 91
23 57
19 21
73 100
72 39
15 84
92 1
93 35
20 78
10 18
5 47
40 22
92 47
96 35
50 72
42 40
29 90
98 51
29 100
64 34
46 3
80 84
58 53
93 52
4 25
33 25
44 50
40 15
86 83
15 5
49 59
7 73
90 13
19 79
79 25
61 4
86 15
22 25
6 38
5 92
84 43
62 36
45 65
75 41
58 23
46 37
68 80
86 64
95 39
96 32
1 97
40 93
27 15
10 1
85 45
31 39
42 78
80 46
22 5
28 60
47 2
71 63
86 32
36 67
41 94
17 8
48 70
26 8
38 33
53 59
83 51
73 27
67 47
27 16
99 67
24 69
24 4
19 99
61 32
18 42
66 30
13 29
10 86
93 44
23 29
94 30
75 34
64 6
25 27
96 90
43 65
71 29
18 52
29 49
58 95
11 97
45 56
6 16
88 4
34 40
10 26
70 55
59 66
76 72
48 22
57 33
51 40
71 25
75 83
63 72
89 18
41 12
76 52
98 3
85 7
98 32
43 85
11 92
13 90
67 11
58 81
56 54
38 91
28 84
84 54
47 37
38 81
80 62
52 52
25 36
65 1
14 78
95 42
23 19
41 49
42 63
80 3
92 41
65 39
6 85
6 12
5 56
98 96
81 15
2 11
34 54
78 46
96 95
44 97
43 35
62 57
54 77
98 41
51 48
81 12
33 46
98 84
70 92
64 7
1 88
46 80
28 60
66 65
92 21
51 78
7 65
86 36
82 32
50 5
50 74
39 16
55 68
54 82
89 63
36 82
7 92
22 68
65 80
2 38
18 64
7 14
15 94
71 92
56 6
18 93
3 3
88 52
15 29
72 47
3 10
67 16
69 26
31 69
33 32
61 98
33 98
39 48
46 33
66 29
88 53
95 7
56 96
42 72
48 88
44 58
29 54
54 79
66 25
94 85
7 68
35 88
52 98
21 61
57 79
8 56
90 6
59 34
47 7
4 34
82 80
50 68
23 1
50 57
32 89
55 84
10 54
64 86
45 31
55 87
29 67
84 35
1 93
84 62
77 59
48 80
80 72
6 64
53 10
97 96
51 48
11 77
31 36
2 97
84 89
39 66
61 52
73 94
97 99
60 10
29 79
30 30
9 78
51 31
31 86
40 66
57 14
41 40
55 3
1 97
47 26
35 21
84 83
48 70
70 35
12 41
47 49
49 6
17 4
52 10
45 53
19 51
14 38
27 88
73 100
97 26
65 6
85 51
70 72
13 4
44 13
98 2
94 34
52 90
100 33
25 19
43 7
56 98
17 10
49 61
56 46
63 35
83 34
91 81
62 4
53 68
2 21
61 4
53 25
71 77
64 65
50 77
41 79
77 2
28 17
13 78
74 80
93 22
98 81
95 51
57 77
41 93
92 4
51 62
45 34
43 36
75 33
39 40
98 86
91 42
88 52
5 83
5 29
22 85
95 63
19 84
74 52
48 36
79 88
79 28
70 12
42 4
28 5
63 42
18 58
55 73
75 72
43 37
99 46
24 52
37 39
56 22
17 44
80 42
58 84
13 29
22 30
32 16
51 68
19 15
74 57
90 71
23 97
78 37
12 56
69 12
96 21
37 59
69 47
26 60
15 87
90 10
19 63
94 43
52 51
37 20
1 15
79 74
31 56
51 60
2 25
68 94
58 81
70 20
99 88
15 16
82 48
21 17
98 83
85 67
39 31
71 40
74 38
14 79
1 28
37 45
34 90
48 48
74 55
54 88
74 7
40 41
44 97
92 70
86 83
47 100
80 41
38 49
25 73
11 97
88 8
79 98
30 42
46 41
100 69
28 29
12 8
82 69
48 97
10 91
66 35
39 27
32 82
91 24
4 58
32 9
28 20
89 99
80 57
53 75
43 87
5 63
44 15
38 83
96 84
81 50
84 82
28 25
18 98
61 55
90 73
6 58
91 4
19 66
3 50
90 72
98 47
14 57
71 40
98 43
75 99
88 27
88 22
7 80
31 2
91 79
90 89
10 22
79 29
69 97
14 96
73 15
25 59
57 62
10 98
21 95
90 63
94 31
100 19
7 61
6 37
89 43
64 70
96 40
59 8
18 71
85 64
56 54
84 79
8 55
53 49
58 78
47 33
40 70
16 57
29 35
82 100
6 97
38 56
13 28
26 93
51 3
85 43
51 4
60 16
95 92
23 98
1 79
40 74
22 68
7 91
45 11
62 10
23 60
92 2
20 69
40 82
28 65
75 75
23 60
35 72
80 23
33 37
34 4
71 44
48 46
62 38
53 95
53 42
52 45
65 22
31 87
54 99
49 16
81 42
65 15
43 59
55 39
65 93
34 33
76 58
72 35
78 95
37 19
94 46
69 96
56 87
85 27
97 13
82 13
8 86
83 84
61 87
40 75
68 87
84 82
87 20
30 77
36 76
92 13
33 73
52 50
74 99
86 72
100 65
54 40
51 38
95 76
8 30
15 82
28 8
35 39
38 16
58 54
23 57
83 61
26 49
30 96
68 39
74 61
11 8
27 24
57 44
24 47
66 98
24 83
7 28
4 69
5 59
94 4
47 82
37 31
45 53
20 32
75 54
96 69
25 24
77 91
42 44
84 53
43 24
22 3
18 92
81 39
79 56
92 100
15 51
56 5
21 95
34 89
82 17
84 55
60 65
90 61
59 1
77 62
13 43
17 28
33 83
70 53
10 83
79 64
58 35
6 35
51 47
84 89
53 56
75 70
60 31
95 99
59 75
3 55
16 54
28 18
35 45
46 9
72 17
1 96
53 65
92 64
35 84
34 82
27 18
46 48
23 42
85 70
23 62
88 36
53 97
7 44
9 88
62 32
85 59
18 74
19 18
87 5
2 62
72 73
62 27
61 93
18 24
72 1
15 99
85 77
51 18
49 43
30 85
22 34
50 38
34 50
66 97
36 74
68 83
92 66
81 73
42 24
77 35
55 86
29 11
29 84
61 81
89 50
43 15
98 39
7 23
13 32
84 96
8 37
36 57
45 22
68 81
53 80
68 22
35 79
37 56
71 91
83 21
18 92
92 24
84 11
52 93
57 73
19 36
71 75
49 90
100 60
12 98
77 25
6 46
93 60
57 8
67 26
81 9
51 74
64 17
87 84
16 57
47 64
46 20
51 13
44 37
66 100
4 44
63 10
100 30
40 51
33 100
34 2
58 43
77 75
18 64
61 35
33 99
36 99
31 10
33 89
87 59
42 59
61 13
93 4
86 19
70 72
11 81
67 79
72 97
74 49
5 62
87 53
20 12
3 33
38 18
15 48
68 32
41 13
78 57
67 13
80 64
10 56
100 15
89 6
86 83
69 78
49 40
71 81
57 77
79 1
55 69
43 87
73 60
16 33
87 42
58 30
37 4
97 74
76 8
8 52
22 23
33 22
95 57
94 34
35 54
32 74
8 34
2 38
24 38
85 90
20 50
55 1
47 98
71 64
44 6
84 80
40 94
44 98
6 60
96 22
75 98
61 81
90 8
47 9
28 13
29 1
56 38
16 69
77 74
32 98
23 20
99 96
64 71
69 76
92 30
50 76
52 1
99 15
51 13
75 39
36 4
22 15
30 39
34 53
92 30
25 97
17 32
83 23
20 94
75 44
30 44
94 43
35 24
72 51
92 52
14 88
100 51
100 41
29 56
76 25
31 90
3 28
74 72
46 60
72 3
65 53
95 36
23 4
16 67
97 100
98 94
51 71
18 14
79 32
36 23
61 44
55 28
52 7
96 18
74 73
78 2
25 62
68 16
12 25
48 64
11 19
77 64
47 67
10 11
5 20
75 43
92 53
8 47
48 14
89 12
31 1
65 67
35 99
53 56
32 33
31 99
2 49
34 55
100 64
32 33
69 30
13 59
86 12
72 88
60 77
60 85
50 89
84 38
79 52
13 13
84 1
89 22
90 28
30 19
51 84
46 99
4 61
42 36
53 45
4 75
83 100
35 98
20 93
17 98
40 5
51 25
100 48
41 54
84 32
51 64
73 38
52 61
63 22
10 49
75 100
74 98
21 85
24 88
10 87
99 88
37 52
93 40
40 9
26 79
22 58
90 45
71 78
78 19
83 80
76 74
81 45
65 79
10 71
52 37
34 29
49 76
2 13
33 28
42 81
37 44
35 91
66 18
88 56
50 65
27 18
62 55
23 14
48 3
38 42
32 53
46 90
74 93
24 92
37 51
51 72
46 1
78 95
73 1
75 71
61 26
48 74
55 15
77 5
10 97
6 51
62 85
10 72
59 64
46 64
3 4
95 59
81 55
20 73
34 15
30 71
47 90
47 21
52 84
94 44
84 63
84 36
91 34
9 7
59 79
28 36
59 30
4 80
5 30
32 30
78 50
17 55
31 4
84 17
46 11
92 100
41 67
7 47
54 23
51 82
5 11
56 78
45 41
85 17
76 50
78 7
66 87
74 39
77 27
17 22
67 35
60 41
52 58
9 68
69 48
11 88
36 3
79 77
66 67
93 84
10 59
96 69
9 90
41 62
31 85
6 1
84 13
24 3
65 99
37 87
74 85
69 9
45 64
19 77
53 25
20 65
48 83
18 63
45 55
24 61
86 85
63 89
84 2
90 94
71 56
4 49
100 81
7 10
82 77
17 100
51 45
44 35
12 20
59 35
36 48
95 4
17 35
19 12
18 58
81 85
56 98
91 94
49 94
100 13
9 70
53 70
71 77
9 4
22 33
15 84
32 65
7 69
77 72
67 66
48 14
99 80
22 66
47 94
57 41
4 94
16 45
7 86
47 81
27 64
66 20
82 80
73 19
82 6
52 92
90 77
14 90
7 41
81 70
62 83
58 6
41 92
66 5
28 34
49 95
87 89
94 17
33 11
45 57
22 89
99 28
93 22
21 20
73 45
91 67
77 60
76 39
6 12
84 45
74 71
85 27
1 64
7 50
57 46
34 21
10 93
47 22
47 11
17 86
79 43
60 45
74 91
19 34
77 49
54 24
20 81
63 37
99 93
52 91
59 45
21 33
2 71
3 66
93 52
74 15
94 33
69 11
1 53
51 96
4 8
26 75
35 22
56 23
84 25
92 67
89 44
94 17
90 40
87 54
62 54
68 35
98 50
87 44
38 20
74 99
40 20
57 100
88 87
39 12
8 43
47 84
11 96
62 13
1 1
3 47
35 79
94 33
23 9
88 32
97 80
27 68
65 58
31 2
82 91
49 82
74 68
23 34
94 51
15 60
9 39
55 4
82 94
7 40
41 100
20 13
32 90
33 19
28 65
20 77
71 82
36 59
18 12
33 77
49 23
18 12
35 75
35 1
64 97
57 83
22 84
60 76
35 51
87 42
42 77
17 93
87 75
68 97
39 26
80 25
82 8
99 16
34 81
16 1
57 55
74 32
87 65
89 45
6 50
14 81
8 73
28 83
1 39
25 84
60 11
49 13
94 47
46 85
84 14
9 43
3 19
57 97
68 19
37 69
43 90
62 95
5 13
29 65
29 43
95 90
60 41
10 50
94 5
93 73
25 2
50 12
19 4
11 67
38 8
76 5
77 99
45 80
4 87
77 90
21 15
15 97
78 2
67 61
61 81
13 15
75 4
15 100
69 64
95 74
3 20
64 5
56 20
8 33
92 69
84 63
2 22
52 10
45 12
95 79
96 34
70 14
45 42
14 38
32 32
34 49
90 42
60 30
31 28
45 81
89 71
3 94
11 77
66 73
69 54
71 10
78 39
96 9
37 61
46 2
90 82
40 32
9 7
45 2
47 16
53 27
80 16
48 90
56 88
24 27
95 68
3 22
45 92
91 9
17 59
29 75
24 57
58 52
88 57
54 36
2 32
76 27
57 81
12 61
93 99
77 34
35 70
22 90
72 95
71 82
68 91
61 28
62 65
28 49
57 29
8 81
32 28
36 44
8 70
39 15
12 23
2 89
42 88
8 66
92 49
10 98
36 41
67 57
67 50
76 97
73 92
20 81
3 75
29 72
83 93
96 26
57 57
69 14
17 15
29 3
92 95
36 5
41 31
53 60
16 6
50 11
61 92
99 85
37 55
20 61
38 99
48 29
21 49
79 87
56 94
64 97
88 36
43 86
30 53
6 85
70 34
54 96
25 18
73 9
34 19
59 10
20 34
91 27
28 24
88 48
71 30
19 70
76 4
63 60
71 81
91 61
12 70
83 72
89 45
49 76
2 32
26 44
48 56
74 32
56 82
55 2
37 80
95 17
50 87
19 84
100 54
19 21
72 31
76 71
91 81
6 1
35 32
10 14
48 28
62 7
50 61
18 9
32 77
25 16
80 68
2 9
15 77
44 89
37 81
55 21
44 17
38 64
33 16
91 24
64 96
40 97
98 25
100 27
35 66
47 64
70 11
86 71
65 84
94 93
62 93
56 64
51 94
48 24
17 29
50 21
9 83
66 41
19 29
92 59
90 56
50 48
45 67
56 32
93 88
81 99
11 53
36 56
71 63
95 68
79 80
34 10
34 17
76 4
85 36
68 34
22 19
7 98
54 4
86 54
52 43
67 96
93 69
2 36
14 71
62 97
51 8
74 53
27 37
21 36
65 63
69 93
70 35
9 82
76 24
63 22
90 80
86 76
50 30
12 42
32 96
28 9
45 3
66 12
3 64
81 39
33 97
24 83
87 88
38 100
62 36
38 30
4 47
6 5
91 65
69 17
67 53
93 72
42 70
46 90
13 59
6 32
66 82
83 45
67 13
41 57
97 19
56 45
27 85
46 48
19 38
10 80
74 56
15 41
75 43
28 71
95 79
60 39
4 5
34 18
49 90
17 41
23 48
53 36
22 97
66 64
73 52
89 49
58 88
15 73
86 90
23 98
20 57
51 23
57 43
86 21
91 80
5 61
93 65
69 64
50 8
63 3
79 95
75 15
77 95
53 89
3 37
24 73
64 79
58 42
57 42
13 68
74 34
31 41
17 3
95 82
96 5
89 6
35 82
6 44
3 31
20 72
80 41
75 87
22 94
36 83
12 59
13 25
40 95
5 76
81 40
41 54
19 30
11 34
16 68
96 24
16 74
70 57
19 48
79 52
79 98
27 89
91 19
52 83
57 30
7 73
46 64
5 34
96 31
33 45
10 29
98 61
52 16
89 69
24 99
74 62
76 52
36 57
38 86
67 46
92 84
70 26
59 100
10 13
81 11
26 19
5 36
96 85
47 27
75 83
74 36
25 76
53 72
65 7
76 58
10 53
23 31
74 21
66 38
18 61
6 18
75 66
68 73
9 85
15 34
91 71
34 46
42 37
78 80
71 32
60 35
69 63
93 57
18 86
31 76
73 67
44 4
87 63
68 3
90 83
62 46
93 91
67 58
14 69
9 49
42 16
75 21
32 79
15 88
40 58
1 92
72 5
66 23
68 16
81 90
32 56
11 87
66 87
73 45
40 18
89 18
84 79
9 32
81 26
2 64
39 59
53 45
97 19
77 22
72 47
38 1
38 19
64 89
4 59
4 87
73 37
98 74
30 7
56 68
12 13
70 16
56 59
84 18
87 38
76 74
16 59
19 45
38 12
81 45
43 89
77 81
69 15
27 19
37 13
1 92
28 82
27 23
53 36
76 1
4 44
24 35
13 1
41 62
40 23
69 11
96 100
64 12
66 84
26 58
19 79
29 49
47 73
74 37
64 18
33 62
49 62
79 76
3 59
86 74
12 72
46 99
15 6
32 38
72 18
51 70
33 30
51 99
78 93
37 17
26 51
81 88
13 51
90 52
73 50
52 26
10 62
69 1
67 37
75 98
46 59
85 15
56 46
92 31
10 3
19 15
76 45
11 64
50 42
31 3
96 89
13 65
76 1
62 95
96 3
99 18
13 64
28 84
1 69
90 8
17 100
78 19
70 96
29 51
67 22
42 97
32 28
29 36
62 97
50 64
55 33
7 55
34 78
10 30
50 38
43 32
81 96
26 82
5 95
30 37
56 36
53 36
94 1
83 36
14 82
89 3
81 6
26 97
69 86
81 26
15 5
85 38
58 96
36 100
65 88
76 18
30 96
48 15
4 53
91 92
97 30
11 37
98 99
30 59
20 18
47 88
24 90
100 13
24 21
29 36
81 49
31 56
33 23
74 49
13 43
46 4
63 4
45 48
72 1
31 41
77 25
38 57
67 78
34 21
26 56
31 17
62 38
55 3
78 83
17 42
45 46
74 12
27 78
94 44
55 70
99 47
93 83
30 11
98 59
68 3
10 99
31 59
99 58
42 21
4 59
63 1
88 25
18 62
8 100
11 77
48 55
36 77
48 33
66 32
22 97
73 40
96 49
83 86
79 42
25 83
51 79
76 87
50 95
78 8
69 83
56 16
76 54
13 17
86 79
25 64
33 20
95 77
55 22
31 29
89 97
11 80
45 81
28 73
28 94
4 33
38 49
28 48
40 9
37 33
93 31
61 57
62 72
41 31
95 94
40 65
17 14
45 72
15 4
67 60
74 79
36 38
22 27
49 32
48 54
59 5
26 47
80 25
6 81
32 68
62 54
94 30
42 99
59 86
21 2
22 92
62 18
58 51
49 91
1 78
46 35
93 22
13 34
7 7
85 4
7 27
47 23
2 69
52 50
61 26
68 28
25 28
48 63
41 55
26 11
48 69
100 59
3 57
79 93
5 92
34 76
41 98
50 21
28 75
99 84
70 22
49 18
12 53
79 24
49 9
65 31
24 59
41 82
77 16
31 17
26 37
84 95
29 39
79 6
87 44
41 17
46 33
63 24
89 31
38 39
40 86
36 99
37 98
42 43
14 44
93 41
76 70
6 93
42 61
55 44
56 76
63 82
3 62
68 81
41 58
51 22
32 63
17 68
91 55
60 78
99 84
68 91
43 24
27 74
46 96
81 20
67 42
43 81
44 95
7 73
33 19
83 80
42 23
21 68
77 22
8 66
14 8
4 44
65 59
7 20
58 87
21 86
70 54
60 100
40 66
62 11
10 21
23 80
30 78
52 27
82 58
80 13
72 18
77 33
6 38
69 65
57 52
25 80
64 97
52 46
83 4
96 68
87 26
77 26
16 87
63 99
84 44
81 47
66 42
48 54
88 66
75 81
20 39
9 19
34 32
11 57
22 81
95 53
85 36
4 10
98 31
67 45
83 74
69 100
95 78
41 64
90 65
3 81
17 95
53 13
55 79
99 98
48 80
93 56
75 75
15 67
55 6
10 18
96 65
72 100
10 71
35 30
46 80
29 62
95 1
31 11
92 18
68 33
25 15
76 5
71 43
74 98
94 2
6 68
95 97
88 79
46 31
84 13
91 11
62 25
36 26
97 89
12 74
35 57
89 96
87 49
1 75
95 2
96 66
48 39
18 1
5 89
34 69
15 32
86 50
28 21
97 94
77 19
48 53
73 61
52 75
70 47
46 58
46 76
75 15
40 54
85 6
72 45
23 67
27 17
85 22
10 44
23 57
97 95
96 100
63 53
83 43
49 75
9 6
30 61
96 13
78 58
87 1
30 33
44 89
72 2
9 53
40 34
48 20
8 58
12 94
51 46
78 4
10 3
48 22
4 18
49 57
85 27
28 15
24 75
11 95
12 88
33 70
86 4
60 82
81 21
48 8
94 77
29 95
9 13
24 89
76 60
38 70
10 89
5 44
82 10
81 90
66 49
73 43
80 61
73 6
37 89
82 6
2 61
46 91
82 79
58 31
94 99
66 58
85 97
17 25
76 52
96 84
2 94
61 55
8 17
82 67
61 14
1 45
62 61
21 26
24 33
37 72
58 47
85 73
94 16
91 56
65 14
11 16
64 51
96 74
83 21
100 91
30 32
37 33
97 33
11 62
94 63
90 32
76 19
78 59
59 8
3 23
25 94
60 54
64 77
32 11
93 20
76 43
33 55
54 32
96 68
8 40
42 4
53 15
93 12
35 71
96 22
9 26
97 86
59 24
57 51
80 58
10 14
86 82
68 90
6 47
48 96
61 5
47 30
23 14
90 15
5 37
25 36
14 9
16 42
40 65
98 71
8 61
15 7
82 77
13 93
10 74
89 16
55 96
15 40
33 28
41 18
10 14
42 5
38 3
20 89
98 55
69 12
81 55
35 89
36 53
38 53
82 84
48 9
36 82
56 97
37 24
41 70
80 85
2 84
56 12
72 49
99 54
16 72
38 55
32 30
28 16
48 80
21 98
34 11
14 72
5 25
75 80
75 85
46 81
64 34
46 73
95 35
84 45
78 27
29 75
71 50
67 31
62 58
18 58
2 12
17 7
54 33
42 34
49 91
7 16
50 45
20 39
58 21
65 68
57 45
89 3
44 84
56 24
61 100
78 46
21 95
66 76
52 26
95 31
11 56
67 59
92 56
58 42
50 56
69 34
38 17
20 5
35 65
100 74
89 62
89 28
16 32
94 95
82 61
64 22
100 62
31 57
35 12
57 83
47 25
44 56
46 85
91 60
99 80
6 36
68 5
72 26
23 11
71 82
66 9
86 18
89 93
10 64
43 59
90 48
78 49
80 27
9 52
65 13
79 53
49 65
5 93
47 84
42 59
86 53
62 6
41 21
69 10
49 17
50 55
15 86
92 25
95 91
57 97
42 4
52 26
76 1
13 81
27 36
98 35
31 89
12 5
86 27
40 4
54 15
75 74
69 53
85 42
35 77
85 17
16 94
83 41
89 9
14 77
76 52
75 62
75 34
17 24
95 23
23 3
66 78
61 60
66 27
12 68
18 56
8 82
15 93
45 8
20 14
41 80
43 42
2 3
52 36
80 68
41 6
57 50
55 93
62 10
42 91
41 69
46 27
9 84
76 62
35 87
22 13
51 13
61 48
96 98
67 36
7 22
71 52
84 13
67 81
36 30
95 32
36 36
43 11
62 76
81 44
15 25
2 7
75 37
16 79
54 42
54 57
9 36
62 91
8 49
70 98
3 82
1 70
15 24
63 17
76 31
1 10
84 81
26 43
13 10
32 31
45 30
71 31
2 82
28 94
38 64
89 12
75 25
73 99
84 74
88 100
5 94
50 50
89 6
79 31
65 28
94 47
85 87
25 16
56 89
44 87
94 13
10 70
44 56
61 88
73 39
19 38
13 49
56 71
97 80
78 58
39 1
41 61
48 41
40 35
20 54
85 4
81 46
46 78
10 54
64 71
33 29
66 100
13 21
22 86
97 30
29 100
15 84
81 68
54 67
22 73
24 54
99 79
32 94
68 62
59 66
4 32
38 99
24 15
11 55
34 31
1 24
50 55
74 43
48 16
41 89
46 97
85 71
21 86
91 74
94 77
36 9
24 55
11 76
48 81
97 40
7 57
29 80
63 24
39 24
82 99
85 96
63 29
80 77
16 41
82 42
91 95
71 73
71 93
14 61
81 79
5 75
14 84
82 33
30 17
13 52
23 74
75 13
97 22
95 59
18 39
42 98
31 19
93 93
53 73
30 99
89 84
11 29
58 31
51 7
50 4
91 29
35 54
64 85
23 5
2 47
45 78
13 51
72 71
15 70
78 11
5 49
71 96
43 47
86 81
53 13
55 98
60 54
27 25
4 19
55 65
96 15
45 17
37 83
88 7
49 41
18 34
76 43
12 22
76 64
27 1
61 77
18 92
13 7
76 13
40 48
15 53
72 91
4 99
86 23
38 12
81 61
42 71
9 8
75 7
28 51
61 20
82 56
39 57
39 96
85 27
45 73
35 63
81 95
81 7
22 69
82 35
99 40
50 63
93 8
26 3
28 64
5 85
43 94
40 70
32 49
83 42
6 22
3 39
86 92
44 44
40 3
19 52
85 14
48 10
45 11
64 16
60 81
26 18
3 24
99 28
62 44
47 96
85 90
95 90
80 3
58 11
76 77
78 94
7 73
20 84
55 97
86 36
76 20
97 42
78 57
59 69
31 35
83 78
61 59
17 78
26 21
100 61
87 82
63 86
100 22
83 92
26 2
11 54
61 61
80 25
9 82
22 5
27 73
45 23
16 46
6 27
3 33
43 22
35 20
61 58
14 6
89 68
99 93
41 77
37 62
76 2
99 97
68 96
58 79
11 56
36 26
36 52
11 68
22 7
98 37
62 42
56 98
75 90
72 95
16 10
55 67
33 28
38 14
33 39
77 51
5 12
90 17
31 35
100 33
76 36
44 92
65 90
64 56
42 37
58 67
52 17
17 38
8 15
19 64
26 16
19 22
54 89
61 67
81 90
27 95
10 56
42 83
83 44
37 97
65 77
98 54
43 63
97 5
87 19
75 53
26 7
44 30
16 69
56 41
95 15
91 57
51 33
59 4
6 64
92 69
68 22
57 80
8 58
76 37
76 95
34 73
94 58
29 84
46 92
74 99
56 30
56 99
67 81
90 26
44 95
31 10
87 31
86 10
80 66
26 1
60 14
5 72
69 83
27 35
12 64
63 97
17 43
63 48
21 52
74 6
6 16
89 26
82 85
66 25
16 14
57 79
99 98
9 23
38 14
96 41
34 22
45 96
3 91
100 54
34 73
46 85
30 63
72 55
31 46
9 80
97 55
42 12
65 51
65 89
68 46
29 67
79 37
36 88
43 14
52 89
61 93
48 82
92 66
43 29
13 6
7 79
51 59
63 55
15 1
40 73
59 95
48 74
84 20
13 85
99 80
69 44
59 22
28 94
93 98
41 19
89 74
89 4
35 30
5 76
6 93
54 75
33 42
84 29
90 14
75 56
87 69
2 6
23 37
78 86
96 86
87 42
84 64
47 45
50 97
50 17
86 69
60 43
49 90
22 88
72 80
47 69
42 83
82 1
27 63
34 80
23 71
67 88
75 83
57 1
71 63
80 27
10 27
56 5
15 8
51 93
82 12
2 28
5 50
4 48
31 14
100 36
43 41
67 29
46 80
92 89
16 45
84 48
51 32
17 35
57 87
74 11
63 55
50 69
56 63
41 69
84 100
78 85
7 56
58 34
86 85
30 71
89 61
47 64
85 75
55 20
98 56
66 38
8 47
2 5
22 85
39 12
53 92
64 77
57 41
51 71
7 66
72 85
34 70
9 49
88 71
42 56
82 11
3 78
91 76
37 25
43 46
26 75
66 9
2 54
35 61
51 46
31 24
23 73
50 9
15 50
30 92
47 16
32 87
37 90
100 72
53 23
27 2
52 64
68 51
83 94
2 86
74 68
7 78
87 56
82 16
46 1
80 63
64 78
100 78
71 91
52 2
43 75
48 17
18 63
44 28
83 77
20 8
26 3
5 49
69 68
40 52
86 40
67 35
71 90
75 82
18 58
76 64
53 83
22 21
43 15
88 28
75 59
69 82
94 5
14 66
50 50
91 57
93 28
65 27
91 34
15 70
17 81
85 9
63 87
86 43
80 88
45 15
57 2
5 91
1 64
78 69
44 94
87 55
96 3
66 36
61 36
14 60
93 99
65 70
35 33
36 65
52 97
61 43
4 47
97 54
74 8
5 96
88 10
67 87
70 74
30 96
81 57
38 54
14 4
95 95
75 48
93 43
39 9
31 49
49 85
40 72
60 17
92 31
78 79
56 71
9 66
90 14
21 83
2 16
54 36
7 67
89 33
58 84
67 9
92 79
54 37
41 16
96 26
93 99
59 54
17 51
22 94
39 62
54 57
87 49
34 56
28 4
31 91
24 65
11 53
79 28
15 88
22 21
22 58
92 66
77 92
31 75
81 32
97 26
84 42
87 19
55 92
72 74
44 2
22 52
63 4
49 39
62 19
10 29
42 37
20 72
79 32
63 82
10 34
84 88
2 30
95 41
64 91
32 72
71 57
74 43
11 99
85 45
47 16
32 8
77 62
24 59
14 82
9 45
72 84
97 76
47 63
27 27
68 49
90 65
100 78
82 53
39 55
13 48
44 33
32 91
84 71
22 64
46 72
93 4
5 3
47 53
40 97
68 94
79 24
10 53
93 88
41 75
46 97
40 3
72 82
74 11
15 13
86 64
35 55
86 96
82 39
81 18
64 74
2 39
23 82
63 3
83 91
13 88
27 50
26 76
44 78
10 21
99 91
89 1
55 76
4 94
88 5
94 72
23 39
66 28
55 77
16 26
6 2
52 25
7 81
29 84
26 35
21 93
66 99
60 42
58 41
100 89
40 59
74 14
1 27
62 92
88 69
35 70
26 79
15 18
13 97
69 8
24 90
11 87
10 60
78 18
66 32
97 64
71 41
89 70
14 43
77 17
56 48
71 97
29 42
62 80
99 32
6 28
34 24
17 30
65 69
91 64
68 70
56 79
64 30
20 48
70 22
52 98
54 69
95 52
66 67
18 65
16 11
41 9
81 52
25 70
19 26
46 35
21 85
41 66
86 5
34 80
70 35
93 4
56 76
50 28
54 83
54 7
55 55
39 6
22 88
71 76
30 70
89 9
26 6
45 51
8 56
95 28
48 100
14 25
42 79
65 18
31 89
57 42
6 26
11 92
33 63
24 3
9 79
5 48
16 21
94 83
90 27
85 55
87 86
45 54
34 82
92 68
50 12
88 88
83 25
72 51
10 63
12 46
60 59
36 69
8 96
20 66
82 48
56 95
33 90
23 78
20 65
15 31
31 19
77 90
26 74
63 82
100 93
86 52
67 81
68 13
79 86
56 59
52 19
17 71
52 12
38 100
61 90
2 23
77 39
43 15
73 73
87 54
6 60
84 83
22 74
13 8
3 48
55 21
68 54
87 90
30 98
40 18
54 20
60 69
16 8
79 45
75 50
68 52
16 97
93 82
35 16
94 82
1 40
38 34
63 5
52 51
27 85
75 46
53 25
4 23
17 12
77 49
42 28
22 24
61 31
15 1
86 31
15 78
69 21
6 36
54 19
98 71
45 54
7 38
10 39
12 13
37 83
36 40
79 16
52 31
80 21
65 31
97 12
80 60
55 64
59 68
84 62
81 100
33 66
88 86
36 74
1 77
65 34
77 2
74 100
77 16
91 2
60 82
91 45
12 23
65 18
96 64
61 45
61 23
2 1
70 83
72 87
38 35
57 74
3 2
41 65
37 94
19 32
38 29
68 5
73 47
48 48
3 66
6 46
33 13
91 3
41 19
33 90
7 36
18 20
7 41
83 3
60 74
18 23
25 47
71 96
34 92
21 10
32 40
94 66
22 63
53 74
17 52
12 97
62 47
71 53
52 14
50 92
90 36
41 94
17 48
62 34
89 41
72 13
67 31
21 54
14 67
8 49
53 95
20 54
77 21
11 87
54 56
88 94
80 9
30 2
59 41
65 52
50 12
42 32
10 17
24 74
46 5
27 20
87 22
7 3
97 24
90 35
56 46
86 59
31 28
25 93
100 92
71 21
48 57
66 22
91 26
61 23
25 23
95 20
32 76
53 95
58 6
37 83
41 40
37 67
66 84
99 32
2 70
68 47
92 63
11 39
43 72
37 19
89 58
29 46
44 21
38 82
70 80
51 18
23 92
52 60
75 10
22 36
22 32
22 66
40 57
12 57
34 40
64 31
59 28
65 67
17 77
16 85
1 49
9 16
4 51
19 84
7 47
57 73
86 31
98 61
20 11
28 54
86 79
60 20
8 99
81 51
97 1
29 31
32 20
72 45
81 42
58 29
45 80
2 73
80 94
36 88
66 29
13 85
100 19
24 8
30 51
68 95
91 92
82 99
76 63
46 43
100 83
34 61
55 67
37 65
83 22
74 77
16 18
20 52
85 96
75 69
1 55
82 49
4 99
32 74
5 93
84 92
89 55
49 72
37 64
20 100
85 59
54 44
85 85
36 29
29 51
14 35
55 76
19 94
95 34
82 38
17 88
47 68
67 50
71 54
83 32
49 71
44 30
51 1
68 75
28 78
25 21
68 81
61 78
80 19
51 6
65 70
15 62
40 60
66 93
52 25
59 60
50 3
5 20
43 44
37 84
34 22
8 78
91 59
4 16
55 63
72 48
20 3
1 82
38 97
90 57
35 65
38 20
85 38
85 66
57 94
65 67
62 86
77 26
25 44
41 57
27 31
42 65
56 18
66 91
7 9
7 95
77 2
8 12
63 66
19 45
44 47
48 88
79 74
34 5
4 55
33 89
57 52
75 57
33 70
46 48
65 65
19 35
83 19
1 55
56 52
39 12
65 21
17 89
15 89
42 65
57 45
94 20
35 81
12 15
59 62
93 90
70 61
87 63
100 53
85 26
6 59
43 99
84 65
36 32
28 3
39 19
68 72
84 6
14 28
52 94
29 5
30 92
70 80
63 24
30 46
25 31
53 87
47 19
93 19
20 76
40 35
50 16
13 47
26 15
13 82
71 8
18 56
35 42
58 70
17 8
71 67
15 28
59 6
54 32
50 11
86 60
93 2
69 35
21 17
6 29
20 28
1 22
35 73
89 7
63 97
16 70
66 89
15 83
14 88
58 59
34 10
53 74
59 74
46 56
78 89
72 55
69 63
95 44
58 96
78 84
63 4
28 15
44 63
73 61
81 98
45 26
58 21
25 51
13 60
30 89
82 80
32 39
30 10
68 4
72 45
92 58
84 73
89 85
59 41
49 13
47 43
92 50
54 38
5 17
90 6
31 26
28 23
10 20
78 22
85 71
87 4
92 77
64 37
82 18
65 37
97 34
26 43
74 9
21 84
90 54
4 98
55 15
21 92
33 59
22 18
44 88
77 17
57 43
33 72
35 9
6 7
31 15
78 10
59 44
87 83
67 67
41 22
15 5
28 87
70 95
51 27
14 42
62 71
67 63
95 59
26 59
63 48
72 54
51 68
35 84
61 7
54 17
89 98
33 99
39 75
11 68
29 86
15 43
67 62
61 58
1 51
24 20
43 24
78 61
82 15
29 6
97 27
75 36
95 62
24 65
44 82
98 89
90 6
57 52
64 51
36 17
34 11
26 51
8 22
85 30
60 34
20 28
38 46
49 83
53 78
28 72
11 50
81 64
42 15
29 63
93 73
94 65
5 82
35 96
72 77
86 97
63 53
20 56
12 84
58 14
95 20
8 66
55 2
84 78
64 69
18 5
20 46
98 31
95 7
79 67
34 60
6 40
98 94
71 57
6 22
2 24
51 29
16 24
82 39
92 43
97 38
74 11
38 59
1 72
60 58
61 36
38 68
23 62
80 91
50 3
32 75
74 10
57 20
38 29
10 39
72 89
55 33
81 84
21 19
1 39
11 50
54 31
6 30
8 96
77 39
12 3
10 19
27 67
79 26
43 9
70 61
27 64
69 71
7 20
27 35
28 28
67 55
65 54
2 89
98 97
66 8
85 15
72 6
74 28
22 43
33 97
97 16
28 27
65 80
18 86
28 17
75 82
23 68
86 46
82 77
99 7
49 49
43 47
25 25
27 26
38 55
47 86
54 41
58 25
53 5
32 27
37 4
20 59
48 32
39 44
17 55
65 40
23 10
40 12
38 67
97 53
24 8
87 34
24 79
88 40
4 19
4 48
62 21
26 39
89 93
96 49
77 45
37 93
90 47
53 21
15 71
79 53
99 6
20 11
36 77
52 10
52 90
73 32
23 20
51 21
63 27
91 26
16 60
37 36
83 38
5 78
33 40
58 97
91 11
57 71
46 88
46 82
60 18
59 60
24 72
100 62
6 8
100 68
36 7
48 54
52 88
2 77
26 6
51 94
22 39
14 34
54 3
25 28
86 17
28 23
75 1
100 95
70 48
42 60
36 83
4 37
47 90
69 22
62 86
89 100
77 92
59 25
35 33
88 61
17 85
58 4
39 23
75 92
9 71
26 81
22 98
60 59
27 57
99 55
62 52
48 47
12 41
67 6
24 75
49 57
46 80
51 27
48 4
16 80
92 38
36 86
71 16
90 27
4 7
32 53
79 79
32 51
90 78
65 11
71 11
59 14
74 67
9 85
85 57
82 89
34 65
58 54
93 99
12 73
8 61
7 50
60 20
72 1
73 8
35 46
20 57
71 87
85 72
20 60
38 66
77 9
55 97
8 34
66 88
10 4
92 38
96 66
93 6
81 15
60 28
63 16
91 80
33 94
23 53
27 37
66 35
8 17
84 42
59 33
19 90
92 2
65 35
30 61
63 2
89 42
65 6
34 11
59 28
1 29
53 22
96 46
77 37
59 19
56 79
95 24
68 74
47 16
90 41
60 79
79 83
2 69
74 94
22 14
86 14
96 46
48 50
52 48
55 15
84 92
10 81
74 56
27 93
74 15
55 16
41 47
62 8
19 73
74 57
73 87
20 1
79 30
20 32
48 89
37 48
75 62
94 65
57 21
21 30
36 5
16 51
100 64
37 25
42 45
21 77
22 39
37 42
68 79
73 38
44 8
3 70
82 70
17 63
29 14
7 36
71 30
69 12
21 43
42 2
43 20
93 30
13 54
73 50
12 13
12 95
61 49
87 75
6 59
17 22
59 56
41 15
85 72
58 19
77 40
26 16
30 47
50 30
14 10
50 25
23 19
57 69
52 46
56 89
25 84
81 12
63 76
48 13
49 23
35 19
89 67
43 95
27 100
53 72
15 44
90 12
64 66
76 92
28 38
69 76
44 13
39 93
9 91
28 85
96 63
37 82
53 52
78 10
87 63
67 13
27 86
9 33
75 82
78 84
16 73
100 17
58 95
78 49
47 29
7 69
64 67
87 47
1 63
90 66
39 19
68 58
32 29
2 36
95 50
11 67
71 12
38 14
49 11
31 2
66 50
97 74
68 35
70 54
74 35
54 49
36 66
100 72
14 81
11 99
77 55
29 54
62 15
87 49
59 2
8 96
45 18
22 20
94 42
45 32
64 37
32 12
64 90
47 65
85 48
58 91
57 83
55 11
96 56
58 94
38 12
13 6
6 19
5 98
82 11
79 53
10 46
70 28
30 24
23 26
32 27
58 79
3 79
93 93
44 79
61 32
100 40
88 48
35 3
45 34
85 32
98 39
28 45
48 21
44 56
12 44
58 63
52 90
67 54
53 18
61 35
56 17
17 75
66 53
60 14
98 85
96 57
69 59
67 13
25 33
43 37
50 91
83 63
45 67
42 83
78 41
58 51
93 23
18 41
92 53
37 8
2 72
41 44
64 52
1 44
36 99
76 48
58 6
87 40
94 1
62 23
48 75
49 70
78 98
65 27
60 35
28 34
61 36
80 46
46 46
37 68
22 82
96 36
19 30
18 48
37 71
49 22
27 98
30 45
66 62
18 3
18 52
19 85
58 46
82 55
71 28
93 96
9 2
29 33
32 35
54 55
42 8
31 61
54 76
20 5
95 40
13 10
47 90
7 75
92 55
92 36
44 94
65 36
87 23
14 23
82 36
76 45
62 96
9 85
57 89
79 10
78 87
74 92
97 94
88 84
7 47
20 22
32 79
67 100
48 6
63 66
20 6
41 13
45 26
73 81
60 69
92 65
37 91
58 59
98 91
28 97
2 46
93 84
44 85
40 20
7 58
26 20
15 65
20 6
86 56
71 5
99 15
63 95
97 97
47 60
2 78
3 95
18 33
34 9
70 46
17 39
48 74
41 52
58 3
45 51
14 84
17 72
36 16
2 26
27 82
85 58
30 23
28 27
78 42
73 59
67 46
36 51
50 78
34 10
7 56
87 85
56 67
57 70
2 31
52 63
56 82
3 9
55 9
73 14
88 69
24 54
90 52
36 42
16 57
47 55
80 92
29 93
15 78
67 59
83 18
93 59
51 69
12 92
20 37
80 62
36 50
39 82
15 12
38 79
24 44
74 20
24 16
79 10
30 41
25 46
31 24
85 22
80 6
85 84
58 36
67 74
60 37
47 87
2 15
75 46
45 93
33 59
56 38
59 70
51 69
38 7
52 28
2 89
1 51
23 64
33 50
88 52
13 98
100 14
77 31
36 93
73 33
1 46
67 54
2 73
77 43
97 77
87 95
56 49
33 60
44 30
75 22
44 48
42 68
28 89
70 45
86 61
61 99
77 34
96 30
11 19
14 41
99 10
64 8
66 43
22 25
49 57
6 94
86 74
48 70
82 76
74 66
20 54
34 73
40 19
21 27
11 16
88 47
59 21
18 64
20 58
54 2
92 85
15 6
95 69
20 25
84 2
32 81
32 23
61 36
80 63
94 42
26 28
78 72
10 49
44 70
51 48
58 57
49 63
37 22
57 79
30 91
62 39
76 32
64 63
1 58
48 10
26 78
40 56
7 82
95 41
59 14
12 83
87 78
25 71
59 4
58 2
8 72
90 84
41 77
68 7
69 46
86 18
46 86
99 69
47 18
89 55
49 69
4 74
37 70
37 42
12 4
18 60
98 80
87 88
33 22
50 37
87 97
58 100
89 93
45 79
53 92
99 58
56 13
91 21
