4000 122562
100 72
3 80
82 40
89 74
74 94
59 74
72 44
1 38
95 65
68 36
76 57
17 51
51 68
95 30
90 41
62 70
29 31
95 78
86 31
63 44
100 82
33 9
27 41
39 49
48 52
35 43
33 81
31 91
57 24
80 55
15 34
8 47
34 86
48 74
96 21
59 32
6 99
67 16
60 21
53 63
34 51
87 77
69 65
84 70
81 7
58 57
98 92
61 89
4 86
35 22
23 85
3 67
67 82
49 25
93 16
66 33
35 19
25 48
48 76
44 43
56 54
63 9
51 89
89 40
62 34
99 61
48 71
20 32
17 76
7 43
72 47
3 78
45 20
92 11
38 48
25 78
1 20
35 91
37 18
5 5
70 12
59 2
59 72
88 93
59 27
52 39
6 78
45 97
76 38
53 53
88 39
32 92
15 13
39 80
72 83
29 47
89 40
19 5
48 30
5 16
77 47
71 76
7 45
21 18
62 39
45 92
97 95
14 58
31 34
33 65
18 62
100 45
43 66
77 85
40 90
1 44
80 75
45 67
46 41
55 13
97 71
85 31
38 56
64 35
75 10
10 38
92 33
63 50
28 94
91 63
68 17
57 40
61 38
26 61
29 10
22 76
70 5
26 4
87 33
1 38
10 20
5 47
52 35
53 38
33 83
43 24
5 33
12 58
39 42
2 73
18 70
36 64
87 56
56 77
51 98
61 17
65 14
94 31
24 66
44 7
84 93
43 34
52 98
44 30
68 47
81 7
17 58
90 51
58 63
3 42
42 40
67 34
59 40
93 74
71 71
91 23
88 49
76 4
54 32
26 90
29 28
24 1
13 53
15 83
79 77
63 51
28 100
95 42
8 33
3 17
90 100
91 77
45 51
42 49
86 58
64 49
74 8
2 15
53 99
83 22
57 57
94 90
1 55
15 48
39 64
72 26
58 70
26 64
99 29
63 1
3 54
27 8
86 53
16 58
94 91
64 81
78 60
21 42
10 74
38 92
23 58
100 73
28 68
19 60
93 74
14 26
82 8
66 81
67 92
87 58
100 54
23 100
32 48
100 8
90 48
70 63
71 85
47 69
47 26
21 65
9 70
50 31
48 73
95 74
65 89
41 63
10 55
94 48
13 4
20 80
83 92
87 13
71 53
11 11
5 25
63 26
76 36
38 84
80 58
42 80
24 42
79 11
17 79
56 41
78 70
6 26
77 55
1 55
4 95
76 32
21 19
64 16
77 15
20 91
10 89
93 3
12 5
20 95
38 2
24 60
91 75
21 45
10 25
61 79
31 56
66 49
75 56
58 43
4 32
6 65
99 22
79 25
36 75
67 1
86 17
65 96
24 78
15 23
65 50
27 72
90 55
38 21
91 39
66 21
57 63
100 28
58 23
69 68
71 74
47 76
92 79
13 100
67 21
54 3
73 78
49 76
19 3
99 33
6 70
74 87
56 49
57 92
53 63
91 23
23 44
90 80
56 71
47 21
4 54
20 72
25 45
45 60
57 92
67 83
62 80
66 7
19 62
71 2
34 26
89 88
18 30
77 4
2 87
84 2
30 59
26 65
33 29
1 61
77 49
38 98
74 47
32 98
46 89
78 62
23 72
69 84
20 41
78 94
67 5
23 46
49 66
43 1
68 6
58 57
10 83
29 85
75 15
28 97
52 39
8 40
16 84
69 20
84 44
69 70
52 21
66 54
95 86
36 49
66 66
23 87
26 46
91 13
54 84
71 87
21 26
76 7
39 70
40 18
5 1
57 26
62 63
6 18
100 26
81 68
15 26
9 61
62 5
89 41
88 57
13 95
96 80
55 40
33 14
31 75
24 9
84 34
96 28
70 95
72 82
13 94
92 81
97 27
4 58
97 16
67 65
24 83
25 74
58 35
63 52
29 26
66 12
76 14
86 43
65 38
9 34
100 69
25 98
22 38
40 9
64 6
86 32
87 40
19 45
18 45
18 15
94 5
1 78
65 94
63 51
72 11
78 39
6 83
20 37
81 48
2 50
87 2
56 82
26 24
96 88
70 33
7 1
61 99
97 47
44 44
78 88
57 80
44 12
2 37
78 69
35 72
66 42
63 52
22 11
36 38
80 96
91 77
29 95
33 25
55 71
43 45
56 35
32 61
100 28
76 23
64 9
1 29
14 76
71 90
79 52
9 15
92 75
37 53
69 66
89 21
80 48
46 53
45 52
75 11
100 42
23 20
10 82
17 35
37 71
83 44
52 73
17 18
73 21
32 19
49 94
27 43
74 63
56 80
11 55
73 42
31 54
74 63
25 71
44 30
97 5
55 74
4 96
88 79
91 26
73 61
28 99
23 25
70 66
73 2
97 35
21 7
47 73
58 68
37 93
35 95
40 12
40 17
51 12
64 84
23 35
51 57
91 78
96 98
7 36
1 32
20 39
89 89
26 95
45 61
33 70
74 51
51 35
36 66
62 29
94 12
60 78
89 79
16 37
82 43
13 80
64 71
2 1
11 4
74 91
91 94
46 98
65 2
82 10
48 9
29 37
5 45
99 65
19 14
52 94
57 52
71 45
72 84
97 40
48 91
68 45
29 10
74 41
18 79
17 27
35 69
11 90
28 4
75 99
78 78
9 47
40 78
42 1
63 99
50 81
15 91
5 92
95 30
79 44
86 54
43 38
7 80
42 98
93 54
77 45
94 91
1 5
99 89
65 26
97 97
99 32
84 70
78 6
72 72
1 48
46 84
58 93
64 90
25 87
32 91
41 19
86 85
23 21
82 19
48 36
73 53
48 9
52 27
19 83
79 4
89 80
13 72
37 35
31 29
57 26
66 79
76 71
57 82
64 20
92 97
6 78
62 51
75 66
35 35
85 74
75 66
80 18
42 66
38 7
4 57
26 9
79 25
89 93
48 29
12 44
88 28
20 81
12 4
91 7
91 15
90 60
32 38
3 87
78 94
14 19
12 64
43 25
89 89
20 45
59 44
80 37
25 23
72 46
54 55
59 57
57 19
80 20
90 27
98 85
70 78
94 83
75 45
100 2
34 27
23 73
11 97
74 55
94 5
74 53
64 13
84 20
63 64
95 50
39 58
93 57
8 20
50 21
87 81
48 9
69 65
45 76
27 45
94 87
69 21
32 99
4 96
77 40
12 70
94 22
26 76
81 47
39 56
1 20
80 1
24 82
23 44
42 49
97 88
16 48
16 53
61 52
100 19
30 16
7 54
90 76
74 73
67 73
39 96
61 5
14 81
59 13
57 81
41 78
4 99
25 1
72 28
8 46
1 92
35 50
53 67
27 67
67 96
91 74
27 38
98 48
14 56
49 81
92 49
63 95
16 29
59 1
23 47
67 99
88 17
81 100
56 75
14 41
47 72
46 22
74 45
61 5
5 34
30 77
1 82
8 85
7 30
24 61
15 30
7 21
11 10
67 49
85 40
29 58
9 22
11 77
27 5
75 29
11 10
70 53
37 24
79 90
28 6
11 70
45 88
67 74
91 69
53 62
80 14
38 92
98 36
53 10
98 96
2 69
35 39
50 29
10 5
41 68
25 90
76 87
99 40
35 99
95 35
84 79
64 56
55 8
46 8
42 13
29 37
9 17
11 17
17 12
39 6
38 22
27 81
83 93
4 95
70 1
35 7
36 60
7 44
85 42
40 70
56 40
86 62
74 8
5 68
47 67
66 27
29 57
75 53
65 66
16 56
69 39
100 45
31 63
23 46
97 52
72 75
4 34
57 20
34 92
72 45
95 25
71 65
51 77
30 69
26 60
20 77
16 75
13 19
26 21
100 68
53 40
33 12
38 30
26 99
37 79
84 48
44 25
17 88
58 52
8 43
32 95
78 90
59 87
62 57
53 87
7 90
85 84
8 21
64 61
18 75
79 17
10 85
40 39
29 94
39 53
18 50
100 22
55 80
30 21
77 94
54 47
82 12
9 5
91 28
60 11
45 36
27 75
3 87
14 23
36 26
10 29
45 17
66 67
20 67
59 25
18 54
26 8
95 8
77 26
41 20
13 34
7 42
51 4
4 25
88 87
89 9
21 26
87 9
95 40
51 46
64 2
1 86
84 10
72 7
91 14
43 20
69 42
69 40
45 58
82 16
57 66
6 39
78 32
22 84
25 5
88 8
91 89
3 65
83 68
19 14
95 84
47 1
25 8
97 40
50 77
12 94
86 100
71 3
99 2
32 39
73 100
14 4
32 24
56 9
37 62
75 89
51 80
57 55
43 29
95 38
90 70
51 46
1 76
20 53
72 29
77 32
7 60
14 70
31 48
41 27
32 83
26 84
87 80
57 42
22 23
37 8
20 88
59 74
59 10
70 89
43 12
83 62
83 44
74 87
90 22
72 57
48 28
40 2
28 11
43 56
87 91
70 80
93 53
87 18
89 32
17 33
15 1
95 44
30 2
98 49
36 70
14 37
75 84
74 1
22 78
48 58
62 9
41 65
7 31
72 70
11 6
1 94
54 31
45 1
74 80
96 53
16 58
22 7
35 6
96 68
16 14
73 96
65 100
8 18
59 13
53 31
76 51
26 65
99 74
58 52
23 13
86 96
71 88
97 48
60 96
92 18
44 5
21 56
84 34
2 35
93 26
94 39
2 28
98 56
91 40
28 60
93 60
58 49
49 18
80 65
53 68
64 84
52 12
69 67
23 1
63 76
73 50
99 51
40 41
72 23
56 55
62 5
9 70
78 94
10 53
68 18
69 11
5 57
41 73
52 97
59 44
85 98
98 35
12 71
82 6
88 26
39 82
27 17
45 26
39 100
6 34
50 94
54 83
9 45
70 60
29 83
23 73
43 9
27 86
62 65
66 84
34 40
75 69
74 5
11 85
84 73
94 22
31 96
41 82
34 95
82 44
51 25
18 44
31 78
62 47
51 1
70 56
53 81
77 18
15 81
43 80
34 51
16 74
49 14
95 47
85 86
77 48
17 19
79 46
55 33
79 35
96 29
88 24
5 4
70 86
50 9
41 28
15 7
80 56
81 61
48 53
13 99
31 37
17 97
44 28
44 84
19 49
13 83
96 16
96 66
79 16
91 95
81 68
46 41
39 60
27 15
83 78
15 7
44 85
61 24
69 40
74 20
9 4
8 63
78 75
30 89
9 23
18 54
44 96
88 78
50 15
43 48
100 28
32 51
59 96
95 56
76 86
77 97
60 90
23 1
24 62
90 5
13 47
57 82
36 98
3 6
83 96
70 75
17 13
26 32
82 98
37 52
51 51
90 2
96 66
81 77
19 90
4 89
50 31
62 37
43 18
100 45
4 37
95 46
31 95
14 84
89 53
6 81
91 80
100 42
81 81
66 94
42 47
93 28
22 75
29 44
48 85
5 22
98 70
64 97
82 53
79 68
53 100
85 4
69 21
100 66
65 32
39 10
4 6
14 62
1 99
46 75
65 6
56 35
40 72
96 53
70 70
81 24
53 33
12 50
32 66
33 65
77 95
73 64
78 44
99 69
1 59
25 29
55 90
50 28
40 77
36 42
29 47
44 77
20 97
49 67
44 42
36 81
87 29
99 99
50 42
39 27
96 25
14 100
95 13
36 97
61 52
64 82
68 20
14 36
27 83
51 37
98 52
3 77
76 100
27 48
1 97
28 10
3 76
55 38
78 38
43 4
43 32
58 84
38 80
14 80
6 51
81 73
50 60
44 31
79 71
51 2
83 57
27 48
16 1
29 21
14 44
77 4
44 54
81 63
42 91
70 89
83 52
39 42
72 17
58 51
18 89
25 14
86 61
20 16
31 51
63 50
14 20
73 82
72 85
52 51
39 62
77 87
32 24
88 73
72 17
63 46
38 74
6 25
89 93
53 26
34 45
2 36
81 29
77 51
34 51
22 19
98 39
16 2
13 13
70 55
26 4
30 1
94 68
11 16
1 69
76 71
25 65
15 40
1 4
96 50
66 90
39 17
24 88
49 13
26 90
95 5
63 59
15 15
1 29
3 3
19 41
86 26
56 39
100 21
15 76
89 41
73 92
12 14
57 94
85 4
81 68
82 97
66 56
26 88
44 65
67 76
2 10
20 29
33 15
2 13
15 30
98 5
92 82
90 18
98 17
17 71
36 74
61 27
83 85
88 54
63 82
1 77
74 79
19 72
100 98
88 6
59 12
25 41
99 19
67 5
61 96
32 39
100 53
79 51
9 78
95 17
45 79
10 87
14 98
29 93
63 51
28 79
26 97
6 32
69 48
75 66
22 2
5 21
35 44
4 39
92 75
50 25
5 15
65 5
20 96
56 64
4 11
78 59
32 4
3 81
97 15
93 99
86 71
96 68
71 2
94 100
91 36
67 80
56 86
4 85
95 24
70 37
84 64
72 21
76 20
4 11
46 38
97 22
8 84
33 33
53 12
100 10
34 58
9 26
16 66
53 5
16 42
20 28
82 64
48 45
74 9
78 78
40 96
11 31
26 97
62 49
4 31
68 85
28 28
59 68
23 69
74 3
29 4
58 84
45 75
56 24
62 47
42 12
4 97
69 82
26 45
56 8
20 91
59 54
16 85
88 56
11 58
32 26
59 84
45 73
31 23
84 44
74 51
70 18
94 26
99 99
83 66
97 56
18 35
10 45
8 76
41 4
35 47
88 31
98 39
31 22
43 54
59 85
72 85
46 2
80 66
50 81
54 61
51 8
8 34
69 98
38 16
71 44
52 23
48 51
67 16
82 45
31 46
40 18
3 14
24 71
91 69
85 31
73 79
8 3
46 75
32 54
48 58
80 74
19 84
98 97
10 47
13 90
8 33
34 31
10 43
39 51
83 64
63 4
90 10
90 97
84 1
79 25
12 92
35 75
27 27
78 60
17 72
57 72
70 29
71 85
33 43
60 97
56 68
57 73
67 52
1 42
88 78
67 9
33 67
58 61
16 57
42 13
70 2
23 42
75 96
79 45
62 44
9 59
94 100
3 53
51 7
77 52
81 30
62 99
63 26
59 56
92 58
31 49
68 28
61 38
2 86
100 22
20 35
9 53
56 46
38 86
61 46
95 23
56 46
93 13
52 83
71 55
87 77
73 37
46 96
13 72
3 81
59 39
22 82
96 32
13 43
72 89
24 83
93 72
85 39
87 60
4 28
76 48
69 9
71 55
36 85
70 46
70 28
7 19
30 98
77 73
97 56
91 43
23 95
4 2
83 7
74 29
27 8
69 84
98 65
72 3
82 7
100 97
82 93
55 89
96 28
94 35
26 77
71 10
38 7
10 67
57 22
41 34
86 14
78 82
63 40
73 98
47 27
32 19
32 69
77 24
60 91
80 24
19 18
34 37
83 77
1 25
59 65
9 84
22 60
56 82
32 38
55 66
56 78
13 30
9 6
3 6
58 65
34 82
73 67
96 23
95 48
82 88
88 56
32 13
59 21
51 47
57 11
57 47
34 65
88 31
85 22
46 55
19 54
3 40
79 43
1 83
56 16
38 7
62 18
29 75
93 40
93 56
83 92
100 18
6 37
43 98
54 75
15 53
28 31
27 41
62 75
22 31
60 81
50 82
6 43
18 1
52 28
62 5
26 100
37 92
1 35
11 21
82 98
19 41
65 60
13 40
71 75
20 27
50 99
32 92
100 53
94 90
25 99
34 97
46 7
82 88
76 94
99 33
48 40
3 76
25 26
10 15
77 58
84 6
59 48
82 53
53 58
62 76
95 57
79 57
98 19
95 44
41 30
32 69
65 36
57 41
44 60
35 10
77 68
93 10
19 53
28 72
38 100
95 4
62 68
83 6
28 91
37 13
82 39
75 82
92 89
58 16
84 48
20 98
94 21
94 96
53 50
46 30
7 23
47 59
76 39
5 41
93 2
68 20
36 9
9 89
25 60
31 69
43 50
53 79
75 78
13 2
80 51
12 77
59 57
41 18
95 35
86 99
30 83
28 25
13 81
73 23
85 40
96 28
92 20
78 12
42 75
44 70
76 93
48 97
42 28
3 83
4 90
86 81
71 2
91 98
94 21
95 62
21 18
88 70
99 40
95 48
1 71
78 90
59 24
11 28
71 60
5 10
97 26
100 42
32 34
9 58
72 64
68 25
56 38
15 83
98 36
49 12
10 4
73 81
49 61
51 83
27 63
4 50
88 63
97 65
95 99
81 83
43 26
67 17
20 52
41 17
14 64
72 75
71 7
72 39
83 54
41 18
76 49
79 31
40 59
59 34
39 41
63 74
78 59
46 78
77 8
75 46
95 41
86 12
99 78
95 1
88 94
26 41
98 2
75 9
74 5
44 1
7 43
69 82
63 17
26 47
9 98
76 32
98 21
31 56
99 70
80 26
71 73
26 70
10 8
62 83
36 4
100 48
24 56
13 14
45 25
52 64
88 11
91 18
89 27
38 89
85 18
76 20
63 81
35 72
2 80
89 85
30 72
8 23
57 18
92 40
86 69
65 15
19 71
83 41
48 71
17 92
14 66
18 43
94 62
75 25
80 26
29 17
74 73
55 33
42 30
18 49
59 48
81 92
9 66
47 74
18 80
45 36
23 94
33 60
31 7
76 73
21 96
61 30
84 95
77 13
4 69
21 15
93 80
23 91
55 55
40 50
91 34
68 72
10 44
85 95
42 49
89 21
13 11
67 21
95 54
6 92
84 69
53 1
38 84
44 87
100 27
8 63
41 22
74 20
40 75
71 28
49 44
60 22
83 9
84 91
88 87
87 29
4 5
80 66
61 19
10 12
72 67
51 52
29 35
81 10
35 99
22 83
21 83
100 9
88 55
67 88
57 1
72 76
72 40
95 84
67 62
71 66
2 98
7 83
96 37
93 24
30 62
96 81
4 98
64 70
80 23
91 84
2 98
35 27
22 49
62 68
45 90
45 15
13 19
73 77
25 76
99 69
47 11
97 10
50 78
34 66
64 97
7 30
57 41
35 89
53 65
24 54
57 54
6 14
82 36
52 91
98 38
11 97
47 23
1 35
27 18
78 45
43 70
28 15
65 23
16 18
90 34
9 65
61 84
54 4
33 41
85 11
52 73
31 3
34 21
2 2
65 20
97 69
60 31
21 60
83 57
12 47
96 65
39 11
17 60
78 100
42 53
14 49
40 48
40 27
66 35
66 17
18 23
8 4
46 83
82 45
75 73
35 16
42 9
35 8
88 20
26 1
72 19
91 92
57 56
5 39
44 45
73 75
53 7
3 75
45 87
35 16
14 73
41 51
73 78
30 84
70 51
66 82
95 33
9 50
5 8
12 19
27 67
74 30
71 23
72 49
7 26
46 47
6 17
48 35
80 55
45 36
26 87
51 73
87 79
34 42
7 63
31 23
6 17
59 21
33 49
50 55
93 36
47 21
42 5
17 65
28 56
11 7
82 46
23 88
20 57
87 53
86 59
46 75
60 82
57 33
69 75
19 8
2 79
74 91
66 94
81 33
70 78
43 32
84 57
56 56
76 26
42 71
86 30
33 94
1 92
71 30
35 48
45 79
17 2
76 52
14 44
96 58
87 59
95 89
70 45
6 67
33 94
56 55
3 41
45 27
12 87
71 67
63 86
13 66
96 58
80 31
45 50
17 35
75 63
28 59
24 43
50 40
22 29
10 72
35 33
22 72
32 54
69 32
18 51
48 55
44 35
31 46
95 12
30 93
78 86
65 9
87 11
62 79
20 63
89 51
58 6
31 50
11 18
20 43
95 67
58 27
52 74
39 16
74 13
26 88
19 74
98 55
27 27
40 55
59 79
13 11
13 26
90 32
81 42
82 28
89 86
77 76
65 25
83 50
6 21
94 11
47 58
45 31
55 41
18 20
85 34
13 98
100 69
96 3
84 41
94 35
53 81
35 14
85 3
27 93
12 1
3 28
76 48
39 79
94 82
34 78
51 89
58 60
75 61
84 82
39 87
63 46
60 9
55 64
97 47
17 29
48 74
44 4
61 12
3 66
13 24
98 97
67 64
13 44
93 99
50 56
6 31
97 31
37 69
90 85
75 23
48 21
44 12
50 22
38 51
37 46
35 99
41 39
46 5
9 11
24 72
85 43
23 9
35 80
39 6
20 55
3 9
39 31
15 59
16 72
41 97
27 34
13 68
7 12
39 29
5 18
56 67
45 59
1 48
92 87
86 95
28 22
92 59
30 7
77 44
29 9
18 4
64 94
21 99
64 8
72 5
96 70
100 2
47 13
30 49
90 60
66 67
33 9
28 90
80 77
100 32
20 38
58 10
12 99
26 1
97 39
68 68
34 19
93 49
20 67
77 5
78 44
47 89
68 15
59 2
76 84
49 23
77 5
39 29
69 21
40 64
62 85
65 42
91 65
8 97
46 91
80 76
73 16
30 51
60 66
4 44
29 83
79 55
62 54
92 33
5 8
58 44
59 53
90 26
2 44
79 19
66 31
79 87
25 59
86 45
38 40
100 94
34 20
14 44
38 23
54 92
5 59
100 7
70 34
47 24
7 56
68 76
26 99
32 23
97 78
37 16
35 66
78 60
16 23
48 71
69 45
72 30
57 66
28 97
61 55
58 10
6 15
26 37
37 96
30 26
63 34
26 88
82 19
48 5
91 31
19 93
2 96
47 90
70 52
23 81
93 65
29 7
90 8
70 15
12 81
39 86
7 83
98 46
16 97
22 57
46 69
36 41
93 86
54 34
63 37
53 92
12 43
20 4
30 81
100 91
2 29
93 66
25 78
83 99
40 70
67 60
53 44
93 17
13 49
75 95
68 98
5 65
3 53
57 5
74 32
66 33
47 42
80 14
63 78
62 39
53 70
60 46
50 79
45 7
14 80
12 16
49 50
25 74
84 19
31 82
24 64
85 99
75 47
100 41
67 97
66 68
66 1
71 40
11 85
78 1
45 86
78 34
82 18
99 38
86 38
7 49
64 70
33 32
39 14
79 48
94 70
91 83
38 45
43 48
88 41
51 76
7 15
36 42
27 50
90 33
18 24
50 13
26 31
92 22
1 6
92 80
58 90
66 6
14 71
68 26
95 58
11 57
45 59
28 75
9 94
30 96
35 75
25 64
62 79
73 88
3 63
8 48
63 22
92 7
2 48
50 62
43 83
60 62
38 4
69 32
49 47
55 79
71 96
74 77
47 100
71 1
17 8
56 41
89 58
83 79
23 66
83 16
93 35
19 24
11 42
1 80
100 72
45 17
77 43
62 50
69 56
79 5
21 50
31 78
71 64
22 97
33 91
65 98
34 58
22 46
33 29
82 56
76 24
55 76
8 33
74 76
78 77
76 92
29 68
66 34
58 70
3 34
48 1
2 56
21 9
58 95
3 36
21 80
54 11
31 30
34 82
22 18
10 35
54 31
5 95
32 50
27 79
37 86
48 47
60 36
10 31
80 27
94 92
85 7
87 2
53 76
11 82
64 30
28 19
39 49
29 16
38 89
42 34
28 16
39 96
14 43
86 10
93 31
34 74
91 72
24 13
19 55
13 90
85 47
72 37
69 36
68 96
51 15
57 73
15 42
62 3
66 4
46 20
55 46
50 62
32 21
7 73
60 43
47 51
87 91
51 43
75 66
76 31
44 29
3 33
66 27
57 71
40 95
11 9
43 96
30 66
86 21
61 51
94 7
70 19
85 39
62 95
89 66
87 54
18 67
3 59
48 8
83 70
48 78
3 53
85 31
32 99
61 25
96 25
78 1
99 15
46 20
5 66
26 46
89 48
59 50
92 24
98 70
98 44
2 32
92 65
79 10
39 5
4 67
73 68
8 23
40 58
86 62
96 89
26 11
4 29
50 47
74 18
38 50
49 77
28 22
22 33
80 75
40 46
18 9
10 27
39 12
15 28
14 44
16 9
56 27
24 93
7 32
5 48
21 37
60 16
96 65
51 98
98 20
99 83
75 65
57 94
91 40
61 79
4 82
16 2
16 59
53 81
41 71
5 60
54 9
20 92
27 44
33 35
12 37
96 53
94 61
2 1
62 32
59 4
17 9
17 11
82 96
24 93
21 58
54 32
35 8
68 22
5 81
33 79
19 5
79 98
41 72
9 44
91 76
45 6
76 98
58 86
49 38
69 68
63 97
2 46
88 60
41 41
87 80
99 48
36 93
80 92
100 48
97 76
39 95
17 9
66 86
20 90
92 1
38 44
74 74
26 8
6 17
30 54
10 38
24 73
60 3
51 9
84 17
51 30
95 66
59 66
8 15
95 3
27 33
22 12
97 100
15 92
62 4
35 31
65 40
49 48
14 22
17 39
98 23
4 16
85 47
63 9
76 58
76 47
100 4
1 83
53 6
57 20
30 88
63 43
80 45
89 91
13 4
63 13
91 20
59 21
22 78
51 87
5 24
100 10
72 50
53 75
66 54
34 53
87 6
31 45
82 100
1 79
47 83
79 74
56 95
31 82
93 34
31 4
58 28
93 37
83 38
10 86
49 9
12 25
24 80
81 53
53 67
88 35
95 65
95 87
98 56
68 42
45 25
3 31
68 3
17 74
55 5
33 56
2 78
42 62
15 100
35 77
94 41
13 35
14 50
49 87
95 16
6 84
32 90
52 95
50 72
14 27
14 80
51 32
78 3
37 12
83 84
30 70
25 46
77 100
76 8
22 1
97 93
21 32
24 31
64 96
89 5
31 88
48 3
90 82
72 49
63 3
24 10
17 41
75 89
89 11
65 27
22 4
47 46
48 16
73 98
48 18
62 94
86 30
98 49
39 97
23 93
32 85
20 18
99 38
61 84
95 25
20 91
57 77
67 56
96 73
72 24
55 12
78 12
19 26
96 45
1 61
33 80
72 6
17 1
60 68
12 16
33 80
81 71
58 62
81 47
5 21
58 31
42 41
91 2
55 79
32 89
65 94
39 15
51 6
15 83
99 99
97 82
86 73
55 27
64 89
33 98
26 2
70 52
10 9
96 27
66 96
10 21
29 59
89 53
26 74
40 26
100 68
59 53
72 49
10 81
39 99
76 69
67 63
32 91
18 22
73 94
63 79
34 15
11 8
65 36
48 49
9 58
13 69
34 74
15 36
76 57
66 71
92 37
98 8
76 31
88 16
15 55
37 52
68 74
3 7
63 25
59 51
54 27
73 77
30 99
15 59
63 75
5 19
33 22
46 18
75 40
6 15
60 96
8 6
68 74
24 84
56 55
29 32
36 4
41 28
43 67
64 61
6 50
87 4
61 20
33 80
74 71
75 75
22 31
93 44
29 33
36 55
51 94
34 11
8 83
80 45
49 70
22 10
36 63
81 43
67 27
10 55
38 9
78 74
18 12
6 82
53 9
25 66
34 13
40 13
65 45
28 32
3 25
22 46
66 35
15 44
7 26
39 5
41 70
28 8
83 100
69 3
63 15
33 45
3 65
22 97
64 41
3 86
95 6
52 56
83 28
13 84
61 10
21 88
90 58
30 21
78 70
42 66
54 39
11 34
81 30
70 35
90 65
36 54
44 81
56 51
2 98
50 58
46 7
43 19
77 65
29 6
11 73
91 79
13 3
65 38
64 76
29 43
67 23
58 33
80 98
2 3
70 69
40 59
22 90
11 26
22 32
99 59
4 43
27 22
61 45
36 25
97 56
2 9
71 78
40 88
9 60
73 27
41 97
7 66
15 46
69 62
87 24
77 18
59 40
99 26
94 7
74 67
27 20
12 30
83 52
6 18
13 32
52 72
98 76
34 21
14 49
71 7
84 32
17 91
97 28
44 76
52 67
45 36
98 36
75 45
84 75
6 47
47 23
24 72
12 13
13 68
44 85
98 88
41 38
54 76
49 13
86 44
27 95
27 32
98 25
9 98
33 1
10 56
12 69
82 77
44 29
25 17
52 35
79 12
93 59
48 15
23 39
97 26
93 2
20 74
71 70
28 28
77 21
69 44
4 51
89 85
33 64
47 35
38 72
25 1
1 11
86 36
11 96
79 5
13 67
8 21
88 54
97 20
17 28
99 22
30 48
12 8
76 38
81 82
91 19
20 96
80 48
65 57
16 21
24 1
36 83
38 42
4 29
12 55
58 86
7 79
52 39
90 49
5 66
90 10
15 1
57 76
27 45
25 48
36 32
91 63
84 68
75 85
39 82
52 48
25 58
68 81
16 55
100 95
100 15
58 26
72 42
80 62
22 34
87 63
55 15
9 16
77 56
58 43
72 70
34 93
16 73
24 60
76 41
73 38
65 21
90 93
29 65
43 17
66 41
16 48
34 32
1 60
90 84
72 65
52 59
15 41
92 46
67 14
66 87
91 60
24 91
37 29
22 73
97 24
76 43
77 87
5 40
52 98
86 81
77 61
37 91
2 6
52 21
12 83
74 95
16 93
53 76
54 60
10 10
70 68
70 59
95 41
70 79
59 43
67 5
22 38
73 35
10 50
40 3
91 22
100 9
16 93
27 2
74 34
12 16
54 44
50 20
69 7
5 41
87 1
45 20
94 83
88 58
48 92
5 66
13 52
15 84
10 93
67 11
24 93
79 12
36 22
19 85
49 90
46 16
37 90
22 27
71 50
46 91
61 81
61 23
97 100
76 73
39 76
70 33
88 41
93 19
71 4
8 99
49 12
58 56
4 18
42 94
97 13
51 61
99 11
10 65
65 45
8 55
28 27
40 89
86 66
15 48
58 74
34 56
60 15
46 15
7 34
82 17
43 5
68 15
42 39
40 56
95 39
33 67
61 40
34 79
25 85
32 44
41 30
73 48
89 51
44 99
67 42
85 64
46 60
65 4
46 28
10 56
72 11
73 6
2 44
9 76
87 6
59 69
95 83
47 20
57 35
1 17
28 36
99 40
68 83
22 27
38 95
15 21
54 93
99 87
48 52
30 29
82 30
41 81
2 77
70 80
84 79
68 70
6 95
30 90
84 25
52 74
91 45
55 35
24 80
92 41
64 11
11 85
3 61
58 45
9 56
59 96
58 13
88 44
57 35
78 95
9 70
47 81
44 68
14 14
97 67
91 71
95 42
78 48
31 51
97 70
47 80
67 81
16 39
4 74
48 71
100 64
55 48
38 67
6 50
79 79
30 7
21 60
41 15
84 68
30 57
49 70
94 15
40 69
36 13
50 49
69 16
97 34
48 81
12 83
62 99
44 100
54 5
57 41
21 47
85 55
5 62
19 78
3 87
72 1
75 52
50 9
23 16
29 51
87 76
81 65
59 81
68 34
1 77
99 95
3 53
83 33
99 16
96 67
22 53
87 81
46 67
90 68
35 14
45 48
1 2
96 13
41 47
54 6
4 5
13 45
90 12
60 66
84 23
92 51
32 18
58 26
41 59
6 85
86 76
80 34
86 2
45 56
99 20
39 78
95 2
2 72
21 62
94 17
97 39
42 66
80 97
94 5
83 86
14 63
39 4
35 87
61 27
79 50
88 45
65 31
91 47
30 8
76 48
74 21
73 58
59 66
31 46
66 17
65 2
69 73
45 2
2 3
13 80
43 21
92 32
59 81
44 93
12 93
52 49
93 83
5 11
83 46
86 39
87 96
96 60
24 43
21 82
9 86
54 44
61 78
25 16
97 90
42 86
100 15
22 10
14 95
59 80
5 7
79 11
75 34
73 79
23 65
76 36
37 10
18 37
68 68
95 90
13 81
31 12
47 91
5 63
36 22
29 88
43 2
74 17
77 47
18 44
47 51
85 32
72 39
59 28
9 99
20 29
100 65
60 13
41 90
13 60
18 45
97 49
92 22
92 78
69 27
66 38
20 13
5 37
35 75
39 80
52 78
100 55
69 92
98 68
4 18
56 13
78 55
98 71
82 82
6 53
16 66
80 32
42 84
39 4
38 11
50 82
58 84
37 28
10 47
50 74
1 39
79 91
47 22
44 60
23 68
15 100
10 98
42 32
72 88
96 24
80 64
23 66
95 78
100 55
72 85
99 47
8 19
1 92
96 17
89 52
7 44
63 82
68 83
48 80
1 86
5 46
50 13
58 69
93 73
11 59
60 94
93 11
41 1
6 67
37 22
63 20
72 67
98 71
56 52
95 54
93 94
35 15
69 71
88 72
87 21
40 8
38 18
94 91
41 51
85 35
82 43
99 46
48 68
1 77
98 25
100 53
5 22
99 90
10 74
49 46
61 100
69 67
41 8
2 1
26 34
29 30
16 20
49 52
26 100
72 71
44 57
71 94
58 37
12 80
58 65
44 9
4 87
47 34
37 100
96 89
31 20
18 94
94 34
30 88
70 70
43 11
30 40
74 44
94 52
39 65
74 41
54 51
59 32
67 49
7 51
84 17
95 78
23 23
32 68
73 29
46 45
27 76
43 22
3 82
39 55
52 38
47 90
94 93
50 24
83 41
89 81
32 43
53 34
34 67
62 30
22 56
76 29
43 22
48 51
21 80
33 86
73 91
75 30
91 69
39 91
33 33
26 85
34 20
7 7
9 4
58 49
52 51
36 80
52 22
55 84
26 86
55 60
53 26
71 79
4 83
87 66
59 59
35 77
39 52
92 77
48 7
13 59
19 5
42 80
12 9
40 84
74 65
84 51
66 66
16 86
23 42
98 50
93 22
8 61
5 56
2 26
17 61
8 6
89 57
68 83
62 42
66 42
22 94
14 67
36 72
77 76
1 84
46 83
11 52
91 87
37 59
11 10
55 45
7 16
52 89
18 5
46 99
78 6
2 56
11 16
93 91
76 49
61 65
38 12
35 61
17 20
39 89
51 74
24 26
79 45
18 56
86 19
96 39
91 49
51 85
83 62
67 76
3 20
28 44
29 79
46 7
64 55
91 89
100 3
70 70
43 77
18 8
68 68
72 34
71 15
30 36
64 24
46 15
42 100
1 36
32 27
58 20
91 24
82 100
82 97
21 21
51 7
19 15
68 59
93 55
21 51
50 72
11 30
24 70
77 16
39 9
69 28
40 70
82 49
20 83
62 39
24 77
89 42
81 58
95 11
59 56
10 93
10 34
56 22
52 45
63 69
87 100
61 64
5 45
68 100
42 60
78 65
70 58
12 26
45 75
62 13
33 76
95 46
72 94
56 97
71 61
63 54
76 25
63 82
44 2
47 7
76 72
19 79
36 48
56 82
65 89
94 55
17 26
26 74
50 28
68 70
40 95
88 27
29 33
97 39
8 78
22 44
74 3
77 36
34 69
18 77
39 100
66 96
64 22
62 93
73 93
35 35
76 47
100 17
49 68
19 48
46 75
24 40
89 78
81 74
31 21
5 18
27 80
47 98
31 92
76 7
67 68
22 86
15 85
47 52
18 76
22 15
68 96
91 78
99 2
53 16
61 6
89 1
70 12
24 79
2 93
42 4
10 13
78 91
41 72
58 33
48 91
39 98
33 72
37 68
19 23
63 44
93 86
45 2
10 41
23 29
72 60
28 60
45 66
87 96
74 12
62 41
8 10
93 59
5 18
58 11
46 26
65 75
46 11
67 37
88 53
48 56
9 92
98 18
77 46
1 15
7 50
24 36
39 12
40 73
12 56
10 34
54 16
5 93
6 87
15 8
27 21
78 98
42 20
23 86
16 94
67 83
37 26
23 3
60 41
41 95
81 66
57 66
57 69
78 28
23 55
96 73
77 35
83 46
45 90
53 33
36 61
52 91
77 68
26 24
91 63
88 75
35 10
44 30
92 67
93 96
59 90
71 87
70 94
52 9
45 24
37 87
19 91
81 49
59 41
30 83
73 95
91 58
38 48
29 15
21 38
12 54
77 88
97 72
95 100
21 29
50 4
82 12
72 20
26 24
7 35
14 34
65 98
94 44
10 64
9 65
86 40
20 5
79 3
7 85
71 13
23 27
43 23
89 55
56 27
53 15
70 37
28 74
96 25
7 36
9 88
68 62
19 90
85 27
64 33
65 89
5 56
13 89
46 52
29 27
90 64
52 86
42 60
7 61
97 30
51 75
15 77
34 21
70 79
93 32
92 57
41 43
67 58
86 79
81 97
22 36
39 45
3 85
2 9
86 69
9 21
62 49
53 82
79 62
46 75
68 67
43 2
2 82
33 55
88 53
30 8
74 18
92 38
