5000 127121
8 21
20 35
69 10
74 69
38 36
93 5
43 31
52 26
3 20
51 46
3 35
89 7
74 67
15 64
99 32
47 88
9 1
69 89
85 11
66 55
94 54
35 32
85 58
53 66
95 10
8 10
66 82
13 84
61 63
12 73
6 72
20 84
83 59
74 34
45 52
73 94
66 38
87 34
24 71
21 57
89 79
79 58
61 15
62 98
93 21
59 46
60 37
2 73
27 86
45 47
19 27
20 40
31 30
55 36
25 57
25 39
62 46
42 90
90 22
75 8
53 62
95 46
94 43
87 21
69 79
39 94
59 66
34 16
25 27
83 37
6 24
14 58
61 94
66 90
27 7
5 66
24 35
87 43
58 38
3 20
83 41
76 16
74 11
65 70
83 52
98 67
42 60
44 49
39 8
31 81
18 8
43 70
25 78
12 51
82 42
45 56
2 96
40 7
31 23
26 75
74 43
36 98
91 84
86 88
2 87
18 90
91 53
77 21
56 84
48 42
79 93
38 24
76 58
53 55
2 45
58 61
2 74
43 4
53 61
93 81
25 84
23 68
35 50
2 62
34 18
16 43
46 69
87 66
8 50
28 92
64 40
81 44
64 41
55 23
19 32
17 28
24 64
9 36
93 100
79 47
8 30
24 44
16 70
35 39
76 99
69 14
92 99
29 72
12 69
97 59
21 52
88 52
19 78
8 54
89 65
4 96
23 96
35 86
90 13
82 45
14 29
53 52
63 41
77 69
59 26
33 24
93 96
82 89
41 59
38 48
60 87
100 40
61 91
27 8
35 78
88 89
96 73
78 28
16 12
59 41
74 86
37 64
46 44
92 16
96 69
35 61
95 63
18 64
21 46
84 75
52 61
34 74
89 26
14 53
63 42
47 3
46 76
7 90
29 43
38 34
44 37
40 29
89 74
56 27
67 88
23 3
43 68
14 60
1 31
11 79
72 52
26 68
99 94
69 95
18 83
94 62
55 55
64 45
63 78
75 100
48 19
14 90
61 73
88 96
79 42
23 67
34 98
76 17
29 56
14 40
13 2
25 92
6 20
54 27
32 70
72 7
76 30
75 37
37 66
28 60
37 16
60 17
54 27
35 61
28 64
71 62
28 75
83 18
34 6
90 4
9 70
33 25
4 93
69 94
20 20
34 86
43 60
6 70
10 54
24 15
71 9
74 7
48 58
76 29
27 86
31 28
99 35
3 15
5 16
35 53
82 26
41 83
94 21
35 4
27 44
74 84
57 65
54 18
8 2
43 23
96 73
16 23
75 47
51 65
37 16
47 18
84 2
79 28
4 87
93 7
2 42
74 96
67 13
1 52
50 76
45 98
32 31
48 62
47 64
88 46
35 14
81 89
81 29
28 35
15 45
7 24
53 18
24 61
13 41
60 71
66 83
60 13
76 93
92 29
10 29
12 61
90 99
45 82
42 88
93 85
90 88
96 81
19 32
8 52
96 32
20 7
52 50
79 14
67 21
51 65
67 60
1 34
31 6
99 40
81 68
97 50
57 63
33 38
20 10
21 3
45 60
85 45
80 67
72 5
77 73
89 47
35 65
66 23
86 80
76 52
11 8
75 19
71 84
29 91
82 70
19 68
48 50
33 71
97 81
66 70
83 36
15 92
19 55
65 41
65 31
51 23
62 42
22 93
83 12
81 3
42 47
79 71
66 47
74 65
50 75
94 72
62 63
84 91
59 94
99 42
12 94
21 53
73 60
82 78
1 96
54 30
52 97
48 45
87 100
49 77
66 66
21 87
15 69
84 20
86 79
80 51
34 94
47 20
53 44
68 57
27 75
46 90
99 28
44 21
19 7
48 54
37 44
33 69
84 97
48 38
31 11
95 90
68 42
4 22
28 19
21 37
57 3
80 15
68 33
95 55
80 44
85 50
68 41
46 64
68 70
53 20
77 14
53 15
99 91
29 9
73 72
77 65
75 51
71 51
73 86
45 57
70 56
9 29
77 25
53 52
8 18
8 87
99 94
28 12
63 9
27 64
48 100
71 63
58 79
67 85
66 17
89 74
52 34
33 58
34 37
71 55
37 29
11 2
24 70
87 71
39 11
48 93
15 36
65 61
18 43
87 73
10 17
87 50
96 53
38 93
92 2
55 23
97 80
90 47
82 34
59 40
16 10
29 33
30 2
25 40
96 17
47 19
13 13
47 3
31 28
47 1
69 57
67 8
57 3
44 78
53 78
47 65
91 70
67 13
64 25
60 64
6 37
25 93
99 14
53 90
62 85
90 67
7 12
11 16
79 65
89 97
69 55
47 74
69 81
50 9
71 66
64 98
96 79
84 30
62 52
78 6
82 31
31 8
44 65
90 85
26 38
48 42
88 1
17 7
67 55
51 25
76 23
72 43
27 69
74 36
24 32
41 53
15 54
30 95
51 21
94 18
70 91
19 75
92 43
39 72
21 35
14 8
54 21
16 13
49 38
68 72
46 70
30 20
50 31
41 34
19 56
75 68
89 76
59 56
91 75
7 82
9 80
19 49
30 24
88 100
44 36
53 8
28 4
59 89
34 2
78 24
4 58
56 45
48 51
47 100
46 68
68 85
60 60
99 88
36 50
9 97
66 11
81 19
38 68
15 41
21 5
9 23
42 9
61 80
19 78
32 35
67 13
79 9
2 35
96 36
66 8
98 70
100 95
93 11
56 10
86 97
70 35
11 67
93 93
18 85
9 18
38 60
37 21
68 77
36 47
72 70
76 25
54 9
52 41
66 92
20 49
73 45
26 66
61 9
33 24
96 43
45 95
52 88
74 51
46 29
47 75
40 10
95 98
99 70
84 21
2 7
36 18
6 7
12 25
28 10
75 91
72 43
65 69
11 63
40 71
100 67
83 33
67 48
5 75
34 73
84 91
25 75
58 17
61 57
37 36
91 92
56 51
81 30
42 79
30 2
79 59
40 53
21 63
73 8
90 22
4 83
75 15
25 91
61 89
38 91
52 100
35 31
10 85
16 20
46 94
1 56
68 86
80 78
67 55
24 12
13 2
3 45
48 39
71 70
63 53
37 74
13 61
71 4
17 55
6 91
52 57
47 13
45 43
24 19
72 21
35 17
79 2
98 87
11 59
40 42
87 29
63 59
74 25
96 14
78 78
71 18
48 21
97 16
50 47
67 75
21 79
15 48
69 19
20 69
85 17
83 24
56 42
49 29
5 27
25 97
54 19
56 83
71 61
50 13
79 53
94 33
84 81
10 54
91 71
47 40
49 48
78 100
9 98
74 72
25 13
38 27
45 41
25 85
87 94
46 87
91 59
7 25
60 86
11 29
26 93
96 2
45 52
34 87
44 82
50 30
58 35
49 100
57 64
80 95
99 12
88 17
26 80
34 45
97 22
68 2
80 84
45 69
45 1
88 33
70 92
22 65
78 11
14 32
98 49
64 5
12 70
88 59
70 29
23 55
50 88
47 21
19 8
94 91
32 59
14 89
95 21
89 93
63 40
52 84
21 40
61 4
39 100
98 19
94 48
87 74
65 20
74 83
83 42
62 73
13 15
52 86
35 89
90 25
18 17
32 90
53 81
29 39
19 48
22 61
51 45
20 87
21 34
21 5
13 78
52 92
35 45
8 98
93 85
97 85
11 33
65 24
57 88
1 85
62 42
2 87
87 58
26 13
75 69
69 99
87 37
40 35
72 84
21 26
29 59
89 53
52 67
82 92
17 43
22 14
55 52
20 87
93 53
75 85
40 43
6 30
79 77
74 88
65 79
23 61
70 24
27 11
87 84
78 11
27 95
48 77
32 49
65 52
25 41
6 17
85 3
12 78
45 51
56 38
84 55
26 61
97 90
88 21
7 52
13 32
9 86
13 4
84 71
2 38
40 88
24 13
59 19
18 16
97 52
75 97
40 76
19 75
1 8
26 11
48 85
79 54
25 39
79 85
95 6
49 80
37 53
31 8
12 9
33 55
86 45
96 63
58 16
34 87
35 35
16 19
47 70
95 72
29 74
82 92
48 10
68 62
5 57
6 28
37 77
54 8
32 77
76 5
24 83
84 84
53 15
71 19
62 37
29 54
2 4
56 94
77 85
38 56
86 53
41 93
70 11
24 50
88 55
80 78
57 36
22 41
95 96
55 57
16 12
75 70
37 49
64 73
42 83
93 5
21 1
30 11
46 12
53 29
5 67
69 94
36 12
9 34
40 13
50 100
37 87
93 68
57 94
66 71
30 75
95 98
6 15
51 85
18 47
45 21
82 14
26 82
66 61
29 62
33 91
81 72
3 83
21 39
96 45
97 17
13 95
17 97
26 27
59 58
69 25
83 46
79 4
4 88
91 79
70 68
53 39
80 17
62 35
10 84
45 39
91 9
56 82
2 53
94 46
73 28
46 73
75 59
50 62
63 33
3 72
34 52
95 56
58 54
54 42
91 52
54 70
19 36
7 48
79 49
77 45
75 24
61 94
7 48
30 63
4 72
77 15
35 2
83 40
38 1
96 85
79 78
81 10
51 66
32 30
74 7
75 46
29 2
100 17
76 7
91 86
55 89
10 58
85 41
12 94
15 99
75 45
17 64
33 86
33 92
47 64
61 30
59 68
60 9
68 30
41 82
63 32
44 96
27 83
97 71
81 97
22 20
75 48
61 58
24 37
6 77
86 16
50 82
34 30
38 32
25 88
76 15
92 20
86 97
60 7
55 14
1 95
87 51
71 29
33 32
19 95
17 44
94 14
30 14
76 52
13 95
70 95
90 83
56 90
96 78
86 53
88 38
69 49
60 100
1 95
92 85
17 28
86 10
93 19
2 57
23 94
69 6
77 23
66 65
55 55
89 29
20 30
7 49
75 32
90 58
91 33
45 26
59 1
36 98
74 39
86 4
48 92
95 33
76 86
3 81
90 62
61 90
91 19
10 62
73 89
91 65
1 47
41 68
28 27
45 65
43 24
3 20
14 22
71 46
68 84
20 76
59 27
40 14
26 77
85 58
81 23
16 61
30 35
39 76
52 58
55 25
25 79
99 49
2 9
100 17
54 81
43 71
12 6
96 51
53 32
84 95
38 68
5 30
25 14
65 94
50 46
19 38
19 65
63 20
89 35
87 100
82 95
48 61
78 13
59 23
32 70
58 88
74 35
13 4
97 15
77 92
20 80
73 93
28 92
21 89
72 9
81 73
15 59
35 67
28 75
67 42
71 13
65 42
72 24
95 26
81 35
21 69
65 63
100 51
35 88
5 50
38 51
68 35
4 62
67 15
26 9
88 32
24 2
51 44
100 87
72 16
28 87
71 67
44 61
55 79
43 55
67 21
87 3
58 65
2 87
14 77
24 58
72 99
30 19
95 81
18 25
62 5
67 2
82 39
13 8
1 41
38 88
50 58
68 75
42 50
68 72
45 36
29 33
92 26
96 31
28 19
63 93
23 17
51 37
7 53
29 47
45 91
73 26
15 49
2 7
26 12
80 78
78 65
97 11
61 48
24 45
66 87
22 4
91 46
47 25
35 11
91 87
37 65
36 68
11 13
78 66
4 92
55 100
6 98
47 69
50 30
85 68
9 61
24 99
35 5
67 66
52 45
80 47
92 91
18 46
33 54
17 2
49 75
10 70
14 64
61 22
34 66
79 2
35 25
76 12
78 79
69 36
18 50
66 43
56 55
28 14
43 8
11 98
35 66
48 57
57 66
36 47
32 24
18 27
12 45
19 28
84 44
15 42
50 27
75 34
85 39
82 80
92 87
33 13
44 1
57 51
46 34
29 66
87 4
80 10
4 77
16 82
100 45
73 78
81 76
55 52
53 44
23 35
18 49
87 9
22 91
26 67
74 7
54 15
43 45
85 52
72 94
27 88
100 45
73 20
53 21
84 35
54 51
96 7
68 47
49 51
52 9
13 32
29 17
91 13
44 41
32 45
58 46
43 86
57 75
39 22
50 89
9 18
13 8
67 89
47 78
35 99
92 55
20 36
40 65
35 99
57 39
63 10
13 86
56 83
35 30
17 58
91 17
40 32
13 65
10 15
89 83
16 25
75 46
17 51
6 89
18 87
1 95
16 35
61 24
57 69
54 8
10 12
17 38
18 15
76 100
63 67
52 65
19 7
34 3
91 81
5 5
90 41
53 91
69 43
45 76
39 72
86 100
87 44
79 3
98 16
97 59
67 37
65 41
71 4
35 87
23 29
88 90
35 82
38 63
100 65
43 2
43 22
9 76
59 40
60 37
36 28
73 58
12 53
55 34
7 12
54 34
59 90
96 53
59 76
28 32
93 80
97 47
13 84
79 23
75 49
62 99
27 33
93 38
78 39
97 37
28 24
100 20
37 78
14 5
89 34
36 43
57 7
31 56
97 70
67 98
91 44
32 97
40 7
54 96
86 82
46 19
7 81
97 24
41 23
17 56
24 7
33 2
14 54
88 90
64 76
40 55
1 41
90 9
33 92
30 79
39 45
12 15
30 50
27 74
25 20
18 84
62 16
33 78
49 39
10 86
100 27
91 82
42 34
39 33
44 29
79 68
84 51
2 62
75 91
76 25
19 69
50 49
61 26
84 23
89 39
76 54
75 77
89 79
65 62
59 68
19 9
55 58
70 34
100 59
81 83
47 53
69 42
95 99
79 82
69 32
4 36
78 8
59 65
45 21
68 93
54 45
76 88
3 95
56 6
50 30
79 20
26 75
100 79
91 97
61 97
88 69
66 50
35 25
29 99
82 63
94 44
99 7
37 72
15 77
50 17
69 55
61 82
18 10
63 53
92 63
87 93
19 40
21 23
97 57
15 60
89 67
51 2
90 100
91 61
58 59
40 81
21 80
35 33
91 59
63 29
95 81
30 27
28 78
81 5
10 77
10 93
26 48
60 36
98 64
93 25
9 52
18 18
53 6
79 14
33 22
96 20
17 58
51 61
17 94
65 15
17 73
5 60
15 68
7 24
47 73
24 78
98 4
20 4
58 11
40 15
82 32
4 43
69 93
62 62
85 48
31 70
23 54
62 47
90 5
72 17
54 23
51 8
89 35
59 80
29 73
21 8
54 100
97 31
23 21
70 45
61 97
40 93
26 5
28 16
46 68
25 29
3 93
95 71
96 32
61 3
34 85
29 64
16 98
2 78
90 25
100 45
32 47
64 78
62 43
74 3
35 46
15 66
24 10
24 32
25 45
4 83
96 40
79 96
52 65
19 60
100 41
12 61
58 4
78 97
91 76
55 71
2 25
94 68
49 41
49 56
6 23
82 78
77 19
21 20
35 55
19 95
73 16
19 53
82 24
34 58
44 55
17 70
100 75
67 16
92 1
25 20
22 98
39 92
55 67
25 14
9 51
54 7
88 74
18 54
31 55
79 1
72 76
84 31
24 69
72 17
84 87
29 43
5 46
61 57
49 62
92 100
79 4
21 29
10 4
12 27
6 86
53 58
80 96
58 61
71 25
71 49
34 32
44 75
62 40
88 98
68 88
70 43
93 57
55 62
88 48
76 63
85 62
11 24
11 94
8 82
83 92
95 80
36 24
39 37
55 88
37 37
30 88
85 91
57 65
91 91
96 70
15 3
95 100
76 17
72 63
17 76
98 65
5 46
60 50
59 57
44 95
79 38
81 51
36 51
86 99
68 98
63 66
70 12
30 73
74 59
30 94
12 16
68 90
65 69
3 4
74 77
1 6
84 91
58 20
10 22
75 33
5 89
24 24
21 84
32 5
47 38
38 60
82 22
3 83
49 9
92 30
46 78
28 98
72 80
33 80
65 48
91 29
96 45
86 60
21 54
69 55
15 5
84 69
88 44
80 25
86 73
61 73
32 82
70 15
70 44
93 4
96 100
26 84
68 27
16 35
58 40
14 17
53 94
39 61
16 51
2 55
30 42
13 80
81 4
54 21
46 60
97 52
44 2
93 56
82 63
64 55
13 63
97 67
48 75
100 6
28 43
85 99
12 78
11 25
54 14
33 73
4 80
49 65
58 56
71 58
65 99
67 96
85 74
69 45
57 8
52 25
22 51
39 50
65 4
2 54
92 22
62 15
50 57
35 23
54 23
32 19
51 77
18 85
80 37
50 4
69 90
7 80
34 2
80 20
17 56
88 67
64 92
72 35
88 31
21 100
95 92
4 82
40 95
31 66
73 78
96 2
82 42
94 80
86 3
98 45
48 33
77 25
59 12
97 42
64 99
64 34
28 60
66 76
33 70
7 97
15 31
1 11
65 28
48 32
80 30
34 83
87 99
95 74
5 17
27 81
16 73
99 8
30 14
7 19
29 25
2 91
54 72
63 66
48 70
40 75
60 63
95 55
16 51
71 26
43 96
31 49
86 59
71 7
96 76
19 80
29 3
10 6
19 90
46 30
10 38
51 20
79 64
48 88
45 45
35 32
74 20
12 69
86 92
4 34
18 87
66 16
57 24
72 10
28 34
4 46
11 36
40 48
98 52
78 86
10 73
93 47
9 87
95 31
63 5
56 62
13 10
43 8
66 68
84 51
40 89
27 57
34 22
18 5
74 96
30 66
5 36
48 15
42 86
90 27
51 48
11 72
55 95
7 24
34 34
35 28
63 21
44 69
74 75
12 72
74 55
83 47
4 70
34 41
29 29
18 74
89 54
94 90
61 33
6 73
29 40
52 74
32 81
62 62
70 78
6 76
91 79
74 13
5 43
84 65
15 40
7 90
95 88
69 34
65 65
28 21
3 13
27 85
24 42
28 39
39 8
49 48
10 37
42 29
82 88
91 65
12 55
70 93
36 6
24 87
28 66
64 97
75 60
59 46
77 10
44 37
16 74
67 41
69 2
20 16
3 5
83 93
78 57
97 44
4 26
43 22
76 17
6 90
69 58
51 58
34 28
59 18
99 5
95 64
1 46
80 44
37 80
64 100
2 36
72 37
87 39
29 53
87 33
61 98
39 51
63 95
5 87
55 24
82 35
25 88
26 91
84 91
8 80
4 47
32 34
63 57
46 20
59 50
68 98
66 30
10 59
53 25
25 47
8 63
100 40
77 44
40 6
88 71
40 96
93 94
12 7
26 34
21 46
98 91
86 83
11 48
13 37
42 69
65 71
94 71
19 8
43 61
29 61
26 39
46 8
60 47
40 47
43 79
18 48
59 44
8 8
79 7
12 20
84 54
87 21
63 11
60 50
78 79
50 81
99 45
70 72
61 39
76 78
42 69
11 82
14 12
52 17
23 18
55 33
69 39
68 89
73 40
11 100
96 1
50 31
8 59
55 99
89 29
50 89
24 47
48 73
9 97
3 5
11 44
93 50
41 25
25 7
52 51
70 55
26 39
3 95
39 78
39 78
30 24
32 47
49 59
43 36
83 15
23 76
98 68
51 53
90 16
22 59
13 4
85 69
24 41
20 14
91 67
12 70
21 3
66 65
11 94
30 99
20 69
73 89
74 100
60 46
97 95
77 51
29 100
23 34
79 97
19 78
61 63
61 21
50 76
61 73
3 8
85 90
83 48
100 27
87 94
24 16
74 37
100 50
8 84
97 78
19 15
50 2
60 99
92 17
67 67
23 92
21 67
87 87
95 80
46 19
98 32
44 75
22 21
79 84
18 60
53 17
97 13
30 22
13 89
99 88
90 94
15 96
83 29
24 93
67 74
21 74
47 60
40 11
20 23
6 43
88 40
91 38
7 97
99 38
82 6
73 63
21 81
54 25
59 49
68 60
99 43
57 33
11 86
20 63
87 16
80 97
24 31
35 80
9 18
36 20
33 67
50 63
3 67
67 95
25 56
69 93
88 68
71 67
60 3
59 43
28 10
99 94
49 80
34 58
97 31
30 37
58 20
18 63
83 61
69 20
85 22
81 3
77 52
47 60
53 17
63 19
78 56
76 100
97 98
86 74
64 19
82 16
87 88
66 37
48 62
11 95
86 29
87 82
33 62
97 83
46 24
12 23
95 76
94 55
97 80
91 58
76 91
54 51
60 20
58 4
22 70
96 94
91 6
98 74
94 53
95 75
12 44
71 8
22 74
9 94
8 33
85 44
90 9
94 73
2 32
89 71
56 67
39 13
76 4
88 28
35 95
73 27
51 2
29 23
18 33
47 81
72 32
93 23
1 31
83 52
3 26
74 53
79 97
45 84
24 26
24 49
39 10
35 69
95 8
12 35
43 14
54 93
49 78
84 23
100 65
50 61
73 45
55 31
89 73
100 48
95 11
23 20
24 26
45 12
4 42
41 58
92 93
27 73
34 32
44 75
9 76
88 10
17 27
39 72
32 93
40 52
63 72
22 54
75 73
9 32
33 88
69 86
62 24
81 17
5 60
61 88
83 77
29 56
68 18
71 2
80 55
14 80
45 21
3 80
58 92
100 62
95 37
1 36
26 86
28 69
96 10
87 14
67 78
13 89
25 37
98 22
4 92
87 61
19 27
30 16
95 92
4 14
51 54
9 15
84 82
55 13
69 2
66 58
83 21
88 71
88 59
14 75
1 3
85 31
16 55
11 94
36 44
10 43
63 81
62 30
90 63
59 42
100 95
56 92
23 30
24 83
6 65
26 74
63 43
76 91
56 89
9 34
79 56
58 42
17 100
63 37
12 7
38 53
80 47
46 27
25 24
20 5
59 53
78 78
4 36
26 59
88 71
39 79
87 54
50 3
52 60
28 16
8 44
51 6
36 60
30 26
27 89
41 24
8 99
89 31
16 67
15 87
97 17
95 22
72 81
66 16
9 11
35 87
3 69
40 57
32 65
79 44
59 13
42 17
56 21
14 48
67 28
95 43
5 79
5 81
45 45
8 90
33 48
4 40
11 48
68 7
86 65
37 36
60 83
45 63
77 18
27 49
59 2
73 34
73 22
82 34
90 50
81 32
16 20
92 18
73 88
47 36
23 61
31 1
40 4
78 81
97 100
58 31
25 75
1 30
62 11
21 19
60 72
46 11
76 58
70 19
65 17
61 75
6 54
24 99
57 37
82 71
3 99
67 90
7 5
75 21
48 23
96 6
8 52
15 94
40 23
80 40
13 29
62 35
62 92
52 85
91 67
58 91
9 15
15 41
10 73
71 78
35 59
22 44
68 88
11 68
91 62
33 56
23 42
49 15
8 55
32 31
30 37
10 53
98 20
88 93
85 25
98 95
84 98
92 77
12 88
75 72
23 68
25 69
88 6
84 59
28 5
30 72
94 1
37 71
97 12
55 73
59 48
31 22
76 16
26 87
93 90
19 29
58 95
68 83
67 43
18 49
51 13
96 32
27 53
48 85
36 24
63 78
45 31
71 22
54 6
9 70
45 45
76 25
33 38
84 51
12 83
60 94
13 22
57 35
48 65
9 86
11 60
6 12
92 59
39 27
84 51
36 48
57 56
93 45
55 83
23 50
10 45
5 47
70 81
37 49
5 31
5 5
99 78
49 61
75 78
5 83
57 31
71 22
32 7
41 20
54 24
43 41
53 14
67 98
99 28
100 78
75 83
62 87
58 41
66 41
100 65
41 43
54 41
8 20
33 39
8 23
30 70
43 83
13 69
99 2
31 84
17 52
56 58
81 61
17 64
30 87
37 96
26 94
53 9
69 2
66 66
6 84
63 95
70 31
72 81
14 22
70 8
99 63
75 60
79 100
16 56
26 24
19 43
69 48
33 96
3 81
77 22
14 17
45 16
41 42
64 18
27 99
9 93
19 76
60 59
25 57
1 62
96 6
50 2
53 22
64 8
68 19
58 6
79 54
89 49
82 86
92 27
10 56
32 1
18 38
88 8
47 8
95 61
6 50
68 55
79 8
9 82
96 76
92 24
5 97
88 17
55 42
84 47
96 62
26 17
43 58
20 18
78 30
38 63
22 71
30 52
54 22
41 90
39 9
32 75
29 38
72 94
75 53
39 46
3 46
92 90
78 53
2 53
38 3
36 54
21 59
16 10
96 35
16 34
7 34
52 84
3 3
13 75
35 30
50 64
90 43
77 39
21 33
67 72
67 2
94 55
96 75
20 23
34 96
87 83
51 50
15 34
58 29
25 2
5 31
61 26
68 92
82 35
14 79
5 94
17 40
34 89
20 55
64 26
1 23
78 88
16 9
55 77
42 14
50 91
4 40
32 56
27 29
24 24
98 80
93 30
18 78
46 6
64 5
3 74
32 89
14 54
17 59
89 69
90 7
73 41
1 94
9 98
55 27
66 24
13 43
23 66
99 13
84 98
87 91
51 87
13 37
2 52
5 63
54 51
51 42
8 54
85 58
29 22
84 29
83 89
73 52
1 6
80 95
36 8
55 31
11 35
1 61
72 41
51 55
42 67
44 81
4 48
50 17
50 7
69 24
14 11
73 72
20 36
97 8
11 15
70 74
9 45
12 66
75 36
15 47
14 7
34 41
99 56
95 80
17 69
33 45
19 31
69 26
12 91
7 90
24 57
74 25
7 50
47 97
25 79
1 69
42 30
28 78
2 85
92 36
96 1
16 95
16 60
67 88
64 55
26 74
37 61
25 51
89 91
63 48
39 49
2 49
96 88
89 4
48 28
65 56
22 48
67 11
33 34
85 38
73 100
8 90
11 14
31 50
54 86
35 44
31 70
96 67
14 74
85 6
39 3
61 74
100 52
54 14
28 14
15 6
79 39
64 74
39 8
67 29
26 22
29 56
20 77
73 61
18 60
20 56
37 69
91 59
86 66
22 2
27 49
10 66
29 91
37 62
40 67
35 28
71 58
23 36
30 95
36 31
7 41
68 49
97 56
58 92
73 62
24 21
72 50
51 100
39 95
11 57
69 80
16 68
39 13
40 8
88 28
8 24
59 63
77 96
98 82
96 29
98 49
25 30
5 94
26 91
61 44
45 12
12 19
84 53
19 47
93 65
19 35
77 39
12 65
67 42
34 82
84 26
90 63
5 31
86 77
80 57
67 40
54 56
95 76
6 4
46 63
35 3
13 27
4 77
11 51
63 60
52 5
8 51
39 42
56 50
85 42
99 37
52 13
97 60
34 89
22 59
89 76
5 75
98 49
1 40
71 16
31 31
84 17
13 78
36 13
70 93
44 86
2 4
75 100
39 61
59 7
20 14
73 16
24 33
76 90
83 18
86 45
79 47
42 68
76 86
34 48
26 9
26 22
38 61
22 20
60 62
59 71
63 95
16 36
57 20
15 86
38 51
39 2
98 2
2 81
74 66
19 94
46 66
28 70
46 45
36 79
38 76
17 58
60 94
61 61
92 100
42 11
98 57
70 46
83 30
73 42
56 93
60 39
99 15
93 5
34 58
10 76
3 76
96 5
77 11
11 95
62 90
14 13
50 48
59 92
68 93
23 13
30 37
13 59
2 34
75 82
48 37
40 10
91 39
7 82
52 22
35 90
100 44
2 78
56 35
34 73
74 71
63 80
45 63
24 85
7 84
78 21
85 12
10 11
25 25
61 22
20 5
86 66
27 34
69 4
97 57
94 27
44 69
78 94
58 37
45 2
52 75
5 25
36 63
94 65
63 6
88 84
80 55
14 1
89 13
88 41
99 73
14 35
50 72
43 88
90 19
57 8
21 8
26 82
18 18
97 84
87 3
37 75
35 49
65 89
58 78
31 58
58 67
53 46
8 3
15 3
49 48
11 29
71 27
85 10
56 93
85 84
24 46
36 99
98 36
64 10
23 92
48 60
77 45
24 63
90 47
18 15
80 22
62 54
44 97
49 40
59 89
82 51
38 14
93 90
46 39
95 43
75 99
3 5
47 89
82 1
69 59
95 88
44 29
39 37
31 49
99 73
75 72
54 46
86 72
72 7
17 8
8 15
19 67
46 4
84 77
60 13
15 70
63 99
22 19
58 18
64 90
32 59
39 69
1 3
76 48
36 59
95 97
2 46
38 16
93 37
83 98
58 74
39 24
78 26
48 63
70 25
76 99
22 34
75 22
14 22
45 41
44 29
73 36
15 7
89 32
56 64
75 71
55 2
71 14
48 89
13 19
34 3
31 100
3 39
34 57
6 47
39 98
80 54
7 45
28 13
72 90
41 42
86 38
10 66
70 20
85 100
31 42
97 70
7 86
58 63
10 43
51 26
1 92
83 78
18 84
41 75
38 93
44 6
95 76
60 59
91 95
7 47
93 61
21 94
62 85
78 70
78 92
100 34
57 23
36 88
79 98
28 64
28 82
16 36
90 81
97 53
1 87
72 74
93 22
7 72
29 37
3 64
9 49
29 80
37 93
26 84
69 54
26 37
69 90
16 82
86 95
11 36
74 80
30 56
83 81
35 64
8 77
12 72
86 50
64 51
47 12
65 47
44 14
74 93
32 34
85 47
22 45
32 73
56 20
67 18
90 96
85 8
21 81
99 45
65 39
57 25
76 28
86 45
82 61
97 69
1 26
19 8
59 4
74 57
49 15
42 84
61 20
8 91
53 8
46 21
71 41
52 19
62 68
14 6
77 63
94 1
98 52
99 7
25 73
6 24
65 24
15 69
42 83
85 56
65 65
6 22
93 32
92 44
43 66
26 44
88 13
43 43
97 51
47 16
69 99
97 65
40 100
29 70
4 55
44 7
26 91
74 95
47 77
40 58
40 53
24 39
33 10
89 4
74 97
9 35
94 79
90 20
75 55
35 62
26 27
91 19
93 35
70 10
83 14
35 100
95 53
22 26
30 94
91 4
20 94
50 92
87 20
59 45
30 13
90 27
55 3
7 55
16 73
1 79
46 64
7 25
76 17
30 74
95 81
49 13
39 60
89 59
90 84
65 14
75 72
15 62
56 84
19 58
84 71
38 97
54 9
31 75
59 75
35 2
21 30
79 68
36 45
60 50
89 12
65 10
1 76
43 66
71 64
16 48
96 44
69 28
22 73
71 12
98 53
17 53
20 24
36 12
57 63
61 59
53 25
83 87
76 72
8 8
2 44
11 94
97 56
7 53
41 68
7 30
41 6
62 98
85 49
76 51
73 99
26 12
92 60
73 74
20 77
62 23
41 73
15 20
30 2
62 97
86 31
80 54
30 49
57 6
67 65
38 64
17 16
19 41
21 2
44 87
78 48
74 45
55 80
74 56
80 49
95 100
81 37
72 55
8 97
17 86
47 57
80 95
94 97
90 16
53 20
14 26
3 90
93 92
28 45
33 92
6 89
65 28
12 97
88 89
73 85
78 62
25 4
42 1
49 2
97 5
37 39
26 2
70 50
91 71
100 9
1 50
38 70
32 45
72 4
45 18
100 30
70 60
77 12
94 79
59 27
81 83
7 4
62 69
25 74
86 100
46 12
30 14
3 79
9 8
69 55
27 64
38 21
46 58
68 16
86 23
42 63
57 6
64 76
64 64
99 76
63 84
64 13
36 97
46 80
88 69
33 14
45 10
57 80
61 77
38 40
68 59
41 59
96 95
29 27
65 85
82 94
26 38
46 98
84 73
34 97
67 52
10 88
71 18
12 10
30 3
9 92
53 24
86 8
72 19
68 39
84 36
86 2
84 3
72 32
31 33
23 71
56 98
27 94
79 51
16 74
17 33
98 9
56 33
12 27
26 87
72 69
45 73
51 76
69 66
28 45
36 72
35 70
90 84
7 89
46 31
71 86
67 32
51 54
8 45
38 50
70 44
43 32
75 3
5 46
14 64
5 36
27 17
21 61
83 29
58 19
36 86
99 14
55 79
43 70
63 40
81 17
14 38
7 64
83 92
35 56
87 60
19 63
21 25
28 43
77 4
19 55
98 80
43 35
21 60
5 25
32 37
90 55
99 56
6 39
95 100
65 71
62 26
73 68
85 83
44 55
30 86
21 69
95 68
85 16
63 90
57 59
17 32
29 28
15 23
51 23
15 83
1 82
69 38
35 59
28 77
97 41
53 65
77 56
91 27
73 76
33 80
74 15
15 30
32 88
31 54
61 29
96 58
92 79
33 97
80 41
88 85
63 34
52 61
34 52
99 2
67 50
90 63
15 33
95 29
56 37
65 56
61 63
57 18
86 45
95 73
36 94
34 85
100 37
13 2
77 63
24 12
45 81
50 78
38 93
76 68
81 83
98 74
23 78
24 13
83 22
55 70
11 98
45 55
6 30
96 1
95 56
72 31
37 63
61 41
18 60
93 51
77 48
78 74
49 69
62 92
25 47
84 14
48 28
76 83
48 15
24 90
99 47
93 48
25 19
89 91
20 67
57 1
86 64
43 44
81 14
20 37
49 13
43 63
16 44
54 94
39 63
10 51
78 25
75 78
70 91
95 36
67 28
47 38
25 61
67 48
60 29
1 7
3 14
7 56
76 42
50 80
82 98
26 40
94 79
59 68
14 82
66 46
15 69
52 46
60 41
95 34
71 82
8 6
90 48
87 25
61 99
28 62
48 76
90 75
54 91
18 18
37 62
73 71
64 56
61 23
91 18
75 36
13 81
93 83
34 44
40 74
95 15
15 93
65 65
40 93
73 60
31 47
5 38
40 80
82 92
64 31
34 65
4 25
23 36
23 12
42 2
36 86
2 26
90 29
25 61
8 16
59 98
61 74
80 86
74 53
73 48
70 56
48 41
37 29
15 38
81 36
76 54
61 52
48 28
93 19
100 97
72 39
23 65
57 34
11 19
56 8
72 16
45 35
59 84
95 51
19 99
53 85
30 37
73 24
94 65
54 49
80 39
52 63
67 22
11 77
25 67
39 70
32 32
72 59
76 50
98 21
5 94
3 3
58 25
52 21
95 21
10 21
23 60
17 85
66 6
34 30
72 44
37 22
30 64
83 28
83 72
100 62
87 12
12 60
72 85
80 29
18 8
3 76
31 43
84 82
13 52
7 9
74 3
97 35
30 68
49 4
94 55
34 61
52 58
52 31
85 34
98 79
13 51
60 45
15 15
30 9
93 74
38 59
18 30
74 37
72 86
1 53
73 51
58 49
12 13
97 87
37 29
29 72
99 62
19 71
64 5
64 65
77 32
38 59
60 99
7 51
38 62
5 6
40 63
41 20
8 88
77 48
39 50
20 39
36 92
5 16
49 47
80 65
42 26
67 28
5 54
14 63
67 80
77 56
23 64
30 44
73 42
12 92
11 16
24 56
82 15
74 72
87 20
59 98
63 31
98 71
65 100
1 44
2 28
56 62
41 63
10 15
32 10
31 64
81 5
19 1
35 80
30 51
50 18
77 57
48 78
54 23
42 20
14 10
83 78
16 83
95 53
7 19
27 26
5 20
30 74
9 92
31 92
68 46
67 89
93 74
17 68
31 88
93 17
71 95
86 2
86 32
80 9
70 11
16 95
60 66
40 63
3 26
41 16
90 32
31 83
88 46
95 54
24 54
53 7
77 83
39 36
48 59
36 54
66 13
4 31
17 79
26 5
34 74
85 24
92 93
79 47
1 91
74 33
71 15
23 37
11 34
8 46
2 98
32 96
76 93
14 63
72 10
78 70
6 30
13 94
60 4
94 27
7 99
83 57
98 33
36 82
21 44
97 92
71 35
38 57
1 74
87 13
63 61
86 47
23 89
54 5
64 93
76 31
79 37
87 7
98 68
42 22
94 5
52 65
73 69
69 97
17 79
44 79
98 18
22 8
56 24
9 22
15 35
15 22
91 78
65 67
50 3
12 22
61 10
72 89
1 30
61 83
10 2
64 90
99 81
33 42
69 94
62 73
60 72
48 83
48 32
57 91
89 4
94 36
60 7
61 25
62 84
76 85
57 55
12 53
98 93
12 78
20 74
64 79
78 99
63 4
28 97
27 2
26 77
41 59
50 90
26 6
53 93
60 43
89 95
51 74
44 36
10 40
13 46
3 8
57 22
12 29
11 98
97 78
5 64
71 5
9 2
19 99
98 41
65 56
30 52
95 85
29 33
1 77
11 63
6 83
63 80
38 12
85 84
40 56
78 70
34 26
66 61
31 62
45 20
6 7
33 35
88 56
15 47
45 33
90 15
71 20
57 13
53 12
19 97
61 77
75 68
28 50
79 27
72 9
44 57
60 30
67 93
24 41
13 7
77 8
82 24
27 38
66 19
66 59
67 94
96 88
51 84
32 6
78 1
96 56
89 13
10 88
83 63
4 11
55 72
25 77
26 30
63 84
77 40
45 79
75 12
51 8
24 80
6 39
22 68
67 37
17 20
40 12
91 77
29 26
68 19
72 100
8 64
86 89
89 59
74 9
81 28
39 94
57 14
10 29
34 1
45 78
19 16
69 63
100 40
25 87
93 39
26 22
87 70
21 79
70 52
14 82
71 38
93 31
19 72
44 57
11 67
87 91
36 20
53 44
16 69
55 91
76 95
75 84
40 79
64 5
100 92
72 7
55 51
56 57
81 87
40 51
52 87
100 2
8 14
52 26
76 40
52 4
29 99
63 61
72 34
50 50
28 94
94 71
42 81
46 17
38 79
4 99
84 8
25 99
9 94
99 28
79 89
84 89
25 11
19 67
100 45
24 2
42 25
6 95
31 10
23 11
45 98
83 96
74 64
5 63
86 74
49 55
56 66
66 72
63 68
80 100
15 74
90 61
73 22
8 6
87 30
62 1
11 4
71 89
86 51
71 98
21 16
65 39
55 86
46 26
35 57
6 82
69 79
76 34
11 29
100 88
50 44
7 26
34 84
23 60
63 88
71 9
72 14
19 5
36 32
34 81
50 4
50 5
76 94
22 78
9 62
62 23
84 78
19 66
32 11
69 80
90 63
53 26
85 70
96 100
50 3
71 26
1 81
18 81
99 11
63 9
69 20
48 7
21 86
2 55
71 66
84 73
24 63
94 31
54 78
11 47
27 12
3 33
12 3
2 57
24 10
20 65
16 31
59 39
39 30
47 41
80 18
80 92
51 18
64 87
27 91
52 20
87 65
79 23
70 52
85 27
93 84
90 71
32 33
13 69
44 26
2 98
96 42
67 40
47 29
49 71
30 86
74 92
51 55
41 89
27 48
27 65
61 53
42 78
37 3
51 82
41 70
16 73
30 25
43 87
32 11
8 15
95 58
18 27
86 89
16 61
2 54
78 72
5 31
33 86
90 41
100 8
87 84
38 34
67 48
33 64
86 4
96 85
58 55
89 58
88 73
37 54
67 74
48 77
30 31
3 29
98 58
70 52
19 1
79 82
65 38
2 11
86 48
59 47
19 90
23 37
26 7
20 43
52 8
30 89
4 28
94 100
30 49
42 63
31 33
48 48
27 26
68 88
95 32
36 80
56 98
82 5
72 33
74 71
30 33
2 15
77 51
79 91
23 66
47 51
58 24
87 55
48 14
95 24
45 1
18 3
18 12
70 59
37 97
21 71
52 100
92 24
14 71
33 48
86 87
44 55
32 95
12 64
64 43
78 78
47 44
19 92
59 82
19 28
45 14
40 15
72 43
73 65
71 57
94 60
71 67
28 32
81 15
18 80
74 55
77 67
87 34
91 66
99 78
75 30
12 37
2 29
66 6
77 7
86 76
51 44
21 61
17 22
14 7
84 55
94 99
61 2
54 46
4 33
31 30
50 12
96 99
2 24
22 76
18 7
95 35
92 42
45 38
27 1
61 74
18 93
56 20
99 59
61 10
6 97
73 89
24 46
7 25
39 46
52 4
92 52
41 89
24 17
60 73
55 95
7 71
5 23
67 97
13 69
60 55
97 78
14 32
55 5
50 53
88 7
72 11
96 87
79 100
68 49
23 88
92 25
38 93
30 7
90 84
50 2
35 55
15 24
25 100
41 79
53 69
76 3
84 82
45 57
100 71
43 6
51 3
58 94
47 28
17 51
22 62
6 35
65 28
36 93
13 39
14 80
23 51
36 2
10 19
53 2
4 50
32 6
96 27
93 94
13 12
38 10
42 47
47 66
52 33
18 46
87 96
56 53
93 1
70 77
100 61
92 71
64 34
3 63
50 64
10 61
71 66
23 77
67 47
36 45
58 21
79 38
49 77
32 71
15 39
58 95
85 73
70 40
41 100
80 51
14 33
53 63
69 60
7 79
99 28
20 44
24 25
37 75
75 96
16 25
58 3
27 56
60 47
21 36
81 18
61 11
82 96
51 35
83 87
49 95
86 80
41 8
79 32
35 56
72 30
45 70
44 50
8 54
66 9
37 1
40 4
79 93
89 63
8 63
85 71
40 42
80 6
8 47
28 16
54 53
76 23
86 18
32 8
35 70
58 53
64 78
95 80
92 100
15 12
77 18
92 94
52 91
69 25
70 25
38 46
41 55
67 46
82 47
48 60
32 54
18 47
39 64
11 46
58 61
47 78
47 69
97 2
26 36
7 67
25 69
31 88
82 90
62 38
15 96
16 59
19 90
78 73
62 90
10 42
44 84
38 7
1 35
96 27
7 84
23 12
33 24
99 90
89 57
66 23
98 49
72 63
35 69
37 12
34 8
93 82
35 42
81 28
89 83
60 77
39 95
65 4
42 64
20 84
78 41
56 11
87 94
97 83
86 83
48 35
58 24
29 19
37 41
11 10
76 97
95 76
85 73
61 20
93 65
25 30
26 42
43 14
96 92
61 63
79 77
82 51
53 44
13 18
14 31
93 78
24 94
52 25
10 33
65 10
71 60
87 74
21 20
9 5
35 56
58 55
56 39
45 31
86 25
44 31
55 40
14 21
39 7
91 13
74 92
83 71
15 94
99 34
25 36
62 85
11 48
55 13
43 87
15 43
67 82
56 17
60 72
90 28
7 93
69 5
7 37
29 52
7 78
79 8
37 56
42 85
36 62
44 94
86 15
21 38
88 77
92 54
34 58
26 83
82 18
59 50
8 5
96 11
58 35
85 41
9 47
20 82
39 5
52 86
35 24
6 38
59 54
94 47
47 65
66 47
14 51
5 53
46 98
20 28
83 13
83 6
13 12
18 26
78 51
98 26
91 64
65 27
41 32
76 21
42 9
22 49
35 22
2 66
69 12
44 56
86 6
78 58
63 89
24 62
81 95
49 64
81 99
39 49
42 11
80 64
56 95
7 61
84 68
2 44
27 41
67 80
36 49
91 52
36 6
13 100
41 30
26 69
30 78
81 13
2 41
71 39
55 13
36 63
72 4
23 24
31 70
57 61
52 34
93 59
33 22
32 28
42 74
13 20
71 76
35 84
92 35
26 22
94 97
28 55
79 66
20 37
46 34
14 66
62 40
81 91
79 17
2 21
59 11
8 95
83 33
60 52
30 33
37 46
47 66
54 36
11 69
77 87
10 96
63 54
21 97
94 69
94 34
14 71
7 40
16 9
1 6
50 75
42 83
94 2
29 81
72 48
65 90
74 14
38 13
26 30
55 57
16 30
28 50
13 67
75 76
62 83
24 70
56 8
50 80
22 35
9 95
60 100
50 22
71 90
74 54
70 18
64 10
68 87
84 40
70 49
35 47
36 46
72 75
28 29
29 99
100 55
100 28
93 89
74 21
37 41
18 18
80 77
4 22
45 19
44 95
78 97
58 53
19 65
85 56
7 32
40 51
94 50
67 32
89 72
64 91
92 85
58 42
27 100
11 23
93 33
49 100
46 69
28 78
20 75
73 50
56 29
71 81
72 77
100 17
44 53
60 69
18 86
75 29
63 42
14 4
18 76
92 90
72 57
36 40
77 45
30 88
27 90
22 94
48 71
15 14
85 36
40 55
25 7
63 35
50 29
17 39
11 87
95 98
97 17
82 61
20 99
4 45
53 93
43 75
4 13
48 46
3 96
21 98
23 26
17 37
86 53
92 1
61 27
9 9
80 40
89 71
39 49
6 82
10 17
86 19
21 95
46 52
25 26
45 1
8 39
27 54
13 39
71 25
21 3
9 7
52 37
92 1
65 3
4 29
35 28
68 15
4 74
89 23
40 64
26 100
57 59
25 17
17 52
17 37
86 77
96 92
57 60
24 25
54 73
66 76
9 44
74 19
11 79
86 21
70 19
71 69
12 74
82 9
41 45
84 77
43 16
92 81
76 29
7 70
48 62
62 56
26 85
51 87
2 30
17 100
28 38
58 89
93 16
96 90
27 77
78 93
92 81
83 36
1 69
97 5
1 63
10 64
70 23
63 42
47 84
39 93
33 62
58 10
72 1
25 7
41 38
66 68
17 87
16 66
24 38
16 100
77 74
49 22
66 87
78 3
17 73
45 24
88 43
10 89
40 13
66 20
87 33
83 45
100 55
88 1
79 49
100 18
49 65
48 23
63 11
95 100
38 67
47 72
4 9
62 68
72 78
44 46
27 35
40 17
60 64
51 72
7 16
88 37
51 45
24 2
18 39
68 18
68 78
57 34
77 58
7 90
22 53
15 90
90 87
21 59
54 42
68 35
73 76
54 58
68 10
87 38
100 58
57 76
33 10
3 18
70 95
56 39
47 16
97 30
47 55
58 79
99 53
53 23
45 67
1 50
76 76
14 57
68 67
43 53
22 90
96 76
50 95
43 42
63 65
91 81
16 1
16 58
10 67
88 28
70 16
77 28
74 66
69 25
86 4
58 27
24 94
55 50
66 65
70 9
3 31
12 72
27 39
1 84
65 46
23 5
2 33
92 21
89 62
