5000 206488
13 12
21 29
11 35
16 14
13 13
13 26
20 28
24 39
25 40
22 17
17 24
11 26
7 26
14 30
14 24
20 24
16 27
6 16
20 24
5 19
19 30
20 29
21 36
10 27
11 35
16 34
17 25
17 31
17 18
15 39
23 35
23 17
18 23
7 31
12 31
9 21
14 32
12 28
12 25
23 21
15 33
13 24
6 21
17 15
21 23
17 18
5 23
22 25
8 34
20 33
24 12
12 33
20 40
15 20
7 20
17 32
16 31
15 18
20 16
6 28
5 23
22 32
25 16
15 30
16 21
15 21
7 21
20 14
14 21
21 34
12 12
24 29
7 27
9 32
14 16
7 19
22 10
10 21
14 17
21 13
22 20
11 37
25 22
16 40
7 24
20 19
16 14
8 12
7 33
12 23
16 39
23 22
8 30
5 10
19 31
14 21
22 22
12 27
17 18
7 25
7 15
25 12
15 30
7 40
11 37
5 17
20 40
7 30
22 21
11 25
19 30
25 38
11 11
11 34
7 38
16 39
7 40
18 22
14 13
7 10
5 28
16 34
22 35
13 14
17 11
5 13
12 23
21 29
7 23
14 32
10 28
9 21
13 29
22 15
13 40
14 32
23 20
24 10
12 37
8 16
24 32
8 23
24 15
20 24
22 20
6 37
8 34
10 24
22 38
8 12
24 32
16 20
10 15
13 10
20 23
15 33
17 21
20 16
12 16
13 12
17 34
6 22
14 14
6 36
9 22
13 36
15 28
21 40
12 22
9 30
17 13
17 37
7 26
14 40
16 30
14 14
7 38
19 36
17 20
19 11
19 27
21 30
25 39
21 33
17 28
10 12
14 30
7 12
25 37
23 34
10 40
14 36
19 24
21 37
20 20
25 21
13 31
15 37
10 29
16 35
7 37
23 33
13 33
25 28
15 33
19 12
6 19
5 25
8 25
23 22
25 16
11 27
13 32
17 23
23 36
10 21
19 11
12 14
25 35
12 20
6 13
5 13
6 15
20 11
17 37
7 21
9 15
22 38
23 17
6 13
12 28
18 33
12 27
8 21
8 26
15 35
14 38
11 39
11 23
17 31
13 21
11 19
21 37
5 19
12 27
13 14
12 35
19 29
21 31
22 27
22 52
22 59
33 41
35 50
22 55
32 61
39 39
40 50
36 46
26 37
20 36
36 63
31 35
39 38
21 49
21 60
37 64
29 45
25 41
24 54
28 61
37 58
31 52
38 64
33 62
28 56
35 37
38 57
28 65
28 56
27 48
26 46
29 63
31 49
35 49
40 61
27 48
27 42
28 58
20 58
25 36
29 50
27 62
23 36
20 65
40 42
35 38
27 58
37 43
35 37
28 38
32 65
26 49
29 51
21 43
31 57
36 53
24 44
24 46
36 44
35 35
27 54
37 35
30 39
31 47
22 62
35 35
32 36
31 64
33 53
28 56
36 50
20 47
23 56
26 35
26 64
30 47
28 39
27 58
38 54
39 44
34 53
32 43
32 55
22 37
32 47
23 48
31 65
24 51
26 48
29 53
28 53
26 58
22 44
30 60
27 55
37 45
40 45
20 60
27 59
30 40
28 53
20 65
36 43
28 39
34 65
32 64
35 54
34 40
25 41
34 57
32 35
29 36
34 52
39 43
27 56
34 46
20 63
31 56
39 56
33 60
36 50
30 40
37 49
23 63
27 42
30 49
22 55
26 51
25 44
31 49
29 38
26 38
39 35
20 42
33 50
26 46
35 60
35 64
39 58
29 61
29 47
20 40
35 59
23 38
28 46
29 64
39 44
24 50
27 57
31 63
35 55
26 38
30 57
34 53
34 59
31 47
39 54
32 37
37 37
30 48
27 55
37 61
27 43
39 40
21 64
32 40
25 45
20 65
32 41
20 46
35 61
26 36
22 42
24 60
28 42
38 56
31 49
38 59
33 59
30 55
23 63
26 42
33 65
20 39
39 52
28 36
30 42
25 61
25 36
24 56
21 59
24 36
34 60
27 61
36 54
37 41
35 44
27 53
28 51
28 45
24 39
37 49
25 44
40 56
28 60
39 50
23 54
20 57
24 43
21 65
21 35
39 42
38 53
40 51
26 49
29 37
39 37
38 62
24 56
29 52
20 61
38 36
30 50
39 61
22 41
30 49
34 62
36 51
27 49
34 49
38 60
40 50
25 64
35 40
32 61
35 37
29 55
34 38
28 58
29 57
28 55
31 38
25 59
32 62
36 51
24 38
25 57
27 37
37 61
48 65
40 85
35 69
55 67
45 77
37 67
52 85
50 71
45 70
44 72
43 70
39 74
51 63
47 89
50 82
36 68
52 71
50 62
51 75
42 60
53 67
36 65
53 61
52 86
48 79
42 74
41 61
46 68
54 90
36 64
44 85
54 76
40 74
35 84
37 88
38 87
50 89
45 62
53 76
53 66
44 62
42 60
48 74
50 64
54 69
37 60
50 80
46 67
44 62
53 90
52 82
42 89
35 88
36 77
37 87
36 75
35 69
36 89
40 78
37 90
43 69
44 89
35 75
52 90
43 63
52 71
47 83
48 72
54 69
40 89
46 80
40 89
49 85
37 77
35 88
55 67
42 74
42 61
38 69
50 70
51 86
48 63
48 90
51 62
52 72
41 70
38 70
52 84
53 63
48 75
36 85
37 63
50 88
50 63
46 60
43 76
52 63
44 71
38 60
51 66
36 70
40 70
48 82
53 83
51 74
39 84
54 90
37 73
49 89
45 90
36 87
43 81
51 89
37 88
53 71
51 71
53 76
36 69
55 84
54 62
39 67
44 72
42 80
50 61
40 66
38 74
55 70
35 86
40 64
44 64
54 82
55 62
40 65
39 73
48 69
51 61
36 66
55 81
50 63
40 71
51 79
35 67
52 87
40 62
54 83
55 70
54 80
47 81
48 81
36 77
50 75
35 75
36 90
36 75
45 86
45 70
49 77
52 66
41 78
40 68
49 70
54 84
55 90
44 81
38 73
47 76
42 85
46 77
44 64
36 85
53 83
54 67
53 81
52 79
49 79
41 77
38 72
50 87
47 80
44 88
47 82
44 89
45 70
38 67
46 74
49 67
47 63
50 73
39 87
45 88
45 87
36 71
52 83
47 78
51 82
54 74
54 82
36 85
38 86
39 71
38 90
53 72
42 90
55 80
35 85
40 66
35 62
36 85
53 82
55 65
46 83
53 82
36 90
50 72
54 73
54 90
50 69
50 69
41 64
44 60
55 77
52 75
53 81
48 69
43 80
41 81
43 90
40 84
52 84
48 79
51 87
52 77
38 89
45 71
54 84
48 88
45 74
49 85
37 82
55 74
52 76
39 79
40 74
46 70
39 75
52 74
46 76
43 74
53 83
35 70
62 88
60 109
50 105
54 105
58 107
59 102
57 93
54 102
69 100
62 113
65 112
50 95
67 91
65 105
50 101
55 98
53 92
62 87
68 110
52 86
69 112
56 102
51 107
64 106
70 86
69 88
61 109
65 88
53 89
67 112
68 107
65 89
67 98
50 106
50 113
66 102
61 94
50 107
57 91
58 90
67 113
66 85
50 102
60 104
65 111
54 91
55 105
59 97
52 99
62 89
61 110
68 85
54 108
59 87
57 87
66 88
69 95
56 104
68 89
70 101
68 105
50 98
51 85
53 92
68 112
52 108
50 87
55 106
64 98
64 107
55 110
52 98
66 112
70 114
50 91
53 114
70 89
70 85
61 88
70 102
65 102
63 100
69 85
66 94
57 108
63 109
63 109
64 102
69 88
51 103
59 113
65 114
54 108
54 91
64 89
50 107
52 113
70 92
57 93
60 91
52 98
54 101
63 87
51 107
57 102
57 96
54 105
52 101
62 91
52 89
54 95
63 114
63 113
54 88
55 101
58 88
64 92
68 87
56 103
65 97
69 114
58 102
51 85
60 112
61 103
68 98
62 109
70 87
70 96
69 106
64 96
57 110
67 96
61 109
53 101
65 86
55 112
53 114
57 99
66 115
50 108
63 112
69 106
62 88
61 85
50 114
66 101
60 112
61 101
63 110
54 109
64 95
56 94
60 98
55 115
61 107
65 108
65 91
61 102
59 100
66 115
55 111
64 86
69 96
64 93
66 98
67 113
53 103
54 113
66 111
65 96
63 105
54 88
51 100
63 86
66 87
67 93
65 100
65 102
62 108
52 112
53 109
65 111
69 110
66 95
55 106
68 87
67 105
55 86
65 106
54 115
51 87
60 105
58 100
57 93
60 112
55 95
55 110
65 114
67 114
66 91
68 110
68 110
63 97
58 100
69 112
66 111
61 103
64 95
56 102
67 92
55 107
54 85
69 108
61 86
57 88
65 89
68 99
65 93
63 106
66 111
65 91
56 98
62 85
70 110
66 94
60 113
63 100
56 98
62 110
55 109
50 104
70 108
58 110
54 111
65 108
57 85
56 92
60 103
61 89
64 108
51 95
53 95
67 101
54 115
52 89
52 90
54 104
67 107
63 113
75 134
81 113
80 126
73 111
84 125
75 124
65 125
80 136
71 126
74 125
80 132
82 113
77 115
78 134
76 110
69 120
76 120
79 123
84 131
70 135
83 128
70 120
72 138
83 135
73 128
84 132
80 132
81 112
76 125
75 134
77 124
84 116
74 124
68 125
76 110
67 115
66 124
85 128
68 129
82 131
67 127
77 122
72 116
83 115
78 118
83 112
83 137
69 122
70 133
79 120
79 114
83 119
83 137
66 137
79 115
76 130
76 138
73 137
68 121
77 133
76 137
82 117
68 140
81 111
69 123
84 125
85 133
76 112
77 126
82 140
72 123
81 119
69 126
77 120
74 115
66 122
76 134
71 131
83 115
83 124
70 139
83 110
75 128
84 115
81 139
68 132
81 130
82 126
67 115
70 111
72 135
71 116
67 110
74 118
73 126
83 130
85 126
80 111
84 130
74 116
66 117
79 136
76 137
80 111
77 115
83 116
67 123
79 126
77 116
65 125
69 123
78 111
73 133
76 111
82 115
85 139
77 112
79 117
83 112
76 135
69 118
69 116
75 120
73 110
81 124
85 115
66 128
66 135
84 115
78 130
77 139
76 131
85 117
65 137
74 114
66 124
83 130
84 138
85 119
70 124
74 119
78 126
80 130
81 114
69 112
69 113
84 118
81 110
81 130
77 134
71 121
82 140
82 135
70 137
80 132
75 131
79 135
75 134
78 126
85 118
76 128
73 125
80 113
67 122
84 115
77 122
68 118
66 125
82 114
77 111
79 129
76 133
65 138
78 137
68 123
70 135
77 125
85 136
80 133
79 118
79 118
76 123
74 138
77 124
82 119
79 134
68 113
82 121
67 111
77 117
84 119
81 121
73 120
79 120
77 119
77 139
75 114
83 137
78 117
66 138
79 132
84 121
81 114
84 132
66 136
85 125
70 139
73 138
70 110
78 117
72 130
65 131
68 123
77 132
73 138
66 113
69 117
79 120
77 114
84 124
84 136
74 113
74 134
79 139
79 113
76 138
72 117
79 126
73 116
68 117
81 133
78 129
67 132
65 117
80 138
68 137
77 128
79 125
67 138
78 111
72 127
78 132
76 125
66 121
74 121
75 131
73 134
68 139
70 113
67 122
96 160
90 156
92 138
86 155
84 151
89 162
100 150
83 158
86 157
87 152
87 151
98 165
96 147
81 158
100 165
96 146
85 143
80 137
84 139
88 140
82 143
96 151
96 152
88 154
80 141
97 140
89 144
99 164
93 135
81 139
81 159
87 157
80 149
98 142
91 146
89 138
81 148
90 143
80 161
97 138
92 135
84 156
83 144
80 165
99 143
83 140
97 150
80 137
93 152
99 149
83 155
92 150
89 139
98 163
99 155
86 164
83 140
84 161
91 140
96 155
82 160
85 149
85 155
93 141
83 156
100 140
95 140
86 146
90 146
89 141
97 143
94 151
82 154
84 159
98 139
100 138
97 142
98 139
88 164
99 137
98 163
95 164
85 158
91 144
84 151
80 136
90 152
99 138
87 161
84 163
98 142
84 160
85 151
95 144
88 139
81 136
88 147
93 135
95 142
88 141
98 158
96 148
97 155
99 146
92 145
85 145
83 139
81 164
87 164
98 137
86 148
95 135
91 165
86 164
88 142
100 160
97 143
89 140
84 154
96 145
87 155
81 146
85 158
95 149
95 149
84 157
86 150
91 157
84 155
98 153
87 158
92 160
88 151
95 162
88 146
84 136
86 160
83 160
86 156
82 144
83 153
97 164
80 156
84 150
82 139
93 140
97 146
89 159
85 161
94 135
90 157
85 138
83 147
83 139
100 165
87 137
87 144
90 153
89 151
91 143
91 135
99 150
86 146
87 142
89 159
81 143
98 141
90 165
89 140
85 152
95 145
89 157
94 150
88 152
88 142
92 153
100 139
80 150
94 141
94 153
87 160
97 148
98 140
100 153
99 147
92 147
95 155
93 144
95 143
87 135
97 152
98 156
87 152
100 139
83 159
81 156
86 147
91 152
81 147
87 158
94 140
88 150
96 143
93 161
98 152
91 165
98 149
89 158
82 156
82 158
100 149
93 164
100 150
85 145
91 153
98 153
86 140
88 148
85 158
92 160
100 139
95 146
89 144
99 150
88 163
94 145
81 152
89 138
87 155
98 161
83 149
96 163
100 146
88 165
84 152
82 146
83 151
97 139
97 158
81 158
93 160
90 163
100 140
92 145
89 146
98 136
82 149
99 144
95 140
100 161
100 189
113 168
109 187
111 166
100 190
108 167
103 187
104 161
112 162
105 187
100 173
111 164
112 181
100 179
113 178
100 171
98 176
101 186
108 160
99 190
110 185
106 181
108 166
102 179
111 161
107 179
114 166
101 168
113 162
98 178
110 166
106 161
101 175
107 162
112 184
109 172
104 161
106 165
115 182
104 173
106 166
106 164
101 179
96 167
102 164
108 166
105 180
110 188
114 190
108 177
115 185
98 165
101 187
101 160
104 162
109 167
109 171
103 178
95 179
112 178
106 174
97 189
104 187
108 165
95 182
115 172
103 176
97 170
109 185
111 186
95 180
95 190
107 170
102 188
109 168
110 180
104 164
96 182
106 173
99 180
112 174
100 177
96 176
112 167
110 164
111 162
114 162
100 181
96 177
95 169
109 188
111 173
103 176
95 189
103 190
101 160
97 176
102 169
111 171
114 167
108 177
96 162
102 170
115 188
111 167
115 180
107 163
106 163
102 162
112 177
105 174
113 171
107 190
112 188
100 163
109 181
100 172
99 165
112 174
112 177
95 165
95 183
102 164
104 186
113 184
100 166
100 186
95 164
99 164
114 162
102 164
95 186
100 174
97 166
100 190
106 176
106 187
108 171
113 190
106 164
98 176
95 188
112 185
115 162
108 190
99 164
103 184
103 178
102 187
107 160
102 174
110 187
106 180
109 168
100 169
114 170
112 181
108 163
111 166
104 172
102 164
98 165
111 171
102 161
115 172
106 160
114 174
96 161
106 160
108 178
111 179
115 160
101 161
97 183
96 163
100 169
95 176
97 165
112 162
110 160
100 165
115 165
103 184
105 177
110 173
105 189
104 160
95 169
115 189
107 165
105 190
103 167
95 184
99 167
112 175
108 165
98 166
99 165
106 174
101 179
107 187
109 186
99 171
105 184
107 190
97 167
109 168
108 171
113 184
106 183
109 185
108 185
108 163
99 187
101 180
100 171
98 189
108 168
105 167
105 177
95 189
99 163
95 165
103 164
104 161
105 163
113 179
113 184
111 186
103 167
103 161
109 189
107 181
111 167
102 164
95 161
110 173
114 164
112 175
106 172
95 190
101 169
95 172
97 167
114 179
109 181
98 189
111 178
107 180
107 173
124 199
111 209
122 200
110 195
114 185
119 199
119 192
129 200
124 207
110 208
119 189
130 214
127 213
111 204
112 191
113 193
114 197
130 197
114 211
130 210
120 199
120 208
113 214
113 191
115 212
118 215
122 194
111 214
128 197
125 207
126 201
120 191
111 213
120 208
120 193
121 201
129 208
124 195
114 198
125 196
126 199
110 191
115 191
124 211
113 203
128 188
113 197
123 215
127 209
115 215
123 191
111 206
124 208
118 204
119 200
115 198
111 193
119 203
115 206
118 215
117 213
111 195
122 191
119 202
125 212
121 214
117 186
122 214
115 203
127 211
130 197
124 212
112 208
117 187
110 210
122 205
128 214
122 215
113 190
125 187
125 215
130 187
126 201
110 206
121 198
120 186
124 205
119 197
113 195
111 208
117 195
117 212
112 194
120 196
127 194
130 199
118 198
119 192
119 197
129 185
111 194
116 202
121 213
118 195
117 194
126 198
130 199
126 210
125 186
113 189
118 203
129 200
129 186
126 212
124 203
111 190
110 212
115 209
110 203
113 215
129 190
129 198
127 205
126 192
110 197
130 212
127 209
110 213
112 189
126 190
117 202
116 200
113 215
127 187
110 194
117 199
126 197
123 214
128 188
110 205
114 195
112 197
124 214
119 212
126 214
116 203
130 193
116 209
130 193
112 209
111 210
126 212
120 187
114 193
124 211
113 201
130 197
122 192
115 187
115 193
113 187
130 197
110 213
115 201
117 214
125 205
122 202
110 214
127 193
119 204
116 187
114 189
122 214
127 206
125 197
124 215
120 208
110 207
126 201
118 208
116 202
114 189
121 211
129 202
116 192
123 187
125 190
126 202
119 198
130 189
121 191
130 191
112 196
118 202
129 186
127 191
127 203
111 203
113 196
119 198
112 190
130 206
127 201
129 199
112 200
117 208
120 201
121 200
112 206
118 207
121 192
113 193
114 189
119 188
130 212
127 214
130 213
124 196
117 209
129 197
118 194
110 208
119 213
118 204
117 190
118 192
127 189
111 187
125 193
118 206
115 205
123 189
127 188
126 214
128 193
122 186
125 195
130 194
130 215
120 210
130 189
110 198
120 201
125 199
119 205
126 211
110 204
123 208
122 198
128 201
144 239
136 211
142 221
139 226
139 214
125 223
125 216
130 226
143 220
135 221
143 211
142 212
134 215
136 219
140 223
132 213
136 220
127 228
130 223
127 237
142 217
135 235
145 212
129 213
137 215
126 215
142 230
127 232
127 210
128 218
141 231
131 231
129 224
140 227
128 217
131 221
138 230
137 234
133 221
130 240
132 220
127 226
145 219
131 230
139 213
141 229
140 215
142 233
134 225
129 221
126 231
132 211
126 235
129 240
137 231
129 227
138 210
143 234
134 215
134 225
133 216
135 211
129 220
145 234
138 211
125 222
135 234
133 212
126 217
144 229
142 239
134 234
130 211
142 212
130 236
138 224
134 227
139 219
132 215
125 228
138 213
137 239
129 220
138 221
130 238
142 220
133 211
133 229
133 226
128 217
134 214
129 220
142 214
130 225
134 228
144 224
130 237
125 227
130 218
136 231
125 236
134 238
135 240
145 235
125 215
132 236
140 231
130 239
130 231
133 212
139 222
137 239
140 235
131 223
128 219
131 215
127 210
134 235
137 227
129 225
133 229
145 239
144 222
135 210
136 216
141 221
127 225
126 235
143 232
139 219
126 216
126 240
140 222
137 216
144 221
143 228
130 237
132 215
143 220
130 220
139 214
135 212
131 237
137 235
141 238
126 223
127 223
143 218
138 215
125 234
128 210
141 221
137 233
132 211
142 228
140 226
137 237
127 216
139 220
126 217
142 212
128 219
130 240
138 219
132 239
129 227
133 220
139 231
145 222
132 212
137 238
127 227
127 214
125 227
142 232
127 228
127 219
133 218
126 221
125 220
136 227
138 215
127 233
142 236
130 225
139 240
127 225
143 216
141 217
145 240
143 220
126 231
127 222
127 235
133 223
130 210
128 238
141 234
129 239
129 231
138 225
127 233
134 212
141 227
143 225
140 216
137 240
136 221
128 234
138 211
137 218
130 214
141 215
143 234
133 223
130 224
141 213
137 236
129 211
131 223
144 234
141 221
140 223
127 211
141 236
129 221
136 211
144 217
131 219
127 218
142 223
136 229
135 236
138 228
130 232
140 223
143 225
137 215
137 225
132 214
129 214
137 222
143 236
144 218
131 227
141 234
129 215
138 222
131 235
131 235
142 261
153 264
148 235
151 243
156 240
146 254
144 258
153 245
147 252
143 256
150 236
152 235
142 260
145 239
146 243
157 237
152 239
147 249
149 236
159 248
149 265
140 246
160 235
152 242
140 240
156 251
151 245
160 243
148 259
159 255
156 242
141 238
140 255
146 247
160 239
148 258
146 260
140 256
158 258
149 242
145 257
143 235
149 241
147 236
146 252
151 265
160 246
146 237
157 252
143 255
152 240
142 257
158 249
159 256
153 242
148 264
148 253
151 263
151 237
154 257
143 254
156 245
152 256
157 235
151 258
142 263
149 265
156 259
144 264
160 249
159 243
152 239
157 241
143 251
158 264
143 261
157 259
160 252
160 249
155 254
154 236
148 235
157 235
147 243
157 241
155 238
153 236
160 240
144 240
157 248
156 261
159 254
158 247
160 235
150 253
140 235
145 235
142 251
149 260
140 260
154 248
159 245
155 236
156 254
157 239
159 245
150 243
141 252
151 236
159 251
150 237
142 239
145 250
155 265
150 247
156 241
146 254
148 240
147 235
158 262
151 258
155 237
148 235
144 256
154 238
140 251
159 255
157 239
141 242
156 246
143 260
154 243
142 236
148 237
142 241
151 237
159 235
152 262
159 253
143 263
156 256
154 260
140 235
156 247
159 264
152 255
141 244
145 238
145 245
149 241
156 235
157 245
143 244
156 263
142 259
154 251
159 242
149 256
155 239
160 243
156 260
148 259
155 257
157 246
143 236
142 248
142 257
148 264
148 263
147 260
141 255
142 235
143 251
157 265
156 257
146 259
147 235
143 252
145 245
157 255
142 245
145 244
158 257
148 265
155 236
152 238
151 235
152 250
143 257
149 240
143 252
145 263
147 246
147 241
146 242
158 235
140 260
149 254
154 250
141 236
146 246
140 238
142 240
149 261
160 264
160 242
149 262
147 264
151 250
145 263
154 260
140 245
143 238
149 238
143 250
143 265
159 241
142 238
153 256
142 238
146 263
148 265
142 246
149 263
145 264
147 252
153 254
150 245
156 256
151 242
147 247
141 261
153 242
142 260
154 261
153 247
141 239
154 247
154 240
155 242
153 264
155 258
145 249
160 239
141 247
155 242
140 249
149 241
159 265
155 251
18 35
14 23
12 14
18 19
6 10
23 22
12 14
24 24
18 15
16 32
12 38
23 14
21 39
22 40
17 19
8 28
23 18
19 38
16 34
7 31
19 27
8 31
13 12
14 20
23 30
17 30
24 38
11 35
14 12
11 30
17 15
8 18
25 18
14 30
7 18
25 31
14 18
18 26
5 23
20 26
20 35
22 23
16 37
10 24
7 38
25 14
25 16
25 21
23 26
10 21
24 19
17 24
6 22
5 37
25 32
20 33
25 24
9 14
16 21
13 15
23 25
9 18
11 27
14 13
15 28
25 32
20 27
17 21
16 14
20 29
11 25
8 18
24 24
19 15
18 37
5 10
10 23
5 11
9 34
15 10
6 29
24 12
23 37
12 40
23 26
23 34
14 37
10 35
7 23
17 11
21 14
6 27
18 16
12 27
14 33
12 17
9 18
7 23
16 31
13 10
14 37
14 13
5 32
7 40
15 36
21 20
10 11
9 24
19 25
16 17
14 25
17 24
7 31
18 33
6 15
24 26
6 24
11 30
6 23
9 18
25 29
20 13
17 23
23 37
14 26
11 12
10 23
11 31
13 19
21 23
22 15
21 23
25 22
22 34
12 30
14 10
23 26
13 36
6 28
18 32
17 34
10 12
18 15
5 19
13 14
10 36
13 27
23 36
6 17
8 31
18 26
17 13
19 32
23 34
5 29
7 21
10 16
10 26
22 17
21 32
24 22
10 29
6 34
12 35
22 39
11 36
7 13
24 22
18 33
12 12
7 29
6 31
18 37
7 13
14 39
16 21
23 22
13 17
22 20
21 14
10 23
5 31
21 34
23 19
18 15
22 37
14 32
21 27
7 31
13 26
18 21
20 37
16 33
10 35
22 40
24 18
25 35
8 36
23 39
25 13
7 23
24 35
17 22
16 30
14 38
7 27
19 10
14 40
22 23
17 33
19 31
13 34
14 36
10 12
16 32
15 35
22 39
5 15
25 40
25 20
10 37
14 15
21 17
7 27
15 36
24 38
7 15
17 39
21 18
16 31
24 11
21 38
11 13
6 17
7 34
16 37
24 21
7 24
18 11
25 12
22 13
7 18
5 29
10 16
15 14
25 32
19 20
5 10
11 30
5 23
37 57
30 65
26 42
23 51
35 45
38 35
37 53
25 54
35 47
32 35
21 54
30 52
22 41
32 45
26 57
31 41
39 65
35 48
30 50
39 46
39 50
33 42
35 52
29 41
23 53
29 47
29 59
37 38
24 46
34 57
36 38
30 50
22 65
34 39
39 60
37 42
27 60
27 44
23 40
26 45
36 54
29 63
31 52
30 42
32 45
23 64
25 58
38 46
34 42
38 37
21 65
25 43
39 57
25 36
26 65
24 51
23 35
21 61
36 44
27 46
33 62
31 62
20 57
21 42
37 55
23 62
32 51
24 43
39 53
28 37
39 55
25 36
22 64
34 37
35 59
21 56
26 57
21 42
38 59
38 42
20 56
30 65
24 39
36 47
24 50
24 39
33 63
20 55
33 64
31 64
31 37
31 45
21 40
20 37
32 64
30 44
34 44
38 58
33 46
39 35
37 51
35 62
27 43
22 41
28 42
23 57
22 56
34 64
21 51
40 57
29 40
20 64
27 39
39 58
28 57
32 46
36 61
32 52
20 58
20 38
22 60
22 39
33 60
25 43
26 64
22 56
33 61
36 49
36 39
36 49
27 61
26 37
33 65
22 55
27 43
37 52
23 50
29 48
33 54
27 51
38 51
33 53
29 56
26 43
39 39
26 57
28 49
25 51
25 43
29 37
30 59
37 50
21 40
27 49
37 52
30 45
21 38
21 45
26 63
31 52
24 44
25 64
22 63
28 38
36 50
35 54
40 55
34 47
32 36
33 53
33 60
40 53
20 56
40 55
24 49
29 52
22 46
38 46
22 58
29 45
40 48
39 46
30 37
38 60
31 54
27 51
31 40
33 42
23 63
36 47
20 65
32 35
36 43
25 51
31 57
32 41
34 60
25 40
20 44
23 60
30 45
31 42
31 47
28 44
37 40
38 53
24 52
38 47
34 59
34 59
34 58
31 50
31 49
31 45
34 53
21 53
40 47
20 43
34 41
24 35
27 42
23 49
28 35
27 49
40 57
24 41
21 39
20 65
26 44
22 43
21 44
20 57
31 54
31 48
24 51
31 39
32 63
38 47
31 44
39 57
21 65
21 48
35 53
33 52
30 52
38 57
34 54
30 50
37 46
26 35
44 68
42 75
42 78
53 62
39 77
38 86
52 78
41 76
40 79
43 60
45 84
38 90
39 62
39 77
43 69
51 64
38 75
51 82
37 72
36 86
40 73
47 73
42 88
45 64
46 87
38 79
36 82
55 90
49 60
37 62
45 90
49 85
52 84
52 75
54 65
40 62
35 90
36 76
44 71
52 69
40 81
53 86
37 76
43 62
55 70
50 83
38 69
54 82
49 61
50 68
48 73
47 84
48 84
55 65
35 87
55 69
49 70
42 86
46 88
45 67
35 89
50 75
45 77
55 69
41 71
49 82
47 85
42 64
51 80
37 77
53 82
52 90
51 89
41 85
50 76
49 61
52 89
51 81
53 80
43 60
40 72
55 82
39 64
52 80
45 63
47 67
53 60
52 84
43 85
50 83
50 75
50 85
47 67
51 87
35 70
45 84
35 76
53 86
48 71
55 69
45 82
41 64
51 77
51 79
36 71
39 83
49 62
39 68
39 87
50 64
54 90
41 86
47 73
54 90
52 66
36 63
42 82
44 76
42 62
39 78
47 74
55 68
40 84
43 84
36 77
45 85
40 86
50 89
35 71
50 88
45 62
35 68
37 63
53 60
44 86
47 74
40 85
36 82
51 63
51 65
45 73
46 65
55 76
42 72
53 89
47 69
51 67
55 83
52 69
38 73
49 65
38 70
40 76
40 75
49 77
46 68
39 76
49 64
41 74
36 86
53 84
41 69
36 79
44 71
52 79
38 89
38 79
40 83
44 70
39 83
46 84
36 83
51 71
50 68
46 72
35 62
39 63
53 64
42 70
38 76
51 68
45 81
41 83
38 88
40 77
48 88
36 78
42 75
39 75
51 81
50 82
53 89
53 61
37 72
35 74
39 67
40 73
44 75
43 67
39 66
35 60
41 90
42 81
51 75
46 64
35 87
39 85
35 76
47 84
38 64
41 84
37 88
54 65
36 70
36 80
52 61
54 79
54 68
46 74
49 71
37 84
40 69
45 60
40 70
43 79
43 90
47 81
37 77
54 64
49 66
39 72
55 72
45 66
42 63
45 68
35 66
47 81
52 74
43 64
55 73
42 65
40 62
48 64
40 81
43 73
44 88
39 60
48 79
38 85
46 84
68 92
51 85
62 96
57 99
69 91
62 90
61 89
70 91
70 110
63 95
70 103
66 85
56 98
66 107
56 94
69 91
63 98
61 94
66 102
52 89
54 103
65 87
57 102
65 114
68 86
62 101
55 98
69 90
63 88
67 86
67 94
52 112
60 97
62 95
59 112
66 105
56 109
55 90
53 111
67 102
55 95
63 98
61 102
69 102
50 94
69 113
55 109
54 91
62 111
68 85
58 115
62 89
51 90
52 114
63 96
50 110
51 101
55 95
51 106
63 103
67 97
66 101
60 92
61 91
63 90
68 109
70 106
61 107
52 90
53 110
58 86
60 88
65 107
69 102
69 90
65 96
68 103
60 104
59 100
54 110
57 113
68 104
58 97
53 94
70 115
53 115
55 106
65 103
56 96
64 107
51 90
65 86
68 110
54 98
53 96
53 111
59 106
63 105
57 110
52 104
70 87
61 110
67 102
53 85
67 95
52 97
51 109
66 88
67 112
50 111
54 104
57 96
50 87
55 98
66 113
61 104
61 100
66 102
55 106
55 111
64 93
69 97
51 99
62 101
59 113
67 101
62 113
54 112
52 109
67 110
68 89
57 101
56 108
62 102
51 103
62 98
52 100
55 111
70 93
70 93
55 103
51 106
69 104
54 98
64 105
63 85
53 102
65 95
52 102
67 107
51 91
64 115
64 112
52 102
60 87
70 94
68 102
57 88
54 97
64 98
59 106
56 108
56 111
67 101
53 113
57 100
68 94
53 108
65 90
50 93
56 87
67 110
67 97
68 108
62 96
65 106
64 102
58 91
66 99
53 106
65 114
51 97
56 101
70 95
59 97
53 109
64 115
68 115
70 99
55 86
50 110
58 108
64 88
61 105
67 103
59 111
51 98
51 106
65 95
56 102
65 99
66 85
54 112
65 108
55 105
63 85
65 98
68 107
64 105
69 113
50 104
70 107
65 114
55 114
66 93
59 112
66 107
67 89
67 110
51 107
57 101
54 110
60 96
59 95
56 108
60 90
60 114
53 95
56 90
60 86
65 105
60 87
52 106
56 110
64 85
66 113
67 90
51 95
68 88
57 101
63 109
57 89
57 100
52 101
63 106
63 86
58 97
64 102
56 92
54 101
69 137
83 129
80 110
71 126
71 126
78 135
75 128
84 139
71 118
71 132
76 139
68 114
84 133
71 120
79 140
67 112
70 116
83 134
81 127
77 113
80 117
81 122
65 132
83 136
78 132
67 133
66 116
84 138
84 126
66 135
78 140
73 119
85 124
81 118
70 120
78 113
74 115
67 119
65 133
79 133
65 130
78 140
83 119
84 131
80 140
70 118
85 117
66 112
82 126
78 130
67 127
85 118
79 114
84 125
82 131
70 116
68 131
81 112
73 140
79 133
75 113
69 136
72 122
69 138
84 113
67 130
65 119
75 118
85 120
69 116
83 139
76 118
68 126
85 125
84 110
76 123
72 113
78 122
82 112
82 122
75 134
78 132
81 134
65 122
71 131
74 111
75 138
67 114
70 128
68 137
74 134
70 128
67 124
71 120
77 114
76 129
82 128
75 139
67 117
72 125
77 135
75 123
78 134
81 113
73 113
81 137
71 115
73 129
83 120
70 112
80 125
73 122
81 138
69 124
70 128
70 110
68 122
85 112
68 138
75 124
74 113
70 133
70 130
65 133
70 116
72 122
83 123
77 134
74 111
74 125
65 111
74 138
72 136
81 124
84 113
82 129
72 113
83 120
77 131
77 129
85 135
81 128
75 130
73 127
82 123
73 115
72 123
82 135
68 140
85 136
78 111
70 117
80 134
77 131
83 128
85 120
84 115
77 128
85 114
65 123
77 112
76 138
69 128
73 127
82 136
70 127
65 137
72 137
77 119
83 113
85 133
68 116
77 115
65 133
73 135
70 133
72 131
80 117
65 120
82 133
75 116
68 110
75 111
68 130
69 120
73 112
83 110
82 140
65 110
81 121
81 134
72 128
81 131
79 130
67 128
75 114
74 128
85 135
84 135
84 135
66 111
68 116
80 112
68 112
80 135
66 137
83 124
75 139
69 117
72 113
76 137
80 127
71 117
81 139
80 131
69 115
82 129
75 129
70 124
67 133
72 112
70 131
71 139
79 128
82 118
79 137
78 135
68 125
67 132
85 111
76 116
73 110
74 125
80 122
69 119
72 111
81 129
77 134
70 121
76 130
68 110
71 130
77 138
79 132
71 127
72 138
80 138
65 124
72 124
79 117
89 162
99 165
93 164
84 164
94 135
95 160
96 137
92 156
87 151
100 151
96 141
86 157
97 143
93 147
80 162
93 145
87 159
89 141
100 164
92 163
86 154
91 161
86 138
87 151
85 165
83 150
90 146
89 139
95 142
88 143
84 137
100 158
89 159
87 149
100 136
80 154
84 135
83 141
91 136
82 151
94 154
92 165
93 140
85 154
97 151
99 147
91 146
90 143
82 136
87 160
92 135
81 153
96 161
83 163
92 148
96 156
89 146
84 135
84 157
84 160
80 147
100 157
97 144
90 161
84 154
97 144
100 165
90 150
80 154
97 153
97 156
96 135
97 162
82 149
88 152
80 158
87 145
98 154
87 144
100 162
100 135
82 147
93 135
91 155
83 139
85 153
97 149
80 158
98 153
91 161
86 145
89 165
88 164
94 138
92 164
81 138
88 138
86 159
92 145
93 158
80 154
92 142
96 161
87 145
92 136
94 149
84 156
89 162
87 163
83 158
95 163
87 155
84 143
80 137
84 159
91 164
87 138
99 147
91 137
89 145
99 160
98 147
83 139
92 135
85 137
87 160
96 151
98 162
81 160
96 143
87 157
88 164
86 144
91 156
87 164
96 147
80 157
83 140
94 162
91 159
86 162
93 162
88 135
100 137
84 155
95 145
100 150
99 138
85 150
99 138
87 158
92 138
83 140
88 142
86 144
91 162
95 152
90 147
92 147
90 142
82 158
82 146
83 158
85 135
88 142
96 153
93 152
100 147
80 160
88 153
83 153
95 140
99 138
100 151
92 164
81 150
88 142
94 163
80 142
95 139
98 164
80 146
96 141
82 139
84 145
100 136
83 139
83 164
96 154
88 155
86 140
98 140
89 163
82 143
87 161
95 153
84 165
90 140
92 155
93 138
99 163
100 159
83 140
81 141
81 137
81 145
98 164
99 150
89 148
94 163
97 136
96 163
83 145
99 139
96 143
87 161
100 144
94 139
84 140
97 141
80 141
90 145
95 162
82 162
86 150
96 150
83 140
100 150
96 149
96 145
84 159
83 163
84 157
84 151
87 145
92 137
96 141
83 151
86 136
90 145
97 139
91 135
96 141
82 157
83 135
98 144
98 140
87 161
93 139
88 157
104 160
99 188
112 190
107 167
104 182
106 175
101 171
98 160
102 185
101 164
96 181
108 177
95 176
112 179
103 178
104 161
115 190
112 185
110 167
110 189
103 177
101 180
99 183
108 174
107 169
112 169
95 188
101 183
101 164
104 160
98 180
101 168
102 188
113 174
103 190
97 190
113 182
105 172
110 167
104 189
113 170
110 172
108 190
111 178
97 172
103 181
96 179
101 174
109 187
103 177
111 166
114 173
110 162
107 167
102 179
108 184
99 167
95 164
102 164
109 165
113 168
105 173
109 181
99 171
115 183
102 173
114 171
100 185
107 177
95 181
111 163
115 162
112 176
110 174
108 186
103 161
100 169
101 189
108 166
97 174
114 163
98 187
110 179
100 187
98 177
95 169
110 190
110 187
114 172
108 160
106 186
114 169
112 171
106 161
107 173
111 174
95 169
97 188
99 188
112 190
104 168
96 162
110 175
110 178
96 168
115 160
100 175
103 164
115 173
100 171
105 177
115 168
114 163
95 180
101 189
102 172
107 185
112 172
96 172
109 162
111 174
110 179
104 170
114 181
113 187
115 177
99 185
109 167
113 189
97 186
104 175
107 161
110 180
96 174
110 170
114 177
100 178
102 179
106 187
97 179
102 169
106 164
112 186
104 189
110 165
106 181
113 188
95 185
104 190
100 175
109 183
107 190
109 165
106 166
95 186
105 183
104 188
108 166
97 163
111 177
105 183
115 184
102 183
112 163
113 183
114 190
98 177
101 184
98 175
95 183
101 182
101 173
103 168
114 169
95 179
98 178
111 189
111 190
114 184
111 172
106 178
97 187
115 166
104 183
97 175
98 189
110 187
115 183
102 186
104 173
102 186
109 183
108 168
115 170
114 182
99 173
101 189
95 172
106 186
99 185
112 178
113 175
109 161
105 176
107 167
98 168
102 188
110 182
100 179
101 160
104 181
105 178
107 178
111 182
113 190
109 182
96 165
95 187
98 171
106 189
100 169
104 178
105 163
102 167
112 168
109 190
114 178
110 175
104 170
106 177
101 181
111 183
105 170
114 189
100 190
101 165
115 161
113 172
111 188
113 184
110 184
108 190
107 168
98 175
109 179
99 186
108 167
98 161
110 166
112 165
118 211
114 197
124 215
121 214
116 194
129 185
130 198
122 197
126 198
119 189
114 211
117 190
118 200
129 200
121 188
126 209
123 212
110 207
111 211
126 207
110 195
113 191
112 203
117 196
117 195
114 214
112 196
117 188
110 192
118 199
126 189
114 191
113 194
123 210
126 199
117 191
130 189
122 199
113 212
125 206
123 190
110 193
120 203
113 195
116 213
126 187
123 214
117 214
113 187
127 195
117 192
121 192
121 212
113 185
130 198
110 212
124 188
112 185
113 199
120 196
125 188
116 194
114 203
130 191
122 185
110 186
127 214
110 199
122 212
127 199
129 188
129 208
126 200
122 211
114 189
114 193
114 203
110 189
112 208
119 206
124 208
120 211
130 213
123 198
119 207
129 185
115 190
125 214
124 199
126 200
113 214
121 206
119 191
121 202
121 186
112 203
118 210
121 195
126 204
122 198
123 203
117 185
113 186
125 194
114 204
121 186
118 198
123 212
123 198
115 201
111 201
114 186
125 201
122 215
128 187
122 198
122 206
114 194
127 193
120 191
117 193
117 195
110 211
118 193
111 205
123 204
127 211
118 197
119 215
130 197
111 205
122 203
116 188
114 215
121 194
112 194
121 195
120 189
113 209
112 196
117 187
112 201
120 203
122 188
116 192
112 202
129 192
125 191
117 213
114 207
121 191
123 207
119 201
121 203
127 189
124 206
116 212
116 214
110 187
122 215
115 201
120 189
115 202
113 185
111 196
118 204
119 202
122 215
130 187
118 197
124 199
128 192
125 190
122 205
129 191
130 199
125 185
113 193
121 210
120 213
122 213
113 204
124 207
127 200
124 188
118 211
115 210
112 206
113 193
122 189
126 211
111 185
126 188
116 196
116 200
126 186
119 207
125 210
117 191
123 188
122 188
115 207
111 186
122 209
110 204
112 202
121 197
112 193
113 211
120 196
110 210
113 206
128 214
119 210
113 207
115 195
128 210
120 203
124 195
130 185
113 192
118 196
115 187
128 187
125 190
127 189
116 204
113 196
122 190
117 204
121 186
117 202
129 212
114 205
127 201
114 188
116 191
120 194
128 185
126 187
120 203
116 185
116 212
129 206
110 202
120 209
126 188
127 197
124 197
114 190
125 231
132 228
143 229
139 210
127 212
130 231
143 214
133 236
145 212
144 240
136 231
129 212
129 210
142 232
143 225
128 216
131 240
127 238
131 228
141 212
125 237
144 218
135 222
144 240
135 223
128 237
127 228
127 236
131 221
144 237
140 220
145 239
136 234
145 235
140 232
125 237
138 228
138 226
127 214
131 219
129 218
133 229
139 213
132 219
130 238
126 218
133 215
142 224
126 210
136 217
132 212
133 215
131 216
144 227
133 212
139 235
135 239
137 213
135 234
126 223
130 223
137 236
125 234
132 224
127 227
138 222
131 230
132 217
145 217
140 211
130 226
138 228
135 214
140 222
128 238
137 226
139 222
142 236
133 230
134 236
144 234
145 232
125 234
137 216
132 228
125 217
138 239
126 224
142 222
144 239
135 229
129 228
136 234
137 211
127 229
132 226
125 213
125 234
133 211
139 235
141 212
125 229
131 233
133 211
142 236
145 219
138 221
131 220
125 218
144 226
143 219
125 214
132 214
138 214
135 234
130 230
144 236
137 233
130 216
128 230
129 231
129 224
127 234
142 214
131 214
126 232
143 229
143 231
143 233
142 236
139 231
134 218
127 232
140 212
142 233
130 239
142 227
138 224
143 212
142 216
128 216
128 227
141 233
129 226
131 240
142 237
143 237
135 214
127 214
127 225
143 234
142 218
140 233
133 228
142 216
136 240
145 228
144 216
135 230
131 231
145 211
139 217
129 229
138 222
130 223
129 227
125 217
140 224
131 221
129 232
128 231
126 239
130 213
141 227
144 233
130 223
125 232
135 230
143 238
134 212
139 237
127 227
137 218
131 240
139 240
143 214
145 220
143 236
140 212
138 216
135 226
133 227
139 215
137 227
145 213
136 220
137 212
128 240
129 234
143 236
139 230
140 220
138 240
140 222
125 225
144 234
128 213
142 216
127 222
131 216
130 218
136 221
133 222
144 229
125 217
133 237
135 222
131 234
135 219
132 220
129 230
144 232
135 222
128 240
143 229
137 216
129 233
144 213
139 236
127 217
135 212
133 237
136 218
143 234
134 233
134 218
131 213
145 216
144 235
130 218
133 217
141 217
140 237
126 240
132 210
125 232
136 219
135 224
143 215
144 210
150 242
159 244
153 240
149 259
157 251
142 247
145 246
154 254
150 262
148 263
155 257
150 260
154 240
143 248
145 249
156 240
147 255
146 265
146 262
147 259
144 256
144 238
147 255
147 242
150 242
150 242
159 258
146 262
155 245
159 239
149 256
152 246
142 256
154 237
148 265
148 263
149 262
158 252
147 254
149 261
157 265
158 257
154 237
142 250
151 263
146 237
151 260
154 260
152 255
159 235
146 253
148 241
156 262
147 261
148 251
156 242
152 255
156 237
153 252
151 237
158 237
160 263
151 253
160 246
159 250
160 260
142 242
156 248
152 256
159 251
156 262
142 252
142 255
152 241
155 236
156 253
158 245
158 263
146 236
148 237
151 252
144 251
151 259
148 260
158 238
140 251
158 236
160 247
157 254
154 260
150 257
159 258
143 257
151 261
149 261
149 240
160 258
148 239
149 251
151 264
140 242
160 250
148 250
157 261
146 245
152 257
157 264
157 264
142 236
145 246
141 257
145 240
145 238
150 264
148 238
160 238
148 243
144 251
154 245
154 260
148 265
152 250
152 264
140 251
154 241
143 258
155 246
155 243
140 237
151 264
142 235
156 249
144 253
160 236
159 242
155 249
157 244
149 235
155 245
142 240
150 246
142 247
150 254
143 236
159 259
156 259
160 265
145 236
150 238
160 243
156 259
151 248
140 252
140 243
145 263
160 246
142 239
159 262
154 245
140 246
151 259
149 262
145 244
151 238
156 260
160 256
142 236
142 254
148 247
152 248
141 239
145 252
149 249
155 265
159 242
151 260
149 249
157 255
149 247
145 237
154 238
152 258
152 257
153 256
155 239
150 249
152 260
157 251
154 244
140 265
142 259
159 251
146 243
140 265
156 262
158 258
145 258
142 239
141 259
154 252
158 259
149 238
154 262
147 259
154 265
155 255
155 245
142 235
141 244
154 238
144 235
144 240
158 243
145 238
158 263
152 262
158 251
141 241
143 249
152 249
151 253
149 239
155 242
146 246
149 238
150 254
148 243
140 257
159 262
142 251
160 246
148 247
155 240
143 242
153 250
153 264
159 258
149 261
150 240
148 248
150 254
149 242
151 255
141 243
151 256
141 245
155 235
143 262
155 243
145 256
