4000 60059
37 85
3 89
55 79
21 76
53 29
89 75
9 65
86 63
93 50
50 19
79 14
52 26
79 45
5 63
80 28
77 76
97 86
11 90
58 94
89 84
72 29
35 28
12 97
21 62
33 7
86 97
45 50
17 64
1 79
48 23
53 80
89 16
2 11
8 58
62 43
54 39
48 32
70 7
40 53
40 34
71 77
70 67
44 59
2 21
74 81
23 38
78 48
71 66
86 28
87 94
11 1
57 8
74 73
23 97
29 21
6 79
8 93
74 71
22 94
61 24
73 45
26 73
49 91
75 55
33 30
10 85
28 46
81 14
32 92
67 50
72 99
54 68
88 68
15 57
55 41
62 49
38 46
84 88
84 66
23 73
71 33
46 67
31 81
44 6
20 63
59 1
1 84
28 8
84 23
74 78
40 31
57 67
99 50
40 73
31 74
84 32
2 57
58 71
64 97
33 48
77 20
35 95
38 68
64 88
50 3
45 60
77 36
39 48
28 99
12 1
13 73
98 32
10 19
43 5
93 37
29 82
53 57
93 20
8 89
37 80
18 49
47 71
93 98
17 51
87 95
23 23
100 34
88 51
32 93
15 82
72 51
8 13
1 76
9 70
24 52
2 30
5 29
52 87
40 29
33 27
64 39
4 53
30 10
73 10
46 57
75 46
1 91
99 14
67 18
61 31
35 45
85 66
7 53
79 94
53 68
93 47
1 17
4 1
32 97
32 61
18 82
3 99
92 25
18 9
64 68
67 76
72 90
68 48
18 14
63 19
52 75
33 5
67 23
34 36
5 14
12 32
8 82
58 4
62 45
26 99
18 86
48 41
62 16
76 90
26 86
14 84
21 36
78 54
17 84
52 84
62 15
86 18
7 83
5 39
56 26
70 2
71 67
27 16
89 50
88 80
89 86
41 76
21 84
55 8
74 11
77 97
19 39
33 92
86 52
32 35
58 42
3 89
32 27
20 58
79 78
9 65
85 41
51 65
87 18
54 76
2 49
100 84
39 93
8 83
4 75
46 19
29 36
74 41
72 86
70 85
13 20
13 23
62 12
33 56
19 82
87 23
62 4
89 21
19 66
47 56
21 7
76 8
2 44
4 86
47 17
32 74
12 2
32 57
82 38
50 19
85 84
83 38
49 55
75 77
43 20
4 81
21 47
23 56
29 21
44 84
92 92
42 92
56 6
5 4
26 99
27 87
91 26
87 3
15 59
9 43
34 58
87 18
85 50
35 53
90 3
83 66
18 78
2 4
14 74
99 16
3 74
50 58
81 53
52 80
25 86
75 25
7 60
97 32
98 80
36 32
40 15
41 23
77 24
96 72
46 26
2 22
22 58
36 3
41 24
88 17
97 46
26 33
75 34
33 47
60 38
64 88
15 13
29 15
17 43
29 38
27 30
20 16
30 47
59 35
23 48
6 32
34 59
29 7
2 15
83 90
64 39
42 81
75 12
92 14
89 52
20 90
46 35
62 62
8 92
86 11
49 78
4 37
11 95
23 63
36 84
22 32
39 50
2 48
2 99
55 92
82 37
28 80
74 59
12 84
86 14
96 6
17 67
71 24
77 65
19 34
5 65
40 55
12 66
80 77
84 68
100 70
51 66
29 54
13 31
58 9
66 64
61 8
13 98
28 11
36 22
100 33
1 42
74 71
2 80
2 92
80 14
83 68
29 72
54 72
46 3
66 37
1 30
63 70
89 61
77 94
33 55
93 25
69 48
44 20
72 53
52 67
95 89
23 70
32 20
7 71
32 31
97 36
67 78
45 28
76 46
54 99
96 60
28 39
79 21
49 91
29 31
59 34
32 58
9 54
64 58
77 61
26 90
64 39
91 82
14 2
41 84
23 88
7 79
9 83
66 59
78 83
12 49
60 100
52 53
43 68
66 70
84 83
91 3
85 100
80 62
18 100
90 50
75 21
45 39
69 71
76 63
25 69
79 56
7 20
33 22
42 65
35 32
58 63
57 3
26 65
24 65
97 86
48 4
30 43
57 68
66 63
59 25
20 16
77 62
11 29
14 36
95 31
46 63
4 90
31 82
77 24
21 90
20 32
3 96
17 28
40 54
78 58
41 48
70 9
84 78
25 69
11 74
71 61
35 31
68 76
48 78
58 47
16 62
47 81
39 41
25 81
12 43
97 66
44 97
41 56
59 46
58 84
35 39
56 9
13 73
65 20
32 84
86 62
36 51
35 80
2 89
28 56
12 37
95 36
97 65
48 66
19 56
60 90
70 27
53 39
27 17
17 4
62 85
94 30
63 84
100 26
18 11
75 79
49 43
14 59
15 34
59 88
23 42
1 72
15 48
35 14
65 44
98 32
72 28
52 46
32 63
26 68
79 2
96 99
20 4
28 18
95 65
90 11
87 7
64 91
95 49
65 75
80 46
56 86
58 5
42 81
56 11
28 67
68 11
56 53
41 25
82 45
14 92
15 18
34 68
28 92
1 31
50 63
26 75
73 58
2 9
9 37
98 26
32 62
56 35
69 81
11 79
50 51
58 43
97 37
13 41
52 92
61 11
92 38
8 77
71 67
34 71
15 39
50 33
1 81
70 43
90 9
35 77
35 86
56 26
68 45
15 77
56 57
18 59
92 3
28 66
71 67
100 39
77 43
54 28
56 26
97 23
65 58
5 76
55 18
61 94
18 69
58 9
74 57
61 58
17 37
96 23
94 28
83 27
45 56
95 9
52 69
86 64
81 85
39 54
41 42
48 81
53 83
96 98
17 92
44 85
76 15
39 58
43 76
4 58
93 38
50 53
1 32
57 95
7 28
55 49
69 89
76 48
64 9
42 97
36 6
81 97
37 19
30 33
63 23
33 26
76 93
67 91
18 42
8 78
5 97
58 83
7 10
9 31
6 32
24 1
52 67
81 46
62 11
46 42
84 55
6 100
96 94
36 39
62 94
54 74
90 87
31 34
29 21
6 48
24 30
64 26
86 44
13 49
45 59
100 67
45 26
20 3
18 9
63 67
27 32
74 57
20 49
86 42
82 87
25 80
9 94
33 54
57 78
22 56
79 47
93 84
28 55
26 93
28 22
41 1
79 18
70 9
71 34
59 38
75 56
47 16
22 16
12 51
59 16
67 26
63 17
3 41
38 28
81 78
65 8
17 60
54 34
37 8
2 53
36 73
13 40
62 98
20 26
70 17
35 54
98 24
14 100
14 60
75 68
41 74
55 60
5 85
62 82
77 94
63 23
88 89
23 61
37 38
99 91
81 76
3 15
62 60
84 16
92 42
94 37
100 75
60 1
47 22
36 83
13 5
34 94
49 22
74 3
54 19
18 90
9 56
3 95
83 41
22 15
78 62
23 14
28 75
34 47
37 47
5 20
97 21
24 87
27 80
33 10
23 78
60 55
87 24
36 37
95 22
30 65
29 73
94 97
90 18
27 94
30 31
2 22
61 88
78 52
28 24
14 58
47 93
88 31
68 4
29 33
9 46
45 66
3 47
89 72
79 64
39 93
93 43
27 84
63 80
71 22
11 93
37 9
30 28
49 68
24 45
76 1
78 84
4 69
70 97
19 53
30 62
99 79
73 27
42 1
28 30
100 50
7 11
26 22
87 33
75 14
54 7
47 30
71 31
8 53
87 1
1 94
99 97
79 43
27 29
61 28
2 16
37 73
49 36
83 95
37 40
24 32
59 95
15 76
27 100
28 44
33 28
8 14
78 22
57 54
50 14
5 4
56 56
8 76
30 77
94 88
82 42
35 83
93 17
53 72
94 87
79 69
53 18
92 84
10 63
32 98
4 63
11 78
68 71
52 51
93 72
57 62
27 82
51 18
71 37
53 82
78 61
55 17
13 95
55 83
12 22
14 60
11 86
19 77
21 36
92 14
13 16
3 29
78 97
57 84
55 52
72 83
35 52
59 69
15 18
44 14
90 67
19 33
54 43
10 89
22 83
99 66
66 50
49 64
49 84
36 39
53 97
27 44
42 7
65 43
33 78
53 28
78 3
96 15
72 57
99 90
87 29
36 72
53 18
65 25
44 8
59 69
88 59
78 59
17 90
2 77
74 25
7 8
72 9
79 67
16 96
94 91
77 33
81 97
42 6
26 16
68 87
46 55
4 11
9 93
11 97
88 89
14 73
40 99
83 55
37 81
90 40
70 83
24 52
42 9
86 59
67 11
100 78
25 18
96 70
17 19
78 94
69 46
75 26
50 54
48 12
90 73
43 96
76 96
22 69
36 53
53 63
89 8
81 7
56 26
49 52
91 56
96 14
62 24
83 54
78 20
50 56
72 46
99 3
73 8
14 54
36 13
39 70
65 31
60 30
35 39
81 1
38 75
55 84
7 26
39 28
54 48
96 98
81 75
30 95
17 19
16 28
82 10
57 26
48 86
90 35
6 29
39 41
85 100
19 5
73 47
62 19
69 60
44 92
13 73
93 19
9 97
48 86
32 89
74 80
8 15
18 79
6 80
97 90
72 63
13 6
35 69
26 62
8 55
67 96
7 8
77 73
34 75
40 17
85 50
81 60
29 51
90 31
71 53
65 2
61 35
43 99
79 21
81 94
87 42
91 93
73 13
95 38
90 78
4 53
20 17
97 45
73 31
26 97
45 86
45 45
38 54
31 6
22 58
97 8
49 1
80 66
25 33
82 27
19 34
10 34
15 87
100 85
51 64
85 91
64 38
63 98
80 41
94 58
43 44
18 82
36 3
16 8
64 71
26 32
71 60
84 40
74 76
44 90
9 36
71 13
40 35
98 41
1 19
61 92
46 100
50 71
92 9
71 32
83 98
10 43
32 18
97 36
61 79
34 81
82 26
77 16
97 31
13 66
70 74
39 74
30 99
6 28
54 33
93 69
83 59
25 92
76 8
56 35
20 81
36 95
26 99
59 67
33 35
79 17
71 59
79 87
80 88
62 67
1 18
62 85
23 9
32 87
59 72
84 87
65 68
92 97
60 55
61 50
4 14
29 28
52 75
33 12
86 55
57 7
25 32
20 65
81 98
53 40
76 51
100 30
88 86
53 50
10 97
73 73
31 66
80 7
3 59
10 5
41 25
3 28
24 41
64 86
86 15
82 12
99 24
2 34
25 8
58 78
15 35
80 73
38 57
66 9
12 84
76 63
22 67
88 16
95 28
55 64
92 7
22 78
6 45
80 44
75 79
16 93
4 16
5 45
95 99
6 74
67 1
88 76
8 54
90 42
3 13
93 68
23 53
1 36
46 1
99 13
58 14
60 87
78 85
47 22
25 95
41 21
22 85
99 61
28 88
17 12
53 76
72 94
90 41
58 20
3 89
64 20
73 65
6 5
21 16
20 15
11 30
39 16
59 90
70 83
28 9
61 2
14 50
2 14
13 90
59 2
100 78
22 55
19 88
77 14
68 76
43 34
17 34
90 60
41 94
96 73
58 23
45 21
19 18
47 16
3 93
21 7
63 87
27 57
26 11
83 2
98 71
88 40
21 69
56 13
57 75
100 78
68 66
70 24
53 43
80 55
29 78
52 20
1 9
47 17
80 33
21 37
41 51
48 19
62 48
34 96
43 91
19 71
78 69
62 9
17 38
32 61
34 15
79 24
11 69
60 77
13 25
8 39
47 16
85 45
16 3
56 90
84 74
35 69
25 66
36 16
67 23
53 95
39 35
19 84
51 11
18 20
39 20
44 13
17 38
100 67
77 61
60 80
70 89
54 81
73 88
39 26
38 41
58 54
69 49
48 9
17 30
82 25
7 99
16 98
18 70
74 2
23 87
2 95
9 70
47 4
89 11
27 44
52 98
80 97
45 27
54 61
49 16
36 98
97 25
66 5
87 17
73 37
77 85
57 5
79 17
1 24
47 31
16 57
58 78
15 31
15 17
27 7
48 8
21 68
94 56
66 77
95 69
16 43
19 71
55 90
62 98
59 33
81 85
65 48
38 30
77 64
19 60
87 97
12 61
15 84
52 2
99 77
40 21
80 38
7 34
18 37
80 61
53 16
85 46
37 90
19 46
99 14
63 49
19 53
71 81
56 4
36 81
17 1
71 98
54 4
23 42
85 96
64 36
55 27
1 95
2 17
32 90
19 54
40 14
95 2
86 37
43 67
93 31
25 9
22 4
51 64
94 98
1 16
3 31
30 43
89 6
74 28
28 8
52 6
92 81
50 89
59 9
27 13
19 41
82 59
32 68
41 83
66 6
95 56
96 9
66 100
48 72
79 50
37 53
39 37
73 51
22 41
33 55
18 33
98 50
54 10
68 48
43 99
6 26
23 78
72 93
47 83
96 6
51 100
98 40
39 38
100 40
8 48
17 2
70 81
89 6
100 70
11 63
6 11
46 25
58 23
72 62
94 48
36 24
60 14
84 85
60 26
33 7
17 91
77 59
82 8
70 1
45 58
24 6
28 78
19 36
95 98
74 12
66 93
97 97
23 51
4 30
48 37
30 50
72 31
18 69
71 8
71 52
28 83
76 70
16 76
37 57
99 32
61 24
24 80
58 97
45 60
83 5
90 3
61 50
12 15
71 10
82 2
8 73
46 67
61 79
26 8
40 64
34 42
91 52
36 13
8 92
46 81
84 49
38 94
17 63
53 69
60 1
39 15
32 51
35 70
6 42
68 59
34 53
67 17
43 38
91 50
11 76
77 94
33 4
23 78
88 9
55 66
4 79
95 81
1 32
65 10
72 40
92 96
50 51
14 91
80 8
58 95
59 23
15 8
47 88
27 37
67 28
6 88
17 3
98 78
92 9
23 45
17 88
25 62
89 61
59 25
68 63
51 89
35 18
100 66
73 66
75 26
6 31
28 96
69 58
6 63
44 57
93 97
98 10
46 8
6 39
29 69
55 2
65 61
43 28
53 41
43 98
61 55
10 28
60 100
10 84
1 88
82 44
26 71
78 49
22 57
36 95
45 11
72 45
70 64
96 29
96 62
96 42
1 59
75 9
17 99
7 73
71 66
9 48
56 34
68 73
14 86
36 2
22 26
30 47
78 81
74 18
25 44
90 35
35 97
84 95
99 18
35 84
17 91
24 88
12 85
90 47
59 34
8 95
13 43
80 98
3 75
60 56
28 39
4 34
34 64
44 89
62 58
56 29
52 36
69 44
23 53
17 22
4 97
44 30
47 20
33 78
69 47
23 63
22 12
3 43
6 9
20 30
90 79
74 99
95 69
53 63
63 97
5 3
61 9
27 39
36 100
63 84
86 94
63 90
66 69
19 10
6 78
79 78
27 90
9 14
47 21
49 95
26 87
50 18
93 24
24 6
82 47
13 23
46 20
55 58
68 17
3 28
26 39
57 95
28 79
20 8
9 57
42 75
76 62
69 18
68 66
12 61
84 1
53 11
26 2
49 69
23 20
84 79
80 46
49 10
44 44
26 19
98 4
69 82
28 88
42 79
44 39
61 34
6 1
41 58
16 43
73 70
95 38
41 34
29 64
22 68
13 93
90 73
15 42
40 54
58 90
82 7
3 66
41 42
86 18
29 67
42 10
9 89
64 97
21 7
57 50
7 93
98 77
6 53
28 74
25 64
99 84
71 13
86 49
5 36
64 22
1 92
77 5
58 11
93 25
6 21
32 78
57 17
95 93
46 72
97 22
4 34
80 78
99 87
97 75
65 47
79 5
38 36
73 36
42 1
10 94
82 85
1 45
7 71
39 90
28 71
32 86
38 25
50 35
17 35
42 60
65 56
69 78
18 65
23 19
61 54
75 37
6 96
70 70
69 81
51 67
66 43
25 14
82 97
16 29
21 40
47 95
95 33
10 27
71 30
88 85
19 72
52 67
40 30
25 42
43 8
19 100
8 28
80 32
69 86
24 14
21 43
85 41
44 91
38 59
59 11
57 44
13 95
64 7
26 65
33 75
67 25
91 7
57 40
48 73
58 87
29 31
46 68
52 71
38 57
17 49
92 7
56 81
20 67
83 88
33 22
62 74
2 39
92 1
41 57
22 24
68 66
61 100
6 65
11 56
51 58
65 27
67 51
63 53
28 33
92 67
95 79
46 10
34 73
4 71
94 34
92 11
32 1
91 53
95 81
22 10
7 2
38 40
29 90
79 20
21 27
13 63
40 46
22 66
5 64
33 2
43 89
72 81
45 1
100 5
82 37
95 11
64 32
1 39
57 15
44 16
92 6
4 93
41 77
78 30
59 63
86 11
69 41
42 16
77 15
63 73
63 25
35 68
53 12
92 14
13 88
73 39
4 76
5 33
46 56
8 91
89 34
40 44
31 72
33 87
39 1
65 60
28 49
55 32
65 98
36 63
50 47
56 55
91 7
90 24
33 85
49 22
76 86
53 25
91 37
4 100
68 49
5 61
38 68
20 61
96 26
51 7
92 51
52 53
7 39
37 58
11 96
95 24
76 1
42 19
27 62
66 1
6 78
6 10
20 84
70 27
94 72
21 83
77 82
84 31
63 58
62 66
33 52
38 43
66 42
75 88
93 94
33 90
79 100
30 13
4 2
27 25
32 19
47 4
30 29
38 9
83 61
40 76
84 85
10 14
33 94
63 46
28 66
90 23
68 56
99 50
11 50
61 79
20 32
40 83
45 9
82 89
53 100
29 60
71 83
18 41
55 47
63 28
3 82
85 98
44 41
6 84
63 74
76 11
53 39
92 3
65 72
87 52
84 78
49 56
49 65
68 24
11 1
76 82
58 46
30 8
26 31
20 95
91 87
45 14
59 29
87 95
78 54
11 28
67 7
100 88
29 68
73 5
14 16
31 2
9 3
58 8
88 37
72 76
85 70
40 75
15 30
49 41
27 26
50 60
49 48
75 42
18 83
59 49
2 24
27 80
41 56
27 6
46 75
31 94
24 72
5 55
69 41
1 77
67 83
87 47
53 65
95 2
59 51
66 32
77 3
67 5
23 39
65 39
90 33
59 60
56 66
5 14
8 1
82 43
6 73
56 100
8 85
23 7
67 48
9 60
49 87
7 56
88 65
47 13
89 1
11 36
51 67
9 41
63 13
69 1
95 39
15 29
16 3
5 42
33 60
92 57
23 46
7 98
8 96
65 78
66 9
64 13
21 92
25 61
97 55
26 16
32 61
57 91
49 75
98 60
65 50
49 61
56 67
4 15
95 25
96 68
14 2
97 91
56 60
29 66
66 44
2 99
95 94
81 46
6 40
27 53
24 2
81 37
86 2
84 49
45 67
51 11
99 61
65 58
27 71
95 68
42 25
58 83
51 58
42 99
56 43
68 8
91 11
63 9
23 22
37 35
11 28
89 75
86 78
66 88
17 41
3 21
68 86
63 34
83 18
25 77
42 39
58 19
57 13
27 92
41 68
1 79
29 54
39 80
17 88
55 77
86 47
11 65
12 59
88 5
52 63
19 1
7 64
94 26
34 10
30 37
31 60
44 89
18 11
16 89
61 76
34 3
18 61
80 13
96 89
52 78
5 89
37 27
61 97
61 54
15 70
2 16
14 32
43 24
92 47
82 72
49 100
77 46
92 36
61 58
17 2
96 50
31 11
23 65
89 27
64 20
52 1
19 39
59 60
69 63
86 27
20 36
54 66
55 40
99 48
2 54
58 17
55 89
90 80
19 65
68 42
5 49
20 32
33 25
99 24
63 79
66 48
48 23
92 76
10 35
60 33
8 77
5 37
90 43
30 41
93 63
6 14
82 93
64 1
64 73
2 55
1 80
35 8
56 20
8 19
86 8
9 73
65 87
92 96
98 4
83 52
59 89
54 5
54 83
91 13
53 28
69 13
9 61
100 51
60 88
18 47
59 83
67 16
22 83
100 77
96 56
66 46
5 90
29 48
29 98
21 62
31 55
82 29
7 70
38 74
89 47
92 29
98 47
53 34
84 24
95 2
88 37
94 12
49 6
93 71
37 76
1 34
61 84
45 36
52 36
20 23
62 83
62 70
38 39
35 17
61 46
34 46
100 62
18 35
14 46
81 12
90 96
96 100
62 40
96 17
85 73
50 39
40 45
82 71
54 24
75 20
77 73
93 60
68 83
77 78
86 30
4 59
77 63
98 65
100 46
80 98
70 40
61 80
41 67
7 30
47 97
53 64
92 27
47 10
22 98
6 72
79 21
11 46
1 71
40 61
59 14
86 96
41 51
98 11
67 18
46 74
24 82
95 42
39 33
91 65
71 20
76 14
47 23
99 34
25 31
46 68
78 32
94 22
59 48
70 50
1 51
5 44
75 14
44 29
3 5
96 63
49 1
81 26
59 60
2 23
72 38
69 26
39 70
64 88
18 36
57 88
62 61
41 17
52 29
52 45
31 81
74 100
79 10
29 55
73 34
3 92
75 23
2 17
97 13
85 22
24 66
49 15
41 17
98 31
92 44
44 21
45 46
93 96
76 98
55 57
94 18
100 35
23 82
32 88
15 22
40 69
40 27
76 34
80 86
91 55
79 30
63 18
65 7
57 40
91 25
89 40
60 31
65 99
90 8
8 96
1 20
13 25
8 62
42 88
62 8
99 57
37 60
7 53
91 52
64 58
61 61
36 22
63 92
84 43
19 61
30 66
75 11
59 87
5 99
55 48
1 93
36 29
17 18
65 51
92 20
7 42
5 42
51 2
24 40
95 49
10 49
76 11
59 74
17 11
17 50
21 81
16 19
53 9
79 85
58 71
17 66
39 45
46 44
31 10
74 39
64 4
12 75
49 2
74 42
17 25
3 49
75 86
4 5
71 18
91 37
95 24
29 11
96 78
98 78
4 2
42 27
7 26
80 12
100 52
24 88
96 61
72 32
91 7
1 70
50 68
100 29
69 87
41 64
45 72
51 96
14 3
61 27
63 22
14 56
86 68
31 47
68 56
60 53
34 51
38 74
51 89
28 27
19 84
98 19
25 4
22 86
39 45
32 81
1 49
90 96
7 69
97 62
62 79
49 75
49 31
63 46
48 3
17 69
3 61
45 26
67 65
69 63
57 52
29 86
82 18
42 71
59 84
2 74
54 75
92 87
91 99
56 64
72 65
9 34
53 82
96 20
31 71
91 78
79 100
31 20
32 73
37 68
79 81
93 3
85 42
27 63
56 100
85 96
95 31
10 60
81 21
14 47
78 23
37 24
42 85
12 92
30 94
53 68
13 17
83 69
96 6
3 67
38 84
19 70
64 1
42 17
67 89
94 71
32 94
45 89
76 90
64 18
34 56
7 22
8 20
18 50
85 84
15 71
54 45
32 15
25 30
34 66
45 13
54 4
70 89
38 97
65 96
52 35
42 65
29 64
34 3
38 70
84 83
24 38
8 40
47 83
65 54
74 80
92 5
49 99
19 68
19 47
64 16
52 24
25 68
71 87
21 25
62 4
86 57
75 69
93 70
62 86
8 86
37 82
15 42
30 27
74 79
32 37
33 61
16 95
60 52
66 15
5 16
43 34
41 52
12 7
41 68
6 5
86 87
32 73
54 3
56 54
51 71
17 70
59 29
27 38
39 8
31 53
88 93
76 16
57 74
80 62
37 53
17 59
68 44
4 94
46 37
94 74
35 82
78 97
61 68
46 34
95 11
17 83
41 19
36 14
80 42
81 39
93 18
17 28
65 63
98 72
72 81
67 33
66 41
82 62
93 22
4 100
13 66
81 15
32 15
21 39
12 28
20 68
37 50
32 71
23 13
82 86
77 96
9 95
11 35
37 15
7 80
58 97
5 50
47 50
45 11
84 91
79 88
37 80
1 18
95 50
34 52
24 50
61 34
99 44
58 11
54 56
54 44
22 29
86 22
85 10
42 67
49 49
5 29
79 68
80 72
79 42
12 54
8 67
88 88
75 40
44 82
94 67
32 36
100 83
92 16
76 46
84 73
70 4
12 26
36 90
65 5
97 29
11 91
25 39
95 72
68 2
30 46
100 67
41 30
15 67
85 29
83 48
64 15
41 57
13 16
95 86
19 50
24 21
3 5
6 37
98 60
98 38
99 55
29 95
98 20
90 71
56 93
33 92
12 26
19 70
20 33
76 82
15 98
30 23
52 20
61 21
98 76
82 65
61 88
90 57
48 31
45 16
72 57
63 98
85 24
84 72
10 35
3 74
60 44
64 39
61 62
57 3
61 76
11 17
38 49
10 95
1 39
93 93
94 38
64 16
12 62
13 70
91 97
78 59
43 45
42 17
39 32
92 20
75 33
99 19
81 29
23 16
43 86
5 85
37 13
79 9
40 8
46 47
33 34
99 51
9 38
93 48
56 5
22 13
4 16
45 53
83 60
56 6
37 46
77 49
19 21
100 59
41 71
9 17
78 18
35 15
2 85
68 1
78 86
77 70
66 19
11 66
51 85
60 56
15 50
87 97
38 16
54 57
85 95
70 2
53 59
93 32
15 49
60 63
66 97
18 16
4 16
49 8
73 21
92 13
77 56
91 41
44 71
69 78
51 9
73 40
4 92
52 94
40 40
33 30
80 63
5 10
43 95
82 99
16 65
9 97
21 47
53 81
63 5
5 41
74 82
67 64
49 25
88 82
26 26
67 73
57 97
81 93
67 80
29 17
72 5
95 87
71 57
15 76
63 65
21 65
39 67
18 8
25 10
78 7
51 37
56 24
34 16
45 84
38 22
49 81
54 32
58 68
53 13
68 36
14 61
79 46
34 51
14 37
66 27
11 77
80 9
75 23
91 69
98 88
3 39
14 26
92 74
74 47
81 53
7 38
46 63
19 19
76 98
22 25
97 77
26 34
78 48
30 93
23 69
15 22
31 25
76 52
24 41
83 89
43 88
89 1
61 34
76 38
54 37
79 60
38 66
86 45
53 34
28 87
83 84
7 24
93 12
75 10
32 70
73 16
33 99
78 84
92 34
8 96
99 60
40 63
86 30
28 60
21 7
8 50
42 81
51 31
83 2
17 73
86 71
77 41
57 74
98 4
4 30
11 62
76 63
41 96
96 59
80 48
20 34
78 42
87 71
12 97
4 3
70 92
37 12
36 2
47 75
28 97
44 97
98 87
19 11
29 78
25 46
39 17
36 28
19 78
42 47
70 81
87 50
27 69
46 73
44 75
24 72
1 2
54 37
52 86
41 49
49 47
83 33
12 82
78 40
21 3
23 30
82 43
91 94
11 93
17 44
89 21
38 42
12 92
86 7
8 52
92 70
63 4
47 69
27 49
33 81
88 67
48 29
19 82
66 36
45 1
14 57
89 7
45 54
67 45
92 45
37 3
67 43
27 77
48 36
45 82
47 32
23 18
26 76
37 25
33 10
94 71
26 97
23 51
58 63
63 55
30 3
49 32
25 10
28 71
76 80
9 90
15 89
75 60
28 24
80 24
20 12
41 80
21 31
16 17
60 76
64 75
53 19
26 18
90 3
100 7
22 51
37 34
74 24
47 27
25 11
7 85
93 97
50 59
29 36
50 59
65 14
10 90
98 42
41 23
38 12
25 21
50 65
4 100
52 32
29 88
36 24
23 95
21 19
8 6
38 12
80 46
71 32
90 82
58 15
13 34
42 88
79 65
1 20
15 63
78 91
25 82
73 48
22 40
27 40
53 35
23 98
91 5
63 76
20 92
31 80
52 87
97 64
80 44
55 86
48 96
60 83
42 61
22 42
81 53
49 66
59 53
12 50
20 49
1 35
69 64
84 35
94 74
100 28
84 54
60 89
29 71
8 87
33 88
50 10
34 26
85 74
72 59
76 31
99 49
43 50
7 62
2 35
91 14
38 57
57 20
90 61
98 39
98 33
11 2
78 43
99 98
70 7
89 92
18 99
22 41
10 55
53 33
15 66
61 34
36 38
74 6
89 4
43 24
6 93
90 13
29 49
43 66
13 24
4 31
93 14
55 73
62 92
95 48
98 38
100 48
3 20
87 50
97 38
52 4
98 52
26 32
50 53
19 58
66 75
19 51
40 50
27 29
71 83
6 67
87 63
6 72
79 73
27 18
1 95
37 65
16 31
81 96
31 83
80 6
84 78
23 48
35 30
46 22
69 48
84 68
97 21
23 67
70 17
93 11
75 22
19 20
70 42
76 74
37 29
35 17
47 25
28 78
62 97
17 59
33 97
100 59
75 31
64 69
27 77
27 77
52 85
94 59
7 72
82 67
74 64
42 2
56 15
8 93
39 23
77 62
43 12
35 43
99 80
12 81
79 53
73 1
31 52
48 95
1 74
19 81
35 63
47 50
99 10
96 59
15 61
83 6
95 70
89 91
46 26
73 98
67 67
49 11
67 56
25 91
82 29
40 71
67 92
38 43
99 15
57 66
14 56
41 79
44 8
64 87
52 59
22 13
37 87
34 62
22 59
89 13
5 42
56 21
35 14
3 4
3 79
49 74
85 61
97 100
90 16
83 87
70 97
56 35
31 97
36 4
81 25
13 25
27 74
99 68
2 20
25 89
55 33
67 75
65 19
98 92
30 62
68 77
72 4
18 100
54 90
93 14
6 64
58 84
100 34
40 78
60 87
2 65
41 3
96 47
50 64
82 19
78 85
71 13
37 53
61 81
6 16
69 29
25 58
84 90
67 96
26 29
8 30
74 80
44 3
72 48
23 23
73 16
92 76
94 79
91 68
45 65
38 92
48 83
2 48
37 78
40 60
13 86
38 42
80 15
8 85
40 57
61 33
38 69
10 69
49 85
50 2
68 85
70 13
74 11
51 26
36 60
51 39
59 7
61 91
94 93
82 54
84 65
18 9
73 81
29 43
8 28
69 97
67 35
8 10
22 97
55 64
47 22
34 34
45 5
26 36
94 18
84 13
38 68
83 87
93 34
38 4
32 40
60 70
7 68
57 50
11 95
95 27
7 88
69 1
55 69
100 80
2 6
90 33
69 40
27 38
19 28
77 67
95 34
37 14
84 29
69 30
91 77
82 50
54 64
35 33
59 85
47 33
18 45
96 4
81 71
11 78
85 59
12 10
22 99
92 26
68 59
32 93
86 4
26 98
52 45
92 72
77 78
6 2
82 56
46 17
32 39
52 83
74 36
78 73
88 96
9 64
46 54
78 72
90 65
100 69
65 4
48 1
98 54
34 1
95 56
79 24
96 30
79 14
42 34
18 29
70 39
62 44
49 73
7 42
87 94
53 18
99 65
64 71
58 71
80 72
61 39
41 10
31 55
34 74
18 34
70 2
42 89
16 39
99 74
83 53
15 8
63 29
30 5
64 13
97 81
24 60
42 36
92 11
54 73
36 21
9 91
24 11
97 17
10 63
30 4
35 10
14 32
28 20
98 32
71 3
59 92
10 70
63 64
41 98
43 96
80 97
10 99
36 84
95 35
9 24
18 89
61 94
23 5
99 45
77 6
19 85
22 5
70 42
63 47
76 77
5 14
23 37
51 40
53 30
84 52
32 43
88 91
97 83
60 15
37 22
19 37
70 6
47 92
33 100
11 55
89 39
13 48
72 53
77 22
59 83
80 29
94 62
72 28
3 85
45 7
48 34
73 69
66 63
69 27
87 16
93 39
74 40
62 4
95 78
26 22
45 55
27 73
13 12
94 90
38 87
50 86
64 78
59 44
48 77
97 78
69 50
88 15
61 77
41 54
64 88
71 59
72 82
10 2
42 87
26 66
54 60
41 72
51 87
71 22
10 50
37 54
16 12
35 41
98 57
10 90
12 62
95 64
88 14
77 26
40 53
77 52
78 63
55 82
36 95
25 39
3 59
4 44
12 5
63 36
96 49
76 44
34 46
20 31
37 97
27 84
45 48
90 56
20 7
95 34
60 29
81 56
84 39
27 41
15 97
33 96
37 82
78 10
27 11
76 95
54 35
18 15
53 46
31 97
25 96
88 92
55 87
27 7
43 87
19 43
90 94
91 35
46 39
75 39
10 17
82 35
53 75
54 65
23 43
72 81
49 50
34 23
52 37
84 89
61 63
18 85
16 36
49 96
96 94
95 46
24 90
49 81
12 60
76 87
32 29
36 7
15 78
86 68
15 13
58 16
56 10
56 6
48 51
1 48
30 97
9 67
34 35
34 71
62 83
56 29
6 3
62 33
90 51
9 91
45 21
2 66
27 75
61 56
50 61
74 21
55 53
25 51
22 1
18 64
53 89
53 29
6 70
67 19
91 96
20 83
76 34
98 58
75 88
75 36
99 57
56 36
83 3
84 91
89 58
97 37
40 71
46 61
58 69
81 22
55 3
55 41
82 87
33 30
15 48
31 47
6 50
21 100
55 49
79 2
90 15
59 90
32 30
95 85
26 8
74 78
66 67
53 41
71 35
92 6
28 29
21 43
47 42
62 31
5 86
88 99
58 19
96 56
33 11
68 88
76 77
39 66
22 80
57 15
71 47
88 80
39 14
28 48
8 31
45 14
7 49
97 46
4 3
38 30
44 30
81 62
63 7
61 96
33 55
85 93
53 53
12 83
6 88
51 46
74 65
62 73
38 97
83 83
57 28
23 59
50 22
32 57
61 24
71 2
40 23
84 70
58 33
30 36
11 69
17 63
74 2
17 17
66 8
29 56
6 47
9 37
9 18
20 5
21 84
94 24
5 50
73 37
5 6
62 37
24 82
30 22
75 9
13 78
13 4
31 88
35 37
14 78
14 96
48 12
85 31
5 19
83 34
94 63
34 6
45 2
63 25
59 59
14 19
28 33
88 15
71 17
88 69
48 84
91 73
8 5
41 59
47 22
33 41
46 64
60 10
56 74
75 37
34 70
20 4
39 40
16 58
55 40
53 69
81 5
54 3
89 99
37 75
88 36
82 61
22 81
32 90
96 86
80 91
45 60
23 18
19 5
68 76
62 38
67 40
10 100
22 42
7 98
56 22
54 34
4 13
67 31
9 8
31 49
52 1
80 63
69 41
19 10
86 2
21 9
51 66
39 56
9 8
87 41
78 92
43 68
8 21
10 81
38 5
39 11
6 92
13 74
58 68
73 67
74 12
76 59
82 18
47 5
34 57
89 39
100 91
38 21
7 22
60 50
68 70
58 74
40 12
88 62
76 35
25 65
9 70
78 100
16 20
17 29
64 40
93 63
11 49
23 12
2 95
1 53
62 23
60 86
13 27
71 42
84 4
38 90
46 100
18 22
85 46
31 8
58 60
84 36
68 29
65 33
44 85
87 50
22 6
35 48
75 63
50 40
59 12
35 84
79 40
74 32
3 13
43 31
67 94
14 13
17 43
20 89
14 65
78 17
31 26
78 43
100 58
15 30
15 84
97 9
32 51
51 82
28 17
41 62
87 17
95 97
5 95
30 54
34 98
79 52
16 1
8 60
80 44
74 65
94 95
58 35
48 48
96 59
52 65
66 41
9 71
69 7
37 81
74 88
98 23
68 7
51 82
98 32
82 88
66 66
94 41
65 38
68 47
21 9
5 51
54 15
68 57
62 97
35 20
53 6
40 49
50 73
12 17
19 44
24 37
5 11
28 78
23 84
100 70
80 94
88 76
9 40
48 1
24 9
34 79
97 75
91 67
85 61
94 59
24 54
2 78
40 99
40 43
69 24
12 59
97 93
23 90
31 67
58 90
57 10
83 72
49 90
7 82
94 88
19 33
30 70
98 50
46 10
4 53
98 19
77 3
91 80
58 11
76 55
66 88
91 41
73 82
9 54
27 1
18 40
84 59
28 78
9 90
24 1
97 53
21 100
72 94
19 43
3 66
81 35
27 4
86 37
29 24
33 85
79 76
47 56
14 54
29 77
44 17
69 58
78 96
21 71
59 37
87 58
96 78
77 77
77 98
68 59
37 82
56 51
38 50
20 41
83 28
46 91
95 93
79 33
18 90
66 38
49 27
21 7
46 72
76 30
6 95
26 47
60 66
36 70
72 2
26 71
16 46
16 18
94 28
93 93
88 89
5 16
79 2
83 18
33 44
8 52
3 28
69 26
63 2
40 77
88 18
45 81
37 19
35 62
76 13
55 8
100 100
24 39
75 14
98 23
51 20
32 60
23 70
63 85
19 29
47 71
88 55
35 26
14 41
33 34
27 71
1 81
89 50
58 24
83 98
21 45
65 75
