5000 205830
13 38
24 13
5 10
11 39
5 18
9 12
20 18
15 22
10 28
7 25
23 13
20 29
22 12
23 17
16 32
12 15
11 16
8 10
21 22
14 24
8 22
20 14
8 14
19 24
24 37
16 23
12 40
9 15
18 20
7 14
15 33
25 28
20 26
21 14
11 23
25 24
20 11
9 18
21 11
6 34
16 31
10 36
20 13
5 29
13 18
11 22
14 40
14 36
9 25
14 19
12 25
23 27
25 17
21 26
21 27
9 14
12 21
6 33
23 34
11 35
25 40
24 38
23 13
15 20
14 31
15 22
8 18
19 28
11 33
19 31
6 18
7 23
11 30
15 10
7 25
7 22
11 37
15 21
8 11
6 28
19 16
9 36
20 35
23 37
7 23
22 35
12 18
16 18
7 20
18 21
20 38
11 15
17 11
7 34
16 13
10 32
18 17
25 32
10 40
9 27
10 14
13 40
24 24
8 18
22 21
8 25
11 21
16 12
24 11
18 20
20 15
14 21
10 27
15 20
5 29
18 35
17 13
21 13
24 38
12 18
17 39
9 27
20 18
19 27
11 21
23 19
7 39
8 35
16 30
17 38
8 37
23 11
9 23
6 24
15 24
21 27
22 21
23 30
16 29
5 34
21 13
18 24
8 30
25 22
9 19
10 28
21 39
5 15
19 30
5 29
13 20
7 24
14 15
18 14
15 17
17 31
16 38
25 17
19 20
11 35
12 37
8 33
15 36
5 15
6 26
7 25
15 37
17 20
5 38
20 33
21 20
17 21
12 27
22 33
10 16
22 23
14 34
16 36
25 12
21 10
10 30
11 17
24 18
14 26
24 40
10 17
11 31
23 28
8 16
16 11
17 34
21 21
9 28
21 11
18 13
5 15
10 26
15 17
25 38
22 36
24 10
16 16
21 29
20 36
24 10
7 13
17 18
15 14
5 28
20 26
18 17
14 22
24 40
21 23
19 18
21 34
18 19
20 37
17 30
7 30
19 26
24 17
24 14
22 31
15 26
16 21
11 34
22 22
20 18
5 30
7 11
24 31
25 19
25 17
6 17
24 24
7 26
21 27
8 40
24 18
5 22
19 14
10 16
12 39
24 21
11 37
25 38
20 30
23 11
12 10
32 55
29 65
21 35
33 56
34 57
36 46
38 50
39 41
35 65
20 36
29 55
35 54
28 47
27 57
39 38
20 55
38 39
21 57
32 39
40 35
23 43
20 62
21 59
40 44
20 41
29 37
21 42
37 45
28 65
31 35
36 57
36 55
40 41
28 63
28 58
35 39
21 41
26 54
30 65
36 57
39 41
39 62
24 47
25 64
35 43
40 46
23 51
39 56
27 45
30 65
31 47
20 64
38 64
30 50
26 50
37 65
29 63
22 65
25 37
23 52
21 59
25 41
33 60
23 64
28 47
29 38
37 61
29 45
30 54
20 53
23 64
21 55
25 45
20 38
29 52
26 55
24 49
30 53
36 54
31 45
25 43
20 60
23 48
34 59
29 61
29 35
27 61
40 53
30 43
21 52
21 39
24 38
37 65
40 59
25 37
32 52
26 48
30 46
21 45
21 60
35 49
38 62
35 49
32 48
35 35
20 48
37 38
40 56
35 37
21 53
27 50
29 47
22 47
40 57
40 58
28 62
27 44
33 47
20 40
24 44
32 58
29 41
23 39
38 60
23 45
37 41
27 50
39 55
40 41
29 51
36 61
30 38
21 35
21 56
21 42
33 40
24 56
38 57
25 41
25 63
29 62
34 43
22 54
21 38
27 42
38 57
23 60
22 35
25 40
22 62
24 57
37 45
32 47
35 37
27 50
21 37
38 36
28 51
25 42
39 46
33 38
33 48
39 58
37 56
34 37
27 43
31 51
25 36
35 50
38 49
37 37
32 42
29 59
30 57
24 45
22 47
20 38
31 44
26 39
38 57
24 47
34 62
23 50
38 58
34 65
34 63
29 55
21 40
22 60
30 46
36 65
39 51
23 47
30 63
36 55
26 53
29 52
33 62
35 45
25 36
40 57
38 44
21 35
25 59
25 41
25 65
23 59
34 40
32 40
33 54
30 54
22 59
37 54
24 40
20 39
39 38
24 39
26 42
32 57
27 62
22 36
36 35
34 43
31 63
30 40
28 40
40 54
34 61
22 49
24 36
25 39
40 48
34 48
32 43
33 52
38 64
27 64
40 44
20 36
24 53
29 52
28 62
39 51
21 47
36 53
39 49
23 51
25 63
20 50
40 64
47 69
43 76
43 86
51 72
51 87
51 61
42 76
46 79
36 73
39 88
48 70
49 82
55 68
45 80
50 82
47 82
39 75
36 64
40 90
50 64
47 69
37 66
45 90
37 85
36 82
39 71
43 63
43 83
51 78
39 61
38 88
47 64
49 87
51 82
40 81
52 79
52 89
47 84
41 78
46 66
52 66
54 68
45 77
42 76
35 70
48 72
38 65
42 79
51 83
46 88
44 63
51 72
36 70
42 84
52 79
47 67
44 76
49 90
49 74
38 65
43 90
50 90
35 89
40 67
37 86
49 61
35 77
49 85
47 74
41 85
51 75
35 84
40 72
38 60
48 66
42 74
35 78
45 68
36 90
47 64
42 76
49 78
48 76
41 88
40 88
47 88
40 79
40 70
36 72
37 83
47 72
49 81
44 77
44 72
48 70
48 67
39 79
41 87
44 64
54 90
55 73
48 71
53 74
43 88
37 87
44 71
53 82
37 64
37 90
52 83
42 60
48 63
45 80
40 80
41 81
46 83
44 70
40 62
53 82
35 78
36 76
45 83
43 61
40 76
54 71
38 67
41 62
50 84
46 67
48 76
52 89
35 87
38 70
40 60
50 85
52 77
47 78
49 77
51 64
43 73
51 68
52 80
37 89
48 60
40 85
43 90
41 82
40 89
44 81
41 90
48 76
52 85
41 84
38 78
39 72
46 68
55 78
54 87
48 70
48 76
50 67
52 85
39 66
39 89
43 81
48 71
43 74
39 67
52 75
46 60
52 81
53 73
37 61
50 79
37 61
45 72
41 77
49 65
38 86
55 78
40 61
47 80
35 62
39 76
35 75
50 71
45 80
44 70
38 60
39 88
44 60
54 67
53 74
35 65
41 74
47 84
46 80
35 86
52 66
38 66
51 85
44 83
40 69
52 62
55 87
44 67
47 69
52 69
52 85
42 90
49 63
47 81
55 64
46 72
51 85
43 87
42 62
50 89
46 75
51 79
44 88
48 65
43 66
42 85
40 85
42 64
47 75
35 80
44 66
37 85
37 75
47 75
35 66
54 87
51 71
54 60
49 66
38 73
35 78
41 70
37 90
36 67
43 64
37 61
47 84
53 66
45 76
35 82
48 61
35 69
56 114
59 104
59 99
50 100
70 89
61 97
66 90
64 102
64 97
66 103
69 97
66 93
68 98
68 101
61 100
67 108
66 87
66 100
63 95
60 103
68 106
63 101
62 97
64 89
50 104
59 111
67 101
54 110
68 87
55 95
67 87
53 111
53 96
62 106
60 93
56 86
70 86
69 109
51 101
64 90
69 103
65 87
56 86
57 113
68 89
59 99
60 91
51 95
55 103
56 89
62 88
51 107
57 103
68 101
60 93
54 90
62 103
70 108
66 85
67 102
67 107
53 93
63 95
67 95
64 99
61 106
63 100
62 105
60 108
54 87
69 110
54 106
55 99
54 114
57 115
61 100
52 99
57 101
67 91
63 105
56 91
64 90
64 102
63 106
61 112
69 92
51 85
67 115
53 94
54 108
68 96
60 115
57 112
63 102
50 95
60 106
56 97
70 90
54 102
67 91
57 102
51 87
66 94
65 111
65 113
56 110
63 106
60 114
61 91
70 105
55 104
64 113
58 87
55 114
55 110
55 85
65 99
69 110
52 87
56 92
59 88
59 86
53 107
67 96
69 98
54 96
50 91
63 86
59 93
69 110
67 115
51 97
57 111
50 89
60 107
57 108
66 95
66 103
61 108
61 113
56 110
59 90
61 101
61 91
67 86
61 109
58 110
52 98
58 94
52 98
56 111
62 108
51 114
69 89
68 88
67 109
52 93
53 111
54 86
60 98
50 115
60 87
58 95
51 95
61 114
62 101
63 112
67 112
59 101
51 97
70 86
53 98
53 85
60 115
50 94
54 87
66 105
57 114
53 101
69 102
60 114
59 92
62 93
62 103
68 88
51 93
58 86
67 95
62 115
65 85
54 108
59 96
60 90
51 94
50 100
55 90
58 111
58 91
67 98
67 108
60 105
58 102
53 103
57 105
57 91
50 108
68 106
56 91
52 96
50 97
55 93
59 90
65 111
61 85
67 86
50 108
55 104
52 94
61 89
67 106
59 100
54 90
55 97
64 110
68 110
55 102
65 107
64 86
59 115
66 108
60 107
57 103
52 106
70 99
68 107
56 85
61 100
63 92
70 102
69 105
67 93
69 97
66 109
67 98
65 98
57 106
56 102
67 96
52 88
69 115
73 137
70 140
77 113
76 118
66 118
72 137
78 138
72 122
78 126
74 120
80 137
74 139
72 117
70 130
83 110
71 113
69 124
67 118
70 118
70 112
85 119
65 110
78 113
83 134
74 114
76 125
65 110
84 121
69 130
79 123
69 125
70 127
72 126
67 124
81 117
80 117
83 122
68 129
85 129
79 112
70 122
71 130
68 137
74 125
72 140
71 114
84 118
83 122
77 124
78 123
72 120
84 114
83 136
77 115
84 113
65 114
74 130
69 133
76 133
82 110
79 139
70 115
73 134
78 137
65 120
70 137
72 139
70 120
65 132
83 116
66 128
85 115
69 110
85 133
82 110
71 123
79 136
81 111
76 110
85 132
75 114
78 140
68 125
84 134
80 131
65 137
77 118
66 124
66 135
71 138
79 136
67 128
69 135
72 115
69 125
66 113
73 123
71 129
77 118
76 112
85 121
84 112
71 139
70 134
84 129
69 122
68 139
81 112
67 129
83 124
72 114
82 129
76 128
65 123
71 128
70 130
83 123
79 124
65 114
75 139
75 134
72 115
83 120
82 121
68 123
68 139
76 121
67 110
65 130
65 130
77 135
74 112
71 138
76 125
85 129
68 133
77 132
84 112
76 114
71 139
71 115
67 112
69 117
81 121
68 123
74 111
85 116
68 121
85 128
77 110
78 117
71 127
66 128
78 139
84 140
67 116
68 128
81 128
70 118
77 131
70 136
65 134
83 131
72 112
81 139
78 123
76 132
77 111
67 126
84 139
65 134
85 127
65 119
73 112
69 111
74 113
83 120
74 136
76 110
72 117
78 136
76 111
82 125
77 133
69 140
81 121
73 133
68 140
72 110
75 127
71 133
83 134
71 126
79 112
67 122
84 125
83 136
82 131
75 128
74 117
79 113
80 117
80 124
70 137
71 116
76 121
75 111
78 139
78 131
75 112
67 115
72 117
83 140
75 117
70 120
84 111
84 138
81 116
74 121
77 131
77 124
69 122
74 113
80 140
65 118
79 134
78 122
84 122
65 138
77 137
67 139
67 130
68 110
76 113
78 136
70 135
66 132
67 130
69 127
74 127
66 126
68 116
84 120
65 117
70 115
65 124
65 137
70 139
81 135
76 116
94 159
92 161
83 141
80 144
89 136
85 151
85 139
80 148
87 143
80 154
91 157
97 149
80 138
92 148
93 144
81 149
97 152
98 150
84 158
80 147
81 150
82 142
92 150
89 165
81 140
87 138
88 156
80 148
83 158
99 151
90 145
99 164
92 142
100 151
89 137
88 154
83 158
95 138
92 146
91 164
91 156
82 147
100 147
80 135
88 152
94 135
99 149
80 157
85 145
83 153
98 139
81 161
99 164
93 165
100 165
100 159
100 161
84 163
80 162
97 141
82 145
82 144
100 140
87 149
81 140
96 156
99 138
96 136
93 146
83 144
92 161
97 164
81 139
88 158
82 153
86 148
92 140
82 154
89 154
91 154
98 165
85 165
82 160
91 137
86 163
82 149
94 144
88 145
98 136
95 148
95 136
81 147
87 149
93 148
92 135
84 157
87 145
83 135
85 153
81 140
86 144
87 139
81 160
94 165
85 147
97 146
85 139
82 152
99 157
87 151
97 165
97 153
94 158
93 142
91 151
86 156
93 161
95 146
84 137
90 148
93 155
84 162
80 148
89 142
81 145
88 161
81 162
80 148
81 165
90 162
81 136
86 141
86 141
87 150
85 158
95 156
80 155
91 137
83 163
100 140
92 135
100 147
89 145
81 148
90 148
98 155
84 157
83 142
80 145
95 137
86 151
100 148
85 143
88 138
88 157
93 142
91 140
86 151
88 145
85 157
97 140
85 136
84 140
88 154
97 161
86 151
88 147
87 149
95 146
81 156
97 160
99 158
81 148
85 148
90 140
83 149
89 149
84 137
93 154
93 140
90 145
89 161
81 153
89 146
85 160
94 163
100 163
87 152
95 161
89 136
96 136
87 142
97 161
93 138
80 164
96 164
81 162
87 163
95 164
96 142
84 140
98 143
100 154
82 145
92 155
94 148
100 158
90 140
90 161
80 135
87 149
98 163
94 153
88 154
98 164
85 140
90 161
83 135
83 139
99 164
95 155
80 149
90 161
85 163
92 160
84 145
95 157
82 149
83 163
95 157
91 161
80 160
99 141
88 141
87 138
94 138
93 145
93 137
81 138
99 161
99 159
87 138
82 143
99 156
99 151
86 164
87 140
87 135
86 149
84 153
113 165
109 168
104 165
106 180
113 165
95 161
102 176
99 170
109 178
110 187
108 171
114 170
96 171
100 184
112 173
95 171
96 160
115 160
110 186
113 170
110 189
101 186
95 174
106 163
107 164
98 160
95 180
98 188
100 179
104 185
107 160
106 176
95 182
98 161
114 162
100 172
110 181
108 173
95 171
102 163
98 172
109 187
105 171
100 190
98 173
107 160
115 187
100 171
105 160
106 161
100 184
113 162
98 179
107 176
105 188
108 171
102 178
110 168
96 161
104 188
107 160
112 186
95 169
102 172
103 180
108 169
106 186
105 184
111 182
111 172
114 185
111 186
108 188
115 167
103 168
111 170
101 186
101 160
107 172
107 171
105 184
105 171
107 187
109 190
112 171
107 161
111 190
113 172
110 188
95 182
97 180
115 169
99 167
107 178
114 180
106 179
99 176
101 189
111 161
97 187
99 162
98 172
112 183
100 184
109 170
109 182
113 177
99 173
112 168
109 171
112 190
95 168
98 185
110 186
115 190
101 163
101 177
115 189
103 166
109 188
101 168
112 174
113 175
96 175
108 186
103 180
95 181
103 167
105 160
112 166
113 180
105 186
105 181
99 172
107 175
111 169
95 184
115 173
106 176
105 161
111 179
106 163
98 174
109 178
114 167
115 170
106 190
111 160
113 189
109 174
108 180
100 163
96 171
103 180
97 170
107 166
109 167
103 162
112 176
101 162
103 174
100 177
109 175
110 160
111 189
111 184
111 161
114 188
95 168
100 167
95 164
111 173
110 178
105 190
98 162
97 184
115 173
102 187
100 185
113 168
102 165
99 167
105 186
112 179
97 179
105 178
110 164
113 162
101 173
112 182
114 164
113 190
98 181
100 170
96 177
97 166
108 177
103 188
99 175
106 171
96 167
104 187
98 187
98 190
104 161
112 183
111 160
95 176
108 173
97 164
101 171
115 181
103 179
115 165
102 160
111 166
104 171
97 175
102 189
115 175
95 190
95 189
102 187
105 178
98 169
107 167
109 188
101 173
109 172
106 177
109 188
102 175
102 181
105 176
105 170
104 174
97 165
96 166
100 186
101 166
95 172
111 180
102 165
108 180
98 174
115 186
100 186
110 178
104 166
100 160
123 186
114 206
127 211
111 188
124 201
117 206
113 202
115 186
111 191
118 191
127 210
130 215
120 193
121 189
127 203
124 209
115 202
111 206
111 191
129 215
116 214
117 201
114 210
128 189
116 190
118 204
119 192
129 204
127 185
123 211
110 209
129 189
114 186
110 205
129 199
126 211
114 190
124 209
121 212
122 213
123 190
123 185
112 185
126 210
127 192
120 200
123 190
129 195
117 197
128 194
126 201
118 189
124 200
114 203
118 212
127 194
121 212
128 196
129 211
119 209
128 205
119 189
116 210
112 212
114 196
124 214
120 191
128 199
110 185
115 214
125 197
115 209
121 198
126 186
122 189
110 194
110 214
125 201
125 208
123 211
126 198
127 214
116 208
117 191
122 195
123 199
124 193
118 214
130 193
120 212
115 208
127 186
130 202
117 198
116 212
120 194
113 212
113 210
128 201
124 192
113 186
122 200
112 212
128 211
112 199
117 195
125 212
118 209
122 213
113 202
122 194
126 212
127 186
112 207
119 204
129 195
130 203
115 211
117 194
130 197
117 196
122 208
117 187
122 200
122 206
123 202
114 211
124 187
115 187
120 197
117 204
112 194
126 203
115 201
117 210
117 198
119 204
121 192
126 207
121 201
126 207
118 193
118 198
129 199
124 185
113 191
125 202
115 208
120 202
116 210
121 188
116 199
119 197
121 193
128 196
119 198
112 207
120 202
125 213
111 206
127 209
116 200
117 193
126 195
128 197
119 189
125 194
115 188
119 190
114 206
127 215
129 199
116 208
118 210
125 213
114 199
119 192
129 212
128 190
120 193
123 191
111 214
121 212
117 187
111 197
116 198
111 210
126 185
120 210
113 187
117 192
124 194
126 199
122 211
111 193
116 186
129 197
130 211
123 187
117 190
125 204
121 206
125 197
128 211
113 197
116 210
114 197
114 185
117 193
120 197
123 211
110 214
112 197
127 196
113 205
116 207
123 215
117 202
127 215
117 198
113 193
118 215
119 193
114 201
115 206
112 213
118 192
117 204
130 202
112 214
114 194
126 196
110 214
112 202
117 193
125 192
130 189
125 190
124 186
112 211
121 200
126 189
115 202
115 192
115 204
115 191
122 207
115 189
114 197
117 202
138 228
143 215
128 239
144 211
134 238
136 231
130 227
139 210
132 226
139 213
129 220
143 240
143 234
130 229
131 231
136 234
136 237
134 238
143 218
131 233
132 231
126 226
126 214
143 218
137 231
143 231
132 229
134 239
139 230
129 228
129 229
142 227
127 219
132 218
133 219
129 228
133 220
126 213
143 225
142 211
132 231
128 212
131 220
143 229
127 223
143 218
142 227
144 225
138 214
142 218
142 230
138 219
128 238
137 219
138 230
132 226
145 239
138 227
142 222
125 216
134 220
126 235
132 214
125 230
128 210
143 228
139 232
127 225
128 215
140 237
126 210
137 212
133 236
126 215
137 234
126 210
141 230
127 237
125 214
144 211
141 220
125 231
129 222
127 226
143 238
145 219
140 231
140 235
141 238
128 232
138 217
127 231
130 225
134 230
130 212
131 230
127 215
131 220
132 225
137 211
125 216
142 216
125 229
140 220
129 236
144 215
125 232
130 239
129 221
131 231
144 216
133 234
139 226
129 237
145 239
126 218
130 216
136 239
132 222
144 217
143 217
132 219
139 215
144 210
127 233
130 238
137 237
143 217
127 234
129 220
141 240
140 234
125 239
128 234
130 236
140 224
137 222
145 238
135 236
126 212
145 223
133 224
138 229
140 227
132 231
135 212
144 221
125 229
134 221
127 225
125 223
140 215
142 230
142 219
133 236
141 211
144 216
140 224
134 213
127 215
128 234
140 218
140 240
142 219
140 219
139 223
139 234
129 224
143 228
139 237
139 240
136 228
135 220
145 237
135 240
137 212
138 216
138 234
145 215
132 222
131 237
133 214
131 220
132 240
133 216
134 218
132 232
135 217
125 237
138 222
135 210
126 226
131 231
131 218
145 222
144 218
137 220
126 235
139 237
125 227
134 227
125 214
130 229
135 216
142 220
137 218
129 238
130 224
125 211
139 222
125 217
127 226
141 238
134 216
135 211
133 233
141 226
137 231
140 215
125 228
126 222
141 233
127 228
138 235
131 235
125 239
144 230
142 227
127 232
145 217
135 222
132 215
140 232
125 238
141 229
125 217
137 219
145 217
136 212
138 222
145 212
126 236
137 231
131 216
143 211
126 240
139 219
134 216
130 239
140 236
150 252
156 251
146 264
150 253
148 256
152 260
152 242
159 247
146 264
153 241
149 264
149 243
142 243
146 241
145 250
145 257
152 265
152 260
154 261
155 261
142 246
144 241
157 239
155 246
144 238
144 263
159 257
153 242
148 252
143 239
155 243
145 238
146 235
142 238
156 241
160 243
140 248
151 235
143 265
158 252
146 263
160 237
152 252
142 251
144 251
149 237
149 246
143 264
148 263
151 240
159 262
160 256
153 261
152 259
152 264
140 259
148 257
141 245
147 264
156 242
144 247
145 240
157 246
143 237
153 238
144 244
143 252
148 239
153 252
147 235
145 242
140 244
144 250
149 239
159 246
156 258
147 251
151 250
147 265
143 235
145 256
147 263
150 242
141 252
151 262
144 244
153 244
146 265
140 239
141 238
158 245
160 242
155 257
141 254
141 241
160 254
148 264
152 236
160 250
158 263
157 236
144 247
141 255
160 265
143 243
159 243
155 260
159 246
143 237
149 237
141 252
146 236
153 241
145 254
146 252
159 263
141 254
145 259
149 251
141 236
140 255
146 242
155 255
160 263
141 249
158 261
158 253
150 246
159 261
159 245
157 248
142 261
157 247
158 245
149 242
155 252
157 253
160 243
142 242
144 260
147 235
144 254
144 248
151 242
147 264
142 251
145 255
159 247
149 261
145 258
155 236
142 263
159 264
159 258
140 244
142 262
142 239
150 259
158 249
145 255
147 251
144 258
150 248
151 236
159 258
153 244
154 236
140 245
155 248
150 239
159 251
160 261
156 249
143 236
147 256
155 242
153 259
143 241
141 235
158 248
146 235
149 248
142 264
149 263
145 257
149 263
149 235
140 259
156 245
155 243
149 248
151 238
147 246
159 246
145 250
145 236
143 250
149 250
141 238
159 254
155 247
146 264
153 242
147 255
146 247
147 251
148 246
152 264
151 259
160 235
146 264
142 257
157 247
149 259
147 252
160 241
152 262
143 241
149 257
150 255
149 257
148 259
152 257
150 255
148 263
152 258
152 252
159 243
145 252
160 248
154 246
151 263
142 255
147 243
142 260
144 246
150 236
148 249
148 258
160 240
143 256
147 248
145 242
159 240
151 255
158 256
154 237
145 239
142 252
143 236
12 18
20 36
19 22
20 40
22 21
20 34
6 38
15 18
9 35
17 33
8 37
21 18
20 40
14 27
16 33
24 36
21 36
16 18
18 40
13 20
20 17
9 18
6 15
25 13
25 35
23 17
23 16
21 24
15 36
11 28
18 26
22 29
22 10
21 26
17 10
20 16
9 38
5 18
16 39
13 39
16 12
16 20
19 32
23 22
13 32
8 13
10 18
11 26
12 24
11 16
8 36
6 28
21 37
17 33
5 12
21 23
7 35
21 22
15 24
23 11
17 29
21 20
24 32
17 14
5 34
25 28
20 31
15 18
6 37
19 17
5 30
15 12
17 21
21 39
20 12
22 39
15 11
23 24
14 10
18 36
11 37
14 20
17 24
12 38
25 27
17 16
11 32
23 29
8 29
22 36
8 24
25 17
24 38
6 13
9 17
17 29
7 20
12 26
23 26
7 10
17 25
18 17
19 23
18 17
7 20
16 28
23 34
21 14
10 24
24 25
12 13
25 31
14 40
6 13
23 26
5 25
21 17
6 14
6 23
6 27
24 24
9 24
5 36
12 35
20 35
20 35
17 22
14 17
21 29
8 34
14 23
21 11
18 37
16 16
14 25
19 10
8 34
25 11
19 10
12 35
13 14
13 29
16 12
24 37
5 16
20 32
8 34
17 16
12 37
10 38
17 13
24 15
18 19
19 22
5 10
18 10
23 32
13 30
19 23
17 23
11 11
7 15
20 33
5 21
20 29
19 36
7 13
24 26
13 17
24 28
16 10
22 22
16 15
20 23
12 22
20 15
14 36
21 14
16 27
8 13
25 32
15 33
10 38
19 12
24 11
22 20
6 14
20 33
20 27
20 35
17 38
16 20
9 16
7 20
24 38
21 36
24 20
22 19
15 34
17 22
23 39
19 35
25 19
12 19
19 29
17 33
12 12
9 20
7 23
8 38
15 10
23 34
5 18
12 29
23 21
21 33
8 27
16 18
19 40
18 28
21 30
18 15
5 21
16 36
6 12
8 10
13 24
23 21
16 35
21 30
25 35
23 23
23 35
8 14
7 17
24 23
19 11
25 24
10 10
21 12
6 10
20 39
21 34
19 15
18 15
13 30
22 13
16 18
17 32
10 32
25 40
31 56
30 55
30 49
36 47
38 51
20 51
22 58
22 58
36 59
22 54
25 59
30 47
33 52
28 47
34 64
37 46
30 54
29 57
40 52
24 54
40 44
27 51
37 46
35 63
21 36
34 49
34 40
40 60
23 62
20 65
37 57
37 47
21 44
23 46
28 35
36 61
25 36
24 44
31 54
32 47
33 54
35 48
27 54
30 48
38 46
20 43
25 55
35 46
20 52
25 55
20 53
31 58
22 61
23 64
31 39
40 65
39 39
26 47
24 52
31 42
22 39
31 64
25 36
30 52
21 63
27 38
34 54
24 35
30 60
25 59
20 42
20 52
37 36
40 36
39 56
40 50
37 52
23 47
34 54
21 39
25 36
32 62
24 35
33 35
20 59
33 53
39 47
35 41
35 35
31 36
40 46
29 46
39 63
34 49
22 54
21 63
20 56
25 41
26 54
35 45
31 63
23 41
38 35
20 55
28 53
21 55
40 38
40 59
20 57
23 47
23 57
29 64
36 36
24 65
27 44
27 63
23 39
24 46
24 49
29 40
34 56
37 63
38 58
26 56
27 61
20 58
32 47
30 61
20 59
30 64
29 36
22 40
20 60
29 43
27 50
36 44
25 38
29 61
25 60
21 41
40 53
39 38
29 53
38 41
37 54
32 45
40 59
39 56
37 64
20 61
23 42
38 50
25 41
29 37
35 57
20 51
28 40
23 40
21 48
22 35
25 47
23 54
24 58
39 56
27 39
38 36
35 51
34 53
37 58
26 53
31 60
22 57
21 52
34 56
24 38
39 65
25 65
28 52
21 59
27 47
25 56
34 43
37 62
35 59
28 49
21 36
26 46
36 40
26 49
26 58
20 49
36 35
25 41
35 38
26 60
30 61
24 63
26 53
29 63
34 44
20 56
34 50
38 65
29 58
35 47
29 64
37 40
21 42
25 48
24 43
34 59
20 54
34 38
40 46
25 50
38 40
24 62
27 35
39 43
20 40
27 43
29 49
33 65
22 57
40 64
24 51
37 63
30 46
29 41
33 63
38 45
34 60
40 54
21 64
33 51
31 50
30 39
20 39
23 52
36 47
24 56
35 42
20 61
32 53
29 42
39 57
31 49
26 56
29 44
42 88
43 81
51 76
47 68
51 83
49 73
50 68
41 88
55 82
46 60
48 82
46 83
38 83
55 88
44 67
51 89
41 87
44 75
52 69
51 90
47 74
54 61
40 75
48 62
44 77
46 74
54 68
44 82
55 71
45 70
48 81
36 81
41 83
54 89
43 84
47 90
54 67
41 86
45 86
39 85
54 89
54 81
49 71
53 62
49 87
55 66
47 76
38 63
43 87
53 66
44 85
50 84
50 61
45 81
51 72
36 69
42 81
45 70
39 67
47 80
49 81
38 78
43 78
54 71
39 76
45 60
35 78
54 69
38 68
50 74
35 71
44 85
48 78
39 90
38 76
49 84
37 68
51 69
54 88
37 66
42 63
51 83
52 89
53 69
35 88
47 82
41 72
38 66
53 81
50 79
54 78
49 69
35 82
42 79
36 66
55 60
36 60
49 90
41 79
46 90
37 85
37 82
36 65
40 62
44 87
52 89
38 60
40 67
51 83
35 65
55 80
39 65
47 84
47 72
40 68
54 86
35 89
47 65
37 71
53 86
50 86
53 80
53 89
53 74
47 82
44 76
48 82
42 87
39 81
53 84
54 76
46 88
50 62
55 76
55 69
39 80
41 62
40 86
55 62
52 78
51 86
35 62
47 81
45 89
41 63
37 66
36 66
37 61
51 65
44 81
51 87
37 74
48 73
39 88
41 77
36 69
35 73
43 86
43 66
42 72
38 69
50 83
55 81
52 82
51 67
38 65
54 78
47 63
46 87
35 75
49 72
49 81
37 61
39 86
53 65
53 71
51 82
36 88
40 86
39 64
38 88
47 66
46 87
45 72
52 66
49 63
46 79
55 68
44 68
54 84
44 66
38 84
39 66
52 68
35 67
44 62
43 79
36 78
35 74
52 63
35 85
37 63
54 89
55 60
35 72
45 75
44 88
47 74
48 87
36 63
42 90
49 66
43 71
45 90
39 80
38 70
51 67
48 85
37 80
52 67
42 75
46 76
50 89
43 74
42 77
53 87
54 80
38 61
36 83
48 82
53 90
43 82
52 71
39 67
46 67
54 87
38 61
48 62
43 69
37 83
42 89
40 69
41 80
44 74
55 67
44 81
50 63
43 68
52 83
44 70
59 112
53 103
62 101
59 111
62 86
64 101
58 89
51 100
55 115
65 88
59 85
67 93
51 87
62 100
63 114
52 106
55 113
64 103
66 111
65 89
63 112
54 109
53 94
58 111
63 88
60 95
57 103
52 91
59 86
53 99
62 94
52 103
57 96
59 101
67 98
59 86
58 90
56 95
63 115
67 105
66 115
52 90
59 100
58 91
66 111
65 94
62 105
70 94
59 114
69 90
59 97
62 103
64 114
56 113
58 115
60 113
53 98
51 100
65 94
55 95
66 91
66 90
64 99
53 110
69 91
55 104
52 88
70 114
60 89
50 113
54 96
68 115
51 109
67 102
56 85
56 88
50 99
56 115
62 105
63 90
54 108
65 94
62 115
68 111
68 86
65 87
57 98
56 86
57 98
53 92
51 98
62 102
56 101
63 103
52 93
55 114
70 99
60 110
59 95
60 96
53 93
53 104
62 97
66 111
57 89
61 88
55 95
57 94
66 87
54 85
52 102
51 93
54 115
61 94
64 101
66 100
50 86
55 96
54 105
62 89
67 91
66 93
50 109
58 96
69 96
61 88
67 90
50 111
69 93
59 92
58 108
55 101
70 111
69 91
58 85
60 91
58 99
53 105
56 114
51 86
69 92
53 89
51 98
61 97
60 86
60 98
50 96
54 102
53 107
69 102
61 85
63 110
60 89
55 106
52 96
66 92
69 108
61 112
70 93
66 108
66 112
55 87
68 85
61 93
60 92
58 96
61 99
69 105
65 103
62 102
58 114
64 101
56 86
51 108
52 102
62 102
51 101
61 102
54 88
65 90
58 100
64 99
51 104
68 98
64 95
62 89
66 104
55 112
58 113
51 113
53 115
54 111
58 115
68 114
65 87
55 94
63 102
69 97
56 109
58 95
51 103
67 94
51 113
63 110
56 106
66 93
57 87
57 89
64 95
54 113
63 88
57 111
55 112
68 108
68 112
57 107
51 100
60 105
53 88
59 91
66 85
62 97
53 96
63 115
70 97
50 115
53 88
66 87
59 114
64 103
63 112
51 93
51 92
64 105
63 90
59 86
53 90
55 90
66 109
69 90
61 86
53 104
55 113
67 115
56 98
69 102
58 109
62 99
60 103
60 93
69 140
69 139
81 129
77 130
68 118
66 127
72 138
68 119
67 131
71 128
72 135
72 118
66 138
65 126
84 137
74 117
71 139
72 137
65 117
75 137
72 117
82 129
80 124
69 137
81 115
67 116
75 125
79 123
67 115
85 135
66 128
65 133
84 112
72 140
69 111
66 130
69 116
65 118
79 114
78 134
75 123
72 114
65 122
71 116
75 119
65 128
74 140
80 119
71 137
71 118
79 112
82 114
66 113
80 137
85 123
85 125
66 128
70 131
68 114
65 127
80 136
67 118
85 121
74 134
81 134
76 115
85 135
71 111
68 127
77 113
71 126
73 131
81 118
70 113
66 119
76 132
68 130
81 138
75 123
66 118
83 128
78 138
84 126
83 118
81 134
65 139
83 140
70 121
84 140
74 126
78 140
79 118
77 113
80 128
77 133
70 131
71 115
69 131
76 124
67 131
71 118
70 126
74 114
78 121
83 116
71 117
65 111
69 133
70 130
75 130
75 114
66 131
74 135
82 140
69 118
68 123
83 112
75 132
82 132
76 116
69 137
67 111
75 138
78 139
84 114
72 135
79 137
65 126
77 136
85 136
76 139
67 128
72 115
75 116
80 117
78 134
76 134
82 137
82 127
79 113
76 121
85 135
70 122
70 135
75 130
77 116
68 136
70 128
69 139
74 137
74 115
76 114
80 120
84 128
82 133
65 123
73 126
75 117
80 125
74 110
80 129
65 131
75 110
68 123
82 111
71 110
77 135
68 112
69 111
76 140
76 117
69 136
73 129
74 128
69 111
67 115
77 135
78 140
72 112
77 127
71 130
72 117
80 130
85 128
75 137
80 123
66 138
82 135
73 116
71 127
84 137
70 133
74 127
72 121
76 112
81 131
78 123
75 113
76 116
66 132
83 115
65 113
76 116
68 127
83 116
70 127
79 133
66 132
70 139
80 134
68 140
74 132
73 120
65 123
69 123
82 126
78 114
83 129
74 124
84 130
71 116
83 134
76 121
85 115
67 126
74 118
85 121
82 138
78 130
70 116
79 122
81 129
81 118
71 132
74 121
73 120
68 121
77 123
85 125
70 139
66 125
68 124
73 112
70 125
78 129
80 133
74 118
74 120
67 127
69 114
94 143
84 146
93 149
87 143
82 145
91 160
85 146
80 151
88 152
92 139
93 153
82 136
97 141
81 145
83 143
86 149
97 162
90 135
81 154
99 139
88 148
84 154
98 142
83 138
88 136
83 161
100 135
80 149
96 139
90 160
85 139
91 162
83 136
87 141
97 138
85 149
92 143
95 140
92 135
93 140
91 147
100 155
81 156
83 149
98 156
91 138
85 148
83 158
83 157
88 165
96 143
100 141
80 144
93 163
87 152
90 144
99 162
85 142
85 163
93 145
98 163
83 146
86 143
87 157
97 135
84 158
86 165
96 157
93 144
94 152
91 153
96 155
89 158
87 163
83 153
95 140
82 152
99 158
82 153
95 161
97 137
88 161
96 150
84 142
87 138
85 150
100 151
85 136
96 163
99 161
88 137
95 161
87 147
96 150
95 163
87 154
84 161
89 164
93 164
85 135
88 161
96 154
89 152
95 151
88 149
99 161
84 142
86 139
84 142
98 155
90 162
87 137
93 153
90 164
86 137
83 148
84 144
100 139
95 150
94 140
83 165
99 147
83 155
94 160
83 139
83 162
91 151
83 153
81 161
87 150
85 145
99 156
84 161
98 147
88 146
80 140
81 151
94 149
80 135
89 163
96 153
92 135
98 156
88 137
85 165
83 146
80 145
97 163
98 157
82 147
83 159
93 147
98 135
84 147
94 136
97 136
99 136
92 153
80 151
90 142
90 141
93 157
92 150
94 155
80 161
90 142
93 149
83 160
89 145
84 148
94 149
89 161
85 146
85 141
97 137
88 143
85 162
97 156
87 152
81 149
80 142
91 164
91 141
99 136
98 161
100 161
100 161
81 158
84 137
86 165
100 141
85 142
93 141
99 147
87 138
85 136
86 150
96 162
87 154
95 139
95 144
94 157
96 152
95 142
80 145
97 152
90 149
80 152
80 154
99 146
92 156
91 163
98 143
93 157
100 153
87 143
98 157
84 165
94 148
91 156
95 146
90 141
87 165
83 148
85 156
90 141
84 136
93 150
83 160
86 138
88 164
93 142
92 147
95 160
91 144
96 150
89 157
85 150
91 147
80 142
89 152
89 147
88 151
94 161
82 135
90 155
89 145
92 153
97 137
81 147
104 186
105 161
113 174
108 168
96 167
95 187
95 187
95 169
101 160
111 180
102 161
110 186
101 165
107 190
105 184
103 176
99 164
110 164
105 187
104 169
111 183
115 185
112 169
95 188
104 166
104 166
113 184
105 177
102 175
98 161
107 185
108 183
98 189
111 172
106 162
99 189
105 183
95 171
115 185
101 167
106 180
99 166
109 175
103 165
110 166
110 161
114 180
113 186
107 177
108 170
111 186
100 172
111 190
104 178
97 186
98 181
101 166
115 185
113 176
112 176
112 164
109 178
111 167
109 169
100 179
100 170
95 186
99 160
110 171
102 172
99 169
101 182
109 187
102 164
105 173
96 189
108 163
112 168
99 188
106 190
110 164
101 189
98 160
101 178
114 172
105 178
96 160
107 167
114 181
98 165
115 188
106 179
113 178
112 165
112 172
102 189
95 175
95 169
114 181
112 184
113 184
113 183
114 174
106 177
98 166
98 164
112 182
109 190
97 175
106 182
111 169
100 166
103 175
110 164
105 169
96 164
109 163
100 186
97 182
101 178
103 189
101 189
97 168
107 187
101 188
114 174
112 165
107 187
102 163
104 182
109 184
97 174
99 181
112 170
115 175
103 168
103 176
102 162
105 190
105 172
113 174
108 162
105 174
111 167
104 184
105 187
105 183
102 172
112 173
112 185
96 178
96 171
112 167
113 185
96 168
113 162
109 188
105 167
106 189
110 186
103 169
115 167
108 186
103 174
100 171
98 163
104 170
107 189
103 184
102 180
111 185
100 177
108 180
104 162
114 167
95 169
98 175
115 176
96 165
100 174
106 164
103 170
103 190
96 188
103 190
98 180
108 163
105 175
115 189
101 169
113 172
115 178
98 162
113 160
98 160
101 179
100 160
104 175
107 165
102 178
114 184
95 188
111 170
107 177
100 189
104 170
96 172
97 160
96 189
99 177
111 174
111 190
96 160
109 170
108 185
106 168
104 190
115 172
114 175
111 175
101 184
97 179
103 180
102 176
113 177
107 171
114 164
107 171
104 183
107 165
97 174
106 161
105 175
107 180
113 171
103 171
100 188
102 165
104 177
114 161
96 182
113 164
110 181
113 186
106 163
97 187
101 172
95 189
115 170
97 186
123 207
128 206
126 191
118 189
127 202
119 213
124 199
125 215
122 198
117 201
126 208
122 215
129 193
128 214
128 200
124 189
115 215
115 210
124 204
113 211
129 186
113 192
126 205
126 203
116 185
117 200
117 198
113 209
117 195
112 192
126 198
123 185
113 187
130 200
119 206
114 207
122 185
125 187
112 187
119 204
122 206
119 207
121 198
112 207
119 190
128 201
127 191
111 214
116 193
124 211
110 206
110 199
112 197
125 192
115 189
122 200
128 210
122 208
120 205
111 214
126 196
130 197
117 215
120 207
129 205
118 215
130 186
116 211
110 212
112 213
110 209
129 207
122 200
112 207
110 212
125 214
111 187
116 205
122 201
111 187
125 213
114 197
123 199
122 196
117 191
127 192
116 201
115 199
110 196
126 190
120 207
125 195
112 193
127 205
122 194
110 213
112 207
129 187
123 198
116 197
112 202
115 201
121 201
115 185
124 186
120 215
120 188
122 199
111 190
114 188
114 209
127 202
116 188
130 203
111 212
125 187
113 205
121 196
117 200
113 185
123 198
112 191
122 190
123 209
113 207
113 207
128 210
124 215
120 209
110 195
125 201
124 186
122 213
118 195
127 207
128 212
129 191
118 202
125 209
111 204
123 189
112 214
130 202
122 208
114 196
110 213
112 200
123 186
125 194
121 208
118 201
129 186
116 208
125 185
114 212
122 212
127 213
115 211
117 204
115 205
115 206
117 210
129 197
130 198
130 186
112 202
125 207
122 192
114 188
126 211
130 208
112 212
130 200
122 215
113 193
125 214
129 187
124 213
112 198
116 187
130 198
116 215
116 188
119 201
111 196
124 185
119 185
123 205
130 200
123 199
128 189
119 205
118 215
119 201
122 210
119 210
110 187
111 192
119 214
122 191
122 186
117 194
127 186
118 200
112 198
127 192
116 190
122 204
112 196
111 200
125 205
113 195
130 186
129 210
121 192
126 190
121 190
112 192
130 191
130 205
116 200
130 185
128 206
112 208
119 205
122 191
120 198
126 213
126 214
123 195
128 204
116 196
118 208
121 213
124 191
116 200
115 195
118 193
122 185
129 186
123 190
111 212
110 202
118 214
116 199
130 203
117 206
119 209
121 198
130 194
134 214
145 217
132 215
137 223
144 222
143 235
143 228
134 211
137 223
138 228
143 217
143 238
140 210
141 216
130 220
130 236
140 214
130 237
135 225
143 222
130 231
140 220
135 234
125 221
125 220
144 211
127 211
142 218
125 227
141 218
127 235
140 219
126 215
143 216
140 220
141 222
132 233
145 215
137 213
143 229
136 222
131 235
134 225
129 221
135 223
138 239
144 231
133 216
128 216
132 220
143 240
138 222
135 224
145 214
136 210
138 234
135 220
136 232
143 227
132 237
139 227
143 214
128 236
133 211
131 230
127 225
140 211
129 216
131 222
129 240
142 239
141 231
135 219
128 212
142 218
137 233
129 228
143 239
136 211
135 223
143 217
142 217
129 233
140 233
144 228
129 224
137 220
144 234
125 223
131 220
133 230
129 220
128 236
141 227
128 216
133 226
141 235
136 229
145 212
132 229
127 239
137 215
130 214
138 234
135 230
127 212
139 212
131 223
129 231
133 231
132 239
134 218
141 235
144 216
126 216
137 224
138 237
138 220
137 225
125 224
145 215
143 221
130 239
131 211
128 231
140 224
132 236
134 218
145 226
141 224
133 219
145 235
134 224
139 210
136 216
125 210
138 239
144 227
143 211
128 222
140 218
134 219
143 224
126 233
125 239
136 230
127 211
130 219
143 225
133 219
135 232
141 240
127 224
142 223
140 213
144 217
138 229
133 223
128 210
125 237
128 217
136 214
144 236
137 229
136 228
126 210
129 210
126 239
132 225
126 240
138 214
134 237
129 228
137 229
128 221
132 223
126 239
132 233
135 234
139 212
139 215
145 229
133 211
143 231
137 235
139 240
141 231
130 227
141 213
127 231
128 229
127 211
128 226
126 219
126 213
135 226
129 223
134 223
128 230
129 236
126 229
142 218
142 228
137 224
138 239
135 212
125 215
143 211
142 235
138 236
135 233
133 213
134 226
128 227
126 225
129 224
127 212
141 219
143 227
135 217
143 235
128 240
134 218
143 228
141 220
144 238
135 234
142 215
126 222
133 220
129 240
125 234
135 226
126 229
126 231
139 224
135 213
140 222
139 221
145 223
126 220
137 229
127 216
132 220
130 221
126 220
127 223
136 217
141 212
138 239
143 255
155 241
160 257
148 236
159 251
160 256
141 255
146 263
157 235
142 244
141 262
146 252
143 253
151 240
149 251
155 246
148 248
140 260
155 235
156 242
152 240
149 247
141 238
153 253
144 250
155 248
157 248
147 252
156 255
158 252
141 258
153 244
156 245
155 244
158 261
140 262
143 243
140 261
140 249
140 251
147 243
147 240
152 260
143 253
150 247
150 253
147 235
159 242
152 262
150 255
144 263
154 257
156 256
150 251
146 262
160 264
142 261
156 256
159 259
160 238
156 247
157 242
147 249
142 256
149 263
143 265
160 260
158 260
150 239
148 248
155 244
146 237
150 247
146 259
157 265
152 245
150 248
150 257
143 235
150 239
141 254
140 251
147 258
150 259
140 254
150 260
143 250
147 238
153 252
157 235
157 254
157 261
156 262
160 262
156 261
145 253
160 237
152 260
140 246
140 252
159 255
153 261
141 238
150 264
150 256
160 237
154 242
149 246
140 248
145 262
152 238
147 255
154 250
157 261
158 263
152 256
142 254
154 254
141 248
154 243
150 250
154 248
144 239
151 259
145 262
155 257
144 236
148 236
158 259
150 242
158 240
146 243
144 247
141 245
143 248
153 263
141 260
154 250
145 235
144 247
157 261
147 258
158 249
159 243
155 253
147 262
145 243
150 246
151 235
151 249
160 240
142 241
148 252
143 262
157 263
143 247
143 245
154 250
140 262
153 265
156 236
143 238
149 235
146 262
160 240
151 244
159 252
157 243
146 237
156 256
143 244
155 254
145 239
145 246
157 256
158 248
154 240
151 263
152 264
160 235
150 236
148 247
140 256
151 253
140 254
146 254
141 241
147 250
146 241
149 242
148 238
155 252
144 239
140 245
159 241
143 239
146 254
155 255
151 235
150 235
148 248
150 250
154 257
152 260
148 258
142 258
142 256
153 237
158 254
159 261
149 258
141 264
148 244
159 254
158 260
147 263
141 238
150 257
153 245
154 255
159 253
151 262
150 252
144 236
153 243
140 264
140 257
153 243
153 247
145 243
159 244
149 246
144 249
154 237
158 254
154 259
141 237
153 248
146 251
156 257
154 241
158 257
153 248
160 261
141 256
150 265
153 240
156 245
156 246
150 247
