5000 206321
9 37
13 14
14 35
14 18
11 10
7 32
23 26
20 14
12 17
16 38
20 15
11 25
5 12
24 14
8 24
10 39
19 15
5 38
17 33
6 14
5 36
16 21
5 27
23 31
20 34
10 19
18 37
10 34
16 30
8 36
24 12
21 21
23 34
18 15
7 18
10 14
21 11
22 20
25 38
24 19
23 27
6 27
16 21
24 20
12 15
17 10
11 37
21 24
5 24
11 13
24 35
7 34
8 31
11 24
14 14
20 17
9 18
18 12
25 12
20 25
14 26
15 23
14 31
19 40
15 22
12 37
12 16
5 12
10 33
16 22
11 16
22 24
24 21
9 39
23 36
6 30
6 35
25 30
19 38
21 27
14 30
15 24
15 10
9 30
15 39
10 25
23 29
9 26
12 20
18 20
12 34
12 24
9 40
19 39
20 31
22 14
15 35
22 14
17 11
16 23
17 35
21 12
16 33
6 19
13 39
24 17
9 27
24 19
14 32
6 21
23 29
7 32
7 39
7 14
20 28
21 38
7 23
15 32
14 25
15 17
7 27
14 15
17 12
18 28
20 28
24 16
18 19
20 27
22 30
12 15
11 14
17 26
15 39
24 29
15 15
20 35
17 19
25 32
11 21
5 13
9 14
16 10
23 13
15 29
6 14
25 38
21 31
15 34
14 26
9 39
19 16
17 19
24 30
12 33
5 18
9 36
7 10
23 35
24 21
12 32
5 13
8 32
20 39
25 18
25 36
7 11
25 37
22 24
5 19
7 25
12 40
7 38
25 15
9 40
8 13
19 10
22 19
22 34
10 15
17 30
20 16
21 40
9 40
16 27
17 28
7 34
21 19
7 21
6 21
14 37
22 39
8 24
22 25
23 20
18 16
9 28
25 28
24 21
12 36
10 34
24 37
18 37
12 13
10 27
25 26
14 32
21 18
9 29
15 20
17 20
14 36
10 33
18 20
13 40
16 39
20 27
19 15
23 38
5 29
10 29
20 35
19 25
6 24
24 32
21 39
13 17
10 36
13 16
20 11
21 17
10 33
16 31
19 13
23 13
14 37
18 33
15 10
16 30
5 18
25 17
25 18
23 39
5 19
24 15
25 17
22 14
6 14
5 34
17 16
11 38
37 54
20 55
21 60
36 36
37 53
35 43
22 51
36 63
36 42
34 36
25 48
36 45
34 61
38 60
30 35
22 38
21 43
28 38
30 37
22 39
37 44
40 47
27 47
38 54
27 45
31 36
38 59
37 43
39 48
33 54
37 56
32 63
36 48
38 35
20 36
27 35
35 47
32 39
39 54
38 46
36 43
34 55
33 55
40 50
20 61
38 50
25 59
32 47
26 46
21 54
25 49
20 56
32 63
35 50
39 46
30 48
37 40
22 50
31 61
37 63
31 38
26 38
20 56
34 35
24 60
30 48
20 38
25 65
20 60
37 48
28 42
29 57
27 59
31 39
30 41
27 41
22 45
35 38
30 60
26 36
40 53
20 59
23 47
28 53
21 38
20 44
26 60
33 53
37 41
29 40
31 55
23 54
29 56
31 63
25 56
28 65
30 42
22 61
30 49
35 59
29 45
40 59
39 35
26 57
34 65
37 52
31 39
34 52
35 61
33 38
40 44
21 54
27 59
39 38
29 59
26 55
24 63
31 39
34 56
35 39
30 52
28 42
28 61
37 48
23 40
40 36
27 51
28 64
39 37
30 47
38 61
23 61
36 44
22 54
29 57
35 51
27 45
38 62
21 48
35 58
39 60
23 64
30 47
39 51
38 59
34 43
38 59
35 43
27 65
23 35
33 50
31 60
37 42
30 62
37 63
20 37
34 44
40 63
35 58
30 38
40 42
23 64
37 44
28 65
33 35
36 60
25 49
20 44
29 42
37 42
30 56
40 59
21 42
25 53
30 35
24 44
37 65
21 39
20 49
35 50
37 36
35 61
31 62
20 37
21 43
23 41
33 49
33 61
35 52
25 49
31 37
29 58
32 35
39 43
39 62
24 59
40 65
35 46
30 57
28 63
28 52
40 59
28 35
32 51
26 64
23 38
24 58
40 64
20 54
27 35
30 60
30 45
25 45
36 53
35 65
21 63
30 49
40 50
28 41
37 65
27 65
24 64
29 60
25 44
20 64
24 59
39 65
35 50
34 58
34 46
31 48
28 41
33 60
35 43
37 53
29 64
30 41
31 40
35 57
25 44
24 56
22 46
40 39
22 65
25 59
40 52
28 49
32 35
33 44
36 40
53 73
44 72
50 90
37 76
48 89
37 69
48 86
51 70
35 74
39 84
45 76
51 72
44 89
48 64
49 78
44 63
45 70
47 75
50 89
49 88
53 82
54 74
55 86
55 74
42 61
54 73
39 72
44 74
55 64
46 76
44 87
53 80
48 60
35 73
35 61
45 81
42 75
39 67
55 89
36 74
38 84
55 74
45 80
52 74
44 75
54 73
39 75
47 75
37 63
55 69
40 67
53 87
51 64
51 87
38 82
53 89
45 65
47 79
36 67
41 77
48 88
39 60
52 89
44 85
42 70
54 61
50 90
55 65
49 89
36 62
42 70
36 60
47 70
50 66
54 77
37 64
38 78
40 85
35 75
52 71
55 79
50 67
42 67
39 80
41 73
51 81
36 79
43 64
42 64
42 69
55 60
49 64
48 73
53 60
43 76
54 78
40 82
36 79
40 66
46 62
41 89
37 67
36 68
54 70
44 77
45 62
47 60
43 63
54 60
52 67
53 70
47 78
39 78
47 89
49 73
55 70
41 79
40 82
43 85
47 68
42 81
37 87
39 72
55 61
48 87
40 85
42 61
45 66
41 77
52 71
55 62
53 64
49 64
43 77
37 86
49 67
35 62
38 64
36 90
35 86
50 72
37 60
55 60
42 88
43 67
36 70
51 88
43 90
53 68
41 89
48 70
39 77
48 65
48 86
42 84
40 88
52 67
53 72
49 61
53 81
40 78
40 76
51 73
40 77
40 89
46 82
41 75
43 78
55 87
45 82
47 89
38 82
54 75
35 69
37 74
45 81
49 88
39 75
42 80
36 90
52 70
43 85
38 88
55 74
48 80
41 70
36 83
44 81
41 64
41 80
37 87
48 75
45 72
38 63
37 87
42 78
48 80
54 90
45 80
52 66
38 75
38 85
41 77
35 71
52 72
55 62
36 66
47 61
41 73
40 78
51 61
39 72
39 75
37 61
53 80
47 70
50 80
38 68
39 74
49 83
42 75
52 61
37 70
50 66
35 61
48 90
44 87
39 81
52 80
39 72
35 87
49 71
46 82
49 81
52 65
49 90
51 66
43 68
50 90
37 66
54 66
44 62
45 76
53 72
50 72
52 72
51 73
42 84
36 68
54 69
56 109
69 115
50 92
68 97
55 103
58 90
63 106
59 111
57 114
54 92
56 113
64 101
55 90
55 96
70 102
53 108
64 112
56 92
52 110
54 93
51 88
59 90
56 105
64 111
70 86
62 110
63 102
54 90
54 100
52 88
61 89
55 96
54 100
62 115
59 87
62 104
56 103
70 111
62 105
53 106
56 105
65 101
69 107
66 111
58 87
51 92
51 108
67 87
62 86
60 98
53 89
58 90
66 108
68 110
68 104
66 113
63 112
51 96
59 115
61 109
62 88
61 91
66 101
67 114
63 89
56 101
53 96
51 111
70 104
53 97
67 88
67 96
59 105
69 101
60 112
60 106
68 92
64 108
53 114
67 90
63 86
60 94
62 96
61 99
55 108
52 89
61 88
56 109
65 90
64 95
60 104
54 115
50 108
67 100
54 97
68 110
59 92
58 106
64 91
58 100
61 115
66 108
56 87
68 107
52 111
51 94
64 87
66 88
51 115
66 100
50 89
70 105
67 93
57 113
54 98
53 97
50 113
62 96
68 104
55 91
68 89
60 107
60 106
50 114
65 96
62 112
56 105
51 109
62 109
59 93
70 115
56 100
58 108
56 111
52 112
52 106
64 96
58 86
65 91
60 102
52 95
70 115
56 110
57 109
57 97
62 107
54 105
55 92
61 85
65 104
70 85
62 108
55 104
63 96
55 107
55 95
69 92
62 111
53 85
69 101
61 102
64 109
55 95
55 99
57 115
56 89
65 96
63 92
65 104
69 107
54 96
51 94
56 94
54 99
58 107
66 105
62 88
62 97
57 94
58 106
64 113
64 89
59 102
57 88
60 110
67 98
54 108
66 103
60 109
67 91
50 114
65 106
51 89
52 97
69 111
68 104
51 108
67 110
66 86
57 99
54 104
69 113
50 101
66 93
59 101
55 108
53 89
66 99
51 97
59 106
56 112
58 110
64 85
62 114
54 98
62 109
51 89
63 93
70 90
59 115
70 111
65 88
62 85
54 91
56 97
59 101
68 88
67 111
69 110
67 86
57 87
59 91
65 99
57 110
58 111
51 93
58 96
56 105
53 111
58 105
51 104
50 99
63 96
54 109
54 115
62 98
58 103
68 88
50 113
67 105
84 127
74 122
74 117
68 115
66 134
65 116
71 136
83 112
82 138
74 119
65 126
75 134
66 117
74 114
74 133
68 135
85 127
75 113
70 114
65 133
67 110
72 116
84 127
71 138
67 140
77 117
80 137
74 127
70 135
78 115
65 120
83 133
71 115
73 129
83 112
81 111
70 118
70 135
70 121
82 115
68 140
73 133
72 120
77 138
77 139
67 127
82 110
75 114
67 114
76 119
66 112
82 115
73 123
73 110
73 131
82 140
73 127
73 123
82 140
68 139
84 119
81 113
85 133
78 121
84 138
84 113
73 136
67 115
77 116
70 140
75 122
73 122
68 126
76 133
77 111
68 120
83 115
65 128
67 128
83 135
77 124
84 123
73 112
77 125
74 134
80 111
81 118
82 140
81 116
79 117
85 122
78 126
79 138
77 124
66 136
79 110
65 110
77 124
75 110
68 114
84 120
79 134
83 125
74 120
79 125
82 135
85 110
73 121
84 120
71 121
70 139
75 121
71 132
77 135
67 134
74 120
76 110
76 126
76 138
83 114
85 119
83 117
67 115
74 114
66 120
80 128
74 132
76 111
68 134
70 140
81 132
65 126
81 121
75 117
73 136
75 127
65 115
69 119
74 118
82 135
67 135
79 131
79 118
67 134
70 127
83 124
65 138
65 138
72 137
84 121
79 121
65 132
79 128
77 136
78 120
75 117
84 138
67 124
70 129
70 113
72 138
69 119
65 122
84 110
78 119
83 139
70 117
84 114
85 127
82 126
82 127
67 135
70 131
68 128
69 126
80 120
74 114
81 117
66 134
77 131
75 126
82 130
70 114
75 125
67 132
77 124
72 134
75 131
82 127
84 130
85 136
77 123
76 127
80 119
84 133
67 122
80 128
65 140
76 134
65 120
76 125
71 131
70 110
72 128
72 124
67 124
81 115
77 114
84 122
81 111
75 121
69 121
79 122
66 128
74 132
77 126
75 128
80 120
77 123
80 111
68 111
68 113
72 120
67 138
83 127
85 135
77 117
72 135
69 121
71 132
70 116
73 115
79 121
73 120
85 119
67 129
81 133
83 125
83 136
69 132
82 117
84 117
70 127
75 112
74 122
81 110
75 137
73 122
66 128
72 139
93 165
98 141
91 140
86 155
94 165
100 143
92 161
94 153
100 152
81 145
99 144
80 149
96 146
90 147
99 150
93 158
83 159
97 137
84 150
99 160
93 138
85 153
92 152
97 145
80 158
97 163
90 160
83 141
81 143
100 137
85 159
90 139
80 156
99 146
87 162
81 152
93 142
100 160
83 144
93 159
91 154
99 137
83 136
83 153
92 157
82 163
92 146
82 164
95 139
97 139
99 148
99 163
80 158
94 145
91 158
85 135
94 155
100 157
82 141
100 163
82 162
90 143
89 157
84 140
91 149
82 159
96 163
99 149
94 145
98 154
96 158
81 147
81 154
82 137
99 146
95 155
97 155
91 146
92 139
85 142
92 161
90 147
84 155
81 146
96 152
80 135
99 152
96 154
99 146
99 164
96 151
94 161
95 149
94 149
96 158
87 137
87 155
95 141
81 144
87 142
92 150
85 135
84 150
85 139
94 142
96 153
94 152
98 159
90 153
90 152
90 162
93 161
91 137
84 158
80 152
85 137
95 139
98 135
86 156
100 150
83 136
87 149
80 147
80 154
96 147
94 143
83 158
99 157
89 141
82 136
89 149
97 158
94 140
80 138
94 157
98 152
91 152
89 146
85 140
100 160
96 136
82 159
98 140
89 150
99 135
94 165
96 155
89 164
82 146
87 152
85 153
91 157
83 139
83 165
85 164
85 160
94 160
98 153
85 139
95 143
95 151
91 149
97 161
98 160
85 146
94 140
82 147
84 165
82 163
93 159
88 153
86 155
83 137
89 143
87 142
90 141
90 158
90 158
96 165
81 158
87 161
90 141
96 155
93 157
98 163
81 145
81 165
82 160
89 140
88 141
93 154
94 165
94 135
85 161
86 142
87 142
98 146
99 146
86 150
88 149
95 149
86 162
96 155
96 147
99 158
95 137
100 164
92 152
88 158
99 160
99 161
83 135
98 148
84 138
91 145
87 144
99 142
97 141
99 159
94 152
93 137
85 159
96 152
83 160
89 156
94 142
83 154
100 156
97 152
82 161
93 142
90 153
100 140
84 143
96 142
92 144
84 144
99 142
92 146
81 138
98 152
82 152
90 149
99 138
84 161
94 160
87 165
85 149
86 136
100 163
97 172
102 178
100 166
99 173
98 183
107 178
114 183
114 171
109 165
110 164
107 171
105 189
102 166
95 170
96 161
108 176
103 171
104 189
96 184
101 165
112 186
97 183
107 181
95 183
106 176
115 183
95 184
115 162
97 161
113 165
111 178
100 170
103 178
109 174
98 179
106 183
111 167
105 190
102 174
103 178
98 179
115 182
110 189
103 169
108 162
113 189
110 190
106 174
108 176
103 187
96 175
108 175
103 190
96 176
106 166
104 171
110 171
111 161
98 183
96 167
104 181
97 170
114 171
97 164
110 183
100 188
101 176
108 190
112 185
100 188
95 177
114 181
95 169
97 166
111 189
110 183
95 175
99 164
105 188
103 181
111 166
115 187
99 188
109 163
97 166
98 178
105 169
113 181
109 190
104 174
114 166
105 175
96 170
107 174
115 184
109 185
103 180
107 178
98 171
104 165
115 182
103 170
108 160
113 172
114 184
107 183
104 163
105 178
108 183
114 176
115 164
97 174
96 189
112 165
111 182
103 185
111 162
99 167
110 161
106 186
100 176
98 180
96 182
96 188
109 166
98 188
103 181
112 160
110 170
107 185
112 174
100 169
104 182
112 172
102 164
107 173
102 184
96 164
102 165
113 185
97 172
106 180
96 190
113 177
114 184
101 165
100 161
98 180
111 190
109 172
97 167
106 181
115 186
108 169
110 182
99 170
103 181
98 161
114 176
97 184
103 190
103 171
112 171
99 180
99 188
109 171
96 184
106 189
108 184
97 178
106 168
95 176
113 182
96 177
95 163
106 173
105 167
115 188
99 180
111 185
115 176
108 180
104 163
115 185
100 184
103 170
99 163
106 161
103 169
110 161
110 185
109 170
115 164
102 175
108 180
107 171
104 173
106 171
102 176
95 168
102 173
101 171
107 168
105 171
103 187
100 185
102 183
97 178
106 168
104 178
107 170
109 161
97 187
113 164
105 173
114 179
96 187
101 169
95 168
106 179
114 189
101 181
108 173
104 175
111 169
98 177
109 160
100 165
110 186
95 166
113 177
112 161
98 183
102 175
110 189
102 161
105 174
110 176
113 189
95 176
111 160
112 182
109 178
95 183
96 161
105 179
115 179
110 190
102 189
95 169
126 201
122 209
127 185
114 209
116 192
112 189
115 197
119 188
129 204
114 194
120 207
127 192
130 199
115 203
120 202
115 191
121 190
117 213
130 191
127 189
123 215
115 201
126 186
122 192
110 199
123 193
119 192
125 198
127 201
121 185
111 211
118 186
119 190
127 191
113 204
122 205
120 200
121 211
118 209
128 187
126 197
129 193
126 207
118 193
118 205
123 190
121 197
130 201
123 188
116 209
117 214
119 190
123 201
130 211
130 186
120 197
113 190
125 214
126 195
117 215
130 197
123 199
126 195
115 193
115 201
130 215
118 197
114 208
113 190
130 189
130 198
123 198
124 190
128 198
117 204
121 196
130 201
122 207
123 206
110 189
115 214
116 203
113 191
119 192
122 214
116 196
124 212
120 213
115 191
125 199
119 205
127 206
116 203
112 212
111 194
124 199
128 185
127 202
118 197
116 199
123 187
117 200
118 203
122 213
113 205
110 199
117 187
128 195
111 199
119 212
128 187
117 215
110 195
123 191
115 190
115 211
116 196
110 188
116 207
112 203
122 192
127 201
126 188
121 214
119 215
125 194
130 188
129 185
130 205
115 215
117 208
129 215
110 189
112 212
114 187
122 187
113 199
124 203
129 198
121 189
111 193
122 194
113 203
110 205
130 197
112 214
124 199
126 189
125 185
126 194
110 197
124 193
122 214
130 194
119 192
127 204
124 207
119 207
125 189
125 198
120 215
130 204
128 191
125 213
119 204
119 190
123 203
121 208
118 188
124 209
127 197
115 207
124 192
112 196
110 207
111 212
124 185
122 188
121 190
129 194
122 192
118 208
118 208
118 193
115 197
122 187
117 195
120 210
118 190
115 211
117 210
127 201
112 190
117 213
119 201
120 185
121 203
111 199
122 188
122 189
118 207
126 191
127 213
122 202
124 187
119 211
130 187
130 203
120 210
123 200
119 206
125 185
128 191
125 202
113 189
111 206
116 208
112 211
128 211
114 204
115 209
121 207
127 206
115 187
123 208
110 210
127 186
128 203
119 193
129 196
126 206
110 191
124 211
111 185
121 198
129 201
126 185
130 185
126 199
124 189
127 202
116 201
117 206
114 205
125 188
114 193
111 215
118 189
113 198
111 200
135 234
134 239
130 215
141 221
133 238
130 234
126 221
142 237
137 218
144 238
127 225
135 212
130 226
139 218
128 218
145 233
138 233
143 232
139 225
140 224
125 228
127 231
131 222
131 238
142 211
126 239
130 239
143 238
131 214
139 220
129 236
125 222
144 229
136 223
134 214
132 222
128 210
134 229
131 228
130 239
141 217
126 240
140 234
131 225
133 211
134 218
135 234
128 222
130 230
139 222
141 226
126 224
134 235
130 236
145 224
143 236
138 229
137 232
140 232
132 217
141 240
134 226
125 212
133 210
128 227
141 226
145 215
140 226
125 238
144 218
134 211
139 210
137 238
132 240
126 235
129 216
132 230
145 224
127 225
135 220
130 235
126 211
143 231
133 238
140 237
142 237
126 214
126 225
136 225
140 227
145 228
133 210
133 222
136 234
135 234
137 237
127 237
141 228
133 223
141 212
134 226
125 214
145 232
142 230
133 239
126 221
128 235
136 230
137 229
145 210
144 225
138 240
125 235
141 237
136 239
132 224
126 235
128 210
131 212
133 227
131 232
145 222
141 215
144 230
133 222
129 214
129 225
127 216
129 227
136 224
133 237
133 235
127 219
131 212
133 222
144 217
125 225
125 225
130 227
144 221
137 233
141 236
142 227
144 224
137 239
136 226
127 231
128 223
130 213
134 218
126 212
127 225
145 211
141 214
143 212
139 227
138 238
128 211
125 218
132 224
132 220
133 240
137 218
135 238
144 236
130 232
125 228
144 221
131 214
127 218
127 238
135 240
125 211
127 214
137 222
136 225
126 226
129 229
131 235
131 240
134 232
145 224
140 238
134 238
133 217
126 214
129 234
128 235
125 240
127 213
135 225
134 211
132 239
125 230
130 215
141 219
140 220
126 212
136 224
132 213
142 210
130 233
143 217
125 227
134 224
133 226
138 215
133 235
132 213
135 235
137 211
130 211
144 232
139 225
140 240
129 237
132 232
135 230
141 214
144 211
134 238
125 224
125 240
142 213
140 231
143 215
133 239
136 211
132 216
137 235
129 212
135 212
126 216
137 231
131 238
144 237
141 216
136 235
129 227
142 212
135 234
126 238
140 222
127 216
138 223
125 231
131 228
129 217
131 222
125 212
145 252
143 236
153 243
150 260
159 254
154 264
140 239
147 235
143 257
153 237
158 240
149 252
140 248
146 251
148 255
155 236
141 251
149 263
149 261
150 249
144 249
154 260
155 238
155 236
146 262
151 264
157 258
142 257
152 241
141 263
151 258
148 235
151 235
145 265
153 248
144 241
154 257
159 248
157 256
143 253
156 249
141 254
154 262
147 245
150 251
141 260
160 241
151 249
144 251
145 262
146 258
151 259
146 235
146 241
158 254
141 242
142 241
143 241
146 237
160 239
155 257
156 260
147 255
140 265
159 255
144 239
154 261
143 257
160 236
160 249
155 253
148 253
143 248
151 261
160 241
140 236
147 259
145 258
159 236
143 254
149 247
140 235
140 251
160 236
148 251
155 238
160 238
156 261
151 246
145 263
153 251
141 248
158 259
152 254
149 258
151 249
158 261
157 245
150 237
154 262
154 257
158 252
148 253
152 241
160 265
145 248
140 236
149 257
150 263
149 251
149 251
152 256
147 244
159 258
142 243
154 260
158 251
147 257
141 258
159 235
151 265
148 240
148 242
144 255
152 240
153 254
150 235
144 236
151 242
152 252
153 243
145 246
152 255
150 261
144 263
148 236
149 242
142 259
150 265
151 247
156 252
159 258
144 242
140 259
141 249
143 260
152 253
160 249
156 239
153 252
153 236
153 260
156 257
157 253
157 263
142 257
149 264
154 264
141 241
145 253
140 265
152 244
153 251
155 260
157 264
146 253
147 262
152 240
151 261
145 237
154 253
156 241
146 241
153 253
160 259
146 235
141 249
151 243
148 235
140 250
150 244
154 261
140 247
155 254
150 252
154 236
142 246
143 252
156 242
153 264
151 240
153 254
157 239
144 251
145 262
147 235
148 236
145 243
144 257
157 257
157 246
155 244
156 261
144 243
153 261
144 264
153 237
153 253
158 247
152 244
159 235
154 244
158 238
152 249
157 244
153 265
155 259
149 245
142 265
160 252
147 259
154 258
158 265
147 265
160 243
154 251
156 249
142 241
145 245
150 242
157 256
151 241
147 247
157 264
148 239
141 238
157 263
151 254
158 237
147 242
155 258
152 252
146 251
160 256
144 246
147 247
150 235
147 247
154 236
146 257
23 34
18 40
24 30
11 26
24 11
13 39
16 22
5 39
17 15
7 30
10 23
19 24
10 25
18 35
9 13
19 29
5 19
16 24
12 12
16 25
10 31
21 36
25 38
15 38
16 16
10 25
23 25
17 11
23 32
22 25
22 17
24 28
20 27
18 19
9 39
8 29
5 16
8 27
17 11
12 12
6 37
23 36
13 23
24 19
14 28
9 35
9 31
7 17
15 21
22 36
22 18
5 33
20 35
18 24
20 31
12 11
12 37
17 36
16 31
22 21
7 35
8 40
25 24
6 32
22 31
5 11
19 37
10 22
7 40
17 25
18 16
16 14
25 21
16 22
14 13
13 16
10 35
22 19
18 21
16 10
19 21
6 40
15 31
18 37
5 14
12 20
6 34
14 21
21 21
13 11
9 21
21 17
10 20
15 21
11 21
9 30
13 20
7 10
14 40
12 29
22 12
24 20
12 20
21 36
9 21
9 12
22 12
16 32
15 32
20 11
25 19
18 36
6 17
7 26
10 26
21 16
23 11
22 19
5 14
9 40
18 38
13 10
12 19
12 17
23 31
14 40
22 36
25 25
18 24
9 17
12 13
23 24
17 35
10 22
8 34
18 19
21 21
8 26
22 10
21 26
10 39
14 27
8 18
23 37
13 39
17 31
25 23
20 12
8 34
7 14
12 33
5 14
17 30
6 31
12 20
7 16
5 31
17 40
20 30
21 27
13 37
18 28
21 20
23 25
8 11
8 29
17 11
12 36
7 20
15 16
9 31
5 36
22 11
8 16
22 29
17 17
8 39
14 33
14 20
21 19
8 35
22 10
23 28
20 22
16 20
13 25
16 39
20 18
20 12
25 29
18 14
18 12
17 26
18 18
12 10
14 14
8 24
5 27
13 39
24 37
22 23
14 14
15 29
18 16
22 32
19 18
25 26
8 37
12 13
13 37
7 31
6 35
23 11
10 11
21 15
25 13
13 18
22 37
12 26
5 25
25 34
14 11
5 12
11 19
10 11
23 15
11 12
17 34
24 16
11 37
23 30
6 36
16 11
25 30
11 31
22 32
17 34
24 31
22 30
20 40
21 13
13 22
14 40
7 13
19 36
23 20
14 36
18 20
18 36
18 21
30 36
20 60
35 60
29 54
20 50
29 37
34 53
35 55
34 48
28 51
20 57
35 58
40 36
26 49
38 36
29 42
27 61
25 61
23 52
29 65
37 64
37 50
31 46
33 65
25 62
28 36
21 45
32 37
29 59
29 39
36 42
31 61
23 45
39 56
26 36
28 59
21 53
33 48
34 47
34 56
40 59
22 59
21 45
37 48
30 43
34 62
22 61
23 50
36 43
28 64
25 57
22 41
21 64
34 40
36 64
32 49
25 47
31 61
25 65
35 58
32 58
37 55
28 41
35 57
40 41
22 56
40 44
26 39
36 50
33 51
24 36
22 40
36 40
36 37
20 42
31 42
35 49
23 51
25 63
20 37
40 60
24 64
23 52
35 45
27 46
27 48
28 59
39 58
20 52
21 36
39 55
29 58
39 38
31 54
26 47
24 36
32 47
40 41
35 36
31 64
40 43
29 56
23 63
29 64
36 41
39 39
20 40
24 58
33 36
39 40
25 36
20 48
24 39
28 43
30 65
37 49
33 51
35 42
27 50
34 59
31 65
37 48
35 56
26 44
33 50
23 35
22 53
30 61
38 62
23 59
33 43
37 38
21 45
38 40
32 47
31 47
21 60
33 49
25 61
20 39
21 39
33 58
20 46
30 45
37 55
26 39
29 43
32 57
32 49
37 44
21 57
24 39
31 48
35 64
34 43
31 51
34 37
36 37
22 60
31 57
38 48
25 44
37 64
35 42
26 62
28 40
34 40
26 37
27 63
39 59
34 36
31 51
27 48
38 48
30 61
25 52
22 61
30 63
25 61
23 41
31 52
37 40
40 55
29 44
20 41
22 56
32 44
38 39
37 56
24 61
21 55
30 58
36 41
20 43
21 56
29 56
33 59
35 65
23 65
36 64
25 43
34 43
28 59
32 40
22 64
30 65
22 45
24 36
38 43
34 49
27 57
27 38
22 63
28 62
22 42
26 35
38 44
22 35
25 52
26 51
29 38
26 36
34 39
25 62
31 45
25 43
39 48
36 49
33 46
24 40
22 35
21 38
26 44
21 44
36 42
36 44
21 40
30 58
29 44
40 53
31 62
36 55
37 40
27 53
30 45
20 37
40 61
32 51
21 42
36 65
54 77
52 82
45 75
45 88
54 60
53 72
46 66
51 62
37 60
48 84
49 71
39 77
44 61
52 68
42 86
35 77
55 71
35 60
55 80
42 79
52 68
41 73
52 90
46 84
39 63
46 68
46 71
40 76
42 86
40 77
46 87
53 87
53 70
51 63
39 80
50 78
39 81
40 68
54 73
53 76
51 77
52 88
55 77
36 68
36 64
54 87
42 85
54 67
46 78
55 63
50 89
47 61
47 79
53 64
46 69
44 77
53 73
43 82
37 85
36 68
46 79
47 87
45 86
53 75
37 70
49 78
43 65
48 83
35 87
40 85
37 77
48 87
52 83
50 88
40 73
36 73
46 65
44 73
36 68
55 69
36 70
51 82
52 71
41 68
52 71
40 68
40 69
52 86
51 80
55 74
37 86
49 90
46 61
45 86
43 66
46 84
54 89
52 90
50 90
44 73
48 63
43 65
42 83
53 69
46 81
35 70
50 75
38 73
49 80
49 82
36 71
43 67
44 90
48 77
40 68
46 64
47 80
51 82
54 68
55 82
41 80
55 73
47 66
37 77
47 62
38 77
53 81
46 80
51 86
41 77
35 65
54 73
46 90
42 64
35 62
49 64
38 83
38 81
48 69
54 83
53 72
51 82
46 88
53 82
38 77
39 83
51 88
47 74
45 66
46 60
37 69
50 87
50 76
52 88
55 83
43 64
48 86
43 68
41 66
42 72
39 65
47 72
43 67
55 84
54 69
39 80
45 85
37 77
48 61
42 63
45 62
42 87
53 62
38 74
49 61
46 87
51 88
48 66
35 90
54 77
53 82
52 86
35 81
44 82
50 84
38 75
42 61
40 79
35 74
39 67
48 87
44 79
49 69
46 86
44 82
47 76
43 76
46 83
38 79
55 86
46 66
54 66
43 79
35 66
42 84
55 74
53 74
40 69
40 85
37 87
36 74
53 86
51 79
49 62
38 61
48 77
46 64
43 72
45 72
39 84
44 87
48 80
44 70
48 87
47 60
38 79
39 62
52 70
39 61
51 86
54 67
50 65
51 90
40 62
43 60
54 74
43 63
55 60
43 60
41 75
40 79
44 73
42 75
38 69
48 62
47 74
38 72
51 78
42 63
55 80
55 101
60 111
58 89
57 113
69 105
63 88
68 95
59 110
54 92
61 91
59 88
53 99
56 89
56 110
67 104
54 91
51 101
62 104
69 108
52 110
57 110
69 103
63 97
54 115
66 98
60 109
65 107
62 115
62 91
61 86
69 92
58 113
57 88
55 98
65 85
50 91
70 86
52 114
52 87
57 114
51 115
68 115
59 112
62 97
52 105
55 111
65 102
68 103
62 91
55 98
56 89
54 114
52 96
64 102
64 104
69 111
64 90
57 89
51 104
51 87
69 113
51 88
68 105
63 115
67 103
62 85
51 86
54 111
52 107
54 108
65 111
57 110
66 96
61 115
59 99
69 91
66 114
69 107
66 112
69 95
57 88
64 89
56 87
60 100
62 93
50 86
65 110
64 115
67 110
55 90
64 112
59 103
51 102
70 94
65 113
55 111
56 110
56 89
63 111
64 103
58 108
60 88
67 99
63 108
56 114
67 98
67 88
53 103
59 90
61 88
67 99
53 87
63 112
60 87
53 106
57 107
64 91
64 85
68 112
51 108
70 100
68 104
70 87
60 93
70 87
60 94
64 91
64 104
50 100
57 106
54 91
63 102
58 90
56 112
58 91
55 109
51 106
70 94
70 101
57 113
57 110
62 115
58 98
53 86
56 90
58 85
54 87
56 105
53 88
64 92
65 90
63 114
68 92
64 100
69 105
65 91
66 101
52 97
59 106
57 107
65 88
55 90
63 93
57 95
67 96
51 101
68 99
53 93
54 102
60 97
64 88
54 103
59 107
60 99
59 95
63 91
58 111
69 101
52 89
61 95
54 94
56 111
54 91
63 95
52 108
56 114
56 90
52 95
63 98
63 90
54 113
55 87
70 104
59 110
57 95
69 89
58 112
57 91
60 113
67 110
50 88
55 96
59 89
70 89
69 98
52 92
64 104
61 88
58 111
64 113
66 113
52 106
65 114
64 109
54 96
64 99
59 91
57 109
55 101
67 110
67 89
51 94
54 92
51 115
61 90
53 88
55 113
58 107
60 103
70 104
57 114
67 96
59 111
59 97
58 113
63 93
54 88
61 108
54 109
67 93
55 101
70 114
52 85
55 89
54 87
53 99
65 107
53 85
50 113
65 111
81 124
72 134
84 128
68 134
72 114
81 118
82 119
83 110
85 134
73 135
69 134
76 132
75 112
85 140
66 140
79 131
82 137
79 137
81 139
82 132
78 127
76 133
72 114
71 113
72 132
71 132
67 115
71 138
71 113
83 114
81 129
69 124
75 117
71 134
76 136
69 118
79 123
77 116
65 127
66 122
73 116
80 131
66 127
85 126
70 120
77 130
71 123
74 119
75 119
82 136
80 126
69 123
76 140
70 121
75 137
79 135
76 137
71 119
73 138
80 139
65 125
74 113
65 128
81 128
76 120
74 138
74 123
76 132
70 139
73 140
65 134
75 134
74 113
85 139
83 136
70 117
65 122
85 116
73 130
72 135
69 113
66 134
72 111
74 140
70 124
69 129
81 126
78 135
71 122
82 129
70 129
82 126
78 115
68 110
73 123
84 130
71 124
85 111
72 135
65 118
67 135
79 123
79 116
85 138
81 138
65 133
80 119
67 124
73 140
69 112
79 114
69 138
83 111
73 139
75 135
78 111
77 114
72 137
73 127
68 136
83 116
66 138
80 137
81 136
72 134
82 114
65 129
83 124
85 136
84 126
78 130
85 116
80 136
71 140
74 132
68 135
71 120
80 119
71 111
68 137
71 113
75 132
83 139
85 121
76 124
69 120
71 118
67 133
72 125
84 123
80 122
84 110
69 138
85 133
85 124
85 132
85 126
74 116
81 125
77 113
69 118
69 110
81 136
70 127
80 121
80 125
68 115
72 119
67 134
77 111
72 129
70 131
82 112
66 124
66 121
80 121
71 139
75 113
70 139
65 112
81 130
69 138
71 140
67 136
80 115
73 137
67 126
71 135
69 121
74 110
83 134
71 116
84 127
66 122
73 140
85 132
80 139
85 122
77 132
72 127
80 112
71 127
67 137
80 111
82 127
74 135
68 119
81 111
73 120
67 118
84 136
84 135
68 126
77 128
83 122
65 110
73 123
70 139
82 136
80 125
85 138
70 132
82 119
85 138
82 111
85 137
85 112
70 129
77 135
80 133
75 118
82 126
82 118
68 139
83 120
67 122
66 130
78 120
72 132
65 125
75 123
78 126
79 138
73 110
74 118
77 134
76 121
77 113
73 129
82 129
89 148
80 138
85 135
83 164
83 156
92 148
81 156
80 151
99 136
100 142
85 141
81 155
97 142
100 137
83 160
91 158
93 154
98 141
80 142
86 144
84 151
93 165
97 152
98 157
96 164
98 160
85 164
94 153
89 142
87 164
88 143
80 137
82 148
93 147
99 146
81 151
93 143
86 163
83 164
100 145
99 152
99 161
95 151
84 153
81 135
92 153
82 141
84 164
89 160
83 142
94 164
87 164
97 140
92 164
93 148
96 162
88 145
94 148
81 137
80 148
84 150
88 141
81 154
86 141
89 148
93 152
90 138
87 149
90 142
83 145
89 151
93 150
90 159
94 151
100 160
91 161
84 162
85 160
87 138
93 163
97 146
96 161
82 159
91 155
99 151
93 151
91 165
100 159
87 160
89 153
88 140
85 161
94 145
94 150
98 153
94 163
89 156
97 143
89 164
81 145
80 157
90 148
96 157
86 149
82 146
87 137
90 144
99 153
99 149
82 136
97 144
85 160
82 155
93 146
88 161
94 163
83 147
93 143
88 148
100 151
92 154
97 145
94 147
84 152
85 159
83 160
99 150
82 165
89 153
87 153
84 164
80 135
98 156
84 145
92 160
95 161
85 148
82 144
82 162
87 155
88 145
84 156
100 164
83 160
98 164
80 165
85 158
87 138
93 139
87 150
93 141
85 145
90 148
94 145
91 147
97 162
91 144
100 149
85 138
92 160
90 151
81 159
92 155
94 157
80 140
88 155
81 149
85 162
98 149
81 138
98 139
82 151
97 148
93 154
81 139
81 150
95 138
81 162
92 138
89 149
94 155
99 151
85 163
83 163
99 153
86 142
80 164
80 136
87 153
97 162
95 163
97 145
98 152
94 154
89 156
95 160
96 136
97 147
95 155
81 145
100 143
87 159
90 139
96 148
96 145
80 147
84 151
96 138
91 160
88 156
90 155
80 158
94 156
83 153
92 145
98 149
88 144
88 156
88 165
91 140
91 146
91 148
86 139
95 164
94 141
94 146
100 135
88 150
87 138
98 165
92 160
87 135
96 155
93 152
96 160
86 161
93 139
98 136
80 158
93 138
90 151
97 155
95 150
80 138
92 137
98 137
88 148
80 135
95 156
86 154
108 162
107 178
99 179
96 170
112 174
112 163
111 184
108 172
109 184
104 186
99 175
99 181
101 186
110 188
108 161
103 190
103 184
105 165
100 163
109 181
97 185
100 175
115 175
98 188
100 169
109 160
111 176
97 179
115 167
113 187
108 188
111 169
95 169
103 161
110 187
100 188
103 172
104 170
98 164
113 160
96 186
113 162
101 179
109 180
105 162
110 161
109 166
95 177
107 184
114 187
101 165
112 170
105 162
114 171
111 181
96 176
99 170
105 183
108 167
106 181
108 182
98 167
107 189
111 174
103 169
100 169
110 190
100 190
102 164
111 164
112 180
112 168
105 163
101 184
103 168
95 176
113 162
97 188
100 172
105 180
106 177
99 162
110 175
101 176
105 170
95 171
108 165
97 186
98 175
95 175
95 190
103 182
99 181
100 160
102 185
111 181
103 176
113 185
101 181
115 175
96 187
115 187
112 168
108 168
100 167
102 175
110 184
98 165
98 185
97 175
95 182
99 189
111 186
101 164
97 190
111 175
99 169
110 185
108 189
112 170
114 185
98 169
111 160
103 160
105 177
102 169
100 176
108 174
105 187
95 185
95 162
105 181
101 178
98 189
105 177
110 180
114 160
113 187
115 172
104 181
106 169
110 166
99 165
110 163
97 163
96 186
101 165
100 174
109 160
102 165
98 178
103 186
112 183
108 176
101 177
95 162
110 163
105 176
114 185
103 167
110 175
95 160
113 175
106 166
106 186
106 188
112 165
108 187
115 171
99 190
98 176
115 180
108 167
108 182
107 181
104 184
102 188
100 181
108 167
106 184
104 166
109 169
109 170
109 164
106 175
109 176
111 164
105 175
95 167
113 168
97 163
109 160
105 184
102 169
103 173
98 189
111 181
115 189
98 170
114 179
101 164
99 183
98 166
103 175
112 171
106 168
100 182
96 171
115 185
112 174
99 182
97 186
109 176
99 169
104 183
102 179
110 160
110 162
100 176
112 178
100 167
110 168
102 189
100 172
95 166
105 190
114 163
115 166
102 174
101 171
101 172
106 162
97 168
107 176
100 179
97 178
106 186
113 180
104 173
95 174
114 185
106 173
113 163
101 172
106 163
114 180
97 182
108 184
105 182
104 183
120 194
112 186
114 188
125 210
127 207
111 186
110 204
119 196
130 185
128 190
116 201
115 199
110 200
121 189
129 200
112 200
115 187
115 210
129 192
112 203
120 211
118 197
124 212
115 187
119 199
112 213
125 215
130 188
111 203
115 204
113 185
115 208
118 202
129 191
118 188
130 206
110 192
116 196
110 207
114 185
120 203
110 186
119 191
129 215
115 194
117 207
117 206
125 197
130 214
130 215
120 193
111 185
114 205
110 203
124 207
119 198
116 197
115 210
116 203
114 196
114 194
126 189
110 200
115 189
111 186
113 199
111 206
127 207
117 207
115 202
130 210
112 204
113 198
130 208
118 187
127 209
120 188
110 195
111 196
115 215
115 201
119 203
118 209
117 197
111 201
126 211
116 212
114 201
111 208
124 191
114 195
128 190
111 210
111 215
129 211
111 199
123 195
118 199
123 192
124 201
115 206
120 186
113 207
126 211
128 209
121 192
130 213
122 200
114 207
110 209
127 195
115 207
116 189
116 204
116 213
118 185
117 199
110 188
123 200
122 202
114 212
116 194
120 187
110 198
118 188
125 191
127 194
121 215
121 186
128 204
126 206
114 199
111 202
121 190
130 199
129 190
111 197
114 186
112 189
111 190
111 202
122 202
124 192
110 189
129 188
127 187
110 195
124 208
114 215
122 209
113 203
116 207
123 195
120 195
123 189
111 203
114 208
122 198
124 204
130 188
115 193
113 195
126 201
114 195
128 213
110 212
112 215
111 197
124 195
117 205
130 190
130 185
111 194
130 211
128 212
115 201
121 214
114 205
111 211
111 215
112 187
128 190
115 197
127 194
115 193
112 186
122 188
116 195
116 197
113 191
111 185
116 198
123 201
127 196
127 185
121 186
128 187
129 187
111 208
127 187
126 192
121 197
126 188
128 203
130 211
115 207
117 200
122 206
127 187
122 191
112 191
117 190
117 196
130 206
126 199
124 185
122 207
129 210
128 187
116 191
124 189
128 202
128 213
127 201
124 191
113 187
118 213
124 204
122 193
112 195
116 213
130 193
126 205
110 197
120 200
120 200
124 199
110 189
123 193
112 195
112 194
130 207
122 201
111 200
112 202
120 201
125 187
112 188
114 210
113 197
133 211
137 234
142 235
134 236
129 225
136 222
138 225
138 239
145 222
131 235
141 213
134 221
127 240
144 234
139 238
141 210
136 238
126 222
143 228
137 231
145 222
129 234
136 213
139 238
135 211
135 222
139 238
137 216
133 215
126 229
133 212
126 240
126 218
127 228
133 229
142 233
140 218
142 234
140 214
137 234
132 219
131 213
144 238
140 210
126 216
130 211
133 212
130 214
129 219
129 212
145 237
141 235
142 219
141 225
145 217
139 224
134 223
127 232
136 235
136 218
134 216
143 215
144 217
128 227
131 237
136 222
131 222
143 236
143 235
137 211
125 228
144 226
144 211
137 216
141 235
144 235
142 230
144 216
142 216
140 219
131 218
131 232
138 234
136 218
138 237
127 228
128 234
144 220
144 217
133 227
136 236
141 237
144 218
143 218
136 232
141 220
142 212
130 227
126 228
142 222
139 211
130 236
142 238
139 225
136 229
130 211
128 220
130 236
133 237
139 236
140 226
137 225
132 218
143 221
133 232
145 215
133 229
137 225
130 211
139 228
127 238
140 211
141 223
128 232
127 238
144 236
129 234
129 237
129 216
140 233
137 238
134 229
140 234
144 240
128 210
136 224
131 212
131 213
128 218
126 231
127 221
144 223
134 234
138 211
145 226
127 236
143 229
132 238
134 225
133 214
138 220
140 218
127 239
144 234
131 213
132 218
144 237
136 226
128 239
141 230
134 218
135 234
129 236
142 214
143 225
127 231
127 232
130 213
140 217
132 233
125 216
133 230
143 227
145 233
125 230
126 236
133 234
141 228
131 218
127 238
139 236
135 224
144 223
143 214
141 221
137 236
143 233
135 228
142 228
139 231
126 229
131 239
127 213
142 240
135 215
134 210
144 220
144 227
135 239
133 221
143 224
143 234
143 230
131 223
138 231
133 219
135 226
145 230
138 232
145 236
136 219
129 236
127 217
127 220
137 210
139 220
132 237
125 225
139 224
139 230
145 238
142 221
140 217
145 240
134 223
130 234
127 229
130 219
131 210
136 238
140 216
130 218
136 219
125 227
130 227
132 233
139 213
139 233
142 210
136 217
131 225
126 213
127 228
134 237
134 238
131 222
127 240
145 214
138 220
138 240
151 258
142 242
160 259
151 239
143 255
158 239
155 245
155 240
160 251
142 247
142 259
150 247
157 247
152 264
146 237
143 250
142 251
142 255
158 254
153 265
149 238
147 245
144 244
156 241
144 250
152 236
143 245
144 262
147 261
144 245
159 254
149 254
150 249
158 246
160 235
144 242
158 249
150 249
151 264
142 246
142 239
157 252
153 259
142 236
156 240
149 247
150 236
153 263
146 242
145 249
157 253
153 243
158 238
151 256
146 243
160 245
146 247
151 259
156 240
154 255
156 237
142 237
159 235
143 250
141 242
149 248
153 252
148 259
141 246
153 253
150 249
154 264
147 256
150 264
156 248
147 239
143 252
153 251
140 240
142 257
160 262
155 239
148 261
156 265
160 243
156 255
160 245
143 248
154 241
142 260
153 260
157 236
156 240
154 260
142 251
155 255
141 254
147 257
148 253
159 252
150 240
155 248
141 259
151 249
146 237
140 252
160 240
151 238
144 238
149 254
155 245
144 264
149 264
144 246
153 244
144 242
155 237
149 263
150 244
149 257
150 251
150 240
144 259
141 263
141 237
156 248
152 255
151 246
149 235
158 265
156 253
160 257
155 255
142 245
143 260
158 242
159 242
158 263
145 252
149 259
149 243
160 265
140 250
160 249
143 235
147 258
153 253
145 239
151 263
149 239
155 248
145 235
151 257
152 249
160 258
140 261
143 247
145 265
148 238
148 244
158 260
147 253
160 247
156 252
159 265
141 264
148 264
142 263
147 263
151 260
154 253
153 254
146 248
156 258
140 263
144 249
157 236
144 235
142 253
143 255
140 237
151 265
147 250
143 254
144 242
157 235
140 236
149 255
145 238
140 262
149 247
160 253
154 243
158 257
160 236
152 249
141 261
145 237
152 241
140 256
160 239
151 238
142 242
144 251
142 239
149 241
144 256
153 263
148 246
150 258
148 262
144 247
143 253
159 236
156 237
149 236
152 245
151 244
156 259
159 259
157 242
147 245
153 260
158 257
147 257
144 248
149 256
142 244
156 241
145 262
156 235
143 247
152 263
140 262
147 250
142 252
144 253
142 248
146 265
154 248
147 253
146 244
141 252
146 246
147 261
145 264
142 237
149 237
158 264
157 254
