4000 122043
1 33
19 68
100 90
1 45
93 38
83 58
89 39
65 91
23 8
64 60
91 80
31 30
1 1
83 94
42 90
62 95
30 91
36 17
39 35
24 26
35 100
59 54
53 88
66 88
82 84
17 92
18 98
52 29
72 97
34 18
59 93
24 30
4 85
58 82
25 26
96 22
41 91
13 64
61 65
15 98
28 75
3 44
97 80
29 27
85 90
39 69
90 73
66 80
26 38
81 7
42 58
61 89
39 12
94 45
26 29
20 95
10 88
95 26
71 23
34 85
28 43
81 67
57 14
83 27
90 48
81 91
78 1
82 90
46 54
90 65
97 88
73 80
92 8
93 67
53 6
29 97
83 87
95 78
46 29
9 76
75 36
87 38
69 65
13 47
80 82
46 45
84 93
42 70
40 70
6 67
75 6
19 65
38 33
31 71
1 43
27 32
64 61
30 43
9 73
9 66
72 7
5 60
33 45
15 67
49 78
86 2
95 15
32 65
32 31
41 95
92 40
6 18
27 32
12 56
70 16
7 14
57 52
53 60
48 35
48 22
10 78
74 92
18 38
47 10
4 62
18 80
73 93
19 22
99 23
81 65
79 87
70 81
37 77
12 83
85 47
38 54
49 36
79 62
69 70
80 18
19 8
60 62
37 35
46 40
71 17
6 50
4 5
79 21
10 61
3 91
26 42
19 38
76 82
43 31
17 99
31 43
12 10
41 91
50 16
62 84
74 7
28 54
32 65
62 35
91 88
68 11
99 89
91 23
46 24
67 58
22 92
17 32
78 19
58 26
14 23
100 88
15 27
69 27
30 8
24 87
71 17
7 1
94 76
46 98
1 31
62 74
76 92
12 92
3 16
77 7
74 76
28 74
5 12
57 40
89 9
47 99
24 2
88 97
90 73
21 78
6 6
11 64
89 61
36 77
69 41
2 83
87 16
83 19
70 9
17 75
59 57
92 77
23 27
52 32
37 74
24 9
14 5
65 17
87 100
68 20
41 75
12 27
95 93
97 86
68 18
83 1
96 84
43 72
22 49
85 8
16 1
28 7
95 23
4 61
15 35
15 15
58 95
1 50
50 33
79 55
17 76
8 89
71 31
40 2
11 20
59 4
63 62
76 76
75 20
1 13
43 95
68 94
13 40
37 39
64 31
32 9
72 40
11 66
75 80
93 40
95 73
42 80
72 46
42 47
97 92
86 80
56 61
6 86
87 81
57 93
85 40
3 8
16 33
7 70
94 61
27 52
17 25
8 22
2 79
92 96
9 35
97 73
11 41
21 26
33 11
26 71
52 34
56 2
37 88
78 66
49 94
31 12
19 97
72 91
72 58
68 41
58 23
80 18
73 78
44 3
36 62
9 70
98 11
52 94
15 91
92 71
30 97
84 16
99 45
31 75
27 63
59 31
79 99
37 56
79 56
12 62
62 78
83 41
19 63
98 66
12 6
19 8
81 77
83 55
91 99
4 35
50 95
48 21
83 52
22 72
43 75
71 66
31 41
92 37
74 59
97 32
35 60
3 56
32 99
86 56
85 30
58 61
44 86
64 29
46 68
75 41
27 90
60 46
57 81
45 4
9 11
20 39
64 64
89 87
2 93
6 62
93 73
51 39
53 34
27 77
25 62
47 60
49 42
7 3
90 49
22 100
3 86
25 8
24 55
87 84
10 63
61 37
96 96
53 48
76 17
42 64
27 40
2 58
1 61
35 72
98 13
61 71
55 10
13 76
50 9
8 54
18 89
94 82
59 44
22 74
72 58
35 6
20 34
21 99
41 60
10 82
94 50
95 45
34 41
70 57
81 80
95 55
30 93
77 27
99 54
5 61
70 90
26 93
58 18
22 50
12 64
55 30
82 72
18 26
20 58
83 81
26 31
37 46
28 14
36 27
11 72
100 71
70 32
30 5
72 21
62 91
39 38
65 70
56 87
24 30
34 26
89 66
18 36
15 70
17 92
17 89
19 30
86 34
94 33
28 99
59 35
57 48
35 81
40 7
27 25
54 38
75 39
52 56
42 35
2 52
39 82
52 6
53 74
8 65
82 62
76 46
69 7
20 99
93 67
76 93
96 80
26 45
64 58
65 15
93 14
80 1
81 3
63 96
17 34
26 87
91 46
75 21
35 35
25 26
67 79
61 59
30 63
93 17
12 66
71 50
46 20
50 99
23 55
51 45
9 63
4 17
26 90
29 69
75 67
18 56
4 61
70 99
96 100
20 70
35 13
40 66
51 71
67 68
2 13
68 56
45 54
92 58
94 76
79 88
68 84
12 54
39 99
97 98
4 70
50 64
68 47
50 41
51 63
90 2
100 85
11 77
45 70
77 26
39 46
19 36
47 34
94 58
41 34
94 33
65 80
75 99
33 50
16 50
93 66
86 62
35 5
37 71
78 72
80 81
15 11
97 55
92 86
53 9
94 52
47 56
54 24
13 99
96 48
4 38
2 52
47 85
14 15
46 21
76 10
4 12
16 8
74 43
98 69
56 94
67 28
62 48
82 92
51 29
29 49
27 9
36 43
15 6
63 79
65 14
95 38
78 41
62 68
38 23
82 49
55 71
84 30
36 73
67 21
32 78
39 10
20 72
30 14
5 76
17 44
5 23
8 87
84 52
78 18
57 8
40 45
96 97
71 7
73 88
46 25
99 56
99 48
34 19
14 13
62 26
98 32
60 50
91 67
59 51
97 72
72 67
65 22
32 54
59 91
83 42
63 83
50 53
2 66
93 96
54 28
70 9
49 18
13 15
54 60
79 87
22 74
45 56
74 83
92 80
17 95
72 60
42 87
68 42
57 78
7 51
81 20
54 62
66 100
71 38
65 12
14 24
94 4
29 33
46 77
53 95
64 27
8 59
54 99
65 92
52 54
7 26
87 100
1 23
71 92
40 12
31 62
92 65
84 19
4 96
35 97
52 66
27 7
77 35
19 7
83 85
83 86
99 26
89 98
49 85
21 63
53 9
62 60
67 19
33 94
7 88
71 65
96 20
67 46
24 63
13 11
18 51
82 88
51 62
70 26
52 32
90 25
100 87
96 48
25 96
56 34
30 44
28 61
34 41
6 31
99 19
17 77
41 16
49 45
57 74
89 52
70 59
61 82
2 12
36 29
93 75
61 99
6 93
41 46
79 97
29 55
5 8
48 99
62 95
55 22
18 24
13 78
96 46
69 62
60 25
72 93
76 48
90 21
99 53
10 88
47 51
97 72
78 16
87 66
46 68
34 89
27 69
67 78
94 22
81 80
54 7
38 49
41 31
59 99
30 94
19 79
39 6
34 2
66 77
52 52
40 23
35 53
64 29
35 20
56 66
76 53
6 13
31 13
17 25
57 17
40 52
63 75
5 40
17 67
2 92
2 59
2 7
28 61
68 37
95 81
8 92
21 95
85 29
100 22
31 93
14 74
70 52
21 50
100 27
88 81
72 1
39 49
74 33
88 29
26 21
29 50
63 34
83 85
60 15
79 58
39 53
51 18
93 33
44 93
20 37
94 76
97 3
21 43
74 36
65 39
68 23
33 28
85 33
52 3
85 1
68 78
17 77
54 53
88 27
16 3
93 85
12 80
7 4
67 17
99 60
32 76
47 18
13 93
14 60
6 32
91 3
5 12
9 2
35 87
100 56
28 38
81 62
96 59
100 80
54 98
60 49
67 55
38 77
97 34
70 9
22 77
16 63
87 85
28 81
3 41
54 40
20 65
66 20
60 43
38 33
64 80
91 18
85 3
76 24
57 29
42 86
18 26
61 92
50 87
5 12
12 48
29 24
85 74
7 58
29 56
90 23
19 58
47 10
27 99
67 43
69 18
1 27
82 5
55 55
80 60
36 46
8 94
99 76
2 17
68 88
89 61
17 48
10 57
73 63
45 72
66 85
14 48
14 49
78 28
16 87
18 61
89 27
44 10
54 86
48 84
24 65
43 60
18 94
23 26
22 10
84 36
91 96
22 36
17 93
97 2
53 47
52 38
56 47
51 75
5 6
75 34
39 35
74 54
85 42
63 49
18 77
2 78
77 48
83 25
32 5
92 34
53 37
20 32
87 96
6 74
19 67
63 12
49 33
36 60
85 38
70 42
71 48
27 85
43 30
87 40
23 86
95 28
91 29
78 32
97 2
47 34
53 17
88 88
20 87
89 10
50 88
89 15
90 87
78 88
72 40
21 91
21 73
24 28
93 22
60 68
29 2
63 41
22 80
29 34
99 52
58 69
50 28
21 99
84 53
92 57
8 38
58 90
38 84
50 18
87 73
87 38
96 52
91 41
26 77
16 90
79 50
27 65
4 5
21 36
5 52
75 96
41 78
77 24
50 23
85 52
36 44
79 24
48 92
57 23
7 10
98 43
66 43
57 37
18 42
1 47
100 45
77 31
58 36
90 80
26 49
45 60
76 69
74 100
35 100
53 46
89 41
66 49
79 10
44 97
86 36
83 13
19 92
78 13
12 36
20 15
15 64
47 31
98 90
62 55
56 53
57 99
11 50
21 47
65 87
80 91
22 93
16 31
9 73
31 80
5 63
86 21
75 39
32 31
59 72
62 90
84 76
99 65
79 90
15 37
43 61
64 25
49 49
13 53
93 90
60 37
32 19
7 53
7 67
82 60
20 60
62 72
90 59
30 9
34 18
54 97
62 51
55 11
69 80
70 23
86 42
26 42
7 96
12 33
9 24
66 67
25 22
45 100
64 83
3 64
59 88
6 44
18 88
7 37
70 48
11 77
67 73
2 66
17 82
73 91
83 77
37 93
86 62
72 35
18 1
19 80
77 84
79 51
26 42
97 63
100 25
11 83
22 56
7 20
74 67
83 79
24 39
99 89
27 30
39 73
53 52
85 18
45 16
71 91
91 6
14 63
33 20
9 30
67 80
49 1
81 20
1 57
37 45
18 82
72 43
55 45
89 13
100 26
85 47
14 6
97 40
37 23
76 40
70 95
95 95
49 7
52 26
18 33
99 95
30 55
56 57
4 98
14 24
52 73
26 40
57 29
18 87
58 59
65 58
36 19
58 11
98 30
37 27
95 55
15 63
60 21
1 51
55 75
60 99
37 97
68 80
56 38
73 72
95 19
77 85
19 66
96 25
81 10
36 50
46 71
10 64
44 6
49 20
24 40
47 78
26 60
32 68
16 17
83 70
96 78
52 35
41 33
45 7
88 61
87 87
60 69
47 81
87 90
66 95
6 79
75 86
34 74
13 69
48 9
28 44
42 53
66 74
23 21
22 62
54 23
69 91
31 77
49 29
69 63
6 16
95 58
95 22
89 36
63 74
77 43
85 13
14 60
69 75
29 71
53 72
7 14
40 91
51 53
93 3
6 85
57 83
68 40
91 10
21 3
67 49
70 53
62 55
84 22
93 25
35 68
89 97
13 16
66 45
37 25
81 30
23 12
84 34
27 3
12 47
46 60
56 45
48 11
59 19
24 20
28 33
63 91
83 33
68 23
13 95
27 87
25 7
21 29
94 26
67 68
42 32
12 74
36 73
55 38
48 48
80 97
42 6
36 44
92 12
59 2
73 20
25 93
81 13
8 53
3 95
44 12
53 12
58 40
91 74
63 83
34 11
71 7
25 25
16 95
90 29
37 19
42 81
14 88
10 99
88 6
32 55
3 30
99 32
67 27
9 68
98 79
47 24
50 25
34 22
90 87
8 26
58 93
66 80
41 90
65 45
69 74
84 1
69 9
26 65
27 27
31 43
59 75
97 33
7 67
26 21
86 61
95 37
68 1
51 100
4 35
55 59
82 55
6 17
5 90
48 33
15 36
3 20
46 8
64 60
88 93
88 95
24 37
45 85
53 26
64 26
61 81
21 51
47 79
29 89
99 16
25 5
11 83
9 42
21 89
17 49
35 63
58 49
11 37
2 15
8 1
67 72
8 73
89 55
24 88
64 14
89 39
38 23
18 33
86 47
54 34
5 25
73 41
77 70
1 9
26 18
92 47
61 90
98 68
90 77
41 30
96 83
15 33
51 65
5 77
87 73
19 13
91 39
45 74
82 2
92 5
52 74
48 73
51 78
93 28
71 12
14 43
33 18
61 34
32 28
70 64
14 19
36 4
43 56
42 40
89 65
20 73
85 38
1 6
69 41
74 67
42 35
17 75
88 51
44 51
73 51
27 24
63 64
63 89
71 97
44 65
6 46
74 70
43 89
56 23
18 49
13 100
69 17
2 66
73 85
100 44
72 82
38 3
88 100
66 37
31 94
76 64
37 10
15 31
76 69
57 2
41 49
69 55
73 76
80 100
13 6
97 27
6 23
27 21
59 67
76 19
70 37
16 12
2 40
64 25
71 86
71 88
76 24
92 55
73 5
1 60
91 50
96 86
38 14
30 49
13 23
21 7
57 12
1 84
35 89
85 80
57 37
75 38
5 35
82 12
55 89
17 40
78 90
12 11
95 60
89 9
40 81
16 96
4 72
41 72
79 72
27 58
63 59
55 47
18 64
35 15
55 6
60 13
82 1
44 71
42 62
46 75
16 29
98 73
46 10
3 17
34 5
55 46
29 6
39 91
36 9
35 94
7 30
65 99
47 56
2 41
5 59
86 88
17 88
61 30
78 59
96 59
39 39
40 69
50 5
56 2
27 84
56 62
67 15
60 36
51 32
8 76
6 62
67 60
58 100
51 71
21 28
91 4
5 68
49 86
29 94
92 76
84 31
36 75
9 26
30 87
37 67
13 84
15 26
5 54
25 14
92 37
100 64
63 52
83 5
1 20
70 54
9 40
8 33
37 68
69 27
59 16
44 95
26 88
77 75
53 46
76 10
97 55
44 2
33 77
45 40
24 47
76 53
28 22
59 22
84 78
9 60
47 40
49 62
23 86
52 46
73 27
66 22
3 9
88 78
1 78
4 81
57 83
9 18
11 13
93 2
29 44
21 29
89 48
54 84
97 55
41 94
82 93
45 9
36 95
66 70
90 100
60 41
93 22
69 74
70 14
77 51
78 33
69 54
77 64
52 18
72 99
1 90
70 91
74 59
88 20
70 69
77 39
97 54
30 86
88 52
89 56
59 81
60 32
29 55
64 64
57 86
22 48
97 57
53 47
57 94
14 78
42 98
16 87
7 51
63 71
38 100
83 1
92 4
6 5
11 65
95 73
77 55
11 6
64 64
2 14
51 77
33 84
79 4
47 31
63 69
18 7
87 38
73 1
77 38
16 44
88 65
85 76
37 92
85 73
38 22
93 37
50 2
31 71
61 23
56 52
45 94
50 23
90 52
36 49
55 79
100 68
31 21
83 34
63 26
46 36
84 47
13 2
79 19
14 50
59 84
93 39
83 9
45 73
65 92
60 46
12 17
4 8
96 73
100 8
40 80
33 94
45 96
90 81
16 17
5 19
45 32
60 10
6 93
35 35
96 58
12 71
86 3
78 30
94 4
48 28
23 18
29 2
60 81
53 88
95 4
70 65
45 79
77 12
67 37
61 70
88 9
78 53
65 77
84 82
78 12
56 8
68 27
22 8
45 40
83 43
78 26
42 23
43 4
83 18
76 57
90 13
94 88
61 11
67 95
39 44
61 90
41 12
19 45
20 71
94 51
13 48
42 87
90 29
90 59
8 23
51 50
29 20
37 28
67 26
12 1
66 91
22 33
80 27
87 98
19 72
62 70
16 75
60 94
56 25
50 44
87 3
45 38
95 84
47 65
11 32
85 27
59 55
52 95
4 71
79 77
97 45
68 71
72 63
86 26
57 81
79 37
88 75
86 100
15 16
54 1
49 100
81 7
28 85
80 79
19 4
46 9
94 48
87 31
5 54
49 24
88 74
91 56
94 61
35 57
89 73
56 92
19 83
48 27
59 86
74 6
78 55
55 83
42 28
1 69
93 8
50 8
79 57
80 82
87 60
45 73
34 34
36 11
77 31
13 19
15 89
48 86
58 79
8 88
86 16
14 32
9 12
73 90
56 40
2 72
7 98
96 12
57 16
78 33
95 90
16 53
51 90
24 44
22 35
92 17
24 64
14 94
42 76
54 20
94 28
80 87
99 44
79 61
15 98
27 26
91 31
82 86
26 12
100 61
41 26
11 27
13 93
49 37
84 68
20 32
2 60
42 18
15 43
59 75
19 50
62 32
26 80
22 39
85 27
99 14
13 7
61 90
13 60
6 82
14 61
58 87
86 21
64 57
36 99
52 18
91 82
26 82
85 55
16 93
77 42
26 80
27 72
89 34
26 68
62 91
60 65
28 28
55 8
74 59
38 54
26 57
87 42
15 33
47 47
72 68
13 99
59 53
32 9
77 58
17 87
97 22
34 44
54 59
61 78
21 94
5 76
51 59
98 75
42 82
18 4
74 17
67 62
96 75
14 2
44 81
9 17
73 19
71 60
64 25
99 77
60 14
89 33
85 19
74 98
35 80
8 38
39 96
45 84
91 99
15 5
61 22
88 20
1 100
66 80
48 97
21 94
71 7
50 7
19 20
12 89
19 62
44 36
30 2
15 88
58 90
25 82
75 5
30 8
96 94
38 29
28 84
7 59
78 13
13 54
33 56
64 92
72 44
71 4
9 28
63 42
85 60
21 1
50 61
85 60
87 33
49 9
58 5
9 39
98 67
76 24
72 79
68 29
71 60
1 80
82 16
28 1
25 14
57 20
58 8
72 59
46 100
37 43
31 17
24 13
1 97
63 24
39 56
73 92
33 79
47 35
35 33
17 39
20 88
36 93
54 50
6 20
84 1
11 54
66 10
33 67
38 77
37 89
100 47
8 88
89 20
34 63
88 88
65 85
42 34
97 95
37 43
87 86
33 38
19 59
62 50
86 86
81 35
1 57
58 77
13 13
99 92
44 9
81 3
70 31
31 53
86 52
75 50
66 5
96 5
92 11
98 23
85 34
28 51
49 70
93 21
16 71
34 84
80 9
81 7
27 69
76 55
69 50
14 54
60 44
87 60
27 3
45 81
19 94
79 12
54 57
31 59
30 55
49 17
63 61
99 85
79 21
49 13
26 86
44 77
96 69
17 96
93 100
81 2
97 47
94 21
25 23
64 69
79 4
56 83
96 75
6 72
83 89
64 76
71 78
42 33
2 36
49 32
39 13
20 81
28 43
44 22
2 91
9 97
93 90
17 52
7 81
23 63
17 16
84 66
19 39
12 36
1 14
63 38
92 38
49 60
56 10
16 12
12 80
87 13
71 46
8 54
92 37
53 34
23 30
14 14
47 18
25 17
62 97
37 83
96 97
41 40
80 56
50 40
49 36
72 97
66 91
56 69
47 59
82 58
91 86
65 50
45 93
91 99
27 87
37 82
91 10
35 49
4 45
3 89
21 61
27 42
10 95
64 49
31 76
32 24
77 14
77 45
8 92
38 11
65 79
4 40
79 50
45 34
5 79
27 37
68 31
22 21
34 5
14 41
55 30
25 91
78 90
99 23
67 89
57 29
87 56
58 51
91 77
91 53
12 91
63 89
69 94
21 85
26 38
99 21
4 60
2 3
28 66
12 51
91 13
92 44
67 91
69 14
88 30
71 21
48 51
56 12
92 42
81 55
69 52
46 71
57 97
99 94
96 45
76 86
7 74
83 53
85 88
97 50
73 5
96 78
59 90
93 98
68 63
36 79
91 19
71 74
89 82
70 36
34 25
79 94
14 79
100 67
48 8
1 60
22 87
47 10
56 71
65 80
79 64
77 75
10 3
36 61
27 68
6 99
63 98
33 41
88 51
47 37
81 42
12 7
94 14
91 31
4 57
61 28
26 10
46 27
83 2
14 43
68 62
17 26
92 88
81 92
68 44
91 95
33 52
90 82
37 56
41 74
54 14
16 20
17 48
16 16
3 32
95 67
73 14
65 81
27 7
60 17
63 17
59 100
23 75
8 30
49 83
78 31
68 10
74 44
75 57
2 11
39 86
42 18
18 88
82 73
74 10
38 31
25 20
7 13
27 64
61 75
47 86
32 77
28 46
15 34
47 92
82 77
61 100
19 58
46 9
39 59
30 26
60 25
97 10
52 100
67 7
45 92
81 31
86 16
70 35
56 39
88 78
8 20
49 57
57 65
41 45
75 18
94 95
65 64
33 82
72 58
78 38
79 67
4 35
5 84
45 52
50 78
87 12
57 4
21 87
84 73
95 14
50 12
96 49
91 23
54 64
14 55
87 67
34 94
52 22
56 53
41 84
39 99
15 25
42 40
47 15
55 69
16 9
93 9
72 32
48 90
64 19
49 21
78 9
67 5
5 56
74 60
69 34
43 68
30 15
89 21
79 92
24 28
90 84
26 40
66 3
43 47
39 47
52 69
29 92
90 68
59 21
21 76
80 19
73 45
62 67
79 33
79 65
29 76
71 94
2 96
28 17
86 64
2 17
57 25
5 20
7 72
82 37
73 5
1 91
11 51
13 77
31 34
86 79
2 61
56 74
3 33
97 59
47 20
54 1
25 3
88 39
12 73
45 30
20 57
36 70
59 96
98 42
67 34
39 23
20 87
68 82
19 40
5 2
70 50
75 16
9 21
28 73
57 52
33 25
28 16
19 3
97 2
11 49
57 33
99 14
66 22
59 65
47 72
64 93
65 17
71 26
52 32
28 41
67 55
71 40
16 62
25 51
68 81
82 48
16 25
87 19
1 29
34 16
43 20
70 30
8 32
52 92
49 2
16 35
36 17
77 69
87 37
33 70
39 18
43 21
83 83
4 91
53 37
29 6
68 84
69 53
51 32
71 67
49 46
17 38
41 6
64 7
94 40
60 39
97 54
9 65
98 57
97 34
42 80
40 29
19 63
1 63
43 20
67 17
69 98
31 88
95 85
55 86
15 57
33 54
49 7
49 91
89 45
53 43
77 49
8 80
22 48
79 32
78 46
22 93
95 69
70 3
85 99
40 9
81 41
33 5
48 25
78 50
29 38
41 4
69 78
99 1
94 19
64 49
66 17
14 16
46 37
12 53
68 53
60 93
45 7
68 59
8 36
85 3
20 54
36 84
92 34
93 53
66 15
21 31
14 97
12 83
90 85
50 47
52 91
70 26
82 51
51 67
99 27
63 89
44 23
19 56
61 41
37 41
34 4
78 9
2 8
79 40
90 61
69 60
90 85
86 19
88 19
49 20
70 73
59 24
36 3
13 58
4 76
1 17
33 40
69 24
13 51
22 25
71 70
64 94
43 2
52 21
14 60
93 28
66 61
57 82
11 35
27 1
45 22
97 38
56 61
46 29
75 30
45 21
66 89
65 14
82 92
5 59
13 85
51 16
16 34
49 39
63 74
19 61
1 55
47 13
87 84
13 57
20 37
57 53
76 50
62 38
61 25
42 10
6 17
78 85
50 91
69 51
56 37
47 65
65 41
12 97
44 93
39 70
8 70
62 33
55 35
90 13
66 43
20 19
92 28
81 76
20 57
7 53
51 36
20 63
53 66
90 19
85 19
73 54
46 24
12 21
86 44
58 48
53 30
92 12
36 85
55 72
12 63
43 21
53 36
76 55
54 70
96 81
66 24
62 39
57 65
73 10
3 51
75 8
92 28
94 30
55 83
63 36
100 83
6 19
34 50
53 100
95 89
18 20
25 53
92 12
30 40
62 48
2 12
34 21
5 60
89 96
40 93
16 74
31 68
92 80
91 28
37 37
88 60
9 3
98 75
96 25
81 12
52 77
70 84
72 91
45 7
77 66
86 78
45 89
34 36
19 27
49 88
80 77
37 98
25 92
23 40
18 90
86 92
24 51
3 10
91 51
64 98
43 2
6 76
47 66
34 34
49 3
83 2
73 93
57 5
32 29
69 69
37 16
83 5
38 4
60 6
27 63
66 22
97 83
23 51
99 9
15 61
71 90
78 85
3 58
95 34
1 77
72 99
33 25
76 79
75 9
23 27
40 77
17 62
80 2
38 94
50 95
80 4
20 47
23 40
36 60
51 75
43 60
24 75
85 32
32 64
35 32
11 94
98 85
31 66
86 97
96 93
46 78
56 38
26 30
100 87
3 23
26 6
72 86
35 47
53 84
46 94
9 73
92 12
14 7
40 74
81 5
15 2
20 77
100 52
89 93
7 88
2 78
31 52
31 62
86 9
63 67
65 45
49 55
60 3
48 62
86 3
7 96
93 39
41 40
32 77
44 26
95 15
9 82
15 11
81 61
62 17
12 56
89 34
5 29
77 62
29 59
86 85
92 63
48 88
37 36
80 7
6 75
39 14
11 59
36 89
76 74
25 25
53 33
76 28
36 28
100 95
61 82
42 75
44 85
54 74
26 3
87 10
100 88
34 36
54 72
81 48
95 52
17 27
69 33
100 32
94 41
49 44
37 17
85 55
48 31
73 52
16 62
54 5
63 17
78 20
41 45
39 91
2 96
93 78
66 70
37 75
44 24
27 52
31 1
87 8
32 77
56 3
26 70
31 64
41 38
31 93
11 63
36 42
47 72
32 48
87 73
92 12
80 91
75 89
28 66
80 21
47 93
44 27
33 77
10 61
21 98
25 22
100 51
23 46
18 51
65 73
11 72
61 26
43 76
93 73
100 85
74 52
48 27
77 6
5 67
41 17
7 99
67 29
28 10
5 70
98 76
14 82
97 81
30 66
40 23
24 98
9 38
86 67
67 25
93 67
47 27
40 74
69 88
98 30
62 71
86 90
15 2
24 43
99 67
57 29
17 67
50 51
83 32
16 45
26 57
39 98
56 61
84 7
5 78
83 70
88 76
55 54
48 4
36 56
36 71
87 26
12 5
96 61
25 44
30 29
40 27
23 70
69 55
8 66
21 99
30 25
46 55
87 52
54 67
44 21
43 80
22 85
45 23
77 11
37 30
22 79
67 60
93 42
5 85
24 38
75 64
44 12
78 43
23 67
32 19
65 65
9 44
43 24
60 25
33 87
72 4
99 51
8 56
41 58
6 16
28 7
22 83
3 22
14 58
27 1
98 42
8 38
48 38
42 17
37 100
85 67
63 47
3 60
29 60
19 32
26 49
3 23
15 95
55 43
25 89
46 14
19 7
86 84
88 37
30 32
70 22
11 92
28 34
77 78
51 50
86 50
56 36
25 84
88 23
21 93
51 36
86 17
81 82
51 73
79 33
17 82
87 91
94 79
71 93
15 51
12 62
49 93
17 73
78 57
3 35
94 14
23 22
74 41
79 97
62 58
3 72
100 71
73 1
83 6
77 48
75 50
68 7
84 35
99 85
7 29
5 27
2 21
44 45
85 9
4 45
23 29
53 42
90 36
16 8
23 34
4 86
79 69
71 78
20 10
9 77
26 12
65 23
31 98
99 52
43 72
45 7
1 76
43 42
17 8
35 33
71 41
43 57
2 39
54 75
94 94
61 19
10 53
47 14
4 16
94 61
50 10
78 44
98 2
39 45
93 51
73 87
42 82
24 72
43 64
13 92
32 48
20 75
78 66
14 46
18 79
20 89
10 4
71 54
14 82
26 11
5 86
36 74
21 20
59 76
42 48
14 13
19 46
51 53
60 26
74 13
97 13
9 35
52 57
94 67
99 32
96 59
66 5
40 65
19 30
61 21
52 8
2 30
80 47
81 74
68 27
50 25
1 14
77 30
72 30
66 96
55 41
76 67
54 21
27 60
86 94
95 21
40 72
56 40
45 73
51 49
30 52
41 85
11 35
81 60
87 3
9 18
76 19
52 60
100 83
47 100
64 80
3 90
100 81
44 78
84 15
19 7
93 3
36 29
48 89
64 84
53 76
2 29
91 51
6 96
28 40
77 96
52 16
19 63
84 35
97 88
21 63
13 39
89 25
83 49
93 50
27 79
43 67
21 68
31 38
42 49
19 20
94 69
96 90
18 52
37 47
79 5
37 59
81 1
66 33
36 99
44 36
19 60
37 79
87 38
24 7
16 18
15 34
28 23
86 32
98 20
24 62
58 94
11 10
64 38
40 42
55 60
91 69
82 60
75 79
73 58
75 8
93 98
66 79
70 98
63 50
3 77
1 54
51 60
83 29
66 38
86 10
79 64
36 97
74 88
65 2
12 3
41 57
79 87
39 77
26 88
28 6
14 91
83 81
38 68
77 80
74 74
45 27
19 48
55 34
19 5
91 58
81 93
64 55
57 36
50 42
78 56
11 12
2 95
28 67
93 40
20 32
65 76
23 3
55 28
38 63
87 56
66 83
78 19
17 94
4 11
55 6
45 52
69 53
37 38
34 19
46 33
10 63
78 45
16 32
16 96
49 49
59 89
96 89
64 3
67 24
97 82
41 58
77 35
51 77
20 24
21 74
70 8
84 51
44 29
76 88
21 13
82 36
42 22
50 83
51 30
97 84
4 40
47 81
18 37
92 77
80 99
63 69
53 40
58 43
30 100
20 87
58 43
40 89
15 27
21 98
6 64
63 9
61 7
34 99
13 85
80 83
7 24
34 44
15 33
2 52
10 83
35 98
35 88
3 4
36 80
85 69
51 88
39 20
31 49
68 24
82 96
63 47
82 44
34 87
72 41
12 95
53 26
29 83
3 35
19 52
1 32
9 99
81 12
61 39
94 97
46 48
92 21
100 20
79 92
6 53
1 24
40 26
92 50
36 63
42 30
27 82
20 31
93 69
17 1
3 79
12 44
98 48
17 77
94 39
83 87
88 17
57 33
87 12
68 51
59 68
5 15
68 83
19 66
37 27
28 73
13 14
82 74
71 93
12 85
13 17
28 97
65 8
52 43
71 99
100 70
46 24
49 80
71 100
90 44
65 32
25 30
1 87
14 79
41 6
46 77
48 65
80 22
2 9
34 28
47 25
13 28
90 43
14 59
31 45
26 69
93 31
95 58
60 42
63 23
59 43
24 59
42 71
23 2
75 53
12 69
74 72
72 76
60 48
44 23
61 19
76 79
21 53
14 57
89 10
61 58
59 33
36 26
93 32
61 93
21 54
39 8
73 21
10 96
53 66
55 17
36 64
45 96
50 75
47 57
60 70
8 69
70 67
1 40
82 70
96 19
13 9
55 93
68 94
24 8
50 16
80 64
100 39
70 20
93 20
88 48
83 77
52 4
76 25
75 60
64 97
96 78
65 67
88 69
6 73
17 84
42 85
93 36
14 79
43 11
39 45
73 48
2 31
60 11
73 40
35 1
55 30
37 48
89 45
74 75
61 7
91 12
54 39
12 97
60 31
98 10
99 96
94 60
49 14
26 21
20 19
64 62
22 98
85 38
51 82
79 71
1 21
93 66
71 58
14 52
87 29
9 2
38 51
41 59
68 13
63 90
75 11
74 42
99 89
64 56
48 68
11 48
54 67
53 6
22 44
65 50
50 68
73 40
11 9
51 81
98 60
30 79
14 94
71 57
66 16
65 75
49 79
67 89
9 92
19 89
32 92
47 20
79 90
22 94
87 31
98 54
84 84
14 93
24 47
34 24
77 48
23 15
45 71
82 67
75 72
18 67
98 16
76 39
42 6
8 24
78 19
92 17
90 54
44 64
62 25
55 22
60 38
63 56
73 10
20 30
81 44
57 53
66 1
12 33
78 46
5 83
61 39
61 81
18 76
84 85
94 5
46 75
6 99
90 27
79 41
32 71
60 45
76 8
8 9
1 2
36 83
37 80
44 70
77 37
80 43
6 95
31 58
39 33
68 50
56 19
10 14
100 45
12 71
76 66
63 29
41 68
32 49
24 67
53 49
1 76
7 52
46 5
46 50
65 2
88 83
24 43
96 24
99 80
51 2
55 33
51 81
38 85
92 64
95 51
14 21
23 58
100 97
97 30
14 90
19 98
52 48
23 3
70 42
15 70
50 69
33 70
55 89
33 69
8 89
7 89
33 44
66 40
4 45
78 45
30 93
43 28
53 39
26 17
41 59
56 41
32 1
92 39
45 25
75 64
86 41
11 97
50 21
37 37
7 78
63 63
7 34
10 77
37 17
76 27
76 98
39 37
8 97
30 86
71 5
67 37
88 75
4 100
33 76
43 71
33 45
62 20
38 50
86 35
39 36
30 8
93 75
23 36
21 99
37 51
97 51
58 39
47 99
46 24
46 28
5 76
60 86
52 61
14 4
49 54
80 40
89 1
87 91
39 88
70 39
57 95
6 24
9 65
12 95
38 51
4 35
45 91
51 70
41 85
82 25
42 58
70 92
26 52
64 93
43 90
62 2
12 96
52 81
61 1
10 19
98 8
65 28
21 56
1 20
31 32
69 61
80 59
71 32
55 51
19 46
93 22
64 46
24 69
1 86
27 92
13 19
4 21
71 34
15 41
96 5
4 10
56 98
66 48
29 61
71 90
8 90
43 15
83 37
11 70
55 15
44 7
60 77
71 94
64 14
61 96
1 77
33 75
92 55
24 61
39 25
10 52
16 82
54 22
85 21
68 68
81 65
97 91
24 88
3 98
12 31
19 44
59 60
19 28
84 91
87 72
90 70
43 80
81 86
24 58
54 1
35 52
67 65
13 77
6 46
82 78
25 25
58 22
14 4
17 31
81 82
5 81
78 82
48 64
58 2
63 54
16 31
90 19
11 97
39 70
45 68
74 27
9 13
3 27
93 7
93 55
41 99
34 76
87 87
22 84
57 33
92 87
56 36
75 49
57 16
13 33
56 79
81 40
23 54
22 82
49 22
3 88
78 62
27 3
3 3
87 16
89 9
70 85
77 34
99 5
60 54
21 1
25 83
68 18
75 80
17 89
60 24
15 78
50 16
99 10
36 13
58 1
90 97
44 48
32 49
46 12
8 80
39 79
79 3
30 86
12 61
27 24
85 25
89 74
53 78
87 27
76 41
93 86
56 63
52 26
44 90
15 68
24 27
68 73
82 37
98 6
84 13
94 60
64 35
85 29
92 70
100 47
42 29
33 18
95 95
73 29
31 29
2 26
63 8
9 83
32 63
75 20
87 6
68 39
63 93
92 83
54 17
38 86
84 69
61 79
41 11
79 10
75 98
16 89
46 34
8 34
65 94
81 47
1 94
29 28
17 27
44 15
80 27
58 55
29 32
74 21
82 35
59 12
27 98
45 42
19 94
10 13
71 61
5 51
77 51
33 6
48 33
30 20
23 91
32 53
90 98
15 1
10 15
16 48
83 42
8 48
24 81
99 35
40 46
76 26
27 15
57 24
72 40
58 41
14 30
52 23
31 13
96 65
62 34
10 62
92 6
80 79
19 26
62 67
36 29
96 77
46 72
84 14
77 48
20 14
67 66
19 97
87 66
28 80
86 44
69 7
35 80
61 25
67 94
75 77
37 50
46 8
31 1
60 90
3 100
96 30
63 12
86 64
43 94
24 98
95 77
34 52
3 28
65 3
47 70
90 57
12 31
45 41
25 70
41 78
64 6
91 87
59 74
50 71
19 67
96 18
70 78
53 98
57 42
89 71
79 74
45 43
34 30
61 26
4 84
88 81
57 56
66 48
73 96
99 1
89 97
19 72
33 4
43 24
36 74
31 73
84 80
99 4
75 65
9 1
39 81
91 70
99 40
49 7
92 41
69 6
45 24
62 70
74 55
1 17
50 92
52 28
45 59
35 73
13 54
100 95
22 53
69 61
17 42
47 48
67 13
57 38
17 19
51 17
99 61
4 45
34 89
34 93
3 48
60 54
42 45
41 81
50 75
41 84
42 87
42 67
61 41
38 10
55 36
34 95
38 78
56 27
86 75
34 88
90 51
50 28
85 82
63 3
18 40
1 75
9 2
36 52
57 64
78 73
39 68
7 77
81 17
72 9
40 21
83 64
83 14
82 65
76 96
33 88
74 1
69 82
26 55
34 93
6 43
32 42
68 40
95 72
87 21
5 14
28 60
28 71
54 93
12 93
90 74
23 32
64 68
51 27
58 83
20 83
80 99
48 3
26 59
60 15
71 11
17 79
95 31
54 76
50 96
22 78
38 63
23 48
90 60
15 69
9 40
95 54
46 11
28 79
89 26
84 31
32 44
68 37
63 53
37 36
31 29
52 78
59 67
94 48
54 5
68 2
13 31
