4000 60894
8 27
60 34
25 3
95 16
89 35
56 62
21 21
86 39
73 61
34 48
40 42
41 9
22 46
9 12
76 82
69 99
37 67
20 58
76 21
6 70
14 92
86 98
30 31
56 6
93 14
26 56
52 6
17 26
12 21
54 54
37 46
19 47
13 87
14 1
65 63
54 73
69 14
37 35
39 63
94 74
22 34
30 4
34 34
43 80
91 68
61 67
11 78
79 34
32 77
39 98
84 55
45 68
24 47
65 86
52 26
69 61
42 41
56 83
37 38
53 14
9 37
73 36
23 12
74 75
86 88
87 26
27 48
7 1
75 60
17 62
100 26
96 94
46 18
85 59
38 25
36 85
45 26
1 2
66 18
76 2
39 51
1 25
72 21
14 50
18 10
23 98
82 10
59 2
30 81
18 99
64 15
39 69
43 86
38 27
64 43
28 73
77 52
90 42
86 25
51 64
6 4
85 50
47 9
3 21
69 61
36 33
91 57
65 38
36 86
56 26
92 91
26 88
57 50
63 63
40 37
74 59
38 61
73 98
84 61
67 93
43 97
99 27
57 61
85 34
37 53
20 55
64 59
65 57
9 97
50 35
15 72
66 52
34 37
13 80
69 24
55 97
1 64
59 80
19 86
88 1
14 5
11 76
14 88
22 55
25 90
5 25
47 13
62 2
29 74
31 25
29 94
71 70
81 52
37 6
55 56
69 56
57 13
19 14
33 64
17 9
68 48
100 35
83 12
53 84
64 66
51 35
59 32
64 81
61 66
78 69
52 81
26 70
40 96
17 69
48 76
64 86
73 45
94 41
26 87
1 18
76 65
6 33
24 40
9 68
42 90
78 47
77 24
50 2
48 60
62 87
67 62
67 59
13 74
49 73
20 95
76 91
51 7
30 78
92 72
11 24
59 47
43 52
36 94
98 42
11 72
35 69
14 27
83 68
81 61
91 66
35 38
8 26
48 50
58 29
16 45
89 39
88 75
45 68
91 93
35 86
58 7
57 54
2 44
70 32
57 27
73 90
97 22
59 85
2 20
88 93
69 9
61 66
82 97
56 54
10 59
92 68
43 74
23 86
26 88
23 35
65 3
61 25
82 12
12 52
70 53
50 56
53 42
57 27
94 76
43 86
92 12
3 34
51 40
45 7
24 65
7 18
17 49
20 86
65 54
70 68
8 31
85 14
82 85
41 27
92 19
92 43
33 46
86 93
66 80
10 85
60 79
83 82
22 9
42 90
94 85
92 13
91 97
46 79
48 91
36 72
40 64
91 54
38 5
90 55
35 13
61 21
48 24
3 13
32 59
64 78
73 80
39 89
100 43
54 16
32 67
92 62
45 58
16 64
77 6
63 90
25 49
89 36
45 71
47 9
30 25
90 8
38 74
72 73
88 86
37 64
7 97
27 1
80 70
44 53
69 56
14 82
56 74
68 79
17 94
87 32
84 8
41 25
78 72
83 51
94 40
9 38
26 64
91 49
24 53
55 21
5 38
100 53
43 56
49 61
46 62
72 32
38 68
35 35
43 4
77 5
24 50
1 100
56 57
3 19
96 53
24 64
68 100
51 78
43 43
36 45
89 9
26 2
76 69
66 32
61 4
70 60
26 21
86 67
12 9
49 73
40 39
16 98
49 26
82 94
64 58
46 39
5 25
53 77
81 25
99 81
30 33
4 74
99 80
37 90
58 93
94 84
60 53
25 44
44 13
54 47
61 89
33 21
32 49
36 9
50 4
92 52
57 69
76 24
77 71
68 29
76 97
17 9
83 26
76 74
50 55
98 36
22 12
55 79
3 12
54 36
53 59
84 45
57 61
4 91
20 86
14 5
97 26
31 38
90 49
93 39
84 85
50 89
77 11
67 85
38 49
26 15
58 88
94 17
53 38
35 10
14 97
29 86
3 71
48 23
56 11
4 25
98 58
77 74
58 55
100 21
30 61
63 14
35 65
38 22
66 56
54 50
3 26
62 81
84 40
93 26
6 71
19 24
94 66
82 82
38 60
31 15
60 48
95 47
77 83
64 37
81 57
42 80
44 75
35 27
89 2
100 85
39 51
86 11
28 59
96 5
37 31
10 19
10 70
71 48
99 92
75 77
76 49
2 70
89 10
11 88
46 47
94 80
82 63
39 13
28 13
19 22
22 79
39 12
13 21
50 61
2 49
46 77
91 40
46 23
80 55
31 93
97 59
18 57
69 55
24 17
66 13
5 38
33 88
75 35
28 85
32 31
50 11
3 85
85 100
90 20
14 73
82 47
83 52
47 87
20 11
62 64
65 61
93 89
100 76
77 81
94 49
54 76
74 9
84 41
51 98
54 63
67 85
47 56
23 71
35 40
22 25
88 83
91 77
55 64
63 69
70 13
38 94
64 80
25 97
74 94
53 51
90 21
55 92
87 2
36 8
26 2
1 18
100 68
19 90
52 45
28 100
12 90
5 20
2 8
48 30
7 69
7 22
66 67
5 76
29 92
100 6
27 100
17 26
42 34
33 63
79 95
12 98
70 57
94 26
36 94
43 2
98 76
25 67
97 93
84 30
60 74
22 94
84 47
11 93
92 35
36 91
38 92
56 24
92 62
91 51
55 6
99 30
97 72
20 72
3 5
26 15
71 29
81 57
42 92
12 62
13 19
72 86
75 59
34 27
65 63
62 4
28 28
62 39
38 70
24 72
97 68
49 95
98 17
33 66
59 39
41 51
20 8
49 82
96 27
11 69
39 32
2 32
61 50
36 55
21 55
16 6
61 69
43 83
96 62
54 61
55 96
9 33
25 98
81 6
94 11
41 61
43 9
22 91
54 51
32 31
97 62
50 70
81 77
94 79
34 35
39 16
87 81
53 94
87 49
82 7
64 14
26 33
36 90
76 63
13 87
56 96
91 68
73 8
99 78
39 82
26 20
5 25
99 66
2 69
37 30
92 76
42 81
31 39
13 66
95 31
63 21
10 80
96 100
43 97
55 10
82 86
33 64
41 90
34 79
20 13
75 49
49 92
97 45
10 90
77 6
9 83
17 86
67 26
33 42
67 63
57 59
58 13
71 88
55 24
59 82
60 69
47 99
52 62
90 7
11 17
98 45
52 27
72 96
45 44
46 76
27 5
26 82
79 39
19 46
12 12
50 3
93 94
60 56
98 99
54 84
36 61
58 82
71 69
55 38
90 75
89 83
63 96
99 88
12 22
18 71
9 69
71 91
16 22
60 82
60 49
78 38
9 26
64 28
50 85
53 22
9 3
28 89
31 3
39 41
46 86
42 66
88 96
91 80
53 21
37 94
96 15
41 34
94 75
18 35
47 23
35 2
7 69
9 19
33 89
18 91
26 41
41 9
88 33
93 62
52 42
99 33
71 99
60 68
62 60
72 83
65 41
23 62
99 23
95 95
13 55
96 61
36 60
53 50
86 92
40 81
89 95
82 6
80 66
35 22
99 40
78 88
69 23
5 60
87 58
2 11
74 50
64 99
42 71
61 34
57 12
46 12
12 67
79 11
5 31
25 26
50 45
69 71
99 40
100 20
15 65
12 46
95 80
50 25
64 47
81 71
42 57
4 41
14 28
73 74
38 62
64 19
51 13
7 84
69 78
89 71
8 46
94 80
52 21
1 68
7 13
60 32
46 80
18 31
38 94
3 10
94 57
39 91
23 33
93 48
38 62
38 97
4 93
33 93
39 73
19 91
65 63
80 81
22 31
78 42
53 54
60 93
93 12
55 67
66 28
13 89
43 89
25 26
7 20
94 9
25 93
13 85
6 92
23 24
82 15
95 38
77 86
75 23
34 28
99 18
67 70
23 89
36 66
22 14
7 81
75 39
40 56
71 95
54 19
62 87
100 88
58 73
73 31
93 99
12 91
90 10
5 39
54 79
14 35
11 59
100 39
90 80
75 43
5 82
12 3
56 9
99 19
40 88
31 32
84 98
39 57
49 53
7 38
74 23
71 19
65 70
100 13
62 74
36 16
6 31
75 60
87 3
63 55
47 42
31 53
27 97
36 52
88 44
32 75
1 38
50 54
83 65
91 17
25 48
39 47
54 20
32 56
38 17
94 59
14 39
73 15
32 16
63 92
31 4
57 90
85 62
96 74
57 2
46 35
83 41
62 32
21 47
69 96
76 39
19 88
52 48
54 35
7 91
39 43
38 62
7 29
88 96
20 26
97 45
12 43
59 72
51 64
96 99
48 41
96 75
9 37
20 55
27 90
71 80
3 58
35 79
55 41
98 83
91 80
53 76
80 24
4 63
25 74
100 19
32 53
43 61
3 18
85 40
49 4
41 61
74 1
56 32
29 56
46 26
4 76
92 99
4 50
6 92
87 49
3 90
1 18
96 85
74 96
79 7
18 65
76 5
14 37
25 57
25 88
56 68
77 32
56 63
60 82
1 5
56 81
43 35
95 18
10 50
79 74
44 21
51 10
53 74
51 4
31 66
98 51
54 79
74 16
53 52
60 22
61 64
55 93
60 39
8 100
80 40
39 97
77 16
56 45
4 85
1 73
32 84
59 52
77 4
88 46
18 34
29 61
95 78
12 20
24 30
4 79
91 45
19 50
54 89
43 70
69 53
36 6
40 20
22 83
10 73
44 24
33 57
22 36
50 68
45 47
81 35
29 8
35 44
57 51
36 4
38 28
58 75
68 87
96 32
86 78
55 84
66 17
15 90
49 13
77 36
90 19
4 91
67 80
8 20
10 31
61 49
76 72
45 88
52 20
49 7
6 60
95 95
82 63
27 95
44 63
26 9
59 82
73 22
60 4
16 84
60 25
49 84
25 58
27 63
44 15
10 87
33 98
61 31
76 77
33 10
90 66
65 47
37 52
8 97
24 67
46 35
69 97
99 90
42 22
20 16
100 96
48 82
67 63
33 10
26 28
62 25
10 71
85 9
86 98
21 74
52 44
46 22
69 57
76 1
72 84
64 71
37 88
57 81
25 53
13 16
89 42
66 18
29 62
25 45
73 66
53 28
22 79
41 62
3 70
64 1
13 78
54 65
63 34
31 92
86 27
88 61
92 68
95 97
24 22
78 65
15 70
75 65
75 86
35 79
50 66
98 21
99 1
87 5
54 53
75 54
51 20
43 94
40 23
79 81
19 38
12 89
83 61
41 69
5 50
86 30
4 21
69 79
39 46
66 54
99 70
77 24
5 66
42 37
71 20
29 87
71 1
38 42
3 52
45 38
72 72
5 69
95 58
70 72
43 73
48 10
96 77
93 44
42 55
87 100
23 76
61 45
99 88
6 88
53 13
55 89
43 69
8 85
23 20
33 15
25 90
73 89
9 38
29 55
14 78
80 10
9 94
37 30
17 51
64 97
33 20
40 22
68 65
27 77
10 45
62 89
27 39
57 22
6 32
68 45
44 21
28 59
80 89
94 60
85 47
32 53
48 100
27 15
39 37
22 19
12 81
63 26
46 60
20 71
44 33
11 89
99 80
52 26
47 18
67 82
15 22
80 37
7 55
34 38
6 66
68 99
95 78
32 56
76 72
100 61
52 100
19 44
80 19
31 89
12 3
16 65
15 93
11 3
95 32
5 82
84 73
6 12
20 7
81 32
25 82
63 91
92 20
76 13
66 68
90 90
94 94
81 41
69 78
52 48
66 78
27 43
19 99
13 7
10 50
47 70
64 67
13 50
65 14
43 86
96 90
29 68
11 2
10 34
91 22
5 33
14 15
27 95
10 97
85 74
7 26
34 78
47 64
50 98
9 43
65 32
40 87
55 36
97 72
60 64
6 36
62 2
38 59
25 34
74 8
100 60
23 55
90 75
12 61
87 20
84 12
7 50
67 88
94 65
68 36
10 61
98 50
34 50
36 55
7 46
18 23
42 33
93 75
17 39
92 30
53 17
81 70
83 68
7 53
77 93
42 83
13 40
38 46
80 41
89 73
64 54
79 1
11 79
53 80
90 61
49 99
36 91
49 63
16 38
30 7
16 98
25 98
79 56
49 99
12 5
86 1
67 74
53 37
30 28
83 12
96 18
82 44
15 33
78 85
89 48
91 25
20 67
1 87
28 71
51 60
89 11
43 76
29 12
99 90
95 55
70 24
99 40
83 97
18 38
14 29
64 3
86 87
90 26
42 11
34 86
1 30
79 11
52 59
6 18
8 90
86 70
53 35
90 34
100 2
83 19
78 81
90 78
54 38
30 20
70 100
4 49
18 30
64 75
84 60
68 71
11 81
53 83
66 62
93 29
23 73
32 90
8 84
8 59
73 68
49 94
93 44
74 97
28 56
97 54
31 15
87 46
34 75
35 1
76 79
86 28
17 72
5 11
27 6
70 9
86 30
48 57
73 57
3 12
12 84
8 68
22 82
22 64
61 2
40 96
66 93
35 74
71 85
73 76
94 33
43 52
21 21
38 28
68 1
100 76
86 34
50 67
39 21
72 8
85 67
66 51
57 36
1 38
71 62
83 93
23 46
56 43
83 1
95 54
11 6
94 84
55 73
84 40
67 48
67 75
23 35
32 92
1 48
45 19
4 19
46 32
88 23
76 39
83 12
7 23
28 14
21 45
57 89
66 87
92 4
41 55
31 37
48 91
93 93
53 50
82 83
15 90
61 45
64 84
62 96
23 50
9 67
16 68
6 89
75 66
82 42
81 23
6 9
34 42
25 94
61 27
79 25
64 68
37 65
13 88
71 90
16 31
33 32
79 30
81 17
76 88
71 36
63 5
23 78
15 80
68 7
57 13
30 70
80 51
72 96
43 17
2 52
81 14
10 84
59 41
7 32
91 78
91 15
13 40
76 71
68 60
25 67
54 95
31 27
13 83
18 83
53 68
28 13
3 66
83 97
60 81
78 53
53 33
75 86
53 31
20 64
42 92
61 43
1 33
73 94
32 90
43 1
26 45
64 55
52 85
36 85
71 38
94 14
27 52
35 30
69 84
94 11
59 48
74 30
76 38
24 30
43 64
81 5
51 95
45 30
63 54
63 75
75 34
68 38
37 60
79 16
87 1
30 3
39 10
87 86
2 96
22 51
81 86
79 41
86 58
32 22
14 77
8 95
25 35
92 28
42 24
93 18
85 39
52 71
18 100
13 28
75 53
60 63
93 84
78 47
5 92
55 37
40 73
31 26
74 74
28 85
9 93
60 27
9 87
47 3
98 12
62 35
20 53
78 97
40 27
5 10
61 19
53 3
12 5
85 5
45 83
5 80
29 75
81 73
57 3
46 74
93 100
83 55
58 36
37 83
60 53
14 80
44 72
51 77
44 57
17 97
30 61
52 49
29 23
38 100
50 51
78 34
99 34
21 4
56 83
90 60
26 13
16 53
43 14
89 69
53 57
39 96
94 49
33 31
71 68
2 3
79 56
64 67
84 9
88 92
52 2
44 61
1 23
95 25
46 37
44 79
64 21
76 50
47 27
92 44
65 49
48 78
21 77
64 82
20 81
76 11
53 93
45 45
44 63
47 6
86 14
48 20
37 2
31 14
80 2
8 21
32 16
10 10
23 40
15 24
97 53
74 93
10 36
97 75
69 17
8 24
92 53
84 37
35 73
90 79
75 32
99 73
89 56
95 9
14 6
9 88
23 71
19 98
5 33
18 34
65 56
42 98
65 5
54 9
72 11
44 58
61 29
55 78
6 67
83 20
22 53
2 71
8 12
83 40
51 45
28 28
90 15
94 97
11 65
24 40
36 28
37 96
23 12
76 35
84 56
88 18
84 75
6 27
6 67
41 59
75 12
23 74
82 56
91 16
76 82
6 18
86 25
88 63
60 47
91 44
22 82
81 51
93 14
29 94
64 90
95 59
9 21
53 4
40 7
19 37
29 95
75 86
56 85
3 7
51 21
39 92
90 76
86 47
96 70
96 94
26 5
22 81
18 68
60 12
12 48
93 49
65 29
97 73
32 63
24 27
88 16
53 45
5 77
32 81
81 90
68 18
26 39
89 10
72 73
17 98
60 99
100 68
92 83
67 35
2 74
42 55
57 26
92 1
27 53
4 96
87 94
5 57
25 28
56 61
64 68
36 76
100 62
80 48
32 100
31 76
3 26
71 67
83 20
7 2
2 47
15 9
26 19
79 38
56 71
98 92
96 87
15 21
49 59
39 21
81 55
51 84
80 76
89 80
94 36
58 28
92 27
32 29
14 37
16 55
87 42
29 56
51 82
86 55
8 4
34 33
68 30
11 29
57 51
50 2
69 83
10 49
16 62
47 1
89 38
71 32
44 44
36 24
85 4
44 54
26 45
17 58
46 89
57 72
5 90
39 24
14 51
96 16
22 5
80 39
63 22
60 46
8 95
65 55
97 52
16 50
99 87
64 81
78 78
7 89
65 82
46 12
16 38
81 44
92 65
56 27
51 27
87 8
43 51
88 31
31 14
68 47
56 40
28 2
24 18
13 81
19 26
90 20
60 49
40 30
69 59
23 70
100 27
76 53
87 77
48 78
43 2
37 15
12 58
20 31
43 4
76 92
66 43
11 93
8 87
9 7
66 19
59 13
96 66
9 69
98 95
78 79
76 67
53 87
5 81
100 36
65 67
23 58
41 56
77 15
15 87
9 66
99 37
66 13
36 18
37 13
13 42
79 71
26 27
76 51
50 53
68 30
4 42
67 47
78 74
11 28
76 53
96 93
21 93
23 71
4 13
18 39
52 1
31 80
23 25
56 81
82 15
39 44
31 38
22 70
15 58
97 76
30 35
65 46
62 40
18 4
2 58
26 81
48 26
27 37
54 32
97 79
46 18
9 25
16 77
76 92
19 53
91 82
71 84
92 97
65 52
26 96
61 35
16 52
56 75
83 12
23 85
38 42
74 55
53 74
11 11
88 64
1 50
41 98
53 10
62 89
10 53
54 67
40 22
57 31
32 55
45 53
5 61
77 73
53 77
20 37
52 64
23 81
62 18
74 99
14 77
26 69
99 94
27 64
41 73
7 21
9 75
64 57
96 62
82 81
68 30
6 24
22 44
69 31
98 73
74 53
82 72
7 78
79 72
73 93
15 8
10 26
17 45
20 68
38 50
69 73
39 4
90 13
44 6
53 74
15 11
9 34
78 42
14 57
35 97
71 66
72 29
96 23
86 22
67 42
29 3
53 4
72 17
50 99
73 86
70 90
75 3
7 57
28 19
5 74
31 49
43 26
14 52
48 45
62 45
4 1
68 70
52 100
45 66
11 75
4 73
59 28
20 8
82 67
24 84
6 57
4 32
95 12
1 31
89 6
61 5
30 34
93 9
85 22
31 84
66 46
6 63
6 86
24 3
33 81
10 12
54 3
75 58
76 15
53 48
88 2
79 67
21 69
40 53
75 32
83 95
43 26
33 60
54 2
76 92
57 95
12 10
79 23
3 59
12 41
67 28
16 63
93 26
60 88
100 84
24 9
77 34
5 98
81 46
52 36
37 30
42 57
5 90
64 87
69 71
58 89
51 40
99 38
30 57
90 93
73 21
64 51
85 70
6 80
70 5
60 61
14 75
81 14
91 35
16 33
92 54
9 63
31 47
37 79
20 2
82 83
60 39
96 35
86 80
92 85
99 22
75 10
85 93
4 12
38 48
54 16
13 100
40 40
4 53
94 9
30 84
77 25
57 59
66 53
34 57
26 63
25 13
99 83
6 29
67 47
66 15
50 34
76 61
49 13
86 13
95 63
30 95
97 3
43 49
68 27
88 39
41 71
42 88
24 32
96 34
31 87
77 47
60 85
70 26
81 51
53 93
51 9
9 75
62 52
16 61
42 31
87 66
93 25
92 13
45 94
11 24
57 79
46 28
86 36
5 44
31 92
33 98
35 38
79 46
75 99
2 16
18 85
67 21
95 55
41 16
63 54
77 42
18 14
74 38
98 67
50 64
27 31
49 28
10 90
88 34
16 40
3 73
26 51
60 65
94 85
22 97
23 88
50 16
67 76
8 23
55 59
49 67
40 73
41 48
27 64
66 23
42 16
44 48
33 43
88 70
85 15
47 96
64 11
54 80
20 85
61 30
55 95
98 67
61 57
64 85
85 52
29 96
18 57
63 3
40 12
11 93
84 99
62 51
60 60
3 74
22 26
66 70
51 92
61 98
6 18
30 7
79 20
47 85
73 7
11 14
86 54
9 73
9 61
49 65
14 53
80 45
10 46
68 99
78 64
22 2
83 83
14 15
50 49
100 91
76 69
42 61
62 36
12 19
3 11
22 95
14 44
24 36
87 17
16 87
37 85
93 86
45 94
15 56
91 70
70 100
77 69
77 23
30 24
85 29
77 39
44 76
16 26
38 84
63 75
93 89
60 85
98 9
7 55
61 86
49 52
34 24
2 46
11 87
45 42
57 56
32 33
10 38
32 44
70 49
26 24
68 28
14 34
22 17
34 36
57 3
43 68
10 4
33 78
73 92
46 85
61 16
68 19
62 10
99 100
30 45
6 50
10 36
27 6
12 4
70 21
28 57
46 79
24 66
38 95
42 73
32 74
69 79
52 10
63 69
90 80
29 85
83 48
4 65
2 54
16 83
60 20
45 21
78 39
44 97
69 64
75 23
56 12
36 35
88 84
54 63
65 31
94 85
63 99
44 88
57 40
85 19
71 96
2 19
8 37
60 42
96 43
91 62
28 21
99 4
53 30
69 100
27 88
87 77
72 64
80 41
3 12
83 83
24 14
32 50
78 31
92 29
58 24
34 43
79 15
46 59
87 57
96 98
39 43
2 55
91 85
95 82
86 26
13 81
49 52
45 62
72 22
96 46
35 23
99 94
94 1
87 52
19 45
72 89
26 80
91 9
51 81
80 91
25 43
27 46
11 40
3 74
70 27
68 15
88 68
49 93
65 73
26 24
44 90
55 67
27 31
34 27
50 49
12 56
46 59
50 52
56 17
17 32
45 50
42 91
67 26
38 50
81 42
85 70
9 90
6 73
27 30
11 23
85 64
4 25
37 68
47 55
6 98
7 46
14 70
45 17
55 39
31 94
70 40
50 80
85 61
97 70
83 6
86 61
60 77
80 64
35 64
16 93
48 96
31 13
57 83
66 73
20 63
89 76
50 94
80 4
94 1
29 24
91 26
78 64
32 48
27 46
24 70
89 97
85 91
90 39
33 13
39 81
20 85
2 4
40 61
4 45
98 26
74 18
42 57
58 2
53 82
28 20
25 47
100 29
59 33
33 81
65 53
78 47
22 9
67 46
10 50
67 9
47 69
100 76
45 72
78 68
78 21
20 93
18 64
63 63
9 32
50 28
53 44
80 68
3 32
93 56
36 12
53 9
66 73
77 68
62 10
71 54
4 39
86 8
22 34
62 23
70 89
39 86
92 69
43 97
57 84
53 71
10 57
3 4
52 46
6 28
32 72
81 18
25 20
49 87
95 80
34 3
50 67
48 75
65 70
4 50
92 30
100 33
56 58
9 3
76 52
17 19
79 8
32 91
54 27
1 94
93 13
76 67
91 31
36 34
18 63
47 14
88 4
79 19
49 18
91 1
84 98
32 41
24 18
9 69
32 79
18 49
94 24
33 45
65 24
58 45
36 94
8 5
10 30
92 3
17 7
85 81
60 22
47 67
16 23
14 100
99 60
61 88
89 66
89 90
48 73
58 80
87 56
88 76
37 50
35 25
30 76
72 47
18 17
53 45
80 67
49 95
71 93
25 42
81 92
87 68
83 87
17 37
47 73
92 16
60 40
63 79
28 48
19 13
61 97
96 23
32 12
60 56
8 62
72 77
100 98
55 34
82 8
87 5
94 9
70 57
73 81
24 36
41 55
91 97
76 80
21 21
91 43
46 24
97 15
24 34
85 92
79 1
92 23
31 64
22 68
51 62
45 94
2 67
69 74
5 91
97 89
53 37
16 46
56 50
76 13
16 95
10 83
9 20
54 51
4 43
78 28
26 31
79 78
19 82
68 27
54 9
91 54
11 70
52 33
87 68
34 55
36 24
18 20
77 77
18 87
91 87
27 90
62 80
44 6
47 63
66 70
40 94
51 99
34 68
95 96
79 63
1 14
57 78
87 34
54 65
12 73
65 61
31 47
90 50
35 94
99 74
95 11
25 48
61 95
46 43
63 67
46 1
33 66
32 87
22 30
50 4
23 25
100 19
11 35
66 30
46 82
29 5
58 24
49 32
14 24
4 71
27 47
14 89
12 100
13 32
67 5
23 72
29 45
97 52
64 74
63 38
47 77
59 84
87 37
59 23
4 26
2 4
4 23
89 43
33 90
25 52
38 46
55 14
24 71
1 80
73 96
22 4
81 36
30 71
70 87
94 11
85 41
96 85
7 52
97 40
60 17
25 56
71 12
89 61
73 59
35 85
51 50
72 87
45 20
90 87
30 9
100 45
91 42
86 84
88 39
23 31
10 87
26 84
30 96
86 9
78 15
2 91
59 12
58 3
83 13
28 51
51 65
67 53
75 87
9 16
15 93
86 3
33 24
86 56
74 15
5 34
72 92
77 17
28 21
16 11
66 55
58 29
15 55
56 96
43 64
3 93
30 78
4 51
80 28
59 73
41 59
57 94
60 16
99 23
14 48
42 28
78 25
16 13
61 33
4 11
24 80
75 25
90 14
8 3
12 32
15 80
64 37
83 23
91 96
92 9
50 33
8 50
49 37
65 39
15 97
43 53
19 83
45 74
98 3
50 62
3 99
91 13
58 55
15 66
89 35
23 3
8 45
19 59
38 67
68 77
74 70
13 46
95 53
15 35
20 49
58 84
82 14
83 37
41 6
24 62
74 45
42 38
32 63
74 33
58 28
46 60
68 37
76 10
90 33
66 39
77 71
45 83
56 52
34 26
59 48
96 38
56 80
66 93
66 97
45 46
86 69
92 18
57 91
80 22
6 52
28 91
37 5
87 17
63 79
29 63
63 78
36 75
71 52
94 93
62 60
28 80
91 52
29 96
56 89
81 36
46 35
84 12
77 19
1 38
18 89
35 66
49 75
25 68
100 58
14 23
70 65
37 79
5 40
78 7
16 100
63 91
58 50
5 56
1 60
20 28
85 70
63 37
7 55
55 22
8 29
68 14
35 1
99 32
49 9
42 41
31 68
94 95
25 52
7 86
47 84
42 40
93 3
95 59
19 59
44 13
60 33
40 75
81 91
17 73
17 82
48 42
31 15
26 31
52 49
31 74
45 10
37 19
46 63
52 64
43 40
53 43
71 29
77 92
3 75
19 90
70 32
33 94
65 84
95 36
91 79
11 68
36 27
83 33
57 78
6 86
27 45
16 62
45 60
7 35
84 34
14 93
54 28
14 1
39 23
58 77
97 74
84 85
46 95
94 36
87 100
88 86
98 31
9 29
17 77
1 5
80 18
86 60
85 98
44 53
32 95
76 28
6 72
20 74
10 60
62 1
25 59
36 57
29 63
70 70
94 91
13 96
83 15
100 19
78 96
21 37
9 47
26 22
56 73
54 41
19 9
94 73
93 78
17 39
3 53
61 54
69 43
82 70
99 65
53 92
77 74
30 12
80 71
82 46
49 85
90 83
43 46
74 95
77 39
23 8
95 16
71 81
87 56
77 30
22 51
65 3
49 19
30 97
42 24
5 91
83 37
61 85
50 15
27 14
29 23
52 67
88 19
97 18
85 88
86 36
49 9
61 62
67 47
81 32
94 7
16 83
70 14
88 4
41 77
46 52
11 12
35 44
68 32
97 19
11 74
89 83
13 21
11 92
18 79
55 97
15 34
52 68
67 81
17 49
79 33
95 55
20 15
18 4
91 72
5 55
55 39
91 33
17 16
21 37
71 16
11 22
36 19
40 29
50 25
76 47
38 32
60 88
10 90
5 63
9 6
72 63
46 97
21 79
83 6
63 28
75 27
49 40
67 47
41 59
65 88
97 31
87 13
85 54
14 34
77 37
41 8
20 24
20 21
9 75
40 60
42 88
19 96
28 30
82 16
69 73
3 28
71 47
80 12
65 18
27 61
88 18
88 32
72 10
9 48
22 38
87 37
35 26
71 77
53 35
28 84
87 16
1 65
14 48
23 21
66 51
43 36
15 81
85 74
14 8
24 55
24 86
55 95
94 3
51 67
88 10
14 27
6 95
58 8
94 38
22 12
85 69
81 7
9 43
56 30
41 6
83 32
42 66
28 31
53 60
46 52
55 14
91 27
46 16
20 62
66 100
63 66
14 49
32 80
47 92
27 57
55 86
23 77
34 51
49 40
73 43
21 13
62 18
30 89
79 20
7 56
51 100
15 40
40 14
12 95
22 69
80 20
94 78
64 86
59 50
98 38
61 37
65 16
40 64
59 5
37 29
57 15
21 70
50 77
89 94
68 61
29 33
95 32
90 89
62 36
43 23
14 84
82 48
57 41
96 72
12 67
15 96
98 72
26 59
54 61
9 18
100 79
86 80
54 95
63 65
44 82
3 84
75 53
9 97
95 100
33 57
45 77
51 14
54 79
46 53
91 60
73 91
74 38
86 91
14 32
35 73
80 65
27 15
69 20
36 5
74 86
32 38
51 52
72 9
10 96
56 13
32 78
9 75
41 44
38 73
23 91
85 25
40 8
97 95
93 73
86 7
82 4
89 49
89 21
87 82
34 2
79 80
59 24
60 91
16 22
72 55
46 63
96 86
50 69
14 82
83 91
24 7
98 71
85 94
95 67
7 19
41 6
78 45
15 93
81 2
15 69
89 35
17 26
55 76
85 29
61 51
92 83
18 32
49 99
80 3
4 65
35 52
11 34
14 41
94 42
26 55
37 95
39 56
73 40
87 16
5 89
56 82
62 74
2 60
92 76
8 40
8 78
32 33
85 84
74 22
65 34
52 52
62 8
33 12
58 28
98 36
94 14
49 10
16 20
94 12
29 64
71 36
28 16
91 97
85 76
73 9
16 51
21 23
12 17
89 42
59 38
68 5
96 24
72 11
69 64
87 51
31 2
28 93
71 35
68 86
53 66
87 21
19 89
14 73
19 32
76 16
63 61
12 45
24 77
30 32
58 8
4 92
1 67
85 75
94 88
37 43
10 36
62 90
57 17
21 52
2 32
68 54
40 56
97 7
91 16
8 72
35 9
22 17
87 64
57 43
89 54
39 82
43 63
59 43
52 54
62 46
34 10
66 66
25 42
9 39
96 97
82 2
13 30
96 64
19 76
6 70
32 58
28 63
19 59
40 74
100 14
20 42
59 79
39 70
16 100
50 46
98 93
3 8
71 14
84 8
59 3
11 68
22 89
2 17
69 62
25 95
15 15
54 23
90 60
39 56
62 61
85 57
73 57
74 43
32 72
91 85
32 12
15 81
70 47
2 70
7 54
69 13
22 12
65 84
59 34
89 63
66 29
56 26
91 71
88 42
91 33
50 73
98 61
12 74
3 41
18 74
36 68
17 55
71 97
77 27
7 11
85 9
14 35
79 19
10 51
97 6
69 55
93 14
12 86
90 54
95 84
70 91
58 66
16 47
86 74
68 51
4 9
52 54
75 76
47 31
39 96
65 60
96 55
89 8
28 85
50 96
58 34
15 52
18 50
29 82
92 31
24 12
65 90
57 65
3 83
74 93
53 71
23 89
67 6
16 8
13 42
61 41
85 99
22 59
76 39
23 72
90 9
31 48
74 26
16 84
77 30
64 73
33 96
24 85
4 32
60 80
73 80
62 65
27 84
90 81
42 46
70 14
14 45
6 88
26 78
68 27
79 32
78 100
90 15
45 37
94 8
54 9
57 30
30 6
76 67
32 68
52 29
17 76
15 67
77 6
32 11
91 97
93 30
16 58
15 81
96 14
28 90
39 12
57 78
54 73
81 44
98 76
23 86
46 88
55 63
48 15
13 66
34 46
77 67
54 33
30 82
22 74
8 41
87 11
4 31
35 59
70 31
55 11
51 34
36 97
84 69
34 97
27 93
76 98
50 6
93 25
71 11
29 95
83 88
80 41
82 67
63 32
77 68
4 4
60 71
84 82
3 71
24 37
17 27
31 37
78 21
98 8
53 10
37 61
36 71
8 92
71 71
58 1
62 2
21 57
93 49
97 22
6 53
71 42
72 20
7 58
63 66
95 82
35 5
98 54
74 74
16 71
12 37
2 41
71 27
72 7
85 22
25 97
95 95
53 48
56 33
24 15
51 8
60 94
60 27
38 78
67 37
30 98
95 30
80 90
2 54
88 78
29 12
8 58
58 71
100 83
14 67
73 89
46 64
49 71
70 94
71 90
16 94
33 30
73 30
87 20
4 88
9 4
63 68
99 83
62 51
70 52
22 49
64 10
29 45
34 76
1 39
47 81
63 25
48 68
79 22
65 78
35 98
7 33
72 87
44 20
58 15
37 53
68 8
4 31
37 76
89 1
26 20
53 69
22 82
98 1
91 40
25 70
59 4
53 59
75 4
20 7
23 10
49 52
35 68
3 6
82 79
87 7
2 38
44 3
34 26
80 59
60 32
20 75
38 92
83 18
16 95
47 6
20 23
83 54
2 88
8 98
72 55
28 7
60 18
93 88
25 60
50 9
69 9
83 15
55 67
44 12
54 73
77 28
44 16
40 41
31 33
25 94
27 47
32 70
20 49
12 72
63 28
32 80
84 47
100 19
14 50
99 41
99 77
85 24
33 94
100 64
93 73
4 100
27 71
4 42
48 40
4 82
54 50
17 48
86 96
60 68
12 12
92 69
36 95
7 79
83 9
18 27
31 72
61 55
2 48
2 72
73 78
64 75
85 4
8 24
16 46
99 53
6 16
14 22
35 28
90 62
13 85
79 100
94 61
40 7
83 41
93 52
43 88
88 42
61 100
80 36
47 9
72 63
23 4
34 55
78 41
6 64
51 33
60 64
66 70
52 80
14 36
90 47
16 6
98 91
49 23
83 51
48 95
54 38
96 72
83 22
96 99
60 57
13 21
89 12
51 15
95 13
81 63
45 55
82 54
42 14
25 90
80 14
65 76
99 45
13 68
95 68
56 8
64 52
54 32
22 29
15 31
19 19
63 75
82 88
17 9
12 97
16 39
16 55
17 87
63 10
50 76
12 85
23 18
63 96
52 96
25 85
57 60
85 11
70 39
91 13
78 24
46 28
70 26
94 100
44 24
83 45
88 67
100 83
98 48
94 50
73 11
64 30
12 20
35 37
98 17
80 80
98 34
13 55
96 34
67 20
76 17
45 9
78 56
50 34
7 56
82 4
74 18
16 15
66 14
43 8
58 79
95 37
88 87
79 56
88 88
84 10
13 52
76 7
83 92
10 99
21 56
55 54
26 28
32 28
41 91
23 45
64 7
39 76
35 99
59 93
57 95
62 15
55 53
86 2
63 1
14 9
67 5
37 70
29 75
84 18
31 78
38 6
78 7
71 64
16 61
18 94
54 26
29 13
45 100
36 69
38 63
65 8
42 23
15 91
48 35
82 13
37 35
11 93
72 88
24 85
21 85
28 34
37 52
76 90
14 87
100 4
89 98
32 44
36 73
69 24
16 13
18 50
6 29
45 19
88 66
21 42
62 65
41 91
1 6
6 64
28 11
91 68
22 23
69 33
5 58
70 9
51 97
42 44
32 54
22 36
65 81
5 90
2 21
53 32
32 79
67 8
52 35
72 28
98 51
39 59
40 52
65 63
57 61
97 32
10 34
96 26
17 73
23 98
37 68
18 30
81 13
64 78
60 98
2 36
33 63
64 7
23 96
35 59
5 3
55 49
8 95
21 83
11 39
9 67
74 66
42 69
27 74
77 100
13 97
25 76
16 10
52 48
89 39
72 70
100 31
50 24
19 47
16 56
73 21
55 14
85 85
5 33
71 44
44 34
6 20
55 58
60 41
81 68
89 16
16 43
87 16
96 62
37 77
97 6
57 29
62 42
38 27
83 54
38 93
50 23
59 30
5 2
53 22
48 20
28 72
52 52
49 43
47 18
19 7
73 63
1 84
56 44
77 47
23 79
51 77
83 19
77 36
10 69
63 86
65 51
26 11
1 53
13 65
14 87
97 11
21 45
