5000 206491
24 25
11 31
24 31
7 19
13 27
8 24
11 25
19 34
17 29
15 11
6 25
20 21
9 30
7 15
10 25
14 17
8 32
5 31
12 21
24 10
5 15
8 24
16 39
16 16
21 34
12 30
10 36
23 10
20 24
24 38
6 33
6 36
24 39
25 37
7 21
24 12
21 16
9 13
20 31
10 33
17 25
9 32
15 20
8 34
23 34
7 28
10 32
24 11
8 35
11 36
17 29
11 30
7 20
15 40
8 13
9 22
9 40
14 37
11 31
21 11
15 16
5 38
6 10
19 25
18 32
12 40
5 14
12 13
25 20
25 22
14 31
20 40
13 33
7 38
18 21
21 34
20 27
18 23
13 25
21 18
11 16
5 25
17 35
12 33
5 27
16 26
12 34
25 37
11 16
12 36
22 32
25 13
17 16
8 31
24 22
24 36
25 14
12 37
5 35
24 11
24 28
12 26
16 38
24 34
8 15
20 30
8 11
13 12
7 15
17 35
13 28
6 13
10 37
20 29
24 23
9 39
25 10
24 19
18 38
10 10
23 27
18 37
17 19
18 34
15 25
18 38
16 16
8 36
22 37
24 30
12 39
15 17
15 11
20 37
5 25
22 37
25 23
21 29
14 27
5 11
13 39
20 12
9 37
17 10
18 18
19 39
17 17
9 12
10 26
5 12
22 32
7 11
10 29
5 30
8 38
13 12
17 26
15 36
25 10
18 11
15 25
16 20
10 10
25 36
15 19
20 28
20 34
23 10
17 14
14 23
23 17
8 36
25 28
8 13
16 23
13 31
25 11
24 23
14 22
17 28
18 13
7 28
24 30
10 16
22 14
24 34
15 12
5 40
16 15
7 12
23 14
24 22
9 33
25 15
13 11
15 31
17 35
13 38
15 33
22 14
9 31
23 13
20 24
24 17
24 11
6 13
14 39
16 17
17 17
10 31
22 10
24 19
10 28
20 13
21 19
24 12
6 14
16 27
16 14
24 10
14 10
8 16
21 26
14 28
25 31
10 39
10 29
5 20
10 23
6 25
6 30
22 29
18 31
22 17
19 37
16 38
16 20
21 33
8 27
16 28
20 25
19 35
20 32
13 18
11 28
23 34
14 19
13 38
23 26
6 32
36 44
31 43
21 58
30 47
30 41
22 47
35 46
22 58
28 45
25 40
37 58
38 36
35 45
23 61
25 37
21 41
34 39
24 63
37 45
35 36
33 41
27 41
30 52
34 51
37 63
30 55
40 52
37 53
30 56
22 53
21 65
34 36
31 37
25 64
30 40
30 63
34 46
27 59
23 63
40 55
36 63
33 48
36 65
25 41
24 47
36 43
26 49
38 48
25 38
21 63
40 43
33 48
24 57
34 46
36 49
25 49
40 44
25 56
22 60
36 61
34 54
29 51
39 43
33 50
26 42
32 48
40 37
34 65
21 65
26 48
37 44
27 56
24 56
27 59
40 41
30 55
32 53
29 57
20 37
30 35
30 52
27 55
24 41
26 44
24 62
21 51
40 49
34 57
38 49
26 52
21 37
26 46
31 46
40 47
32 44
36 54
30 61
26 45
21 60
38 41
22 43
21 59
22 61
22 59
32 62
33 64
22 51
40 51
29 45
23 42
27 43
39 45
40 37
28 39
35 40
40 52
20 63
36 38
31 54
39 35
22 40
29 46
23 39
35 48
28 55
29 64
33 52
27 35
29 59
26 49
39 43
36 45
21 39
39 61
25 42
29 42
22 56
29 65
26 43
36 41
37 36
22 59
27 43
35 37
24 59
36 64
23 48
38 39
39 56
33 46
29 60
28 42
37 36
34 41
38 50
31 39
29 48
38 36
22 53
30 56
31 54
25 44
32 63
35 54
37 47
31 48
26 48
36 54
33 59
23 54
37 40
20 58
26 55
40 41
27 62
33 50
30 50
28 49
38 41
30 64
27 64
39 57
38 64
31 57
40 36
37 63
25 37
37 55
30 49
37 60
20 56
33 58
22 35
30 51
20 43
32 55
36 59
36 51
22 54
38 45
37 52
33 57
26 63
32 41
23 38
30 53
34 41
32 61
20 48
37 43
35 58
25 59
37 41
40 39
23 50
37 46
28 57
40 51
40 45
29 63
36 54
24 40
40 57
26 63
34 46
37 57
28 65
38 51
39 57
22 62
30 36
40 39
26 42
30 44
25 43
24 35
34 53
29 55
22 38
30 45
35 53
23 48
24 49
25 56
33 49
20 43
22 58
39 41
34 63
30 50
37 81
52 62
55 76
41 74
55 64
52 89
53 79
47 69
51 64
38 63
35 74
44 61
55 79
40 64
46 82
43 81
41 61
42 74
42 68
38 63
39 77
51 64
50 69
37 63
38 68
54 89
39 75
37 87
45 66
46 77
55 78
44 63
36 85
41 62
40 73
48 73
42 63
45 61
49 86
47 83
46 69
52 83
46 78
50 83
36 77
52 77
36 75
36 80
54 64
44 69
52 85
46 73
42 66
39 66
41 76
51 60
37 76
45 75
43 67
45 85
42 77
42 84
45 87
42 66
49 62
45 76
50 63
47 78
51 70
35 65
43 79
52 80
39 88
54 64
41 72
55 86
48 66
52 87
46 89
44 90
52 73
48 81
48 70
44 82
52 60
43 77
36 61
45 82
41 68
52 89
50 82
37 76
52 68
42 87
35 69
47 63
43 69
41 64
42 61
42 68
55 79
38 81
50 87
40 74
54 63
45 81
48 61
53 79
42 75
51 73
52 68
36 72
45 66
41 65
53 69
51 67
39 63
52 74
44 65
51 61
54 68
54 60
49 85
52 76
54 63
38 90
51 70
35 86
43 87
53 80
52 71
54 90
42 82
53 71
47 70
54 64
49 60
55 86
46 82
38 60
39 67
39 63
44 70
37 60
45 87
53 68
41 75
38 77
44 79
39 61
44 67
44 75
53 68
41 90
54 80
52 82
49 90
36 70
38 81
52 72
54 87
52 82
44 85
50 73
54 63
50 68
52 78
43 74
43 90
55 84
39 71
41 71
51 67
54 75
41 88
43 72
40 74
41 60
37 67
43 77
50 86
40 77
39 74
36 67
41 70
50 90
51 72
38 85
41 90
40 73
46 62
50 77
53 85
43 81
53 88
51 68
51 60
35 62
46 83
44 87
35 65
37 79
35 63
39 60
38 81
53 87
36 63
42 64
44 87
50 86
43 62
53 73
42 86
35 74
50 80
47 77
43 61
44 70
53 75
49 64
55 81
47 84
52 69
52 78
47 81
46 86
53 72
36 82
36 79
37 81
43 74
44 61
41 69
36 77
43 77
36 85
36 77
38 89
44 73
36 88
44 85
54 86
53 88
43 73
55 81
46 81
37 67
53 77
49 89
44 67
61 105
54 105
52 102
56 113
55 85
60 85
70 102
66 115
55 93
62 110
64 98
58 85
70 88
70 91
52 101
61 100
68 96
51 94
69 107
56 109
62 86
63 98
51 100
54 114
60 109
59 104
68 91
65 111
69 88
58 95
51 96
59 107
63 115
64 102
65 89
63 92
64 85
64 105
62 87
70 90
61 94
52 115
51 97
53 108
58 108
66 86
58 113
55 108
63 106
60 97
64 100
61 114
55 93
69 112
50 89
66 87
52 110
68 112
62 109
70 102
59 105
56 101
69 91
66 94
55 99
65 107
55 94
54 97
58 91
53 110
67 93
67 109
65 110
69 90
62 90
52 85
60 91
69 94
68 107
65 92
68 94
69 85
63 99
57 115
51 102
56 86
56 102
64 112
65 94
53 113
57 105
58 93
65 96
52 90
66 87
61 87
52 91
60 111
58 96
64 96
55 102
54 107
68 85
60 97
56 101
67 108
69 87
57 114
54 98
70 97
52 97
59 110
66 98
68 94
64 96
60 105
56 111
58 112
55 110
63 86
56 99
50 99
60 106
64 111
65 95
63 102
70 102
68 96
69 113
66 106
52 88
58 115
63 101
59 105
59 87
55 104
60 96
69 111
64 93
60 87
51 109
70 96
52 113
63 92
59 90
60 113
57 88
66 87
62 108
65 113
55 94
64 89
56 99
58 104
50 102
51 96
50 91
51 102
65 94
50 108
68 102
62 105
56 101
51 93
60 94
64 112
64 105
53 90
66 112
65 111
60 96
65 106
65 111
57 100
55 115
60 101
66 110
54 90
54 108
65 100
70 101
55 101
62 91
61 94
69 96
51 98
70 92
62 88
60 92
50 88
54 108
66 107
57 104
67 110
53 90
53 94
65 100
64 110
64 100
61 108
57 88
68 99
56 89
70 94
56 87
60 102
55 110
57 96
51 85
50 108
60 96
51 109
61 110
57 101
67 102
64 86
58 94
59 112
66 113
58 110
53 96
59 107
70 100
66 102
67 88
70 101
70 92
59 92
66 109
60 92
64 112
65 115
62 106
63 104
57 113
57 100
67 106
64 97
60 89
61 102
54 89
61 105
61 93
58 96
66 101
66 96
51 109
56 101
59 86
68 113
83 123
68 113
84 124
69 115
68 120
81 133
70 132
72 134
69 115
82 110
79 130
69 110
83 125
69 133
69 128
85 121
69 138
78 110
82 135
76 135
77 135
70 128
76 136
73 123
70 124
75 127
80 130
75 121
66 111
80 126
79 130
68 127
80 116
83 133
76 131
74 114
76 110
80 140
69 110
77 133
70 133
69 122
78 138
72 124
68 132
81 126
79 133
75 135
80 128
84 139
80 111
70 133
83 130
68 137
85 112
69 139
82 137
85 115
85 139
66 129
70 126
83 138
78 113
71 115
81 114
75 137
72 111
76 115
77 117
85 117
74 127
78 113
75 121
75 113
83 132
78 137
70 134
85 124
83 121
68 127
72 129
84 129
71 139
78 117
68 132
73 123
80 125
78 127
77 133
79 112
77 119
72 130
80 129
77 140
75 126
68 123
69 136
73 131
74 131
72 138
76 117
67 124
78 137
71 125
82 127
74 139
67 119
85 140
84 127
71 134
67 119
69 113
72 111
82 135
75 129
73 110
81 110
67 123
67 123
75 119
71 120
67 135
76 134
65 123
76 126
81 119
77 118
83 137
74 114
77 140
81 121
82 125
70 121
83 113
70 132
68 133
69 127
78 128
70 116
68 127
82 113
70 125
82 114
67 129
80 112
85 137
76 125
82 130
77 115
67 128
85 112
66 136
71 131
81 138
69 119
67 127
79 115
70 134
73 123
78 123
65 136
73 134
70 126
69 111
82 111
73 127
72 136
82 130
66 131
65 121
73 139
67 122
73 140
76 118
79 121
77 133
76 136
67 122
85 133
75 110
73 110
72 135
70 135
68 119
78 111
72 123
69 126
66 138
79 134
66 133
76 132
84 118
75 137
80 137
69 110
66 120
65 122
67 134
77 128
74 130
72 130
69 123
66 131
85 128
78 124
85 126
79 131
65 131
81 117
75 111
82 123
72 114
85 123
85 140
78 138
78 126
65 127
72 133
83 119
80 129
73 127
74 136
77 132
85 133
85 110
68 113
84 113
74 114
83 115
70 126
80 130
70 129
77 110
79 119
83 130
82 138
65 136
67 123
73 115
82 123
74 136
85 125
75 133
66 124
79 133
78 137
67 139
84 123
73 137
85 115
99 149
88 154
96 159
88 158
89 138
89 136
82 154
100 159
96 139
95 141
84 139
94 138
100 151
97 165
82 140
91 158
87 138
98 162
83 144
84 156
87 157
84 141
80 140
100 156
83 142
82 138
98 161
90 146
86 157
81 155
98 144
87 148
85 157
85 140
87 161
97 145
81 150
82 160
83 151
95 162
94 142
89 165
89 137
85 146
82 151
82 151
95 148
82 141
91 138
85 137
94 138
91 148
100 161
92 140
91 155
86 165
97 165
91 161
92 141
98 157
98 138
94 150
86 137
87 151
99 164
94 136
92 163
82 151
91 154
92 135
94 156
83 136
92 161
94 150
85 165
96 159
90 147
91 151
81 161
92 155
89 152
88 154
83 138
90 137
80 157
94 162
99 135
83 163
89 155
89 161
86 152
93 154
91 159
89 145
80 136
88 141
100 152
85 163
85 163
97 142
94 136
100 164
84 164
96 159
98 140
83 138
85 139
98 153
98 156
84 147
83 159
82 143
88 148
83 161
81 139
97 162
87 139
82 135
95 153
80 153
100 147
93 146
95 144
99 147
93 158
86 156
93 147
96 160
95 164
92 135
96 157
86 138
100 154
88 162
83 162
83 160
87 136
85 155
84 135
90 141
84 159
90 142
83 155
96 161
80 154
89 154
91 157
93 138
99 157
80 149
86 143
81 157
96 147
91 151
87 146
95 137
93 148
86 142
87 143
89 153
82 161
100 139
90 162
99 158
91 136
87 137
99 146
88 152
92 136
92 137
98 154
85 148
88 147
84 136
86 154
98 147
91 159
99 163
86 155
87 138
94 158
92 164
99 161
84 161
97 149
84 140
99 164
82 136
97 140
97 162
97 155
89 139
86 158
84 162
83 156
84 164
80 136
85 152
95 146
87 154
80 139
83 161
98 144
81 145
89 163
93 136
89 148
89 161
88 143
82 148
100 154
83 144
80 141
97 147
93 137
84 145
92 157
89 143
90 136
99 143
86 158
100 148
92 148
83 143
99 163
86 150
90 165
94 137
92 151
83 154
92 147
94 157
92 138
90 163
91 151
96 165
99 147
88 144
100 154
85 149
95 140
92 163
94 157
92 141
93 145
88 157
98 159
84 156
82 146
88 162
96 181
100 160
108 166
100 187
95 184
100 166
112 167
110 160
115 160
109 162
113 160
111 160
95 164
97 175
105 165
106 171
105 165
101 188
98 178
107 162
114 190
109 167
107 169
96 161
108 171
96 179
109 183
95 160
108 166
108 172
106 183
107 166
109 160
114 165
102 183
114 186
101 172
112 187
114 169
102 187
105 186
112 187
96 160
110 176
111 168
109 174
102 177
97 185
96 181
111 160
105 163
104 163
100 187
105 161
95 184
108 183
96 171
106 166
97 172
109 176
106 175
97 177
106 178
112 174
96 167
111 180
101 169
99 183
103 176
108 169
104 181
110 186
107 175
105 171
104 181
104 173
103 182
111 161
107 167
101 176
97 189
98 183
99 182
111 170
112 166
111 175
106 177
106 184
107 171
108 187
96 187
112 163
104 167
99 186
95 178
105 187
107 172
102 180
111 161
98 169
103 177
111 190
98 164
112 161
100 186
107 171
102 167
108 168
112 174
108 187
102 173
113 176
109 170
106 185
97 163
115 176
103 184
99 179
95 168
99 168
102 179
103 183
96 160
103 166
113 163
109 174
114 183
115 165
109 163
113 172
96 190
97 182
105 173
113 178
100 160
105 180
110 173
101 169
112 172
108 185
103 173
109 187
110 166
110 166
95 189
95 173
101 177
101 177
101 172
97 177
96 187
98 186
103 177
103 180
112 177
109 169
97 180
104 163
112 164
96 162
108 186
107 186
115 177
108 168
113 175
111 168
98 189
105 179
99 166
106 170
110 180
100 181
103 182
108 165
110 160
115 184
107 181
98 164
102 190
110 161
101 164
114 183
102 168
112 175
101 178
104 165
103 170
112 176
98 177
115 185
114 187
95 169
101 165
113 180
112 184
108 176
114 188
104 188
114 176
109 178
106 162
99 168
108 176
109 172
102 172
107 173
101 183
107 183
107 166
95 161
112 160
103 184
96 180
115 160
95 189
97 165
107 168
100 170
97 162
115 180
103 187
106 180
115 184
96 177
102 180
113 185
109 190
114 173
114 169
107 183
102 190
101 165
112 169
97 190
103 164
99 184
104 180
100 179
110 181
112 170
100 180
100 188
111 182
104 168
114 184
106 166
107 187
96 188
100 182
100 172
111 197
115 211
112 202
122 196
123 202
125 201
129 207
123 210
129 207
115 197
129 186
110 188
120 211
127 214
111 209
113 196
119 197
116 188
125 201
115 190
114 185
129 191
128 187
126 190
119 214
121 190
123 188
128 208
120 193
125 198
123 213
120 188
114 212
122 191
122 201
130 199
126 214
128 191
117 203
117 206
119 212
111 199
115 188
112 211
120 207
110 193
124 215
112 211
111 198
123 193
118 194
118 198
116 194
125 189
122 214
117 196
126 202
111 208
114 210
120 212
127 207
125 187
126 197
114 199
119 214
116 205
112 195
110 196
126 205
110 199
121 190
116 194
124 198
113 193
117 202
120 207
127 191
120 210
129 206
114 194
116 214
114 209
112 215
125 212
124 200
112 188
112 186
119 194
122 197
121 205
129 203
129 187
110 189
114 193
128 188
116 196
125 199
117 193
119 190
120 214
127 196
117 193
128 197
120 209
114 187
112 206
126 207
126 195
114 201
126 203
115 187
110 203
116 214
125 212
117 212
127 207
123 210
127 202
127 198
126 213
112 206
130 185
126 192
124 192
122 211
127 194
115 206
124 194
111 202
113 206
121 213
117 202
130 192
122 211
118 196
123 187
112 192
116 196
113 194
123 187
115 193
121 215
113 189
127 198
119 198
119 187
125 198
130 214
128 207
116 191
124 200
122 186
115 193
119 187
125 213
113 205
118 199
115 215
125 210
123 192
129 201
130 199
126 212
114 198
115 188
125 205
113 212
120 192
113 185
124 204
128 197
124 214
117 211
126 197
127 195
111 211
119 212
114 203
128 204
124 196
125 206
130 192
124 201
111 204
116 204
120 195
120 199
117 209
129 191
128 185
120 208
117 192
129 188
110 192
126 209
125 197
130 198
111 214
110 214
115 199
128 208
118 200
125 185
111 201
125 196
115 203
124 193
110 203
129 200
116 185
121 196
110 208
123 213
111 205
112 191
128 195
128 211
112 188
125 187
111 213
130 215
121 200
126 190
113 201
118 209
115 213
116 208
116 210
113 192
118 198
118 202
110 193
114 200
124 189
113 212
116 213
129 198
124 187
116 194
115 189
112 213
120 190
120 201
113 192
128 198
126 187
124 193
119 192
128 205
125 192
139 221
125 221
142 221
128 217
133 235
140 232
140 217
142 221
142 234
140 224
135 213
143 213
130 233
142 211
130 230
144 237
134 216
132 230
134 227
130 216
140 214
130 210
127 232
134 212
144 235
134 227
138 239
132 216
134 238
139 240
134 221
134 223
133 212
125 214
128 236
137 235
130 214
127 219
141 213
127 216
139 234
145 233
141 220
145 221
129 211
142 231
127 214
134 238
142 212
129 230
140 217
139 236
136 219
126 213
132 222
144 218
136 239
128 238
125 238
134 223
137 225
138 219
132 213
126 232
136 213
125 211
144 235
145 228
135 238
137 224
127 238
140 225
130 230
143 212
140 225
128 224
133 225
143 227
143 237
139 232
145 227
133 217
130 226
128 221
131 223
134 231
129 224
145 213
142 224
134 227
145 227
142 235
133 231
144 228
135 227
133 220
128 239
127 221
126 218
127 234
145 224
141 239
135 226
132 239
133 214
139 235
132 223
138 231
145 239
141 224
145 223
139 225
143 219
134 233
126 225
130 216
145 239
125 234
138 212
135 219
125 215
131 236
137 234
143 228
130 230
142 213
139 236
130 220
129 220
134 230
128 227
128 230
137 236
133 237
132 214
125 212
144 217
136 234
125 219
143 229
144 222
135 240
145 216
128 218
132 220
135 218
128 229
133 221
137 219
140 222
134 220
129 229
145 220
139 226
145 232
128 226
125 235
131 217
129 233
129 225
144 220
144 237
127 229
141 222
144 220
136 219
125 215
141 215
130 217
143 212
144 232
144 239
137 211
142 223
137 228
130 232
137 227
136 234
132 233
129 212
137 237
138 231
132 216
135 224
139 221
138 217
129 215
131 223
140 217
135 237
128 230
140 231
139 214
128 219
133 226
128 238
126 229
134 221
125 219
142 214
129 222
145 230
145 223
145 231
132 237
142 220
126 213
145 230
139 221
138 213
135 215
143 219
135 224
143 227
130 225
144 222
125 239
138 221
127 211
135 237
143 225
142 223
139 215
136 233
145 237
132 220
143 233
144 234
134 217
139 239
131 238
142 225
134 217
129 212
142 234
145 216
142 212
136 235
133 228
141 229
128 222
138 220
127 226
129 219
126 220
125 221
133 225
138 239
128 225
132 210
147 262
153 249
157 256
151 235
143 257
148 252
144 252
143 241
145 264
152 257
143 256
153 247
147 257
146 259
158 242
147 248
154 261
145 263
142 236
150 256
140 250
149 260
154 238
146 237
158 244
146 240
148 257
147 236
160 259
142 254
142 249
160 236
146 258
143 258
159 259
150 250
147 255
159 245
149 238
158 255
158 236
142 245
158 244
158 240
140 238
152 235
144 256
156 259
151 261
154 240
147 265
143 263
142 260
155 243
143 251
153 242
152 257
142 245
142 261
144 235
153 239
142 246
140 263
142 238
154 254
157 244
159 261
153 239
159 248
148 248
155 245
159 251
154 240
154 265
157 241
158 261
147 263
142 235
155 244
156 248
157 245
144 248
148 262
152 257
160 264
146 243
158 258
159 241
141 249
144 263
143 239
142 261
159 263
155 255
145 261
157 237
160 258
153 243
154 236
152 264
160 237
146 240
159 259
144 256
151 252
155 259
148 244
142 252
158 246
156 248
145 242
140 244
149 265
148 252
155 248
155 263
156 252
146 241
140 247
154 249
157 248
143 252
142 261
144 261
160 243
159 244
148 256
145 248
151 238
158 253
151 247
155 263
148 250
140 242
147 264
156 260
160 262
143 235
160 247
157 260
145 237
142 237
151 254
147 245
157 246
142 240
153 243
153 255
154 239
144 256
144 248
141 248
155 259
140 265
149 239
151 257
148 258
144 261
155 242
159 235
153 265
156 243
156 238
142 265
158 255
147 244
144 239
142 246
150 264
148 235
156 235
149 243
148 249
141 235
140 240
151 239
159 236
159 246
153 241
159 245
145 263
150 263
149 242
143 262
151 249
153 242
148 250
147 240
151 251
157 253
144 237
142 260
152 238
150 241
157 246
153 238
149 239
146 242
148 239
154 250
157 259
142 235
144 239
157 241
154 242
143 245
160 249
154 243
143 240
154 258
147 263
160 257
144 256
151 245
151 263
149 246
148 248
148 263
157 250
142 241
156 261
141 262
147 251
146 256
156 253
147 237
143 239
156 249
148 253
155 253
148 250
144 236
151 243
144 249
155 237
153 248
148 236
143 238
148 248
144 238
146 239
141 248
155 260
152 265
140 251
140 258
148 246
160 261
153 256
143 246
13 35
20 25
12 11
14 18
9 19
19 20
6 24
22 28
16 25
21 26
18 40
20 39
23 38
22 38
21 39
18 16
18 10
20 22
8 17
15 22
18 10
19 38
21 21
12 28
22 40
18 33
21 19
14 14
24 20
25 31
5 20
20 35
23 26
13 20
15 36
8 18
24 19
18 15
12 26
23 24
23 34
16 19
20 34
9 17
6 24
10 18
16 31
16 10
11 19
9 39
20 38
21 37
8 16
12 35
9 33
16 15
16 18
20 27
23 36
23 15
21 27
25 40
24 23
19 23
12 15
23 35
7 24
19 16
5 28
15 19
6 12
9 37
24 37
22 22
19 14
18 40
17 36
20 39
24 34
18 39
6 29
8 10
7 19
9 28
21 13
7 15
18 21
10 24
7 20
10 37
14 21
8 13
11 30
15 24
6 16
12 19
14 11
8 33
10 22
14 15
5 13
19 26
20 18
5 27
22 37
17 10
5 15
9 20
14 39
13 14
18 12
18 38
7 29
16 23
7 37
9 23
14 38
18 19
19 37
23 32
21 19
19 37
6 32
24 14
13 37
24 34
5 30
25 11
9 17
12 16
11 39
11 40
11 23
20 38
13 14
11 10
25 19
21 33
19 11
16 32
6 11
25 34
22 13
6 35
10 14
11 21
21 25
6 35
12 29
23 18
13 17
19 14
25 13
13 25
9 33
15 40
6 27
7 21
9 25
24 40
10 16
21 28
18 28
7 27
16 10
17 10
25 40
8 32
19 38
11 12
8 19
24 20
8 32
8 24
23 36
15 31
9 29
8 29
24 30
20 24
5 35
10 36
14 24
19 32
23 29
23 38
19 33
8 32
17 38
5 28
11 23
14 31
17 25
10 18
18 19
22 31
8 40
15 35
13 39
19 34
5 17
25 23
7 37
15 21
12 13
24 23
22 12
6 28
23 19
22 28
9 22
25 29
16 30
22 33
13 37
23 13
20 13
25 39
24 24
11 29
20 13
24 13
15 14
24 30
8 20
18 38
7 22
14 11
25 36
13 28
15 14
18 32
6 14
25 14
24 38
7 12
11 33
7 14
23 32
24 14
15 38
8 30
7 23
8 18
21 21
10 37
21 24
14 30
10 15
17 13
30 47
33 36
33 42
26 61
32 61
27 65
33 62
33 65
20 41
30 51
26 36
36 65
29 63
32 65
29 41
38 36
33 39
29 54
21 39
34 46
39 47
32 57
27 60
21 52
37 59
37 50
26 46
38 41
35 64
28 40
28 40
39 54
32 42
26 57
22 55
23 43
37 43
29 44
35 53
24 36
21 59
30 39
31 62
39 42
35 48
25 61
28 52
24 64
29 54
30 38
26 53
28 44
25 44
40 59
23 44
29 42
21 42
27 38
25 53
37 59
28 55
20 52
21 64
31 65
31 35
37 60
33 47
33 44
38 52
36 50
33 61
20 59
21 64
26 36
29 39
24 48
39 45
29 65
27 46
27 62
39 64
30 63
22 55
25 35
32 44
38 63
23 39
38 38
22 51
29 48
20 62
25 45
37 58
36 50
30 40
39 48
22 63
37 46
28 49
21 54
20 57
21 60
32 40
23 57
40 64
21 41
22 63
37 65
35 57
20 55
33 55
29 63
23 45
37 35
23 50
29 51
34 65
20 63
26 38
35 56
34 59
22 58
39 44
33 42
29 35
36 58
29 63
34 39
26 59
21 35
25 53
28 47
38 59
40 54
29 63
26 60
28 36
37 43
25 40
40 41
20 47
31 60
38 51
40 51
30 63
28 50
27 65
29 65
21 40
23 50
40 58
31 53
36 61
33 65
34 43
28 39
23 36
21 64
39 57
40 59
38 61
20 37
39 37
25 50
33 51
25 40
34 44
38 63
20 51
23 36
39 63
27 48
27 65
40 46
27 56
33 44
23 45
24 43
38 46
37 52
34 57
40 39
36 48
32 36
23 59
28 56
25 38
22 52
23 45
35 58
36 65
30 49
36 47
38 54
21 47
20 54
34 58
38 38
35 55
22 35
23 38
38 36
25 56
36 42
38 46
34 65
35 64
30 50
36 36
20 37
38 39
25 52
40 44
38 64
31 56
29 44
29 50
38 61
24 61
39 41
20 35
34 47
32 49
24 43
29 63
38 64
22 62
36 59
22 36
32 65
32 53
22 44
27 51
30 41
28 42
29 48
37 48
22 40
24 54
31 43
28 54
36 50
28 53
27 51
23 64
20 39
38 56
31 50
38 52
32 48
42 90
46 89
55 80
44 66
52 72
49 82
40 79
45 69
55 70
35 81
49 67
48 81
54 65
49 61
38 85
52 72
37 69
46 65
53 69
37 62
50 81
47 75
38 86
43 71
51 76
37 68
39 82
55 78
51 61
49 77
48 62
40 77
50 67
47 63
47 89
36 65
42 85
39 87
45 74
44 82
52 67
49 81
37 86
55 84
55 84
49 79
55 68
37 63
48 83
37 61
40 68
45 66
48 84
55 81
39 67
42 63
49 67
35 69
42 86
46 85
44 72
52 73
35 75
36 61
48 78
50 85
40 64
41 87
51 62
55 61
45 85
55 80
35 82
53 90
50 60
46 66
45 63
46 89
41 60
35 85
48 88
47 72
54 80
50 87
36 83
47 88
49 86
48 74
41 72
35 62
50 64
36 81
52 83
48 85
36 74
52 66
42 65
45 70
39 82
51 73
47 89
50 87
50 82
54 69
49 81
51 75
41 75
45 90
41 81
37 86
49 68
55 72
39 76
35 64
45 83
48 78
55 81
42 74
46 83
43 75
54 60
43 65
35 60
39 81
54 84
47 82
37 74
45 68
35 81
48 64
39 85
44 63
42 64
48 85
53 67
53 69
37 66
53 81
35 74
43 84
40 83
45 62
46 74
44 65
42 81
52 76
36 89
45 87
53 63
38 89
36 88
41 74
36 77
39 66
37 71
55 61
47 70
45 69
41 71
44 84
52 81
37 75
41 85
39 80
50 89
49 65
37 83
50 86
35 80
39 65
46 85
40 62
45 65
35 84
45 83
41 78
43 85
37 89
35 68
49 76
46 66
39 90
40 65
50 64
53 80
41 84
51 72
42 74
39 65
52 61
46 85
52 67
44 78
47 66
36 81
55 90
44 68
38 82
37 78
54 66
46 60
39 78
49 84
45 86
51 69
43 82
42 74
38 79
36 61
38 84
50 73
48 75
39 77
51 62
42 88
37 68
52 66
37 64
51 85
37 86
49 85
49 63
48 74
51 64
43 72
50 66
36 78
38 72
52 82
43 64
44 79
55 71
52 65
47 83
46 73
55 60
37 64
38 72
40 81
40 63
53 70
48 86
37 85
35 90
47 80
35 62
54 73
39 61
35 88
38 75
55 96
63 99
61 100
51 87
63 92
57 93
54 94
55 98
60 94
51 102
62 98
50 90
69 115
51 96
64 112
55 87
52 91
54 107
60 90
57 112
60 110
61 114
59 89
64 90
70 105
69 93
64 90
70 109
67 101
58 112
53 111
59 103
59 96
65 106
65 115
70 113
63 103
64 111
54 87
68 88
69 101
63 106
61 106
52 109
61 98
66 100
51 101
67 94
63 94
52 98
61 100
57 114
61 86
51 107
54 105
65 110
61 88
62 111
67 109
56 112
50 90
50 99
51 98
55 101
55 103
70 112
59 90
68 87
53 104
59 95
66 101
57 98
58 101
53 93
61 110
60 101
57 98
60 104
54 105
69 99
50 86
55 93
51 90
55 97
70 115
62 115
65 110
67 115
66 105
54 103
54 95
66 97
52 115
66 100
67 88
67 108
60 91
54 95
52 93
66 89
50 98
64 105
53 98
63 99
57 109
54 97
57 87
69 108
51 107
65 102
57 88
65 115
60 93
56 104
55 115
61 104
56 109
64 103
60 108
55 91
70 85
54 101
54 94
64 85
64 96
54 110
65 111
66 105
66 115
63 101
51 115
52 92
52 94
62 113
50 107
55 102
51 103
51 105
57 94
59 112
70 91
70 87
60 94
68 85
63 113
51 88
60 102
50 103
70 85
53 112
54 97
65 96
64 100
56 110
59 106
70 97
56 94
51 108
59 88
65 110
54 90
65 111
70 88
53 101
52 107
64 108
60 110
57 86
52 86
50 115
54 101
66 98
64 110
52 95
61 110
50 112
62 111
56 106
55 85
56 115
63 102
59 110
56 108
52 103
55 106
67 99
70 114
68 114
57 85
59 102
64 94
62 107
50 85
64 86
54 100
61 105
68 106
67 95
62 91
57 90
69 97
52 85
64 97
56 113
64 88
66 87
53 106
58 97
52 89
57 104
68 97
50 104
65 103
64 96
64 107
68 102
50 87
58 95
65 97
61 108
57 102
64 108
61 102
62 111
50 99
65 92
65 103
59 109
60 108
62 110
70 103
61 102
58 110
61 86
61 114
59 103
54 100
56 106
51 97
54 107
64 110
65 103
60 108
68 99
52 99
69 112
66 101
67 104
56 88
54 98
70 120
78 125
79 118
68 134
79 127
79 121
67 122
81 130
75 118
75 124
84 118
72 130
82 129
81 140
74 135
85 134
76 122
66 136
73 119
81 115
75 112
73 113
79 123
67 123
79 133
77 118
85 115
69 130
65 114
83 122
83 140
85 140
69 120
76 135
68 125
76 122
78 124
67 138
83 114
72 123
81 116
84 133
81 129
75 111
66 139
68 127
84 127
72 113
66 120
76 123
85 136
82 117
80 115
80 111
66 124
65 113
84 115
74 138
65 115
73 122
67 118
83 137
75 123
84 128
83 138
80 121
72 133
70 139
71 133
77 115
85 122
65 134
74 110
74 116
71 126
73 114
72 123
69 126
73 140
73 125
75 112
65 125
75 122
81 132
66 121
84 118
83 111
81 116
69 128
79 112
66 137
79 135
72 116
66 113
83 121
85 137
72 121
85 116
66 135
73 135
65 133
67 133
85 111
67 132
85 120
76 129
82 138
70 124
85 132
83 115
78 112
65 124
79 123
78 112
79 128
80 116
69 135
73 140
75 139
72 121
68 123
74 120
84 122
85 122
84 118
76 112
76 129
72 130
75 116
81 112
66 125
78 111
70 117
71 113
73 130
68 119
74 121
72 122
68 121
65 133
66 121
76 138
66 119
78 137
81 115
77 116
83 114
83 137
68 114
79 123
80 119
84 135
71 118
71 119
74 139
74 116
84 133
84 116
79 127
73 127
81 137
69 119
85 139
77 120
68 111
75 133
65 124
85 139
76 130
79 116
78 115
75 137
65 125
73 140
82 139
66 132
76 118
66 133
69 114
74 115
80 135
69 125
67 120
82 136
74 127
77 127
79 124
75 127
72 119
71 137
74 140
78 140
75 128
71 119
68 134
83 137
72 117
75 132
68 130
66 125
80 128
77 136
78 121
84 135
83 138
85 138
72 116
67 111
67 126
71 123
84 131
65 133
66 126
77 121
77 110
80 122
68 135
78 126
72 130
79 136
78 140
74 121
66 125
77 139
80 131
73 117
84 128
79 114
79 123
65 116
81 118
77 137
65 134
78 117
79 132
75 139
80 131
67 135
70 130
84 113
74 111
73 129
75 119
67 128
69 116
74 110
82 120
81 124
66 115
67 125
92 156
97 149
86 153
80 149
89 165
86 152
81 162
80 149
93 162
93 158
83 159
94 148
97 150
93 140
96 151
89 146
82 164
92 152
82 136
97 159
90 152
87 160
94 147
99 149
88 143
82 142
87 162
88 136
83 147
100 162
92 158
81 139
94 137
80 141
84 155
82 163
98 141
99 151
97 164
96 158
85 139
92 136
92 150
94 142
99 141
89 161
99 145
81 153
81 152
81 144
97 155
93 143
93 160
80 147
87 155
90 160
92 137
100 155
100 162
94 148
81 163
85 165
88 136
88 149
84 142
91 157
94 163
92 155
94 154
92 145
86 140
90 136
99 161
99 156
80 150
93 156
90 140
100 152
80 138
85 157
98 157
82 139
97 145
93 141
81 159
88 142
100 151
82 137
84 160
94 163
88 158
84 156
80 139
94 137
89 139
82 150
91 139
91 145
92 146
95 146
84 163
99 165
96 156
80 156
98 155
80 160
80 139
81 143
86 154
100 149
90 135
96 152
80 149
86 150
88 146
84 161
98 142
95 153
98 157
91 146
86 158
100 155
96 151
86 138
94 138
91 160
81 148
81 137
90 139
91 153
82 143
89 156
93 138
92 144
96 150
84 136
95 156
86 136
81 151
86 142
92 152
96 152
99 144
91 157
82 138
84 160
94 153
81 156
94 159
94 144
95 150
89 146
99 165
95 142
81 148
95 136
93 149
81 162
85 140
100 137
92 159
88 149
95 147
87 135
81 165
94 144
98 154
82 150
93 165
93 165
94 139
84 147
94 150
96 142
97 159
84 157
94 141
90 164
80 142
95 154
95 140
95 153
88 150
83 140
89 158
93 160
81 138
87 148
80 147
92 138
93 161
81 155
86 164
93 152
86 147
85 143
91 164
91 139
94 160
95 159
88 149
83 145
82 154
82 165
90 144
96 136
86 160
87 139
87 141
95 160
82 158
92 135
98 161
87 135
92 148
92 138
87 141
88 144
81 138
87 159
80 144
90 151
97 149
94 158
92 144
93 142
88 153
84 155
82 144
94 136
91 145
93 151
98 150
82 145
88 137
88 164
90 162
90 146
91 139
88 135
92 154
95 148
100 146
80 153
86 156
95 145
95 154
90 147
85 155
88 154
115 184
113 189
104 190
108 188
106 171
97 175
112 161
112 161
108 187
111 190
101 161
107 171
108 165
103 179
109 172
104 174
103 182
113 181
108 179
110 183
100 174
96 185
105 189
111 185
104 171
113 167
115 164
108 189
103 170
103 162
110 184
105 186
95 186
109 163
111 163
108 172
95 187
95 160
103 190
104 178
99 177
105 179
108 169
107 187
115 163
95 168
107 171
105 167
113 176
97 179
106 160
105 164
100 164
95 180
98 185
103 167
109 190
100 187
111 172
100 186
107 180
101 167
110 163
110 164
113 182
96 168
103 181
114 177
114 170
99 182
98 172
99 170
100 181
115 178
96 190
107 173
103 173
111 175
106 161
108 164
98 169
110 171
97 178
99 178
102 162
113 189
112 165
98 184
102 175
113 187
100 180
115 190
98 188
109 176
98 160
95 179
113 187
110 162
99 186
111 170
99 189
111 169
105 175
114 186
115 169
98 170
96 160
113 188
110 183
112 183
110 189
115 186
102 169
102 167
105 177
114 161
108 182
107 174
106 171
113 164
97 160
108 177
114 180
101 184
114 185
104 160
112 186
95 175
114 183
106 168
102 168
115 180
114 176
97 164
114 172
112 174
111 178
95 170
113 172
101 178
103 178
98 187
113 172
98 176
104 161
97 170
114 190
111 167
104 162
98 169
108 177
99 186
101 181
115 168
105 164
111 166
112 173
111 162
115 169
100 186
104 168
97 180
102 164
97 179
108 165
96 180
95 178
106 183
102 176
103 166
108 185
105 170
113 170
114 189
115 189
98 190
104 186
109 170
95 172
105 163
113 184
111 167
109 161
99 175
107 189
110 165
107 160
105 187
100 184
98 189
104 174
106 184
105 174
107 165
113 188
96 171
105 186
106 188
115 176
115 172
96 189
109 163
109 187
115 166
104 182
114 169
101 189
108 171
106 162
99 164
98 180
115 178
113 161
105 170
96 183
99 188
95 163
107 177
113 190
103 179
106 186
96 183
109 187
106 160
112 174
105 185
111 179
102 177
111 184
99 166
101 173
110 165
97 162
112 174
111 175
97 177
105 187
95 188
111 168
99 178
97 190
104 182
115 180
102 165
106 161
104 186
111 170
95 189
105 180
107 170
130 197
119 195
127 188
117 213
128 188
113 215
111 208
126 203
115 213
125 209
120 186
120 196
116 202
128 207
114 203
129 194
112 213
117 191
124 208
118 192
113 201
119 211
129 210
114 203
112 190
126 204
130 211
123 200
123 189
130 202
130 190
128 205
110 195
125 214
127 212
113 211
119 192
111 201
122 215
115 208
130 196
112 191
114 191
113 200
113 211
122 215
125 206
130 215
122 198
117 187
125 213
115 203
128 197
117 190
117 188
111 198
121 190
114 203
127 192
119 204
114 214
130 215
116 189
123 203
121 205
111 208
114 196
116 205
118 194
119 188
115 203
110 209
119 187
116 185
116 192
112 193
122 189
117 208
127 215
122 207
126 212
119 190
126 207
129 185
116 199
127 195
123 201
112 208
128 197
117 211
110 193
122 208
119 192
117 202
125 208
119 210
116 208
117 210
121 203
114 197
119 209
113 186
124 208
111 211
121 200
123 204
125 204
130 187
130 209
115 215
130 214
111 186
119 202
117 215
117 201
122 187
118 214
124 200
128 211
121 204
128 211
126 214
114 202
122 193
126 204
125 209
116 212
130 186
111 204
121 199
122 195
110 195
128 205
111 211
117 188
130 209
124 208
123 196
115 207
130 201
127 208
123 206
118 185
123 185
124 208
125 204
114 215
115 193
117 210
122 188
126 203
126 208
113 198
114 201
120 205
117 195
124 192
114 215
119 206
118 207
129 196
117 199
125 194
111 213
126 209
123 211
112 207
128 203
123 204
121 192
129 185
113 204
126 201
123 195
113 200
116 202
129 195
110 190
111 204
123 202
121 213
115 207
118 213
126 205
128 195
110 205
111 194
118 199
119 209
130 214
127 207
118 188
126 198
116 203
117 191
122 197
128 199
118 204
125 197
115 210
117 187
118 213
114 206
115 189
121 186
130 206
117 199
110 209
125 213
127 212
129 199
125 187
113 194
130 192
113 210
116 193
113 197
126 191
116 200
128 199
114 193
111 191
112 210
121 200
113 193
123 208
124 200
126 201
117 197
120 195
128 205
128 186
118 205
116 188
123 196
116 201
127 204
113 193
115 204
123 188
127 185
116 200
121 203
114 192
124 204
116 187
119 215
120 193
124 192
114 202
141 236
142 214
139 232
133 237
134 212
127 212
127 232
139 226
132 221
135 215
134 215
135 216
139 219
134 229
137 232
136 213
126 215
138 238
129 227
136 210
142 230
140 228
145 224
134 227
127 234
133 235
135 239
130 211
139 221
134 231
133 234
131 227
130 237
127 230
142 214
144 238
129 231
135 211
145 226
134 239
138 217
135 216
137 230
130 219
133 233
133 210
135 231
125 221
135 238
126 236
139 228
145 230
136 216
143 220
127 214
132 240
125 239
141 223
133 220
141 226
134 230
132 225
141 240
137 234
133 232
137 235
136 220
141 223
140 211
132 215
143 239
134 225
131 216
133 223
145 226
131 225
131 223
132 221
143 234
130 216
135 230
126 232
127 224
145 222
130 235
136 229
141 226
144 227
126 238
137 215
133 237
134 224
131 229
139 227
137 236
129 236
137 232
145 221
145 229
134 225
125 214
130 213
142 213
141 219
131 228
141 220
145 212
133 229
141 228
131 211
143 237
132 235
137 220
129 228
126 234
138 218
134 213
141 227
141 238
125 214
138 218
140 236
142 218
143 240
128 228
142 215
133 235
134 239
131 214
133 211
128 226
133 234
139 226
139 232
136 212
135 236
132 218
140 228
130 213
137 220
137 225
131 213
133 224
143 222
130 221
143 221
126 228
142 222
132 221
127 222
126 238
144 233
141 236
132 229
126 236
128 229
128 221
133 228
126 228
126 216
132 219
134 234
127 230
129 236
137 214
127 221
140 222
125 214
134 222
132 214
130 228
144 223
143 223
143 228
136 238
126 237
140 220
129 238
138 233
145 237
136 236
143 237
143 219
139 223
127 231
138 234
133 218
138 213
140 213
127 229
131 224
125 211
134 213
137 229
134 228
131 233
136 231
130 229
144 229
135 228
142 224
130 223
135 223
133 220
131 214
132 221
134 220
132 219
134 217
142 218
134 219
143 215
128 229
129 237
144 231
143 224
140 229
142 235
143 219
132 224
135 211
137 237
145 213
137 234
141 240
129 212
135 211
127 215
126 236
133 235
142 219
135 228
128 210
136 239
134 227
125 227
135 214
139 236
131 227
141 228
139 230
129 232
144 234
135 216
136 234
140 212
125 216
139 238
133 211
125 220
140 240
152 238
150 246
157 251
148 251
156 247
147 255
141 257
144 260
140 264
145 261
158 252
157 255
145 237
154 243
158 241
145 242
143 255
152 240
147 249
148 240
140 258
140 258
157 237
149 243
156 238
150 265
159 236
140 236
149 241
147 249
147 256
152 254
143 242
144 250
140 247
150 247
142 244
158 252
152 255
154 244
160 261
155 243
149 259
155 264
149 252
160 245
152 264
140 252
151 254
140 259
154 252
149 240
157 241
153 239
152 248
152 247
149 253
142 238
141 260
151 244
159 242
143 253
157 248
159 246
146 236
159 237
146 241
154 245
153 261
149 238
151 259
151 248
147 237
155 256
149 248
155 241
151 251
151 260
158 259
153 236
147 241
140 244
156 242
155 257
160 235
148 239
144 242
146 239
149 235
155 238
141 258
160 235
143 265
158 240
158 264
160 251
160 241
156 249
153 246
159 244
152 263
158 239
140 235
140 246
140 235
143 247
142 256
152 265
150 240
142 244
156 242
150 239
140 253
146 257
152 259
140 244
149 246
153 259
158 252
155 243
145 253
159 241
156 263
150 261
156 242
149 238
150 264
141 260
160 261
159 248
150 249
148 242
153 235
143 237
151 240
146 235
153 261
142 264
151 244
150 260
160 265
153 264
153 239
154 246
160 242
160 251
147 247
143 247
146 256
146 261
142 258
153 252
151 265
141 245
142 243
143 258
145 263
146 235
147 244
147 263
152 236
153 238
152 236
155 258
140 263
154 252
147 247
155 240
158 250
157 255
142 250
159 261
153 264
142 246
143 240
142 257
154 255
151 251
147 242
140 247
142 258
145 259
158 261
146 250
152 244
153 236
160 245
158 238
153 256
147 249
145 256
148 262
140 263
140 235
160 252
148 244
154 241
148 246
150 262
143 245
152 262
150 262
141 242
157 248
142 247
149 253
149 265
143 244
151 259
152 235
144 252
150 252
150 241
144 258
148 257
158 241
159 247
145 255
152 264
154 246
143 262
159 244
155 247
160 255
142 261
154 249
147 262
140 238
157 262
152 238
151 259
159 238
155 244
146 256
142 257
155 249
159 263
157 247
152 243
155 244
143 255
158 247
147 254
142 252
142 241
144 235
140 263
158 238
143 258
