5000 124810
97 28
85 38
10 58
82 16
79 86
52 67
76 27
15 20
45 88
73 35
50 54
54 96
77 84
92 32
82 10
97 39
11 94
5 57
82 55
41 55
95 86
53 2
64 29
67 49
34 67
73 33
27 74
68 33
19 2
28 95
62 82
67 81
12 32
23 39
48 97
90 70
74 57
24 75
56 41
19 96
48 61
5 94
72 91
76 44
48 26
5 52
72 82
58 71
9 8
5 36
50 77
56 94
10 90
66 5
74 94
43 8
38 90
53 67
10 93
8 91
80 61
71 74
75 24
43 44
93 64
74 20
32 65
19 73
97 46
39 5
37 68
96 6
95 99
60 59
71 1
43 76
16 10
95 82
52 46
76 70
99 70
2 22
31 63
60 11
19 78
57 8
2 18
56 67
9 26
63 10
15 10
88 38
33 35
89 33
30 33
78 99
63 4
13 98
96 71
11 1
51 2
84 38
7 6
45 100
95 48
29 58
39 75
10 10
75 91
43 72
85 79
26 60
96 93
68 93
85 22
14 23
76 52
87 40
21 41
84 77
49 1
35 2
23 14
34 36
24 86
52 46
11 34
38 41
16 95
58 56
48 41
18 97
41 45
6 98
14 96
35 45
87 55
53 23
96 54
61 46
47 94
32 84
86 5
42 39
99 28
71 27
55 13
26 31
9 18
75 53
9 7
9 18
61 7
31 72
42 53
36 92
34 69
4 38
73 85
49 64
61 93
73 25
66 60
1 90
30 23
32 7
87 34
16 77
84 81
82 39
29 22
30 75
14 74
66 79
23 65
64 1
88 57
77 77
90 31
96 74
3 81
50 89
5 43
15 87
81 60
98 48
51 31
14 80
54 37
23 15
15 43
14 82
47 39
32 54
67 71
77 13
63 13
5 4
44 90
98 93
87 94
72 63
79 19
52 67
38 41
1 83
67 67
77 97
29 11
8 49
73 22
83 92
58 89
29 17
98 30
38 100
78 16
100 60
3 79
31 52
22 26
69 74
97 33
69 65
1 79
63 3
97 29
15 91
19 58
40 70
65 36
57 51
64 33
95 54
8 17
53 73
48 89
27 35
29 22
28 51
34 35
53 95
11 42
91 23
81 63
60 72
80 22
59 78
59 83
83 53
41 30
32 9
3 26
37 14
52 25
55 4
51 17
48 53
70 95
70 26
40 23
86 82
26 29
3 7
80 87
86 45
55 79
27 27
64 32
35 52
7 78
97 66
88 99
69 19
88 41
68 61
28 42
67 62
78 91
38 25
1 66
71 72
21 85
4 91
7 85
73 9
58 95
10 53
72 13
79 41
31 79
11 35
16 74
8 59
65 41
96 60
93 3
71 72
74 87
56 86
6 75
80 64
5 4
93 25
48 34
92 44
12 38
27 28
10 57
42 28
16 52
63 23
12 99
89 88
66 65
70 35
13 96
75 59
79 88
84 8
6 51
9 18
47 95
21 24
17 76
11 35
68 36
61 30
82 58
94 22
69 16
39 85
25 37
73 71
83 9
73 70
16 66
46 46
51 97
25 22
87 73
19 100
39 96
50 23
59 39
4 13
20 58
71 34
31 71
50 45
6 94
36 74
11 14
52 88
8 49
27 89
15 74
76 84
39 18
48 32
69 5
59 85
86 16
93 93
31 55
68 24
17 63
98 20
65 22
20 11
75 94
52 46
90 63
13 41
53 21
48 1
17 53
24 78
18 87
99 24
74 74
23 80
34 49
84 87
27 67
93 97
62 27
41 40
68 81
52 44
88 23
88 37
11 29
25 90
81 30
93 83
44 66
49 44
91 55
8 87
68 6
65 48
11 32
57 20
77 88
64 4
4 73
45 41
87 81
73 59
43 16
12 6
96 90
28 64
47 44
74 56
21 12
60 70
14 47
88 44
12 66
53 22
28 33
74 46
77 11
8 14
66 80
72 76
56 9
56 34
79 62
76 66
72 81
42 46
84 86
49 21
5 49
88 10
93 61
43 82
12 20
88 76
7 39
7 9
67 91
5 83
80 16
87 54
65 4
45 14
27 50
28 21
97 35
54 82
53 66
25 46
13 47
18 46
96 21
20 55
26 79
27 35
95 20
97 12
68 80
79 57
45 32
24 80
18 66
90 92
18 13
29 37
29 19
24 52
88 45
95 61
29 86
19 12
82 66
45 89
64 26
60 15
24 62
12 60
13 48
76 27
89 5
25 94
93 72
36 78
44 100
18 3
62 12
91 20
67 14
81 43
21 28
11 45
4 22
38 94
52 36
22 35
66 30
80 6
97 38
5 27
75 66
77 23
24 38
8 31
21 63
39 63
67 98
96 24
2 75
31 45
71 51
42 79
55 91
16 74
78 8
50 90
33 76
91 19
92 9
51 89
72 61
12 37
62 33
75 35
49 82
65 20
48 21
67 63
45 25
45 58
23 89
71 42
73 80
46 79
78 25
94 94
36 41
96 22
41 18
90 67
26 18
12 68
31 98
32 8
27 93
8 5
81 98
11 69
99 24
25 58
62 57
70 36
36 94
75 42
96 70
37 27
39 61
44 42
55 90
35 38
40 99
77 30
5 31
12 30
23 8
34 55
57 24
10 1
29 28
98 41
99 67
54 46
61 60
30 64
85 53
87 52
37 69
18 2
49 72
87 44
42 60
10 29
56 79
29 5
36 22
4 1
65 32
75 34
99 42
19 73
61 23
38 93
96 2
66 54
1 22
70 62
51 60
10 97
31 62
80 88
7 89
30 28
33 33
67 48
59 44
70 37
5 52
47 64
87 39
53 23
34 7
80 98
15 3
41 37
60 2
50 24
44 37
25 85
76 10
42 31
95 57
37 32
31 75
42 11
54 85
32 48
63 72
4 45
93 45
94 33
35 84
99 33
23 12
20 16
17 33
33 55
89 4
73 84
79 18
27 42
77 58
64 76
6 91
91 61
5 13
65 45
93 36
100 1
41 29
20 45
94 83
88 38
8 29
24 57
29 48
13 13
7 5
92 19
69 9
99 1
85 3
3 92
49 85
7 14
22 59
17 17
91 21
10 63
89 52
69 90
88 56
66 62
85 66
93 99
8 74
41 78
10 43
52 9
40 30
2 23
72 6
85 13
89 60
31 86
9 21
18 59
44 98
67 77
61 77
12 59
66 77
45 79
66 2
66 62
3 45
88 61
83 30
93 65
49 75
23 34
13 54
37 30
40 95
97 71
81 28
48 68
89 100
42 22
51 28
81 30
44 45
74 85
65 94
84 56
5 70
25 14
1 15
100 20
92 91
61 43
11 78
9 67
57 74
28 31
26 80
59 18
67 91
8 62
3 82
68 65
31 95
68 87
56 47
22 41
64 58
36 26
69 8
5 57
30 48
20 87
85 38
25 44
45 72
49 31
8 51
49 41
26 45
61 17
48 12
17 35
73 12
10 41
77 53
30 85
38 72
2 85
40 2
4 14
62 46
95 35
23 79
44 92
62 73
78 77
65 32
77 30
66 2
86 91
81 39
95 1
57 77
65 76
71 96
1 100
66 7
78 99
2 93
91 3
90 15
49 4
59 89
63 26
11 45
87 93
44 62
100 68
40 77
35 63
55 81
53 74
29 49
78 11
48 17
90 22
55 87
13 100
19 3
20 41
50 90
99 41
14 93
6 67
16 69
84 89
58 66
33 27
14 87
59 10
75 29
55 53
60 14
85 69
17 31
70 10
71 61
12 92
69 77
62 90
47 7
23 57
15 15
27 7
100 68
62 32
69 28
55 54
26 31
87 83
74 46
75 73
85 75
40 39
32 39
52 43
75 27
42 56
84 21
40 65
100 66
58 1
95 69
59 31
42 69
11 99
28 40
64 82
75 43
48 16
26 71
73 49
71 72
92 37
99 55
22 91
5 20
67 35
76 97
83 51
5 69
2 42
9 23
42 43
93 80
41 13
93 38
67 58
82 20
77 58
59 74
33 37
34 11
53 95
92 19
28 79
15 93
71 58
91 12
89 87
71 25
68 34
61 35
41 49
11 71
12 42
14 39
68 90
30 28
42 87
50 92
35 96
43 29
58 66
76 90
87 60
50 30
20 27
5 70
83 2
96 37
63 43
16 90
82 47
15 37
59 9
61 77
30 82
81 18
51 41
70 68
51 95
71 74
83 55
43 43
81 96
46 96
57 33
48 38
75 75
98 20
49 29
61 22
92 48
7 47
88 11
78 59
8 28
8 38
34 28
91 29
55 26
97 71
58 71
88 24
11 59
68 79
48 52
92 40
48 48
51 92
14 60
51 42
73 66
48 14
93 36
53 13
93 61
1 69
53 50
19 35
50 88
53 31
80 56
93 87
59 77
19 66
22 45
19 4
78 55
56 25
9 85
85 32
52 95
18 55
72 55
14 5
85 85
72 7
58 97
84 32
22 98
23 56
34 26
94 15
70 69
79 61
98 28
62 81
31 81
2 77
80 67
81 20
55 7
11 22
25 6
65 35
30 39
47 3
83 91
59 46
2 27
43 75
43 77
5 73
12 81
67 84
70 77
96 65
38 90
27 25
32 48
11 39
49 80
65 25
56 54
70 100
95 86
5 33
31 80
26 66
59 61
63 46
58 38
13 20
73 19
82 43
29 54
54 10
80 97
64 44
65 55
81 75
58 70
7 83
37 99
70 50
25 66
7 76
17 14
62 7
85 100
48 14
24 98
86 32
65 38
79 3
55 31
11 75
84 35
86 63
36 93
42 47
100 8
45 30
6 66
24 27
79 24
86 72
78 36
58 21
1 67
94 42
91 47
59 37
100 76
27 46
80 86
25 94
33 73
96 52
38 100
18 24
96 17
62 49
3 55
60 54
92 51
57 86
70 81
75 37
94 100
58 73
68 84
45 7
54 2
25 49
69 85
32 77
63 72
46 72
42 97
63 39
91 65
32 96
21 75
90 41
58 41
52 12
66 34
43 13
48 15
56 85
60 36
43 31
17 34
14 91
54 37
8 36
22 28
75 17
35 73
68 27
84 41
54 56
12 85
38 94
31 56
80 22
21 70
93 28
77 93
62 19
55 66
67 58
93 14
28 92
9 50
51 54
79 3
74 35
45 66
78 18
29 19
4 1
72 48
97 4
17 43
77 84
57 40
90 22
4 52
43 64
57 100
87 92
96 71
69 85
24 85
26 78
48 6
45 55
70 5
25 50
58 73
77 22
91 59
51 86
56 13
99 60
53 91
86 68
25 94
97 56
64 85
5 65
52 8
87 84
54 20
20 3
16 20
10 11
9 24
19 71
52 74
66 24
5 15
99 44
86 60
81 99
77 22
33 17
77 5
46 78
9 18
34 29
22 52
52 77
36 14
29 64
2 36
88 4
15 83
26 82
36 11
30 67
83 46
39 71
16 3
36 65
58 73
83 22
45 76
19 48
1 44
48 1
84 71
6 58
98 45
21 82
86 9
74 18
53 50
62 13
72 47
14 68
47 94
45 98
65 96
83 7
74 14
66 83
22 63
88 96
92 64
58 25
17 63
26 9
96 95
84 65
61 26
6 19
67 38
57 53
24 67
19 81
56 53
59 37
24 39
53 49
79 71
61 47
27 66
31 20
74 11
98 65
44 39
21 4
42 62
60 34
3 63
67 75
26 17
76 77
54 71
69 80
33 53
22 85
94 41
81 48
58 49
54 18
86 66
76 86
62 70
61 32
94 18
17 74
19 21
70 56
69 23
97 43
82 54
47 40
79 14
56 17
44 4
75 53
76 20
38 66
34 86
30 34
4 92
59 54
5 62
10 62
79 34
90 15
83 46
72 26
22 14
40 46
77 95
59 31
67 83
38 64
19 15
13 1
6 89
37 35
82 8
75 11
85 29
63 14
21 3
63 42
18 30
17 6
37 94
45 1
54 23
23 32
26 35
9 15
33 85
83 48
18 76
12 70
24 62
1 74
35 47
97 75
92 19
12 41
55 58
59 54
1 56
25 72
71 6
7 45
13 58
4 13
33 55
97 86
66 26
53 57
11 79
36 55
69 15
100 25
32 8
74 37
22 56
10 42
83 51
54 92
44 41
52 79
65 62
19 3
4 4
52 8
15 29
96 22
63 49
21 86
6 27
15 56
45 9
76 32
21 100
9 66
79 45
53 7
5 3
96 22
58 15
15 82
83 29
78 29
14 6
67 36
52 18
87 13
76 29
86 68
41 4
71 69
89 98
57 17
89 71
93 1
8 25
3 52
40 75
22 25
75 89
45 1
37 32
19 98
72 85
9 32
79 63
2 81
14 38
83 18
49 2
71 4
49 99
32 82
100 33
15 56
98 17
3 50
1 68
25 45
40 69
93 23
47 14
29 19
50 40
35 36
73 19
9 16
89 87
12 45
31 92
63 76
8 98
67 23
33 25
79 82
27 6
11 39
32 14
40 43
45 56
80 67
62 99
93 54
11 49
62 31
59 61
60 65
64 32
12 80
36 10
56 100
4 3
82 75
84 70
53 42
16 10
8 41
14 9
56 97
71 85
44 100
18 24
78 34
62 74
2 48
8 15
88 80
64 86
39 80
80 74
8 94
18 47
41 72
53 47
81 95
54 54
11 60
40 11
70 85
22 39
28 20
25 37
78 41
9 46
60 6
82 34
77 56
67 46
95 94
32 4
37 83
38 45
2 79
66 16
99 19
55 78
25 83
39 50
19 63
63 62
18 23
26 8
32 60
10 47
30 55
12 54
16 100
41 66
4 17
37 37
14 4
83 88
13 73
91 45
91 34
72 30
73 30
19 89
90 28
19 24
3 44
78 10
57 68
4 22
43 77
7 38
10 99
67 59
45 87
28 13
81 73
14 62
6 21
12 32
76 8
35 27
76 38
43 7
27 92
31 54
79 95
41 95
13 41
91 67
83 91
55 74
14 49
7 73
74 14
3 76
26 96
76 9
80 37
34 15
31 30
74 13
40 53
40 28
92 72
37 91
20 93
72 96
2 52
25 13
35 27
29 59
59 39
10 64
71 18
86 82
92 69
1 12
78 76
4 10
91 31
60 19
59 35
4 79
19 91
84 1
58 54
96 38
11 9
37 42
29 4
41 91
62 54
20 8
32 18
53 77
8 99
51 62
76 72
10 2
27 74
11 99
90 61
86 64
72 14
61 30
71 45
64 83
61 93
48 73
19 44
4 23
59 43
29 30
59 53
29 85
64 30
17 6
24 22
74 91
5 47
4 77
66 81
67 53
76 85
50 50
71 29
83 35
100 12
47 1
44 36
27 37
9 51
34 48
64 1
32 64
46 77
34 97
47 46
58 22
33 21
66 41
13 44
43 63
46 71
72 97
72 47
10 100
40 54
47 20
83 42
44 53
3 97
49 22
62 5
78 33
98 72
33 85
12 19
49 35
31 85
56 54
27 71
39 87
41 2
90 23
70 51
38 30
75 20
69 48
95 51
59 40
34 89
8 47
2 55
31 11
31 95
73 1
40 10
70 48
71 21
75 4
65 52
73 69
23 25
79 8
2 1
72 48
63 93
14 19
72 34
93 29
21 24
51 5
83 16
13 77
92 79
4 66
50 59
19 98
72 65
44 61
77 90
57 5
3 59
78 44
88 15
85 53
2 96
27 77
54 53
73 16
1 80
71 4
45 36
75 4
49 12
99 88
98 4
11 4
12 58
22 37
55 84
32 82
72 93
37 99
44 10
15 72
92 16
45 68
33 21
64 81
40 81
10 10
72 85
43 39
39 5
59 100
79 92
41 1
38 76
85 44
13 68
90 55
55 47
9 4
17 10
55 10
7 43
14 65
65 65
70 1
87 54
19 49
53 34
10 46
7 47
48 43
25 69
98 15
92 63
9 90
13 95
32 43
18 51
85 31
26 81
9 56
95 30
56 24
49 8
32 57
40 67
13 27
74 63
46 66
73 30
90 25
100 27
32 25
55 41
64 92
53 25
42 94
34 92
6 58
51 92
40 38
5 52
27 60
90 52
97 14
36 49
2 98
80 8
5 100
38 29
57 41
13 7
33 10
12 64
13 14
64 19
52 31
77 92
89 33
97 48
2 74
78 57
97 74
33 98
33 50
12 17
37 22
26 43
98 8
42 31
76 34
89 98
99 34
55 94
78 1
95 100
42 94
32 99
26 7
46 93
69 79
82 99
11 51
1 40
45 63
75 16
17 58
96 45
4 8
5 91
45 92
5 81
35 99
93 17
89 78
67 48
56 86
25 51
92 43
53 93
19 33
19 76
42 90
17 66
25 21
71 91
63 65
66 15
2 41
88 24
64 59
23 19
21 22
26 10
23 10
65 36
52 77
91 68
13 80
55 84
48 10
57 23
59 64
82 8
1 92
99 93
100 8
56 77
76 43
91 50
61 69
94 27
61 25
54 11
62 93
86 98
24 1
24 9
51 12
78 93
63 32
66 22
100 63
83 6
91 31
74 72
99 41
43 8
17 39
11 21
97 43
64 100
19 95
8 59
97 8
19 86
6 51
96 67
27 62
81 46
38 16
87 31
26 72
98 92
92 41
87 16
35 89
15 93
62 25
38 52
44 85
24 8
3 74
43 99
58 65
94 56
69 70
57 6
36 15
85 61
19 78
84 58
100 60
38 72
91 68
48 19
56 10
49 18
43 85
34 71
81 15
32 52
20 53
7 39
81 44
63 93
45 54
16 84
30 37
7 30
53 36
73 73
82 38
55 9
68 71
40 2
100 16
36 93
48 59
35 31
72 53
66 88
71 88
23 64
3 12
61 7
70 83
11 21
61 76
64 19
44 91
42 91
95 71
16 44
100 81
75 66
78 88
44 34
42 49
59 77
50 64
46 36
32 49
32 53
53 96
99 72
23 6
52 12
86 16
70 65
39 42
9 20
87 52
9 81
31 83
90 63
21 87
52 17
52 83
82 62
15 88
47 26
23 4
61 58
14 21
22 84
87 75
44 8
17 70
29 75
2 36
67 33
74 63
33 37
50 37
78 58
83 60
24 42
30 21
20 75
45 58
68 62
80 94
31 10
76 94
62 76
72 24
96 32
13 45
23 59
29 46
79 32
22 36
3 1
39 41
35 56
24 85
26 15
78 15
93 54
6 41
32 51
59 38
31 3
16 87
60 74
9 13
51 98
35 67
38 33
70 72
79 25
5 47
50 65
9 86
32 92
63 92
81 61
79 24
76 88
55 19
8 21
54 19
28 54
10 21
93 59
63 61
86 57
70 25
92 76
78 10
75 18
75 78
88 99
5 20
91 64
99 24
13 84
41 61
33 43
50 17
62 84
11 67
6 63
11 100
71 4
37 6
26 91
3 64
68 29
1 31
58 35
75 1
6 49
85 40
36 22
98 8
99 1
73 78
67 84
43 28
50 40
93 1
17 5
89 90
98 73
7 20
39 66
10 56
47 80
71 8
60 24
9 15
33 74
17 38
71 14
4 77
54 44
96 56
58 92
73 24
48 86
67 26
47 25
54 35
52 66
34 98
3 94
2 18
7 27
22 29
44 45
8 18
14 82
61 49
97 8
11 54
19 68
87 73
21 61
18 99
58 80
32 85
26 65
42 5
48 74
48 78
97 33
53 17
96 85
55 24
25 41
43 71
21 2
23 17
48 57
24 19
9 14
51 2
26 36
15 92
24 30
21 32
74 10
37 11
33 80
70 17
100 16
52 99
9 41
20 29
69 49
66 20
3 13
46 13
59 76
2 38
93 42
56 8
7 55
40 26
10 83
83 47
35 96
82 84
6 15
82 4
6 2
14 28
84 5
83 89
80 19
59 87
3 20
53 80
96 49
36 51
75 96
95 65
39 1
83 88
66 93
7 1
100 7
20 57
52 13
58 34
21 94
96 54
65 41
27 100
36 80
26 24
10 98
22 27
8 59
67 12
3 31
65 13
32 91
39 35
47 1
63 62
97 73
1 73
67 41
44 22
88 75
41 89
90 86
26 76
75 76
55 30
84 76
26 83
74 38
35 41
84 16
47 31
83 46
48 9
25 83
70 25
26 84
86 80
91 4
33 42
52 92
45 34
49 54
35 82
83 20
95 55
97 43
32 93
47 79
64 84
27 66
87 53
56 72
17 51
12 80
83 47
71 32
48 8
8 81
97 69
34 48
43 49
43 51
16 45
43 57
19 33
37 70
68 40
5 65
27 73
100 33
8 56
72 58
100 87
43 89
6 29
94 93
91 32
89 21
92 71
6 67
16 86
78 23
62 38
32 88
42 55
44 36
54 71
41 62
3 69
50 39
74 61
46 17
44 42
42 5
88 25
63 26
78 26
55 16
19 90
5 50
6 48
26 97
28 59
5 34
68 86
33 88
50 26
11 17
74 60
93 96
16 83
89 46
23 71
29 72
72 85
64 77
24 59
25 8
4 90
27 27
27 98
29 2
72 95
70 39
70 58
11 19
84 65
48 84
17 86
54 6
52 85
74 34
80 3
31 44
30 19
99 88
15 31
31 45
9 4
88 90
23 92
77 38
28 87
97 14
5 61
99 24
12 90
29 71
24 31
67 79
55 50
2 28
96 32
78 44
71 19
65 90
40 15
7 83
64 73
56 100
12 88
67 9
81 85
43 42
97 52
62 4
42 29
12 34
92 100
2 84
99 76
66 43
30 73
27 14
63 57
35 85
25 37
74 98
63 56
100 19
41 29
69 5
1 47
36 60
98 100
24 65
52 49
37 14
82 99
16 73
44 66
93 38
82 82
24 50
36 80
31 85
85 5
29 8
42 71
28 4
82 44
40 46
93 47
12 16
18 59
7 55
46 1
95 48
33 52
60 56
94 66
73 80
80 12
47 12
60 92
77 11
22 28
63 40
13 77
3 78
30 65
8 42
47 16
12 98
83 43
34 47
42 82
19 100
14 54
35 4
46 55
96 97
26 49
90 53
7 65
44 60
97 7
4 65
38 7
81 11
15 72
83 72
53 42
94 83
81 36
64 33
70 45
2 15
26 25
34 21
4 93
8 89
93 14
3 8
71 86
75 9
36 54
64 19
93 60
50 59
98 23
90 14
97 8
23 23
79 67
3 72
18 34
27 25
58 88
55 40
7 35
24 59
90 64
11 77
17 93
70 99
26 9
38 89
72 13
52 85
23 62
27 5
11 73
15 75
29 64
81 10
89 35
17 69
44 81
33 94
66 80
41 55
22 60
62 87
63 29
52 26
16 10
81 63
79 50
25 49
87 2
37 37
48 59
28 65
48 13
16 3
98 15
73 73
53 91
21 28
76 58
75 52
47 84
86 30
41 79
28 100
18 92
29 65
44 68
61 72
13 59
61 99
1 78
34 70
74 37
16 6
85 47
41 46
48 68
15 96
65 46
86 22
52 84
12 4
14 86
51 96
27 58
63 1
75 69
31 49
83 80
3 26
57 52
81 15
40 7
97 30
60 14
58 50
25 95
3 34
18 21
37 5
15 32
71 50
22 74
88 69
86 56
58 20
28 66
33 23
73 67
44 12
18 44
76 51
7 67
83 82
78 98
85 25
45 34
52 66
15 25
27 65
6 43
71 76
60 79
46 50
67 6
19 93
55 99
43 52
74 78
72 72
31 56
88 9
42 73
4 29
28 29
79 28
62 100
55 95
11 3
34 66
51 58
81 98
61 68
57 24
63 79
38 66
42 100
8 64
41 83
8 24
86 28
47 26
79 100
97 7
44 27
97 57
16 51
98 77
92 8
89 28
69 100
22 15
28 88
63 73
26 95
55 17
41 100
39 94
62 11
4 54
72 11
12 20
84 52
84 31
68 95
98 82
21 96
61 95
57 46
13 78
69 70
95 73
59 55
99 21
91 31
2 81
95 77
58 81
51 58
86 36
98 8
72 57
60 50
26 48
34 29
37 44
32 64
26 81
75 89
93 26
29 34
98 52
56 45
64 37
81 82
76 39
14 19
53 77
36 85
70 64
65 6
4 55
64 88
76 13
54 27
7 19
29 93
49 56
64 99
80 2
86 91
62 59
51 11
45 93
39 6
36 91
33 88
70 21
61 71
7 77
15 46
90 57
56 80
70 90
53 93
36 61
97 28
66 11
40 89
33 13
88 26
5 94
88 19
3 14
32 6
42 45
9 84
60 51
42 100
25 82
91 52
27 43
38 92
41 62
24 35
76 49
76 5
56 74
97 69
37 75
15 2
11 14
78 83
70 81
33 55
82 76
58 41
29 83
100 38
97 29
61 47
87 16
53 75
1 65
41 29
84 32
94 61
2 12
44 82
35 61
26 45
34 86
13 3
63 89
27 99
36 89
90 89
54 3
44 62
86 58
42 30
10 64
97 23
19 12
31 96
29 78
53 39
88 37
9 12
52 29
85 17
22 10
90 44
37 91
22 74
30 24
73 23
15 34
31 87
68 56
1 46
8 83
53 93
13 100
22 71
79 44
1 40
11 60
85 46
96 2
49 69
26 27
5 17
45 43
97 91
35 64
25 72
1 81
23 100
33 35
52 61
59 17
54 44
93 4
47 59
27 17
74 79
19 33
93 3
57 65
86 89
93 100
64 48
91 33
58 100
38 70
69 76
58 39
100 81
5 74
5 92
48 1
31 52
9 60
44 44
79 42
43 24
68 67
79 75
17 75
53 2
82 35
27 43
58 45
74 39
74 2
37 14
99 69
44 34
29 68
55 34
82 74
74 67
71 33
72 7
83 18
8 2
92 82
92 9
7 83
97 7
96 52
7 83
79 59
56 12
50 78
9 52
98 87
70 45
87 26
67 61
22 46
20 61
93 4
31 42
45 51
18 57
19 55
43 19
62 90
100 22
50 4
43 64
25 41
20 36
66 70
7 58
79 90
57 3
50 66
37 24
53 62
45 18
43 6
83 20
100 81
93 36
91 23
49 19
62 80
29 49
67 79
35 77
48 61
60 34
17 70
92 63
77 90
36 25
87 33
90 32
35 98
36 37
32 95
59 90
7 24
97 16
65 48
85 13
6 70
14 65
21 36
10 31
10 34
16 94
93 2
61 66
8 29
35 25
9 84
21 60
64 25
76 15
55 88
63 85
87 100
23 9
55 47
15 42
58 85
93 79
5 73
92 83
80 67
88 19
50 24
86 91
37 86
66 71
70 55
42 55
31 88
42 43
51 38
40 73
57 88
95 39
52 39
64 16
30 63
13 74
36 27
93 87
40 88
42 66
55 23
26 88
65 74
61 21
40 81
22 59
5 52
96 53
14 93
84 18
84 23
15 16
69 60
20 8
81 39
90 67
61 62
63 78
32 9
63 99
55 50
40 96
58 38
6 40
56 63
87 52
18 14
91 41
31 91
57 1
33 58
37 65
34 40
49 31
50 86
26 20
70 41
54 37
21 24
35 85
90 6
4 46
2 53
58 18
23 53
82 91
100 84
35 67
96 68
83 44
98 65
50 69
22 91
55 54
56 9
77 53
93 58
25 22
20 45
75 100
82 74
4 2
11 64
67 66
52 84
60 1
92 85
21 77
66 37
13 61
8 13
55 95
16 6
9 65
64 12
91 11
42 7
15 47
25 77
37 26
97 90
74 41
87 95
19 80
28 47
94 55
47 84
72 4
18 76
18 28
46 3
51 1
21 81
9 18
18 66
72 16
20 19
9 51
45 92
37 7
21 63
52 5
91 1
89 68
60 69
7 64
31 30
53 28
21 10
55 6
89 53
70 51
29 99
27 47
88 30
8 45
20 1
86 65
32 100
90 28
4 44
29 54
40 29
76 76
37 71
57 94
48 92
9 89
18 96
92 83
45 96
90 58
95 39
88 48
30 78
6 60
94 12
60 7
58 87
66 73
67 65
46 39
35 24
47 63
25 38
74 5
54 59
44 90
60 70
37 10
85 70
15 65
66 63
25 50
90 41
2 85
33 95
89 32
10 26
50 43
80 66
55 73
92 100
26 5
94 20
21 29
31 16
87 83
81 88
88 54
4 56
47 52
86 44
39 79
93 66
10 81
12 35
98 24
5 23
23 56
35 33
90 44
89 21
100 47
66 93
31 61
53 31
98 87
19 44
15 56
100 29
51 61
21 28
91 81
76 65
14 100
11 61
7 32
100 82
43 48
46 85
55 37
41 51
31 29
93 67
33 16
92 61
57 2
83 91
97 35
79 57
69 23
38 78
20 77
68 21
3 22
50 89
72 52
100 61
68 84
86 59
51 41
70 45
6 39
41 21
46 61
19 38
4 34
4 93
70 71
98 33
49 29
25 8
39 84
32 57
69 74
23 51
75 70
25 27
5 42
23 4
4 84
73 64
60 34
23 12
92 85
62 55
24 1
64 88
14 15
91 36
49 98
16 56
61 80
7 88
57 28
58 41
77 77
12 61
61 33
47 48
61 46
61 13
23 55
99 29
44 70
91 80
74 79
71 39
16 59
78 20
93 94
71 42
3 36
53 27
45 53
46 72
66 82
68 5
61 11
31 48
10 41
62 60
47 3
22 72
68 48
55 83
79 12
44 24
18 95
91 96
42 71
78 40
4 9
64 77
77 20
99 30
7 9
50 99
69 20
22 67
79 70
62 13
44 60
33 57
66 40
88 64
31 28
83 73
7 69
91 90
14 20
16 61
52 50
60 75
38 32
71 97
14 9
16 96
15 20
83 3
59 91
56 43
60 43
62 51
72 19
36 62
60 80
78 27
37 12
81 99
51 45
68 34
94 12
94 4
52 90
59 3
33 68
82 70
41 27
39 88
25 59
54 98
54 100
76 8
65 72
91 83
99 56
30 80
59 78
13 28
12 35
17 21
20 70
72 77
30 71
91 88
59 90
41 3
20 67
48 54
21 1
70 11
67 87
14 64
63 15
70 76
24 18
47 34
52 45
65 44
85 21
28 56
70 94
39 20
55 15
87 65
29 2
53 71
16 97
39 80
65 50
80 83
55 52
37 19
3 11
36 22
79 58
61 100
77 76
99 24
60 53
49 29
68 87
26 91
63 44
83 53
96 67
38 62
29 86
99 63
54 57
14 6
78 70
24 50
4 77
32 85
62 67
84 78
85 7
29 15
23 9
1 56
8 97
29 60
89 26
10 7
65 34
68 83
23 58
93 9
66 59
82 63
41 89
85 97
60 53
55 33
19 49
7 71
45 46
100 86
57 34
98 54
65 43
34 55
73 56
68 19
65 39
34 22
51 96
1 97
63 88
25 57
54 4
22 36
6 16
42 29
84 94
22 1
9 64
6 51
14 62
74 74
39 13
6 50
11 70
50 18
13 82
29 70
56 88
57 27
28 55
12 73
54 81
92 97
97 28
27 88
11 67
62 18
60 61
14 14
14 15
74 48
38 70
67 70
48 35
43 38
9 99
31 28
16 38
17 14
36 78
29 99
43 87
26 43
35 49
53 8
76 60
99 82
33 77
83 47
55 9
61 83
47 20
8 41
4 31
43 99
34 28
15 97
56 16
46 40
28 10
70 30
71 87
17 80
88 100
18 21
60 17
96 50
48 48
27 6
65 15
35 77
56 5
59 1
61 19
42 5
63 60
88 78
40 86
95 36
70 77
94 46
7 18
68 48
53 38
11 48
11 46
87 17
77 96
66 61
84 56
4 5
87 43
54 94
20 36
75 42
24 66
31 4
22 43
71 13
58 10
38 57
58 42
65 66
48 9
70 60
58 70
10 68
57 90
97 7
57 55
78 18
42 53
63 72
46 65
94 90
25 71
8 62
32 59
1 66
25 22
15 14
4 22
64 64
21 8
76 58
38 57
44 73
58 61
11 51
66 38
15 70
1 59
75 79
31 35
48 67
44 90
88 56
10 86
52 31
84 63
66 40
82 100
77 67
80 63
79 16
71 56
5 33
38 77
54 66
5 50
62 51
69 80
9 72
25 66
41 39
36 81
14 23
36 11
93 41
77 25
53 100
60 63
77 84
28 30
90 49
76 50
23 72
78 57
85 36
27 54
13 19
2 27
60 54
90 85
82 90
38 69
12 92
86 74
75 46
65 58
42 24
88 96
85 89
2 47
13 61
25 27
37 79
78 35
12 89
30 71
54 12
65 41
89 33
82 95
44 70
30 34
58 96
18 93
7 90
94 83
96 47
20 8
96 10
55 100
61 44
77 99
44 68
72 87
14 72
70 65
36 44
55 47
58 12
21 32
57 93
22 25
97 10
93 23
51 11
9 99
74 94
57 22
25 39
14 26
38 16
20 60
44 59
95 12
89 53
2 100
89 94
85 99
21 7
36 55
91 50
81 2
64 53
35 69
4 89
77 25
56 34
40 84
83 71
65 97
12 16
39 16
38 21
8 77
84 38
89 84
68 75
9 31
45 5
44 65
75 9
34 21
15 25
18 19
29 84
4 77
19 19
69 29
40 27
92 77
4 84
30 76
24 31
67 88
16 44
28 19
95 12
72 77
19 2
77 35
88 26
30 69
68 2
26 98
89 46
3 91
66 81
57 72
11 74
10 86
52 37
37 82
43 58
67 13
54 52
23 93
70 89
25 22
43 73
61 15
68 99
46 56
90 90
43 29
64 44
6 33
70 99
10 7
29 62
88 52
39 93
16 87
69 73
6 46
41 36
58 70
60 37
58 17
66 41
22 10
19 54
17 29
59 43
14 63
35 41
64 46
36 55
56 81
40 68
79 27
16 47
7 18
76 35
6 36
50 98
92 30
63 21
71 96
53 88
91 34
11 99
91 81
58 72
79 71
48 26
51 7
36 92
7 14
8 23
1 85
29 75
27 28
70 65
87 69
40 90
4 6
2 15
27 44
60 38
42 34
57 23
75 85
48 51
85 9
32 20
49 48
76 38
94 92
20 95
28 77
36 25
30 45
71 57
94 96
8 68
18 35
44 3
96 59
25 100
3 77
48 95
5 75
29 5
17 60
43 95
20 46
73 65
44 9
47 42
84 2
85 94
3 16
58 38
33 96
87 24
42 10
33 43
14 13
35 1
52 89
94 89
23 78
33 86
64 98
16 73
93 53
33 84
11 27
88 63
57 83
65 56
87 58
13 57
94 12
4 17
55 4
65 57
28 33
99 64
11 98
11 86
83 58
66 13
20 24
67 53
4 88
61 33
100 48
70 100
96 85
3 88
63 41
18 62
36 73
78 38
85 87
28 77
10 21
47 13
67 92
19 3
11 20
53 49
31 12
56 31
8 17
38 15
21 40
87 1
36 78
83 37
97 38
70 87
100 2
17 61
37 40
4 41
77 45
88 87
73 41
24 82
90 26
87 81
93 43
25 51
16 70
77 29
4 27
77 90
75 94
22 18
47 44
38 13
27 18
30 55
93 44
86 86
67 21
65 83
73 38
54 99
100 71
69 76
23 85
99 24
37 88
11 76
54 65
14 33
98 14
78 57
89 14
88 40
64 37
82 8
64 90
31 58
10 37
20 68
8 47
85 82
41 38
6 90
22 94
19 7
35 97
66 89
5 93
1 17
31 23
77 30
54 67
30 46
97 57
29 52
80 69
34 45
39 79
34 85
47 77
37 93
11 41
35 42
76 84
27 29
68 1
39 73
57 86
78 89
58 40
16 32
62 70
51 77
22 74
35 16
69 84
56 70
100 4
25 28
9 86
30 79
1 9
14 53
11 24
98 66
42 56
91 44
83 10
81 34
24 29
81 38
69 78
86 69
67 31
44 61
12 50
35 31
34 33
21 35
12 72
44 25
36 19
25 41
94 53
9 44
59 56
14 88
65 13
58 12
39 67
25 50
88 90
91 76
38 2
50 65
40 93
32 9
40 8
22 54
64 95
15 36
2 43
32 72
1 57
69 25
27 85
12 6
55 7
60 69
84 92
66 78
3 93
20 62
90 19
48 98
28 5
48 26
62 85
44 69
5 89
52 52
68 19
44 30
42 79
58 72
94 94
34 23
89 81
85 2
55 76
4 75
100 89
9 18
35 98
100 45
77 42
13 82
63 2
31 48
72 51
47 94
48 78
27 95
18 7
37 48
74 92
97 12
36 73
87 29
41 80
92 14
90 32
60 50
36 43
84 62
69 22
81 37
17 84
57 2
65 90
71 59
60 28
64 78
79 28
46 77
15 23
7 21
58 11
30 24
89 20
82 13
76 69
36 97
60 59
45 28
24 44
85 51
41 91
11 69
24 31
33 70
3 82
13 62
45 72
90 76
96 23
13 93
70 12
12 58
70 46
86 1
35 16
81 25
2 31
13 95
79 1
16 53
72 67
88 63
45 28
60 86
69 75
72 49
48 35
80 34
68 76
71 30
65 36
61 66
82 98
88 18
93 87
36 31
100 31
37 58
25 7
48 53
2 2
46 70
59 62
23 47
31 23
93 77
3 71
32 53
58 23
33 24
100 57
81 89
21 38
44 36
40 26
41 13
68 84
39 60
21 98
35 11
62 90
37 85
95 28
43 39
24 2
40 67
30 70
75 32
28 76
54 28
22 36
29 78
99 49
33 97
51 76
81 23
77 25
6 47
13 27
86 99
38 22
12 83
66 87
58 59
7 71
58 12
99 23
26 54
96 24
71 72
13 17
57 65
7 56
7 44
51 3
82 57
98 10
80 24
8 40
26 86
85 3
82 75
6 15
35 4
14 23
57 90
16 26
42 47
62 88
80 5
28 45
99 9
43 39
93 83
9 20
49 9
2 47
7 94
27 15
98 22
29 66
39 31
6 86
35 21
97 74
57 40
68 30
95 36
88 64
75 69
72 73
25 18
56 96
77 87
59 21
69 70
33 76
26 99
63 17
46 16
5 3
90 13
45 24
99 93
34 48
53 95
100 2
36 46
11 89
26 16
85 67
91 54
64 46
90 52
25 26
60 71
98 43
92 7
54 6
38 6
66 76
25 78
62 76
74 23
2 16
72 48
42 92
86 44
98 46
4 60
32 59
54 100
45 25
28 34
53 93
79 72
32 29
52 94
66 69
94 69
77 9
50 35
84 74
40 6
39 38
8 99
51 76
89 80
51 6
5 34
26 38
68 33
81 11
39 13
41 7
34 27
10 60
35 98
72 70
7 58
90 10
3 80
61 57
35 34
30 13
65 49
65 57
13 41
16 94
82 25
6 61
44 54
31 11
89 34
83 11
21 48
48 85
85 87
61 27
50 90
89 20
86 64
17 74
22 82
24 28
10 80
7 60
34 88
96 29
78 81
92 97
85 38
80 60
4 53
71 23
61 73
68 54
87 31
73 65
35 99
68 7
78 26
78 53
50 17
18 11
12 63
71 64
17 95
97 1
83 43
66 36
37 20
69 58
35 9
58 54
44 86
44 40
65 13
77 25
39 21
94 94
21 21
75 10
74 5
24 25
46 33
86 77
44 78
84 15
11 94
78 77
52 22
40 19
56 81
1 90
58 29
19 95
23 6
74 76
15 96
6 48
92 11
52 67
26 57
26 72
61 20
69 42
21 11
77 85
98 18
59 31
71 78
18 90
85 93
96 34
41 15
30 25
81 11
84 44
14 91
43 4
14 72
17 12
83 74
21 52
69 54
40 54
39 47
44 59
65 29
54 94
49 6
56 92
57 60
26 14
81 63
17 32
94 8
1 73
46 16
91 25
11 56
68 45
60 67
48 48
63 78
1 81
77 24
95 88
36 76
42 66
38 43
1 48
10 30
20 68
21 99
79 83
11 74
60 97
22 41
75 54
13 42
22 98
83 45
21 2
47 11
15 7
89 33
92 18
68 32
34 48
35 95
30 39
53 92
94 61
77 86
15 69
46 93
6 61
62 9
34 68
47 26
99 3
34 15
9 7
70 71
55 66
87 89
32 96
14 14
60 29
58 49
78 56
33 78
40 94
50 9
31 89
55 100
38 41
22 58
74 31
24 40
8 52
3 21
76 83
2 64
80 58
43 3
99 56
85 18
4 11
32 24
83 96
54 66
18 90
91 2
23 36
72 7
29 43
54 83
37 21
88 23
11 31
14 28
72 1
3 24
63 36
2 41
9 76
52 76
76 98
82 58
75 67
83 2
84 79
3 49
36 65
63 36
45 51
35 73
99 6
48 14
18 48
82 53
53 79
35 37
72 6
75 66
6 96
53 48
80 48
42 16
40 71
42 78
7 43
64 71
96 54
21 30
65 11
4 29
25 5
40 60
85 86
99 23
23 13
21 64
53 71
10 78
35 52
97 21
44 2
34 57
96 34
14 49
15 9
48 64
48 37
38 14
74 29
6 32
90 14
5 76
99 99
82 84
47 54
6 93
45 6
94 59
78 22
9 68
98 87
2 78
1 27
34 72
53 100
23 92
54 88
5 70
32 21
89 91
54 43
28 22
74 47
49 28
41 22
88 7
97 92
40 58
25 72
22 20
45 42
15 85
27 96
44 40
48 20
25 1
1 33
92 25
18 59
78 6
52 92
15 97
32 84
52 71
1 20
84 83
74 62
54 59
40 53
58 82
94 49
93 47
37 55
67 47
94 74
77 76
6 5
42 65
68 33
83 77
63 37
13 74
49 13
89 84
56 66
96 33
65 84
56 98
87 9
83 94
85 3
38 53
49 42
68 38
90 75
49 61
3 21
15 36
55 20
43 25
24 69
48 20
87 71
12 23
67 67
80 96
40 98
24 71
21 13
8 82
6 99
36 49
20 8
54 12
76 32
75 73
49 96
41 67
82 22
87 56
23 12
18 24
77 8
71 53
86 62
66 82
72 13
88 34
32 69
26 84
82 58
8 89
25 4
69 80
19 63
43 70
100 75
59 12
67 92
73 87
66 94
72 91
8 87
85 1
26 54
35 18
11 25
26 1
75 84
44 46
13 56
49 95
61 21
89 16
72 99
98 34
6 97
43 12
86 67
89 18
68 95
67 76
48 6
44 50
87 55
67 21
87 71
87 82
25 32
53 63
59 20
42 25
24 5
18 7
78 77
1 58
52 76
88 1
27 10
79 12
83 98
91 65
27 58
43 19
31 80
98 57
93 52
88 29
92 68
78 71
76 98
11 14
96 46
24 55
55 64
35 53
42 75
41 34
21 34
18 7
93 48
31 5
59 83
68 52
48 63
88 12
69 61
51 39
75 64
47 70
29 50
9 62
89 87
56 7
3 80
71 18
5 63
95 83
58 98
49 82
24 53
85 95
59 96
72 99
60 2
65 11
6 51
1 28
5 96
26 36
70 34
49 44
8 40
80 69
17 95
55 3
67 80
37 56
57 93
93 95
35 77
86 42
1 56
75 63
93 100
4 87
45 81
49 15
98 70
54 78
97 96
74 22
38 25
8 43
45 20
50 26
72 5
50 22
50 53
29 1
27 57
72 39
77 44
34 49
51 59
45 38
40 3
18 90
33 45
96 95
62 84
19 22
81 88
63 40
93 36
25 87
18 26
89 16
74 53
67 47
42 94
70 49
40 69
32 70
77 43
84 40
81 95
1 48
85 62
82 99
29 48
11 70
53 89
5 43
44 18
4 47
2 32
83 20
73 36
34 77
31 66
86 20
5 50
11 53
48 11
49 85
36 92
17 88
38 53
9 44
84 35
31 98
30 44
75 55
62 67
59 87
11 94
42 13
59 86
95 7
76 11
87 85
6 29
28 100
43 27
49 46
83 46
44 58
84 18
7 34
30 86
14 35
93 5
86 87
76 88
92 15
34 72
63 31
9 54
23 24
23 74
44 40
54 21
53 70
18 94
67 39
63 56
28 40
61 51
21 93
23 46
36 61
59 77
80 26
63 12
53 55
80 72
98 10
97 64
63 41
4 43
78 50
28 27
48 47
15 36
4 14
40 13
48 59
18 44
48 18
71 34
41 70
43 58
76 6
45 39
60 3
42 44
59 46
40 42
54 46
79 38
14 40
89 7
89 66
93 17
4 70
41 72
72 40
1 79
89 35
87 80
56 21
18 36
14 7
4 19
32 24
69 72
43 83
80 82
39 68
42 1
2 68
79 89
36 10
29 25
75 27
95 64
22 21
33 24
86 58
76 66
63 13
99 49
16 72
51 78
43 65
19 42
43 1
67 5
71 72
32 35
53 36
79 93
1 23
18 94
82 63
33 46
39 66
76 46
64 79
77 85
69 98
65 46
7 73
4 59
93 23
33 51
50 22
14 43
65 74
88 79
41 8
79 86
38 27
57 32
81 15
81 44
27 73
23 67
47 48
98 96
6 1
51 83
76 88
7 23
20 77
9 3
39 20
58 94
36 100
2 99
86 78
56 49
18 96
92 2
59 7
62 18
24 4
60 28
27 60
40 77
47 59
68 68
70 14
85 37
76 99
50 80
17 80
2 23
25 46
15 79
99 18
30 98
65 62
26 58
88 21
36 38
86 60
78 92
94 83
21 11
79 90
79 12
28 59
48 86
23 13
38 65
61 3
98 16
98 44
88 15
38 44
96 54
7 82
59 57
32 43
82 80
9 36
48 22
83 54
33 33
14 53
34 71
14 30
30 14
59 80
2 2
66 3
97 91
79 94
59 85
69 1
10 83
89 48
97 59
9 20
11 60
34 75
70 75
9 27
83 19
57 89
98 70
79 24
15 70
56 78
62 66
96 1
64 65
10 40
30 54
48 97
23 92
63 76
14 78
53 57
74 56
67 80
70 59
70 46
97 73
