4000 60970
72 45
2 31
11 1
87 36
38 50
6 34
66 29
87 41
84 83
78 34
3 22
32 65
4 51
1 72
97 45
57 81
97 7
55 95
68 31
88 51
38 31
29 98
44 68
96 60
20 36
20 87
43 50
89 43
65 98
86 32
98 52
89 94
39 63
60 53
75 29
28 64
66 38
40 57
66 4
1 20
17 42
68 77
32 37
72 92
68 1
80 81
28 72
65 7
86 28
95 55
4 9
24 58
75 52
99 76
71 70
47 40
18 14
13 71
87 34
35 11
50 2
84 85
23 5
40 64
44 89
97 85
67 27
61 27
88 94
32 82
61 98
56 35
51 11
44 34
79 27
71 11
23 67
6 98
87 69
8 94
52 52
42 77
83 3
79 56
41 53
53 72
25 95
10 66
18 42
11 28
44 29
19 96
46 64
66 85
59 59
41 53
14 69
77 38
1 31
53 62
9 71
13 28
8 49
11 81
56 14
86 75
81 91
30 80
43 72
67 59
90 25
47 76
61 88
72 79
25 31
1 40
77 51
1 77
10 57
46 44
11 4
54 37
64 39
8 19
71 21
74 50
1 71
85 42
51 87
1 1
37 55
11 57
14 81
97 3
73 38
21 94
34 77
54 80
51 25
77 1
72 39
40 49
75 28
32 26
11 27
99 58
84 17
39 29
99 86
46 25
84 25
61 41
99 62
100 63
20 59
21 34
25 12
20 30
57 75
27 50
21 82
46 30
89 7
86 62
42 84
62 96
6 7
75 13
67 75
8 31
3 65
90 65
47 31
77 92
74 42
10 10
27 1
57 10
48 38
77 86
2 35
84 62
37 78
52 48
83 77
57 36
25 81
7 40
76 17
81 8
34 90
48 99
26 37
22 48
85 12
19 72
35 95
91 19
46 84
1 21
98 49
48 48
91 86
97 80
77 91
64 79
6 41
55 91
72 41
53 78
32 28
26 27
88 92
68 5
77 74
70 20
76 93
53 6
29 59
4 9
34 13
14 100
51 7
59 1
87 47
36 71
78 73
22 41
78 89
23 56
22 62
27 89
22 56
64 99
23 20
50 98
79 29
80 60
5 89
3 69
33 90
36 68
28 95
72 81
55 25
56 20
94 52
83 17
9 26
22 10
86 25
42 38
87 10
36 84
52 39
73 8
23 54
81 63
46 1
52 94
55 70
20 14
79 82
77 77
83 64
53 54
78 75
14 92
33 13
82 15
16 13
17 2
69 82
95 59
88 34
76 6
50 79
81 85
58 74
58 56
54 47
43 99
51 93
40 8
30 34
55 83
65 15
53 87
35 97
10 67
56 32
90 67
29 80
34 13
18 43
64 43
39 18
47 17
77 87
71 31
29 31
44 51
39 84
49 65
38 9
26 18
24 22
87 39
59 54
81 96
97 94
64 52
75 46
99 39
4 59
5 79
53 73
20 74
9 17
40 70
29 40
64 48
81 88
58 72
50 12
98 30
73 66
88 82
44 99
49 52
10 12
24 81
92 54
100 95
25 45
81 15
25 64
48 67
67 53
35 70
81 14
15 99
99 21
55 59
14 89
54 80
11 89
18 13
73 5
19 57
57 82
1 96
35 56
37 21
10 67
36 19
86 3
82 85
75 100
82 1
82 88
84 11
57 81
25 42
35 58
81 78
5 56
59 73
29 96
24 60
46 94
61 9
38 10
96 67
67 19
3 98
49 46
78 59
21 11
21 2
48 15
29 44
73 49
34 22
18 65
35 68
69 40
3 19
16 52
43 40
36 19
50 39
78 2
93 51
74 80
12 11
73 28
79 35
23 36
53 75
2 47
20 29
13 83
91 56
15 95
32 53
94 54
63 92
61 63
66 16
35 45
60 29
46 11
59 94
94 50
63 27
93 61
14 42
18 45
61 12
9 81
53 15
10 50
38 34
45 66
35 82
2 45
70 45
13 68
76 80
22 20
66 14
95 60
87 54
57 70
9 7
18 59
2 75
23 98
30 21
67 42
9 43
89 2
12 52
67 88
82 51
27 79
60 48
96 92
44 75
72 11
56 24
96 90
33 60
93 10
93 7
67 93
94 6
14 51
32 61
69 37
35 70
49 74
15 96
73 76
57 43
23 2
42 34
58 69
97 52
71 6
76 10
5 46
60 7
40 62
72 33
93 58
66 92
83 32
88 1
61 18
6 42
95 77
8 7
38 53
88 38
100 13
4 46
81 43
65 16
87 6
2 79
100 37
36 31
16 74
24 12
92 26
91 28
66 45
2 94
87 79
36 51
77 4
44 76
47 57
68 17
15 8
40 66
85 60
49 91
79 19
45 77
54 32
74 47
53 36
91 36
61 84
4 100
46 81
93 26
69 15
85 38
46 4
20 4
72 69
62 29
43 15
63 94
4 8
8 60
16 39
90 38
96 62
45 42
33 13
94 70
12 10
99 72
33 36
97 69
99 62
64 6
93 98
52 93
37 52
45 33
94 29
49 35
49 84
92 61
93 12
69 51
76 99
39 15
88 54
47 19
52 95
30 68
61 64
55 3
90 79
29 2
96 40
37 92
73 44
81 53
30 62
36 5
31 76
15 49
84 74
30 38
78 54
77 23
33 82
66 57
73 7
27 10
14 43
73 90
70 23
58 54
41 92
45 73
96 20
28 45
43 91
99 66
10 65
55 54
5 68
51 95
83 55
1 60
39 87
7 50
33 64
20 100
43 55
63 39
34 48
78 80
44 76
63 53
54 2
77 58
28 61
79 8
55 19
93 3
51 49
24 41
51 8
92 41
20 13
98 27
71 37
62 55
97 44
32 53
68 60
1 12
34 48
3 15
53 23
72 86
9 16
85 86
92 85
3 70
100 24
77 84
33 49
43 100
92 88
38 2
19 9
19 48
16 9
73 27
64 2
67 10
96 20
14 9
10 50
67 84
63 87
80 86
80 39
59 30
64 39
48 50
12 93
97 38
50 64
64 15
69 23
10 32
1 100
12 59
65 1
100 76
40 94
97 2
42 75
31 81
34 55
13 35
2 80
50 16
85 13
17 81
16 25
33 32
82 41
25 74
99 68
44 27
56 11
79 58
55 56
19 1
78 7
66 1
16 38
79 23
81 15
36 12
88 54
33 67
99 22
52 6
32 42
38 15
48 59
26 68
21 47
34 14
90 2
74 26
83 29
26 14
90 58
50 53
58 98
23 98
26 26
9 17
66 24
81 88
39 74
20 32
100 89
68 32
37 32
67 26
46 54
70 98
2 38
85 59
2 64
52 59
37 65
86 5
89 26
36 23
63 72
61 72
69 36
52 25
86 50
3 64
77 91
75 7
52 68
87 88
97 5
77 93
47 56
15 80
58 81
37 81
86 63
9 21
4 12
75 46
27 46
49 66
44 44
80 35
33 76
97 7
31 46
21 40
34 64
71 71
9 63
96 35
32 94
29 50
99 12
17 43
32 14
28 2
44 2
35 81
14 41
92 58
12 26
12 96
6 37
21 58
48 76
44 52
81 78
51 87
18 97
7 75
51 4
13 40
38 62
35 80
61 99
68 7
8 71
95 62
38 29
16 33
42 48
21 22
96 83
41 59
38 17
27 48
20 60
33 18
62 80
33 100
24 27
25 57
44 95
82 63
97 66
43 22
77 66
77 95
93 9
94 63
35 70
95 64
58 2
72 31
29 95
18 52
91 89
36 66
64 13
28 17
3 98
6 13
49 90
99 32
98 71
38 6
77 31
17 31
70 75
90 63
1 82
93 1
14 19
96 29
26 16
62 37
38 50
2 81
90 31
82 10
47 43
24 52
76 74
4 97
47 34
56 68
74 48
37 22
44 33
37 13
17 90
46 83
94 25
65 80
96 66
43 95
2 37
73 97
11 77
23 12
14 11
11 11
67 64
80 81
58 39
93 79
41 17
47 40
94 12
31 100
28 2
41 6
6 51
55 75
96 54
5 37
63 94
21 2
93 10
6 79
10 66
9 100
3 13
3 90
25 31
99 78
98 36
78 19
23 26
8 65
100 82
36 36
71 27
67 46
15 17
28 17
59 76
8 33
75 56
4 39
38 32
54 57
96 45
95 35
61 83
44 98
99 71
23 29
64 51
44 80
28 7
73 68
52 31
82 19
28 57
77 61
80 48
77 45
6 32
54 74
84 61
6 13
42 9
6 87
24 58
8 77
34 3
34 86
15 10
60 10
89 24
4 93
65 19
85 20
51 27
25 1
80 18
1 97
47 29
43 20
44 29
26 87
68 88
96 59
8 57
47 96
24 72
39 57
23 92
81 3
45 30
6 52
86 15
86 90
12 90
61 25
93 67
97 44
94 62
60 28
8 54
83 85
63 20
72 72
19 57
13 99
49 24
98 26
14 47
47 5
92 45
9 75
73 43
59 84
56 86
32 52
5 32
79 57
70 8
27 23
60 59
14 37
85 27
97 25
99 78
48 68
58 1
44 44
96 12
51 62
3 71
55 17
85 99
17 43
78 40
3 55
82 41
26 63
100 80
47 87
73 19
92 76
55 62
97 62
2 60
11 99
28 13
7 91
41 55
97 20
85 65
52 65
63 8
21 43
1 89
13 85
20 11
58 42
56 81
15 22
60 3
10 3
21 38
97 1
79 45
99 29
99 55
60 85
76 91
99 86
58 24
48 62
42 62
12 37
96 23
43 73
74 35
23 87
1 15
67 89
72 6
38 31
18 5
34 65
58 74
18 45
46 49
30 84
27 86
54 81
44 57
39 89
63 84
17 46
35 89
41 28
15 74
33 96
52 65
90 16
83 81
9 88
90 77
76 94
73 24
85 99
19 66
98 58
60 85
71 32
64 98
31 42
8 63
34 2
16 6
18 36
51 46
61 7
47 71
30 32
14 87
42 27
68 20
29 22
58 72
2 60
21 2
24 45
34 7
73 66
14 60
69 40
33 53
55 37
44 33
5 28
39 87
14 51
55 37
50 72
85 34
18 34
80 65
44 96
51 35
47 71
13 83
54 32
8 29
59 53
83 15
73 67
53 31
2 34
53 89
10 2
3 46
74 90
34 98
88 4
46 7
99 10
56 43
78 59
53 98
52 28
35 38
43 84
17 78
41 74
93 7
1 63
58 7
24 72
97 11
61 93
71 94
9 93
66 24
30 22
68 98
100 91
2 40
72 28
1 76
55 80
81 82
55 21
80 69
66 79
42 25
25 75
64 88
50 19
54 85
68 85
53 46
40 74
11 69
69 75
80 47
55 27
70 38
90 5
78 98
18 48
2 97
48 43
26 92
67 73
29 64
45 89
18 63
83 56
16 17
18 38
37 35
49 98
72 11
68 56
14 28
65 87
92 82
30 16
14 5
97 19
97 52
66 3
89 92
59 72
35 77
20 39
13 99
56 66
9 95
43 48
25 13
62 92
42 91
50 57
80 16
71 6
47 45
97 30
53 61
14 13
66 19
41 48
62 10
89 29
8 3
28 90
54 67
51 84
9 57
19 72
47 2
57 8
37 26
87 46
16 32
23 2
7 84
80 30
78 68
67 78
22 29
54 32
81 21
64 19
3 40
60 88
86 25
1 85
9 17
38 37
15 97
74 36
30 84
28 59
15 16
37 38
7 100
68 83
39 22
15 56
86 6
37 75
72 63
22 31
24 20
39 94
44 84
82 55
18 75
73 51
48 85
92 4
26 35
28 57
55 22
81 74
40 45
40 98
33 10
48 13
29 87
99 59
73 48
58 22
27 69
87 16
46 60
33 68
6 98
84 33
100 23
92 3
20 59
71 85
65 85
95 31
61 31
61 68
76 85
78 5
85 71
24 21
69 60
63 5
3 78
75 34
43 30
42 74
66 31
27 92
41 86
46 69
26 2
14 86
55 91
52 70
52 1
100 2
36 37
58 98
35 86
87 59
1 52
7 44
9 95
17 36
1 74
69 77
77 3
29 11
99 82
14 73
52 31
67 93
76 29
6 60
94 26
70 11
100 33
59 57
96 2
40 71
57 77
21 55
5 56
11 19
24 24
57 56
63 20
12 60
14 5
97 57
98 70
66 56
55 1
7 16
82 91
56 26
27 93
59 45
84 36
25 26
72 18
87 19
44 18
99 98
44 30
37 44
68 8
43 15
47 52
63 61
83 85
3 80
84 15
39 40
14 99
59 90
95 47
76 70
70 1
60 51
24 27
68 22
25 58
79 79
26 38
7 100
86 4
52 82
17 44
21 92
77 59
40 13
59 62
20 28
90 11
2 91
8 23
57 70
97 5
54 26
19 83
31 41
57 6
54 49
69 32
22 56
65 39
64 78
97 25
34 39
75 80
20 51
53 61
52 37
50 81
78 50
10 36
35 85
82 31
78 32
55 28
10 41
17 44
13 89
81 20
58 6
67 31
88 43
14 28
63 36
41 68
84 10
93 28
49 25
38 58
61 60
70 80
2 48
76 37
18 57
87 87
3 69
90 59
40 99
54 5
39 40
69 48
63 93
74 76
2 30
40 76
80 3
11 70
8 71
45 43
91 89
65 77
63 73
78 83
30 56
25 8
71 3
13 65
69 88
19 27
2 74
81 47
41 59
55 22
9 35
58 15
42 60
11 3
47 73
33 58
16 60
86 12
1 5
78 4
11 39
3 34
69 79
42 41
65 55
28 49
86 83
56 43
92 25
100 56
85 26
73 32
76 15
55 28
85 96
44 2
74 6
87 22
77 100
66 64
41 43
85 35
23 30
82 54
47 37
70 3
66 11
62 48
7 66
67 15
91 51
17 5
21 100
59 29
10 97
37 54
38 78
96 80
92 48
81 54
47 87
77 25
53 86
23 53
83 4
37 33
66 7
8 10
23 54
42 6
73 25
16 48
78 40
96 7
97 1
76 29
17 9
15 63
37 76
23 26
33 29
27 27
91 82
53 28
37 55
100 79
41 33
74 84
47 10
33 81
6 90
94 48
61 5
58 75
16 100
43 61
95 59
33 6
51 22
69 65
27 64
23 46
84 12
4 3
70 4
33 65
80 31
86 12
47 27
68 59
8 90
79 56
47 85
98 23
83 83
35 91
98 53
23 68
61 27
96 62
7 48
66 16
89 61
67 4
24 42
4 13
62 64
70 100
37 70
12 85
38 64
15 33
86 83
74 28
18 88
8 86
6 92
49 70
93 50
4 70
69 28
53 91
82 25
15 64
50 13
16 60
49 55
99 66
38 27
9 81
95 79
45 26
75 96
35 40
63 29
50 89
91 4
24 45
19 88
79 73
87 81
8 4
93 6
73 63
81 31
62 93
32 1
38 74
11 62
24 2
41 43
79 42
76 92
22 68
45 5
78 56
89 79
93 59
28 73
27 5
54 91
22 52
23 30
80 38
9 43
85 10
29 26
99 46
61 54
99 66
77 70
47 35
6 21
69 75
71 49
39 3
30 19
2 1
76 76
92 33
26 2
69 18
22 74
53 45
42 37
66 78
30 53
31 15
11 89
58 25
57 71
64 79
31 28
31 52
95 69
91 22
15 14
75 94
89 67
75 19
73 11
65 89
74 5
30 31
85 63
44 54
20 33
67 34
46 54
48 8
58 66
23 8
16 78
80 91
27 4
57 66
97 68
57 56
87 33
7 8
66 81
95 3
22 87
48 8
25 7
16 55
39 30
40 72
42 100
79 48
66 90
14 11
96 36
39 95
96 93
80 51
83 100
15 26
46 84
80 5
62 85
56 1
54 12
77 14
87 91
80 16
34 80
83 10
88 71
72 12
42 18
53 3
67 66
63 56
53 63
91 24
31 10
43 92
82 95
72 61
21 91
48 85
38 23
68 79
38 79
33 16
100 81
72 78
99 41
97 16
3 82
61 77
52 16
56 46
89 91
38 58
36 13
74 70
21 67
23 35
46 33
62 36
28 38
12 98
76 91
80 100
54 22
58 52
74 43
36 68
82 13
46 85
35 52
19 35
14 63
72 82
3 50
65 43
96 11
1 42
61 58
98 45
13 71
65 25
54 90
54 61
2 82
41 54
27 82
74 49
63 88
24 66
87 36
90 25
87 63
15 27
21 76
41 36
72 78
94 70
28 4
5 90
92 55
62 55
23 77
57 17
85 89
77 78
21 12
80 99
30 72
81 69
78 95
94 42
45 94
83 84
47 54
99 27
23 37
26 87
24 75
37 77
49 52
11 63
27 53
36 66
77 89
99 29
28 2
48 66
45 50
55 57
53 8
36 4
68 63
27 36
92 73
52 51
56 13
64 84
84 2
85 36
44 52
61 96
78 29
41 97
95 32
25 34
91 24
69 20
2 20
14 50
5 96
50 23
24 12
31 49
37 89
100 100
82 29
16 42
100 18
26 78
70 98
4 77
13 34
89 60
82 12
56 6
41 63
37 24
19 89
24 64
21 12
14 92
36 11
51 40
6 41
82 42
27 74
96 16
50 62
28 93
10 65
54 9
77 68
85 29
37 57
66 56
85 80
18 37
81 49
36 49
95 67
3 46
39 25
59 100
91 57
72 36
14 5
31 19
9 12
84 45
6 34
81 23
49 36
93 45
83 62
55 28
74 86
9 35
2 43
23 99
36 80
11 60
77 8
65 47
96 88
13 64
82 54
32 19
82 53
62 2
19 68
28 19
16 99
9 92
86 18
7 7
80 80
51 74
89 26
40 91
86 18
47 11
21 13
34 5
39 55
3 74
40 33
13 93
64 61
94 27
35 91
51 92
4 86
63 98
67 38
51 25
27 14
48 43
34 44
8 18
62 96
52 11
35 36
77 46
12 54
72 5
35 52
92 33
22 78
24 77
31 23
7 95
70 88
3 87
93 51
60 94
58 13
32 35
72 86
21 25
25 62
59 77
23 16
81 47
73 26
90 5
83 72
100 91
37 47
69 15
59 8
98 94
72 77
46 43
27 39
84 82
17 47
61 90
27 67
39 76
84 19
9 41
45 70
5 6
12 28
89 73
17 51
21 92
21 7
88 37
93 16
97 68
98 65
15 31
29 15
71 90
4 35
64 38
22 81
93 33
32 4
80 88
90 26
55 32
25 83
16 64
38 13
42 81
29 53
64 31
80 57
12 71
25 72
76 78
69 28
88 51
65 50
85 79
8 42
37 57
24 15
100 57
85 76
74 31
66 87
66 90
96 20
22 73
81 79
17 52
14 5
12 82
96 40
55 30
18 13
21 74
71 93
56 78
14 54
99 97
71 8
45 10
62 20
95 79
20 88
82 99
82 29
36 37
18 77
41 70
24 45
94 43
92 78
61 21
67 73
58 64
26 62
62 45
31 36
58 41
30 96
44 92
69 22
25 87
98 21
86 87
97 60
20 65
93 64
10 14
70 14
16 71
6 75
32 33
10 50
78 14
65 83
44 78
13 51
35 60
36 100
89 47
80 54
28 77
49 19
46 79
37 93
26 81
59 23
67 80
83 73
40 18
62 72
3 46
64 5
59 44
40 32
13 16
79 9
85 95
74 81
48 74
100 66
80 56
31 58
61 67
57 69
48 40
56 96
21 71
34 99
92 95
61 70
13 5
71 24
61 88
10 83
7 16
86 20
20 5
25 95
20 44
59 74
86 66
74 90
22 30
96 10
66 21
86 46
26 70
2 68
60 78
26 43
1 33
91 85
8 52
13 99
47 6
55 91
21 94
19 28
88 90
64 41
80 97
52 46
34 64
92 37
61 28
92 79
30 8
80 84
68 25
49 52
38 57
53 43
75 41
12 87
100 4
92 13
97 84
26 73
93 80
8 61
51 67
45 12
98 46
58 18
9 62
96 51
65 60
29 8
15 78
4 1
92 100
46 27
56 46
25 63
89 63
16 73
68 93
18 70
96 8
35 69
19 21
33 65
39 11
93 13
44 3
39 14
36 26
93 86
64 38
28 5
100 98
66 56
24 69
98 43
23 25
32 82
93 45
87 85
13 41
59 75
91 85
4 40
56 1
46 31
81 54
45 15
61 55
48 98
62 84
8 63
35 67
80 57
41 79
73 29
24 21
36 81
11 43
59 46
28 18
26 32
38 51
28 15
91 40
61 71
77 10
14 64
45 52
21 6
52 100
57 93
80 80
94 37
60 84
87 32
39 67
92 38
83 46
52 73
92 87
97 82
59 87
26 53
28 90
51 17
98 82
52 10
87 49
61 76
62 56
66 66
38 59
52 58
45 33
29 98
64 28
21 94
94 14
8 79
42 99
97 65
64 23
73 79
91 1
76 7
11 10
81 19
19 96
94 56
32 92
10 82
90 89
43 30
35 87
17 78
93 47
85 20
20 87
31 95
97 47
82 42
97 13
34 5
85 99
41 97
62 55
48 78
14 90
7 20
56 57
7 88
4 84
71 31
79 66
94 85
98 89
89 28
74 3
17 84
34 35
58 46
26 18
23 23
100 28
13 56
92 100
44 26
97 75
11 86
75 72
93 21
44 80
71 84
26 77
28 30
63 32
40 83
76 8
28 21
98 2
31 16
34 9
1 38
53 46
64 26
46 22
51 35
5 53
72 76
67 70
38 87
29 74
44 87
13 61
80 1
56 94
4 60
23 78
4 68
14 98
97 49
48 40
58 29
19 85
26 69
85 58
34 16
65 3
60 65
13 37
62 5
42 80
47 45
15 42
95 26
10 22
60 15
97 12
14 75
31 42
63 81
4 13
11 15
58 20
16 74
42 67
14 13
19 85
65 44
69 33
32 82
13 93
17 24
41 10
84 29
42 44
26 20
69 44
58 47
37 84
81 80
71 51
31 16
27 76
85 44
25 93
89 98
97 10
73 4
54 24
79 51
35 36
57 36
42 66
44 55
24 61
83 32
9 20
42 46
47 28
78 4
26 79
12 20
46 27
66 41
95 100
39 23
43 60
15 43
96 69
32 95
95 75
18 71
62 62
74 2
3 66
38 54
62 51
51 75
10 57
67 74
29 25
96 45
76 62
70 90
39 99
99 22
53 74
100 70
93 19
51 1
77 73
18 50
62 72
74 52
35 90
8 71
12 74
30 1
22 65
59 42
13 47
69 91
76 64
74 9
42 93
78 29
63 62
55 43
80 3
24 71
21 69
9 27
19 15
96 30
30 69
9 65
47 3
34 42
8 35
39 22
85 94
36 59
8 71
98 17
9 10
94 12
6 39
20 83
75 64
79 3
78 76
87 10
47 46
6 39
12 18
88 38
35 67
74 32
94 80
15 21
97 2
15 100
75 48
67 68
62 29
4 16
76 32
60 32
90 9
35 18
50 5
74 54
71 77
57 27
23 22
31 38
3 90
28 60
3 73
77 53
59 14
32 48
16 14
5 59
37 39
27 32
45 96
72 57
1 15
38 28
86 78
49 16
52 79
12 77
16 35
66 8
15 44
43 18
25 91
56 52
77 36
75 47
29 57
99 64
83 25
52 78
30 1
37 14
31 89
84 73
66 18
89 2
15 73
81 31
46 13
4 11
59 14
90 60
75 67
59 28
27 39
12 96
60 95
31 18
23 72
75 29
48 25
89 15
17 47
24 67
45 18
45 34
50 13
25 74
44 97
33 37
28 3
25 49
21 2
11 91
8 74
86 19
51 45
74 46
18 49
96 57
77 8
77 63
85 68
51 74
35 42
64 7
14 22
46 37
46 24
36 93
20 65
93 100
77 60
88 63
16 18
21 77
33 96
66 82
97 3
76 44
50 70
25 57
100 93
70 71
87 48
59 66
56 41
37 44
32 63
25 41
33 100
9 70
1 3
69 67
11 43
88 97
32 25
25 16
33 33
77 100
12 61
5 97
69 99
88 20
92 12
37 16
60 48
76 7
2 49
57 50
51 51
3 18
33 7
2 95
72 88
71 6
12 60
79 80
7 49
44 22
4 21
39 100
4 91
56 75
8 66
14 85
43 71
91 43
38 53
76 3
68 42
2 13
80 52
88 93
89 32
71 63
24 8
1 79
47 69
77 9
9 81
49 71
31 26
93 87
3 65
55 66
63 44
14 76
85 45
69 92
9 49
40 65
60 91
12 91
96 40
19 8
78 28
38 10
9 50
67 80
13 13
28 92
68 92
44 64
16 84
9 23
67 78
91 43
9 53
65 46
20 3
17 33
13 69
50 29
9 71
67 33
4 94
71 14
33 61
89 38
91 5
41 9
80 55
50 47
5 100
75 94
68 55
82 27
13 55
29 56
48 6
77 67
56 99
16 49
21 82
71 34
76 23
87 11
14 29
84 75
51 57
33 31
100 8
15 77
34 59
60 30
82 9
38 52
30 44
66 69
78 42
20 100
6 30
57 96
22 47
62 29
84 41
89 53
95 55
96 95
17 8
43 12
72 14
73 7
10 60
44 47
95 40
85 82
30 58
60 68
20 8
80 66
92 99
19 67
47 42
26 9
78 97
80 50
15 13
59 92
45 71
44 54
30 91
2 100
52 1
51 89
64 80
35 41
92 41
58 86
30 87
60 49
52 97
54 100
84 7
13 8
97 47
79 46
97 41
79 4
38 66
16 48
10 69
82 16
86 67
56 10
59 24
15 63
35 11
25 36
73 6
79 33
68 41
55 96
81 32
71 93
5 85
96 11
6 33
96 77
53 48
87 20
8 25
57 44
92 71
91 31
69 3
89 17
21 29
18 95
19 72
11 46
33 95
28 40
92 61
71 61
84 1
50 36
85 75
18 64
26 24
10 80
49 96
93 64
64 27
81 80
63 9
68 63
76 90
20 41
16 40
80 90
7 12
23 64
36 33
98 83
65 47
5 88
38 51
86 27
22 82
56 23
96 72
6 76
84 14
87 84
76 36
19 67
88 19
13 62
88 30
13 94
22 41
36 25
57 58
85 20
68 4
71 66
4 82
43 46
91 58
71 21
23 35
49 22
45 37
10 19
46 56
10 83
14 6
36 6
95 61
87 40
43 80
90 32
45 15
78 46
28 15
72 3
96 12
67 85
84 64
36 41
31 79
57 57
23 65
87 88
41 28
91 69
57 5
97 9
33 66
99 14
19 82
7 100
47 35
64 18
17 18
45 90
73 52
82 76
80 48
19 12
21 15
74 79
8 95
65 29
52 24
87 9
36 83
47 35
53 45
72 99
34 75
35 75
28 7
57 40
21 62
21 34
47 60
29 66
17 42
79 25
28 32
35 23
38 76
74 66
50 92
6 93
18 8
22 43
39 68
49 7
92 54
59 82
23 85
51 100
75 63
74 61
37 60
63 97
72 95
41 5
34 95
6 70
75 79
61 1
62 61
47 93
81 34
60 72
76 10
49 28
90 48
55 41
36 2
27 23
28 7
85 94
84 15
98 66
59 36
23 35
98 72
50 42
33 68
20 8
1 41
8 82
45 68
89 1
22 79
69 15
82 57
55 73
26 84
56 35
67 26
39 96
55 27
48 11
98 67
30 89
48 38
87 14
36 29
83 40
66 88
63 87
20 33
49 2
12 52
78 20
71 88
10 75
79 61
56 56
81 35
79 54
15 89
78 54
20 54
36 67
98 68
1 10
42 92
23 51
8 96
8 17
13 98
62 75
7 27
10 16
43 63
55 17
48 81
78 91
89 56
13 68
93 30
8 40
14 22
56 81
37 59
36 9
65 8
16 72
91 16
98 42
46 25
5 5
27 95
65 30
40 23
24 15
17 91
81 14
46 17
25 86
41 82
58 15
38 60
47 61
19 30
81 74
1 77
66 63
10 65
42 84
31 30
2 94
49 75
44 3
58 26
86 85
79 64
74 85
1 56
70 31
23 78
98 32
26 35
49 25
63 61
18 10
72 39
31 51
98 75
69 55
55 89
90 57
26 69
93 100
37 17
96 51
25 74
89 45
14 65
86 90
30 80
44 46
88 35
31 54
39 49
97 12
16 38
17 64
22 97
68 94
38 94
45 74
65 77
64 81
45 98
79 90
81 90
17 88
10 40
30 64
85 43
16 80
20 72
63 63
60 80
8 40
58 65
36 53
96 36
23 29
22 42
78 15
66 27
61 28
8 68
4 75
9 39
75 6
73 38
30 35
42 51
10 83
26 61
58 27
25 63
71 10
89 16
57 52
87 98
50 8
39 68
23 92
65 39
58 91
37 54
77 18
17 31
95 71
12 22
12 66
69 51
33 15
41 81
35 77
45 42
48 100
90 3
53 81
74 5
14 92
35 67
67 7
76 75
60 27
77 86
100 37
82 37
65 53
57 41
20 86
66 12
95 8
43 77
30 51
4 98
79 82
58 68
20 80
25 52
70 90
83 98
94 3
54 56
76 30
80 31
99 98
75 29
21 34
3 30
49 86
35 25
37 96
15 92
10 99
49 75
91 77
61 36
30 63
7 82
17 28
50 48
72 93
63 35
44 76
54 43
18 84
74 57
11 63
89 16
51 61
32 4
24 13
96 15
38 59
99 94
75 45
88 56
73 22
47 30
90 37
21 7
81 55
27 33
88 51
42 53
27 7
78 79
3 40
56 69
37 60
71 67
57 68
8 5
86 53
52 43
61 47
3 89
26 51
24 61
44 56
76 63
55 64
67 20
71 77
92 75
17 13
97 74
79 82
89 86
43 3
21 19
62 45
76 9
99 51
49 47
17 14
25 9
78 25
71 53
32 29
66 37
42 72
89 96
74 41
27 76
40 90
34 39
81 16
65 40
57 100
76 23
92 3
64 15
42 42
62 31
7 89
58 6
10 56
86 71
99 92
53 11
58 89
60 88
80 19
56 91
60 34
96 32
80 99
89 10
19 37
11 79
55 46
60 60
51 74
80 38
38 35
91 63
13 29
70 3
7 54
22 80
46 25
99 8
37 94
39 19
12 39
43 83
49 76
74 46
80 5
47 67
78 56
37 45
58 6
57 27
92 35
69 39
4 58
23 85
57 49
22 46
86 63
63 46
81 5
36 36
42 36
70 92
78 50
7 64
92 94
85 3
80 43
37 70
35 11
16 88
27 88
98 1
10 22
75 64
71 98
90 26
21 82
48 6
26 70
30 40
56 32
70 56
98 78
60 41
92 40
55 78
81 87
77 2
69 76
14 91
65 89
11 11
35 82
42 90
69 26
26 27
78 45
48 68
62 97
12 55
15 7
89 36
62 7
24 29
15 51
32 4
13 54
36 33
32 9
91 76
17 72
87 92
12 31
15 1
98 33
3 71
21 31
79 19
32 24
89 6
44 61
48 65
51 16
78 43
89 54
19 41
4 69
67 50
18 60
17 17
30 4
32 66
5 53
91 62
8 94
72 3
75 18
72 100
59 87
58 78
62 75
75 10
96 70
25 57
89 11
94 54
80 79
9 93
72 24
11 55
50 98
67 84
10 19
52 65
44 78
98 24
71 57
47 99
16 74
40 16
64 15
98 29
24 33
20 67
88 43
31 79
91 22
14 12
54 78
49 8
71 89
68 4
76 70
67 10
92 12
64 80
12 15
71 91
25 24
35 38
33 45
74 21
1 22
42 15
25 85
44 51
92 38
47 41
43 49
59 63
39 8
6 64
56 44
62 40
77 82
44 86
44 70
20 3
9 97
97 99
20 63
32 37
64 2
95 32
50 99
56 14
59 63
61 13
26 56
35 86
95 51
11 100
8 58
95 24
52 14
84 42
38 74
43 3
83 34
80 23
2 18
73 41
37 38
57 61
34 32
66 71
52 98
29 2
85 74
13 46
25 100
4 88
44 82
41 54
99 71
93 80
48 19
9 33
53 93
73 74
43 70
47 95
83 25
2 27
93 18
87 38
37 20
30 43
81 92
71 53
62 65
82 9
43 45
50 54
91 21
28 76
15 25
94 18
8 29
99 50
6 63
33 29
55 89
1 97
25 34
5 59
93 28
72 52
13 43
45 72
96 77
7 64
43 66
31 1
60 42
35 35
17 90
96 61
17 78
97 81
19 65
78 94
31 42
13 9
27 48
73 62
93 84
94 24
66 32
100 65
92 25
24 46
84 45
46 13
24 42
8 78
50 23
69 22
79 81
14 65
65 93
27 57
20 80
8 11
57 9
31 21
94 45
73 98
79 81
10 22
21 30
97 45
39 68
3 23
9 53
18 15
75 85
1 88
11 90
93 68
53 52
54 14
68 13
36 48
100 78
43 7
44 25
1 100
11 28
74 5
15 16
76 72
100 13
86 95
35 82
56 21
17 15
80 79
80 70
95 95
42 100
53 100
43 91
80 67
55 22
3 95
49 33
82 58
4 82
11 74
74 77
56 86
65 87
93 90
43 33
16 16
35 48
86 10
16 15
98 75
12 66
82 30
25 98
11 79
68 76
11 80
19 51
36 90
90 58
98 21
82 36
31 9
2 20
24 26
63 28
57 93
26 20
63 60
90 3
81 54
26 86
63 79
88 91
90 72
7 20
31 23
57 88
41 67
68 84
24 54
90 93
79 50
6 36
14 91
90 28
25 11
24 22
8 78
12 1
66 31
57 50
93 36
48 39
59 21
16 14
62 18
67 14
93 33
25 30
56 68
74 38
50 15
70 98
61 28
91 86
28 70
91 3
47 25
20 36
59 86
22 31
10 81
89 35
27 66
75 71
78 14
3 76
51 92
37 44
14 28
16 74
94 93
58 64
63 12
4 14
25 29
25 30
22 79
18 61
1 11
29 98
91 51
2 25
50 95
3 78
92 62
77 64
46 80
90 87
96 52
4 66
11 69
5 32
92 52
90 34
80 2
22 18
44 9
30 45
58 61
58 37
97 18
3 5
67 52
11 81
58 18
92 80
87 62
79 48
9 92
87 72
7 45
99 42
40 96
56 92
1 72
83 10
84 55
46 51
72 96
80 6
1 68
35 16
36 89
45 72
24 49
67 42
18 89
67 57
48 38
27 1
76 45
44 55
30 5
95 48
7 88
87 75
86 27
93 1
18 74
94 71
32 25
24 19
44 64
71 72
32 10
96 35
54 81
15 16
94 38
77 28
46 74
46 57
11 43
82 62
42 28
86 91
48 4
59 68
53 100
96 41
86 20
80 96
91 48
67 77
74 44
97 87
53 51
11 22
42 87
22 24
56 92
73 11
98 94
99 8
43 83
29 3
47 94
48 15
95 19
92 31
25 43
93 44
37 88
87 85
74 5
79 67
73 76
73 60
89 35
77 75
20 1
26 6
8 70
63 100
92 82
82 65
59 86
97 84
44 87
100 24
18 8
100 30
24 87
15 53
98 37
67 21
95 56
96 31
66 35
42 26
87 13
42 77
34 69
24 52
29 62
59 25
54 19
1 89
31 85
94 5
29 15
51 37
72 10
36 36
13 36
63 92
69 1
23 73
11 75
13 87
75 48
81 34
12 68
98 34
47 87
61 57
16 6
94 94
57 39
82 41
35 71
95 51
75 69
20 91
70 3
3 82
78 15
75 73
55 70
8 51
69 77
83 84
10 87
40 38
19 20
74 22
54 29
87 72
97 46
17 56
51 10
23 94
49 41
62 77
20 79
95 79
23 33
88 85
40 72
31 23
69 77
26 94
25 74
95 97
45 84
47 28
98 79
22 51
21 100
4 100
30 1
89 28
87 36
91 88
80 65
57 7
65 61
86 46
95 78
13 7
54 53
98 87
35 52
2 93
59 63
6 30
48 72
33 48
93 14
88 95
63 70
13 42
13 41
40 95
8 39
58 24
86 74
57 17
31 26
6 73
60 68
60 27
47 52
98 3
51 66
78 69
6 9
67 26
15 14
53 86
31 84
68 18
50 72
65 35
69 62
8 87
22 65
17 33
93 86
67 30
56 80
7 55
79 72
20 20
46 2
38 62
77 95
83 75
94 78
8 73
41 100
54 45
19 99
39 51
3 100
21 64
16 71
61 8
39 41
31 84
13 94
69 25
50 53
62 17
85 59
19 15
21 3
7 23
87 99
65 88
73 5
42 78
72 95
3 76
61 49
17 96
41 37
90 96
52 22
34 66
49 68
44 21
39 62
19 18
82 24
94 61
92 33
49 94
54 69
30 73
31 30
18 14
99 49
81 82
79 30
35 60
99 96
51 85
93 34
37 95
16 72
17 38
78 24
87 18
20 65
90 25
55 65
60 53
31 72
58 87
