5000 206488
17 36
15 17
13 40
9 35
23 13
11 34
20 39
20 21
13 15
25 16
7 30
25 20
5 32
10 34
9 15
15 13
24 18
14 35
25 33
8 26
15 21
11 26
6 19
25 14
16 34
18 20
25 18
11 27
22 16
25 37
24 35
15 17
12 15
24 16
15 29
6 33
16 11
25 18
14 11
20 32
21 29
13 16
24 27
15 32
8 12
16 40
22 23
19 36
22 17
11 22
17 34
6 33
21 21
15 12
24 20
25 14
15 33
10 31
5 11
5 10
7 36
7 38
16 13
23 33
11 33
15 13
15 19
21 18
16 34
10 38
10 11
5 39
16 18
8 10
5 40
18 22
20 39
24 11
12 36
15 21
23 36
9 11
14 17
15 30
7 25
11 11
24 27
5 17
17 27
22 12
11 17
15 16
23 29
5 13
5 37
16 10
11 34
8 35
19 17
16 39
11 11
6 16
6 36
15 21
8 28
8 34
16 36
11 36
25 15
14 35
20 21
21 33
20 34
16 15
14 11
5 29
22 12
23 27
5 15
16 18
16 19
14 25
9 40
10 24
23 17
6 13
17 39
13 32
18 22
15 28
24 37
20 23
14 10
17 33
24 38
13 36
19 38
11 16
13 28
24 10
25 33
20 22
17 37
18 20
24 36
7 30
16 15
16 27
13 12
12 18
9 17
14 11
13 21
18 10
6 33
24 30
14 11
14 16
16 10
8 13
7 23
9 25
25 32
17 31
21 19
14 29
15 40
18 27
15 33
16 12
22 23
13 40
25 30
8 17
22 30
23 21
12 10
14 28
19 35
14 24
21 14
10 26
16 29
25 17
6 26
13 35
25 10
24 21
15 38
12 14
7 35
5 26
10 18
17 25
11 20
10 14
20 39
8 26
9 31
9 37
17 10
25 12
8 23
13 25
22 38
21 33
25 12
9 25
6 20
5 23
19 38
10 13
16 13
17 21
12 20
25 36
9 36
15 17
18 17
25 26
16 18
7 35
12 25
17 29
5 16
17 22
20 25
5 37
8 10
24 20
9 20
14 27
18 12
22 22
17 23
14 22
11 13
13 40
20 23
24 19
14 27
10 30
12 14
9 29
19 28
23 23
22 12
11 11
24 31
14 22
34 41
30 58
26 61
30 58
35 44
32 58
38 58
20 63
20 57
30 36
23 48
32 40
30 47
23 51
37 51
38 39
25 52
26 64
22 53
28 51
23 56
36 56
37 51
21 45
38 35
29 50
40 57
38 61
35 59
36 42
31 39
39 61
38 41
23 64
39 47
34 56
30 53
40 51
22 60
22 42
32 35
38 42
28 44
39 60
31 43
31 41
25 45
34 36
30 60
20 43
27 45
27 43
21 40
21 61
26 48
40 60
31 59
27 39
29 64
37 38
36 63
40 55
32 44
20 57
27 50
25 44
31 59
29 55
38 40
33 63
30 53
40 35
27 55
35 45
30 37
33 58
36 53
21 39
21 65
23 35
39 56
20 40
40 57
20 45
35 43
37 48
22 61
20 37
22 52
21 36
23 56
32 49
24 37
20 41
34 43
31 46
30 45
21 46
36 44
20 62
31 61
31 45
32 58
20 39
24 56
21 58
34 60
22 54
26 58
20 61
24 62
32 64
39 57
37 39
30 62
20 51
33 43
30 46
40 39
36 40
30 53
29 38
27 37
39 42
30 47
31 57
27 40
21 46
31 61
38 61
33 49
39 45
25 39
27 53
37 38
24 64
35 54
25 64
20 54
33 47
40 39
22 39
24 57
30 39
20 63
33 37
20 43
35 36
37 35
26 52
38 45
35 55
21 47
32 49
20 53
28 62
26 61
22 65
31 48
20 65
37 35
21 54
21 47
37 53
34 40
27 49
29 53
21 43
38 51
28 64
34 51
32 59
24 58
24 61
25 57
23 48
37 58
32 63
38 53
30 49
28 52
39 38
32 63
23 35
29 35
23 50
22 56
39 61
26 63
40 51
27 45
28 44
24 61
36 39
24 54
28 36
40 47
27 42
25 48
39 53
37 40
33 60
32 43
25 41
33 42
24 58
22 53
40 52
27 42
23 60
40 39
23 64
34 62
25 58
36 46
29 53
20 47
31 44
32 35
25 58
35 39
20 55
39 53
20 40
32 58
36 51
33 56
25 48
25 52
23 58
32 52
31 45
31 57
22 49
31 35
22 61
35 55
20 60
38 53
37 63
24 60
38 40
29 60
40 36
31 58
30 41
32 37
32 36
38 36
20 47
55 79
48 65
36 80
39 74
47 86
41 74
46 83
44 61
37 65
44 86
43 85
46 62
51 77
55 79
48 76
54 79
54 65
38 72
36 77
51 60
39 65
43 89
38 60
48 72
38 60
51 61
53 66
44 81
39 63
39 67
39 67
41 83
44 73
53 67
48 88
37 70
48 77
45 88
37 66
52 81
38 72
48 60
49 83
46 68
40 87
48 71
49 67
42 76
41 65
47 81
49 84
48 64
53 65
53 85
39 66
36 73
36 64
38 63
48 90
43 78
40 83
40 88
53 60
35 79
48 90
55 69
36 65
45 60
48 72
51 77
50 66
55 61
43 68
41 62
50 71
52 90
48 76
54 62
44 65
46 82
41 86
40 85
55 69
36 67
51 74
42 64
45 80
38 87
42 67
52 61
55 75
36 83
47 86
55 75
50 71
54 63
53 63
39 60
50 79
40 90
54 88
35 81
53 67
40 68
44 71
39 62
48 69
53 85
35 75
36 63
39 72
47 86
37 63
50 83
52 61
42 83
45 84
35 69
41 86
43 72
39 88
36 89
50 65
55 68
49 89
41 70
35 79
51 83
44 60
53 69
40 63
52 87
41 70
35 83
55 83
42 70
53 78
54 82
39 88
38 69
52 72
47 62
39 84
51 76
48 67
49 81
50 85
46 65
38 81
46 68
53 60
38 88
38 82
38 65
53 77
38 72
46 61
41 85
55 65
38 74
49 63
43 81
39 78
41 90
43 79
43 76
48 83
53 63
46 90
55 60
38 81
55 71
51 82
42 71
42 72
38 67
40 86
40 70
43 79
50 78
41 75
55 86
47 74
47 79
49 63
43 89
48 87
41 71
47 73
55 73
55 73
51 68
49 76
45 80
43 85
51 73
39 69
45 73
43 60
51 63
46 76
49 83
45 68
43 89
42 82
52 73
45 61
41 73
46 65
38 81
53 66
43 65
47 67
49 63
50 76
52 69
46 65
40 72
40 61
55 62
35 79
51 88
41 64
47 64
49 69
46 67
47 86
45 85
49 88
54 65
48 63
47 71
35 72
36 80
45 89
51 64
51 63
54 63
45 70
49 74
38 61
46 60
35 62
50 83
37 79
54 69
41 66
50 89
40 70
46 90
66 88
51 109
64 88
57 96
58 87
53 114
53 99
52 110
61 105
64 98
59 98
55 113
69 97
68 90
64 94
65 112
63 89
66 102
62 97
56 104
53 107
57 99
67 99
57 103
56 108
70 94
61 106
56 107
53 85
60 105
60 113
52 104
66 88
52 91
69 86
55 113
63 96
54 110
69 102
67 112
60 96
66 99
68 95
55 86
51 115
63 100
64 90
59 109
59 91
67 105
68 109
57 110
57 110
66 112
50 113
56 105
55 110
56 92
70 89
69 98
51 112
59 114
50 114
54 91
55 105
67 94
66 94
58 98
61 104
56 97
65 114
69 107
60 85
68 111
63 89
58 90
52 87
55 85
59 107
61 86
56 113
64 106
57 95
50 94
56 94
58 97
67 103
66 112
58 86
64 105
56 110
60 88
66 112
57 108
53 90
67 112
53 85
57 93
60 104
55 91
62 90
62 115
65 104
63 93
68 99
69 108
54 105
56 87
70 111
50 86
59 103
58 85
52 96
68 114
69 108
54 109
59 104
65 101
70 102
51 111
60 104
65 92
51 95
60 106
62 88
51 88
54 101
60 91
52 94
65 110
55 90
59 110
62 92
63 114
59 86
54 106
59 91
61 111
66 89
59 103
58 89
55 109
70 107
64 100
68 87
50 115
56 109
64 112
61 86
56 106
66 98
67 107
56 90
63 87
53 115
57 95
62 92
69 107
57 86
59 113
68 99
55 91
65 102
69 93
51 106
53 106
61 93
70 105
51 110
65 104
61 94
64 111
63 85
59 98
70 106
50 85
55 89
68 98
70 89
52 90
68 101
66 112
50 90
51 87
52 91
54 106
67 101
60 115
57 114
55 100
67 106
50 108
58 102
67 95
63 105
54 98
50 94
65 112
60 109
50 96
58 101
51 96
69 101
61 100
60 107
59 87
70 95
53 86
54 111
61 98
64 110
53 106
61 88
63 103
58 95
59 108
64 114
70 109
70 98
68 113
53 89
61 96
62 105
56 92
59 107
61 115
56 100
65 103
55 86
67 96
67 115
58 90
64 89
52 94
65 91
70 100
70 86
67 106
51 92
55 88
63 100
58 96
55 104
67 98
57 115
51 114
66 110
62 110
64 86
51 96
74 115
69 123
73 131
83 135
82 137
80 132
79 137
71 118
69 139
69 112
76 123
77 135
78 110
79 112
80 129
78 114
77 117
75 139
76 128
70 131
70 129
80 133
85 121
80 138
66 131
75 113
67 134
82 119
68 123
84 134
67 132
85 131
67 122
75 131
79 120
82 119
77 131
80 121
74 140
73 117
70 111
67 130
80 116
83 127
72 115
77 124
65 115
85 132
83 134
77 120
67 131
70 140
82 126
84 118
73 122
81 110
85 135
80 116
77 124
73 126
70 111
71 124
73 112
71 129
78 122
79 138
68 125
68 121
81 111
70 121
69 113
78 135
79 140
79 136
83 132
67 110
83 117
71 136
75 124
76 113
71 121
77 139
85 135
72 133
79 135
82 117
73 125
83 133
80 110
68 135
72 136
77 121
77 115
76 120
74 128
65 122
67 122
67 131
69 126
81 110
81 126
77 114
85 115
66 120
82 123
68 134
73 135
71 117
74 118
83 124
80 139
74 133
73 114
80 123
82 134
72 137
84 126
78 117
71 137
72 136
82 127
66 123
65 132
85 119
65 117
70 134
79 129
71 123
66 138
75 121
72 114
73 138
79 115
65 120
76 127
81 118
80 130
74 122
65 118
67 119
68 122
75 128
83 125
78 130
80 133
80 110
81 114
69 126
85 138
69 120
76 139
80 125
79 114
81 138
72 128
75 138
67 114
68 136
81 122
84 139
82 123
74 110
76 134
82 135
80 121
83 112
83 130
71 133
78 121
85 116
83 132
74 134
74 122
83 124
71 111
75 138
69 118
75 110
72 121
68 128
67 138
69 137
74 112
71 117
76 115
85 118
80 122
71 131
82 129
68 127
82 124
84 111
70 119
77 129
75 134
76 117
76 132
74 116
67 128
85 113
65 135
84 128
66 120
80 138
71 121
81 127
72 136
85 125
85 129
67 130
68 116
65 110
71 136
77 128
66 129
84 114
68 140
79 126
84 138
85 116
67 135
66 111
71 118
84 130
72 125
75 116
79 111
85 125
80 119
72 120
83 131
82 119
85 113
68 135
79 114
82 117
79 131
67 127
79 132
85 131
65 122
75 136
83 139
76 120
82 120
72 113
84 140
76 126
74 113
76 110
96 142
95 138
82 150
85 157
97 160
96 146
93 141
88 152
89 149
80 146
92 147
97 157
86 160
85 146
80 146
94 137
100 152
80 145
85 159
96 141
89 147
93 153
91 156
89 155
97 163
82 161
93 147
96 152
84 155
92 165
93 140
98 151
94 138
89 158
82 161
94 143
92 147
88 158
85 163
98 140
82 143
86 137
96 151
93 158
99 147
82 137
90 155
99 143
99 149
98 152
90 160
89 150
96 155
98 142
91 150
81 145
92 143
85 142
87 162
84 159
81 152
93 159
86 147
90 164
98 165
82 137
95 142
85 164
85 158
87 145
96 146
86 160
92 163
89 142
86 162
80 165
100 160
95 153
81 160
88 136
88 165
83 150
100 154
88 165
87 150
99 149
100 162
85 146
91 143
86 152
85 154
82 151
98 143
88 152
97 154
93 158
81 155
84 156
80 154
83 149
84 163
85 164
84 139
93 153
83 162
90 147
82 153
91 162
84 135
93 161
88 163
85 135
80 159
86 156
98 143
86 150
90 137
83 163
98 155
85 149
90 150
85 164
82 158
86 163
88 139
84 142
85 142
82 151
95 160
83 148
95 142
94 141
99 143
95 147
88 150
93 146
90 158
85 136
91 135
96 140
89 151
92 138
85 152
97 159
99 156
90 147
85 136
96 141
96 155
95 139
86 149
97 137
84 157
84 156
89 162
91 159
97 138
87 139
95 148
100 164
100 136
85 135
88 162
83 144
88 159
82 153
83 161
86 147
96 155
80 142
87 158
99 161
92 161
82 150
85 159
97 143
86 156
84 158
80 149
95 135
83 145
99 147
93 141
91 152
91 156
90 144
99 155
97 145
92 137
94 155
95 138
98 152
89 139
93 142
87 140
94 155
80 159
94 150
91 157
99 159
92 158
96 161
96 140
98 159
89 161
81 165
80 141
83 156
80 156
98 160
100 137
94 142
100 149
90 160
89 158
89 152
94 150
89 158
95 149
93 161
96 162
83 139
93 143
81 146
99 153
97 158
86 155
92 150
97 154
91 141
87 156
83 157
80 136
86 162
95 164
94 157
91 148
83 162
100 154
94 153
100 146
90 160
100 141
86 136
81 149
97 135
95 163
85 146
88 138
87 146
104 185
105 185
109 186
95 187
109 185
102 177
96 181
112 163
112 177
107 179
113 169
98 163
96 167
99 163
112 175
104 172
105 174
98 173
101 184
110 180
110 182
106 181
112 174
109 165
104 186
103 187
102 169
114 166
111 170
111 187
105 180
112 163
113 168
114 170
115 184
97 175
109 164
104 183
115 187
96 174
96 178
109 180
112 168
110 173
104 164
98 172
105 171
111 184
110 189
105 179
98 161
103 164
97 167
98 179
109 186
104 182
106 170
96 168
104 165
112 163
96 186
111 190
112 188
112 183
114 185
98 176
113 173
112 189
100 177
114 181
96 175
107 182
98 180
112 169
100 178
104 162
107 185
112 177
104 180
110 174
113 179
105 167
101 177
107 179
97 176
100 172
108 176
109 184
102 162
101 190
95 173
112 189
113 187
109 186
99 181
108 189
98 168
110 168
99 165
109 185
106 161
105 178
109 168
113 180
105 172
104 187
113 177
95 188
110 168
113 189
95 161
113 165
105 187
101 160
108 165
95 180
112 190
99 180
105 177
102 177
97 188
102 177
114 164
105 184
115 165
106 169
109 175
113 172
110 184
112 169
96 162
103 162
98 164
100 168
106 190
103 173
100 163
103 169
114 173
112 177
96 183
108 181
106 166
115 174
107 170
106 186
101 178
103 170
104 177
113 166
96 168
103 173
112 178
103 176
107 181
105 175
102 186
103 176
104 165
95 160
112 179
104 184
103 181
105 185
100 180
110 182
104 178
106 167
112 183
113 163
115 183
114 184
101 182
96 177
103 165
104 168
106 168
103 187
105 162
109 163
96 179
113 180
99 189
109 170
97 174
101 164
112 190
101 181
103 161
108 173
103 182
114 186
112 180
109 186
95 168
113 174
104 185
105 189
95 185
109 171
107 180
95 172
114 169
102 165
108 168
114 174
113 169
108 186
115 188
112 180
104 181
114 188
101 161
106 163
102 163
97 161
113 186
97 168
105 174
95 172
100 161
112 179
109 160
109 166
109 163
105 190
115 183
95 164
108 184
102 177
106 178
111 175
108 188
99 175
100 164
114 188
96 178
105 172
96 189
100 170
105 169
111 184
115 167
108 184
99 190
103 181
101 185
95 186
115 187
110 188
116 187
121 190
115 194
129 186
130 188
128 189
127 207
127 198
116 207
113 208
114 200
110 188
123 203
116 213
113 191
125 197
121 203
125 207
111 186
128 215
124 189
117 200
115 215
130 205
118 187
127 192
124 208
111 210
126 191
127 206
113 198
114 201
123 204
115 210
117 213
122 207
126 211
115 209
130 185
120 196
117 207
129 203
111 211
113 205
112 185
119 194
117 194
125 195
117 213
120 200
111 210
119 210
129 195
126 195
126 212
114 194
117 193
110 212
130 189
110 187
130 208
112 200
129 186
113 213
124 213
126 207
123 200
118 193
126 185
119 186
116 194
121 196
124 189
128 202
120 209
119 194
116 214
121 200
114 202
116 212
115 208
121 187
112 185
117 185
110 213
116 211
116 194
127 205
113 198
119 204
120 208
127 203
116 203
127 202
111 198
118 200
110 215
110 196
124 209
128 214
110 195
126 209
124 211
114 213
111 201
115 196
120 195
113 213
117 213
114 185
129 209
121 201
115 214
128 206
127 190
119 194
124 191
112 215
122 196
130 191
126 194
111 186
112 196
128 202
112 194
126 205
122 185
127 209
124 214
124 204
117 213
114 198
113 213
114 188
116 190
114 186
117 207
115 187
118 215
127 195
112 188
118 194
124 185
119 185
125 198
125 212
111 199
130 196
129 202
125 198
113 207
114 188
110 201
128 199
117 205
124 205
111 206
112 211
110 212
110 201
122 197
123 202
117 204
125 185
122 194
116 209
112 212
113 195
125 213
115 208
120 201
119 194
127 193
113 209
110 212
120 196
123 203
112 185
123 206
111 194
111 195
127 212
123 211
111 201
128 211
115 192
113 204
126 199
113 202
125 185
130 196
123 204
115 189
120 187
119 199
130 207
125 194
118 185
124 205
121 211
126 208
125 208
116 202
125 192
113 195
120 199
120 199
123 203
125 203
120 195
120 214
119 209
130 201
121 194
116 190
130 204
126 190
125 191
129 199
118 207
127 201
112 196
128 190
130 198
125 200
123 206
125 205
120 202
129 190
112 194
130 185
110 189
122 190
124 207
114 204
120 196
129 203
117 215
114 204
113 196
123 185
113 197
126 198
128 209
119 210
125 210
130 212
111 212
120 190
130 204
142 240
138 237
142 230
132 215
127 214
145 217
129 226
125 233
137 227
137 225
140 223
134 214
145 216
129 219
131 224
145 212
134 236
139 237
131 233
129 228
133 229
126 239
128 223
133 211
140 214
139 218
128 234
126 235
136 220
132 218
130 239
139 216
140 215
140 216
129 212
131 232
145 227
144 232
127 218
139 237
128 217
127 235
131 225
130 239
132 228
135 226
142 224
128 217
131 230
132 227
140 212
144 219
142 235
138 225
127 232
137 220
137 223
133 240
142 234
138 229
128 213
136 237
126 230
129 213
135 222
139 239
126 235
141 211
132 216
138 228
139 237
136 232
143 212
145 214
135 228
137 214
135 234
131 213
140 240
139 232
144 233
129 231
144 235
137 211
129 217
136 234
131 225
126 218
144 215
136 219
135 211
142 217
130 219
129 217
133 222
145 225
126 228
127 231
125 235
126 221
141 219
125 239
137 226
144 219
143 224
140 217
137 240
127 219
135 232
137 225
127 224
127 218
137 211
126 221
143 226
140 233
137 231
135 227
138 235
136 234
141 221
139 233
138 223
145 229
144 223
145 216
143 239
127 234
131 218
144 234
126 231
138 226
130 215
136 225
134 234
129 217
128 217
134 223
136 235
142 232
140 210
133 211
141 217
125 240
132 235
125 214
133 215
142 234
137 231
132 219
132 225
125 227
130 221
127 219
138 240
128 220
136 236
142 240
142 211
130 225
136 225
134 221
140 216
135 211
134 221
129 217
129 234
127 226
136 232
126 215
145 237
133 230
138 232
139 232
144 223
133 226
145 231
129 228
143 240
143 230
132 237
145 214
128 228
144 228
127 224
138 240
126 213
132 240
127 215
142 223
140 233
131 225
144 234
131 217
127 228
144 240
128 231
144 210
141 230
142 227
137 217
138 221
135 212
125 211
143 237
134 233
144 224
126 240
129 216
134 237
134 211
140 215
126 237
141 238
131 228
135 228
145 238
134 214
145 215
142 212
129 230
129 229
143 238
143 217
134 232
130 235
136 239
132 221
135 239
131 217
136 230
137 222
139 231
142 222
130 229
130 236
140 214
135 218
136 240
137 214
136 226
142 219
137 234
135 215
126 235
141 218
133 211
145 238
128 211
136 228
145 255
154 261
143 261
149 262
146 252
151 246
154 262
155 250
146 242
146 244
156 263
158 249
145 236
141 254
149 255
155 257
145 251
149 236
150 253
160 237
155 259
151 242
155 236
153 240
145 242
146 245
158 264
142 265
158 238
151 235
153 256
154 235
152 239
144 249
157 261
157 262
152 262
158 240
149 256
145 239
146 256
151 264
152 239
146 250
153 249
152 264
159 238
142 246
144 261
150 265
146 243
150 241
148 259
143 236
156 252
146 245
158 251
143 258
149 239
157 260
144 256
143 258
151 254
151 235
148 260
156 236
141 258
150 239
148 249
143 264
158 241
141 240
144 248
143 242
154 240
151 238
147 258
157 254
156 261
150 260
144 252
153 255
146 236
152 259
150 260
156 247
143 264
141 254
160 250
157 262
143 261
147 248
158 257
145 264
149 251
150 238
159 249
156 243
160 247
157 262
141 255
157 240
145 259
147 261
160 252
156 259
147 253
150 263
146 238
153 260
147 249
146 251
140 252
146 246
147 257
150 236
151 248
148 261
159 261
140 245
156 246
160 256
159 242
142 241
141 246
156 259
153 260
150 256
142 265
154 240
157 241
154 264
143 243
141 257
156 248
160 249
156 240
152 256
146 254
153 252
147 259
151 256
150 250
154 260
153 245
158 239
146 237
152 237
153 262
151 247
154 259
156 235
148 262
158 241
140 250
156 243
156 264
145 258
145 242
154 262
160 250
142 264
140 237
153 262
145 258
157 238
150 235
142 247
159 257
146 240
147 242
141 245
146 245
146 251
141 255
144 235
149 245
142 253
156 263
160 240
155 252
156 239
147 245
157 244
155 265
160 238
160 260
144 243
143 249
152 255
146 238
142 239
158 253
142 257
156 235
153 239
155 239
150 236
144 254
142 247
144 257
159 258
156 261
147 252
148 256
140 246
153 259
148 236
142 237
142 258
148 254
145 252
140 265
141 236
158 261
160 241
159 259
144 263
156 258
150 263
146 255
156 236
148 252
146 255
150 260
146 253
140 240
140 265
144 256
160 256
160 246
140 263
154 256
148 256
151 243
148 258
145 258
155 241
145 259
141 260
146 240
151 262
156 251
142 246
148 260
159 254
158 261
141 240
140 246
156 260
10 22
11 23
13 16
8 21
22 22
9 27
14 27
9 33
6 17
5 18
11 12
20 11
20 22
16 19
7 12
9 18
16 27
21 26
12 19
12 33
24 10
9 15
6 29
12 29
18 40
15 32
7 31
25 38
21 39
13 33
22 18
6 24
24 33
6 27
16 33
11 30
21 25
19 18
22 32
21 36
9 28
9 31
10 17
5 18
17 32
20 14
22 10
17 34
13 24
21 30
25 27
12 38
15 11
12 14
24 38
16 20
11 25
13 32
20 24
13 36
17 40
16 11
19 27
5 28
18 10
23 15
23 24
9 28
5 13
12 15
18 27
23 24
14 23
11 32
14 16
9 10
19 25
12 12
20 33
9 37
8 35
24 18
25 11
6 29
18 23
17 12
9 17
5 40
16 31
16 25
23 14
25 40
13 22
19 27
17 29
12 34
18 22
17 27
10 34
12 23
25 35
22 14
11 38
18 28
24 33
21 24
24 23
9 22
24 22
11 36
14 17
9 19
21 28
16 38
10 37
19 26
20 31
9 29
10 32
23 16
22 16
23 17
10 40
23 18
19 25
16 18
21 28
9 18
11 19
14 25
14 21
16 34
16 26
8 27
13 29
20 31
17 19
22 18
17 25
23 29
21 27
10 32
5 20
5 17
5 11
19 34
15 28
15 20
21 37
17 20
17 26
10 16
24 36
23 11
15 38
16 18
7 23
21 26
8 35
9 20
8 23
13 14
22 26
17 12
14 17
18 34
16 20
7 27
19 19
21 22
19 14
14 28
5 25
17 16
24 33
8 13
16 26
18 13
12 28
23 22
14 26
22 25
9 11
9 39
22 26
24 25
9 39
5 13
13 10
11 31
9 34
11 38
23 36
5 18
6 13
24 15
10 35
8 21
14 28
9 14
12 26
15 32
14 27
19 33
23 10
6 20
10 12
20 10
6 12
8 19
15 38
12 31
17 10
5 25
24 17
5 29
11 13
18 12
19 12
14 14
8 14
16 35
20 28
10 12
24 40
21 34
10 33
24 26
16 21
17 18
8 25
18 16
23 16
6 15
14 11
25 16
24 30
20 20
20 32
11 33
11 31
23 26
6 38
9 12
18 39
25 33
8 15
6 39
20 17
14 25
31 44
34 45
38 55
21 36
26 63
20 64
26 43
20 60
30 48
36 45
37 38
37 58
25 37
37 49
38 58
21 47
30 53
37 65
40 42
37 50
22 58
36 53
32 60
29 38
35 40
24 51
39 50
26 47
34 65
40 55
24 58
36 57
32 56
40 49
25 53
35 65
29 43
29 45
22 61
20 44
21 61
25 39
20 35
20 58
30 43
20 54
40 45
27 39
24 65
39 62
20 49
31 63
20 42
28 58
35 53
35 64
30 57
35 52
27 49
40 56
31 52
30 53
34 52
38 61
21 42
22 37
28 48
26 45
29 36
27 53
40 37
39 63
40 51
35 50
24 56
20 55
34 47
23 37
22 62
21 48
36 52
39 57
35 44
27 51
35 39
27 63
34 53
40 63
35 42
35 37
24 50
29 36
39 61
21 56
30 65
39 56
24 50
24 48
38 49
38 37
23 35
25 54
26 57
25 56
33 61
35 58
28 45
33 37
34 63
25 59
33 61
27 45
38 62
31 35
20 54
26 60
31 63
37 39
29 61
35 49
38 48
38 63
30 63
30 60
22 56
27 54
34 36
29 56
22 54
23 41
25 54
25 58
38 44
30 35
21 52
26 59
29 53
21 54
32 53
22 40
20 65
26 54
39 55
21 64
30 63
22 48
31 64
25 65
26 64
33 45
36 47
23 48
39 57
21 47
29 48
21 49
29 43
21 46
36 47
27 36
25 44
34 57
32 51
22 45
32 53
21 35
27 56
29 61
24 44
33 53
31 55
20 65
37 37
27 58
20 52
33 56
20 39
39 64
25 63
28 39
31 62
21 46
30 47
21 63
38 45
23 43
24 50
25 63
21 51
31 65
24 43
24 60
29 64
33 36
21 63
29 44
26 39
27 45
37 59
25 39
39 56
36 38
27 53
22 55
32 49
28 38
33 40
35 38
33 52
34 61
26 40
21 41
28 55
23 59
30 57
33 50
32 41
30 48
28 47
24 58
20 53
31 51
22 55
31 56
32 53
25 53
22 51
26 35
30 43
30 52
34 50
27 44
29 50
21 45
24 56
32 53
36 62
34 61
25 56
29 55
25 37
28 65
37 63
35 57
40 54
26 38
24 42
35 58
27 35
26 47
55 63
47 86
51 63
44 71
43 65
48 89
45 63
55 83
46 81
47 67
51 81
54 70
42 79
42 74
42 61
36 66
43 86
55 61
54 79
36 79
39 70
51 88
45 68
55 72
39 62
41 67
41 86
51 76
51 76
38 90
49 86
42 79
53 61
35 78
48 88
52 70
44 80
44 79
40 86
51 85
52 76
40 80
40 76
48 81
35 63
38 77
55 83
47 77
47 82
42 72
47 68
54 85
48 89
54 82
49 69
38 79
49 77
45 61
41 72
55 90
49 71
54 71
43 78
40 85
38 89
35 86
48 88
47 89
39 89
53 76
37 62
39 87
39 71
48 77
46 79
50 63
43 89
50 89
38 66
46 83
45 90
53 67
43 66
38 77
53 81
39 67
55 64
46 70
51 90
47 64
46 70
44 73
52 76
45 83
35 64
37 84
46 61
42 86
42 61
42 67
46 72
55 74
50 75
44 87
45 75
50 60
39 64
51 61
39 85
55 69
41 64
45 88
55 90
47 68
42 62
41 81
42 87
36 86
46 85
44 84
44 79
53 62
41 66
46 68
49 83
47 86
44 73
48 89
52 74
47 73
35 79
53 86
54 64
41 85
45 67
41 65
53 70
41 74
45 66
44 73
39 62
37 82
53 60
36 88
55 85
52 89
42 69
40 87
48 69
47 69
37 66
51 69
51 78
54 89
54 72
44 81
40 79
49 88
41 89
51 62
40 62
35 63
38 81
47 81
48 76
48 72
53 70
46 67
43 72
51 81
48 75
41 66
49 80
52 79
49 86
35 68
36 80
39 65
39 67
53 64
53 81
43 73
54 68
38 86
40 82
45 72
37 83
49 65
49 78
49 88
35 73
36 67
46 73
41 69
35 65
43 72
47 88
44 84
49 71
47 84
44 62
48 64
48 80
42 65
50 62
45 78
45 66
51 76
49 65
50 66
36 63
42 60
54 69
54 64
43 72
42 81
44 61
41 69
39 63
40 83
44 72
46 78
37 63
53 64
38 84
38 72
48 85
49 87
41 66
54 82
35 85
42 60
37 64
44 70
38 79
36 68
42 71
43 77
50 84
55 78
49 88
52 70
48 71
50 84
55 63
42 61
53 84
44 79
39 67
36 60
60 86
67 111
63 114
70 110
57 113
51 91
70 96
57 100
55 104
55 89
63 105
54 102
56 91
53 94
54 87
66 90
57 99
56 99
66 94
53 86
50 105
50 86
68 107
58 101
53 106
54 85
55 109
52 109
65 102
50 94
58 92
61 106
56 98
61 114
70 96
70 113
62 90
68 112
51 95
59 88
66 85
69 94
66 101
59 105
51 85
58 107
52 93
53 110
62 99
58 95
54 106
57 109
54 88
53 103
55 114
58 96
51 109
68 104
52 103
54 94
63 87
61 107
58 95
54 115
54 91
57 103
64 100
51 105
66 113
70 112
63 113
70 108
61 109
57 111
53 100
66 111
52 86
59 111
69 85
55 86
70 86
56 115
56 112
61 85
60 111
50 101
65 86
65 94
64 101
66 89
63 89
59 101
64 100
70 100
57 86
61 106
65 88
69 101
53 92
68 104
65 96
64 104
63 95
62 90
57 113
68 108
65 90
59 90
50 101
67 89
61 91
61 102
53 97
53 89
63 103
67 103
67 107
65 94
64 87
60 109
58 105
67 85
62 106
58 98
64 109
65 106
59 94
57 87
59 94
66 92
58 110
58 107
67 115
60 99
53 98
59 114
55 105
61 109
61 115
55 100
70 107
54 103
70 95
66 103
69 109
59 99
70 103
59 86
64 89
53 100
65 106
55 101
67 92
65 101
63 99
56 113
65 87
67 86
68 90
52 86
51 97
50 101
54 102
62 98
54 86
63 91
55 94
67 111
62 113
55 106
55 96
65 97
69 89
64 111
50 86
60 91
52 93
70 96
68 93
51 99
54 104
67 111
58 93
57 95
50 88
54 98
50 102
55 110
55 92
63 112
60 97
55 104
58 108
65 98
64 106
54 91
56 97
55 88
62 109
62 108
51 97
67 91
59 114
68 101
66 100
69 96
58 95
64 100
58 115
50 115
50 103
68 114
52 90
66 101
60 98
53 106
52 97
60 106
66 109
53 99
64 99
65 86
53 110
65 110
65 94
59 96
65 113
69 109
55 91
59 111
70 101
54 94
56 94
59 89
69 87
62 91
62 95
62 92
63 106
53 109
69 107
68 107
68 94
58 100
57 107
64 114
52 110
54 86
59 90
59 88
68 129
82 131
71 123
72 140
76 133
66 138
84 135
65 137
77 110
80 123
84 130
67 136
67 128
73 125
83 138
79 138
82 132
78 122
81 119
81 115
68 110
79 122
77 130
81 133
82 128
84 116
80 124
80 130
68 134
69 132
80 129
84 112
69 110
72 124
69 132
69 116
81 128
74 124
71 135
73 134
76 120
82 128
68 139
84 132
72 121
67 118
81 138
75 120
72 132
83 112
83 117
84 112
81 135
85 110
73 130
67 140
75 129
84 132
68 131
81 114
80 135
76 140
82 130
72 124
79 137
78 132
67 133
66 140
80 115
82 114
66 130
81 133
79 127
66 132
72 135
72 115
78 118
74 115
80 119
75 115
81 112
82 119
75 124
78 121
79 114
65 122
72 125
70 138
74 124
83 114
65 125
81 132
66 121
83 124
81 123
67 134
72 122
70 118
76 117
82 123
71 112
83 110
77 133
76 122
69 125
77 119
77 132
80 126
71 133
69 131
82 127
75 128
85 122
82 132
76 123
77 136
71 134
72 136
73 130
79 129
70 130
79 138
75 136
68 121
81 118
81 131
73 121
76 131
84 112
80 118
82 122
69 137
79 136
82 130
72 140
76 123
79 113
69 138
73 129
83 126
76 118
78 131
82 122
68 119
72 129
66 139
66 127
66 112
82 127
79 134
71 138
77 113
69 125
66 137
85 118
76 111
72 124
71 111
67 139
81 118
71 134
71 123
65 140
84 129
68 114
82 139
77 130
72 140
85 111
66 116
69 113
71 131
76 135
78 119
84 139
84 117
66 132
73 139
76 113
80 112
82 138
66 117
82 140
65 128
81 110
78 117
77 138
69 127
74 128
79 121
66 121
75 114
79 114
67 129
69 126
81 126
71 128
71 135
67 138
81 123
69 111
76 137
70 124
81 127
77 117
67 124
82 123
79 126
75 129
77 134
76 129
77 124
65 140
84 130
84 128
84 132
85 131
81 124
69 139
85 114
80 138
70 129
76 116
65 136
78 114
75 134
81 136
84 139
81 123
83 129
71 131
79 124
70 136
74 124
81 136
66 136
70 116
85 139
68 125
80 113
73 119
83 122
69 112
82 137
72 137
76 122
73 131
82 135
76 131
84 115
89 162
95 139
84 146
88 146
93 159
83 147
82 144
80 138
93 135
83 159
89 143
90 145
96 165
88 145
86 146
91 137
82 147
85 141
96 142
94 149
89 165
85 165
92 154
96 151
81 162
100 147
89 148
86 136
93 159
87 163
95 160
90 144
100 139
80 163
84 164
100 145
88 141
83 136
87 142
80 144
94 162
95 141
87 145
86 154
91 151
95 140
87 151
100 151
98 162
97 165
90 156
92 155
98 149
96 152
91 142
91 156
93 150
86 146
82 165
96 163
80 151
94 161
93 149
89 153
88 156
86 136
81 157
94 141
92 143
83 158
80 152
84 152
94 140
90 161
100 162
84 152
94 158
85 146
86 157
92 147
98 147
90 157
96 135
99 142
89 153
87 157
90 145
81 138
99 138
97 152
94 152
95 145
96 149
91 144
90 151
93 149
81 135
84 135
83 164
82 139
80 139
81 153
96 136
89 160
89 150
89 137
83 148
88 139
100 136
96 164
82 136
95 147
87 149
98 165
100 153
82 163
83 163
85 137
80 136
93 165
95 141
88 148
84 147
92 144
92 163
91 161
91 152
93 164
81 154
86 146
86 165
96 160
88 156
89 156
88 156
93 138
100 157
98 144
94 164
83 147
94 160
97 156
95 149
83 144
97 147
91 138
94 162
91 140
83 157
87 138
95 150
92 138
99 156
94 140
97 135
95 146
86 157
95 138
98 153
93 137
83 165
92 145
87 164
96 142
98 143
98 163
100 153
82 159
96 148
86 159
91 147
82 139
90 139
96 138
91 151
97 156
91 139
88 142
86 146
84 155
81 160
91 142
88 153
95 152
88 159
94 144
80 148
94 139
89 152
92 141
98 141
89 151
92 160
81 147
96 139
99 157
85 152
95 142
81 159
97 135
87 137
85 155
84 156
91 164
87 163
88 142
87 162
89 147
89 146
95 159
94 159
97 146
100 143
91 147
98 145
87 153
97 154
87 158
87 162
90 147
99 157
97 159
93 143
85 142
94 162
82 136
91 147
83 161
86 163
88 154
100 150
83 152
83 144
93 144
86 165
82 161
98 142
90 142
100 157
88 135
93 147
98 139
84 142
92 147
93 138
90 145
91 140
84 156
81 142
100 151
112 179
107 183
111 189
97 169
108 171
101 167
113 165
99 176
95 169
105 175
107 187
96 161
105 183
109 171
115 179
114 190
104 167
102 190
102 180
113 184
114 174
95 181
97 172
111 187
114 162
107 163
115 167
105 186
111 182
95 183
106 162
101 175
99 173
96 172
95 181
102 190
113 166
106 179
105 186
115 167
100 187
112 183
96 169
109 187
101 183
102 169
101 168
111 161
99 166
113 181
108 176
114 189
104 168
102 166
106 190
99 190
111 179
96 184
98 167
105 187
98 167
101 181
101 188
113 165
111 162
105 188
112 173
109 167
109 168
95 185
99 184
114 188
98 171
108 166
104 170
109 175
110 166
95 160
114 186
101 162
105 189
113 171
95 183
103 161
106 190
109 163
104 176
106 162
103 181
111 171
96 167
103 175
103 190
108 170
99 179
111 179
106 171
112 188
96 178
114 190
104 180
97 167
97 161
102 189
107 173
102 182
105 163
100 187
95 181
115 185
107 178
110 185
100 173
104 186
109 176
109 172
113 186
113 167
100 186
103 179
100 171
103 185
102 173
106 174
103 186
102 167
98 182
114 168
107 180
106 189
108 187
99 167
112 188
103 179
99 174
113 160
102 171
96 166
112 172
112 184
114 189
95 182
99 160
100 178
100 190
110 179
112 183
101 178
112 167
108 174
100 167
102 174
107 164
97 171
112 170
101 183
96 161
111 184
97 169
112 177
108 183
97 165
103 190
115 166
113 184
97 186
112 188
107 177
108 189
107 174
106 189
98 172
98 178
110 189
111 172
105 166
95 176
110 179
112 188
105 180
95 168
106 178
112 182
98 164
110 187
114 185
107 183
113 182
112 170
111 168
96 160
113 184
110 179
102 190
115 160
96 163
99 162
111 171
108 179
100 171
105 161
105 169
98 170
107 163
113 176
104 167
107 181
111 160
107 168
109 181
110 179
106 174
100 170
110 172
96 165
97 174
96 184
106 188
113 178
115 179
103 169
104 178
105 182
97 166
97 178
107 163
104 179
108 182
98 167
102 186
101 182
109 177
115 188
104 174
97 174
102 179
109 186
101 180
111 183
95 174
97 181
107 171
107 190
115 163
106 162
113 176
109 163
97 165
106 175
100 175
126 204
111 203
113 192
119 212
123 186
124 191
130 208
113 210
117 200
112 213
117 209
123 192
118 200
122 210
111 213
119 212
117 194
112 212
125 206
117 197
128 186
130 195
112 185
114 201
112 214
115 214
113 208
121 201
118 198
117 190
128 203
112 210
112 197
124 196
123 194
111 206
126 193
116 187
110 185
116 204
125 210
122 202
113 205
117 206
111 196
127 198
116 209
111 207
130 207
110 189
122 208
111 194
130 204
113 189
125 208
130 199
125 193
115 186
122 187
116 214
113 201
120 191
129 200
125 195
110 213
116 189
124 189
127 201
120 206
120 193
113 193
120 212
129 208
125 195
114 205
130 189
110 203
126 197
125 190
122 191
112 187
114 203
113 206
116 211
125 204
127 206
110 208
126 192
130 198
116 191
118 208
119 188
121 203
114 197
120 187
128 208
122 209
113 190
128 196
117 209
110 186
121 208
115 214
125 192
123 197
114 194
111 207
116 198
124 208
123 185
112 193
122 211
119 188
117 201
112 214
128 197
121 204
128 205
120 215
127 212
120 193
128 199
118 201
130 193
120 205
110 215
112 215
114 213
115 207
125 201
111 203
115 201
128 214
114 206
123 185
114 190
126 204
121 189
114 200
112 193
112 202
114 187
125 215
123 202
127 193
114 194
129 212
116 215
121 185
127 201
117 186
112 190
111 194
116 205
113 205
125 214
122 186
118 205
114 211
114 203
117 190
125 212
124 207
125 207
119 197
116 202
121 214
127 185
111 215
121 185
120 198
117 208
112 211
113 196
122 202
113 206
120 209
110 205
127 194
118 186
113 203
128 186
128 193
111 205
123 202
129 209
125 202
130 195
128 212
111 185
114 201
114 186
110 191
128 206
127 186
110 186
125 193
121 185
118 215
117 209
111 195
111 196
119 186
121 191
128 192
122 192
122 209
126 214
129 213
120 195
124 193
124 200
114 194
127 186
124 191
120 205
116 195
117 196
116 202
128 190
115 205
115 197
115 204
117 194
118 212
127 196
111 214
116 203
121 194
123 199
111 196
124 213
120 186
111 186
124 206
127 194
116 200
121 206
128 215
120 200
121 202
115 212
123 205
125 207
120 185
113 195
116 192
128 186
125 196
117 207
138 214
129 218
128 228
132 230
137 237
129 218
145 237
138 237
142 225
136 223
136 232
140 238
132 238
133 213
131 237
133 217
143 230
141 228
131 222
143 230
141 218
141 230
134 239
130 229
137 214
133 238
132 232
142 230
135 227
139 235
142 224
136 221
138 224
136 218
131 214
135 210
133 231
141 223
137 213
142 240
140 240
128 239
128 225
139 218
145 217
128 222
134 240
130 232
143 232
139 214
128 231
126 211
132 230
127 238
141 223
143 235
125 227
133 211
139 218
136 239
133 217
129 214
128 212
138 227
130 232
143 225
133 232
141 232
139 238
132 239
139 221
141 230
125 225
137 235
127 236
129 215
135 212
130 216
141 213
134 237
128 219
130 212
128 235
125 218
139 219
127 240
135 238
140 222
144 216
127 210
129 238
134 240
136 221
129 211
135 234
129 214
143 215
125 240
130 238
141 229
130 220
128 233
139 213
126 224
127 220
134 217
128 226
142 213
135 218
143 219
137 239
134 210
134 229
133 240
130 213
136 230
145 212
126 227
134 226
127 222
126 220
139 210
134 234
142 234
135 214
139 239
141 224
134 212
132 234
143 226
141 227
144 216
144 225
132 232
143 229
142 234
143 231
144 233
144 234
127 221
132 225
131 237
144 215
128 238
132 238
141 231
130 227
141 240
134 225
136 240
134 234
127 239
138 223
136 237
137 213
141 210
135 225
145 224
139 234
135 222
145 233
126 214
141 238
130 217
143 231
134 220
144 236
136 237
134 238
145 222
139 238
145 226
138 218
132 237
142 217
128 233
145 220
143 214
144 235
141 226
140 224
144 240
140 214
126 227
134 226
126 238
136 217
128 232
140 217
133 225
129 236
128 221
136 210
137 220
127 233
126 217
138 231
131 225
129 238
133 233
130 234
139 233
131 238
145 226
129 210
135 226
137 216
132 237
138 217
133 237
129 211
130 215
129 216
126 224
144 225
145 225
140 233
144 220
134 229
144 234
126 233
144 219
144 213
137 239
145 221
126 218
129 236
144 211
141 240
139 213
128 230
142 231
130 231
141 238
135 233
127 233
145 236
125 219
126 216
129 216
132 238
125 239
132 236
142 231
139 222
141 214
145 217
140 219
129 232
141 210
142 260
141 260
156 259
155 251
149 241
152 251
141 239
144 260
147 246
152 255
148 241
156 256
157 251
150 241
156 239
152 255
141 263
156 252
150 251
148 253
149 256
152 261
152 250
160 256
154 237
156 250
156 236
146 254
159 237
150 259
158 262
150 238
151 261
153 248
155 253
156 235
159 237
152 237
141 248
144 244
158 236
153 258
150 262
142 252
151 265
140 238
150 257
143 254
152 259
157 261
153 235
146 256
156 257
157 254
145 248
147 253
159 255
154 248
153 251
153 246
144 244
148 245
159 256
150 253
143 263
155 260
155 242
144 265
157 238
142 237
159 248
141 262
143 262
143 250
149 243
156 262
144 243
142 252
153 237
151 245
154 249
149 261
142 250
154 253
151 245
156 263
141 241
144 257
150 237
157 246
157 264
147 260
156 246
140 236
157 247
141 248
154 246
155 249
140 236
151 244
142 253
157 237
141 265
142 258
141 262
146 242
151 242
156 265
159 243
149 265
145 245
142 246
159 251
153 250
143 259
144 262
147 262
145 236
157 254
159 258
144 258
151 243
154 262
158 251
140 239
144 256
156 258
142 235
140 259
147 257
156 240
148 257
150 247
149 261
159 249
159 248
150 249
155 237
154 258
154 246
156 264
158 241
141 235
140 261
152 253
146 239
160 235
145 257
144 254
152 244
160 236
142 238
159 246
149 258
148 255
144 263
159 237
152 238
159 240
160 257
160 248
153 248
155 254
144 259
150 255
158 239
142 258
155 238
156 246
149 239
144 262
142 249
152 264
158 262
143 249
158 260
157 244
158 243
145 245
147 236
154 265
143 254
140 247
153 258
160 252
155 254
152 259
141 240
144 254
151 259
152 250
147 261
156 256
159 252
142 235
154 265
147 258
147 255
153 243
160 260
157 242
151 236
145 248
147 254
148 240
156 235
141 261
149 246
142 260
154 248
150 249
156 257
142 264
159 243
157 257
142 263
149 246
158 260
144 238
143 258
159 258
150 260
159 249
151 235
141 236
143 235
148 259
142 256
157 265
140 259
159 262
144 250
155 251
160 264
145 258
146 258
141 245
141 236
153 254
159 235
153 248
141 236
158 256
148 259
144 251
146 244
150 241
146 252
151 237
159 241
