5000 127186
51 63
26 77
51 6
26 37
20 2
45 60
42 70
100 76
97 97
99 16
18 49
24 88
66 56
46 87
41 27
42 62
1 47
19 96
36 76
50 46
36 92
96 48
81 93
59 67
35 100
16 6
4 5
39 41
48 97
76 83
100 31
98 59
1 11
51 88
75 47
20 13
47 47
16 16
71 40
43 43
14 32
41 41
18 30
32 87
86 79
11 8
73 100
86 78
29 4
8 27
87 23
16 47
56 75
19 67
74 14
90 26
34 25
77 18
28 66
81 21
5 52
80 49
30 79
5 63
82 36
56 77
77 27
28 83
71 45
99 66
70 77
37 76
39 58
87 7
68 14
24 37
97 66
40 13
61 14
78 69
100 92
100 88
93 68
55 66
18 55
19 81
96 43
52 79
47 98
75 60
84 99
51 50
54 8
66 29
56 64
35 44
21 57
32 90
62 78
44 1
30 7
83 54
80 76
21 65
70 12
47 41
96 53
18 78
38 6
57 18
47 98
89 97
8 5
92 65
95 14
25 59
10 45
90 8
28 37
56 95
65 67
12 87
7 96
70 75
77 15
14 59
5 70
49 72
97 100
18 47
92 24
78 6
1 100
71 100
98 22
22 12
69 40
94 26
39 89
7 97
2 43
38 38
47 93
9 48
29 3
42 58
85 6
38 99
83 65
13 95
45 93
99 32
24 81
3 40
69 58
52 48
16 50
73 27
52 71
12 1
42 73
44 94
90 7
42 24
66 45
39 80
63 87
35 37
32 6
54 27
93 33
85 48
91 65
39 78
93 95
19 67
32 35
30 53
56 65
15 100
42 47
52 10
65 31
17 79
55 1
33 88
20 26
70 51
57 66
71 96
34 51
99 90
14 42
75 9
40 13
32 86
13 41
3 52
66 22
97 46
8 78
10 7
81 45
98 42
100 84
26 92
16 60
84 18
55 44
23 25
98 17
96 42
74 86
14 99
12 20
28 86
47 38
83 98
98 88
3 3
53 93
83 91
1 44
19 86
57 51
93 9
50 72
69 91
47 60
67 45
17 88
54 37
76 51
98 85
51 31
27 34
23 76
66 90
10 52
77 71
88 66
59 20
72 64
13 51
73 19
35 83
41 89
19 8
17 80
90 28
73 63
21 25
72 18
74 6
39 62
80 21
66 14
88 85
48 11
12 73
6 30
65 51
65 62
33 32
14 35
15 92
60 66
36 62
32 33
69 69
12 32
71 99
80 40
35 47
83 1
52 10
21 81
75 41
22 18
89 13
64 69
94 80
9 89
87 38
67 37
48 50
66 58
84 51
87 35
66 21
47 75
93 16
30 71
63 88
77 47
95 57
29 31
36 12
30 18
60 64
57 32
93 1
82 62
36 72
79 47
65 14
87 81
99 27
39 55
60 98
87 91
55 75
53 29
95 79
41 64
72 66
94 29
7 74
55 68
33 63
72 46
54 94
77 78
53 16
16 82
53 76
99 24
45 64
89 88
28 41
56 27
45 71
72 93
38 40
32 42
50 39
54 54
70 75
48 17
92 60
29 24
86 8
98 86
81 53
80 86
91 49
52 70
26 66
97 22
59 89
58 80
20 19
12 34
34 9
24 86
27 67
86 85
22 9
23 31
26 24
1 1
79 57
22 94
72 93
16 49
53 36
21 83
69 54
22 62
20 52
12 13
50 85
5 11
62 50
83 89
36 48
52 98
34 58
61 14
100 72
44 98
70 93
19 90
55 32
3 2
94 76
34 50
41 38
15 36
56 80
66 61
67 37
34 89
88 54
38 29
1 37
92 41
10 64
69 42
14 2
29 15
33 6
15 87
85 25
94 55
49 75
20 72
97 4
83 85
33 37
96 75
78 82
2 30
14 17
33 65
57 83
7 44
66 15
97 20
73 79
21 46
62 32
39 15
7 34
1 85
28 96
7 22
93 26
37 59
28 63
58 27
65 25
12 20
72 65
49 1
57 74
21 40
20 72
53 78
55 24
52 9
48 4
32 57
6 90
61 20
16 74
62 24
19 15
81 40
58 95
43 94
54 85
71 26
33 60
12 71
72 10
60 7
70 92
64 87
96 17
97 7
21 66
12 93
8 26
44 30
60 93
64 52
16 21
31 65
16 29
22 96
35 25
15 84
6 5
40 66
75 56
21 78
1 41
45 70
54 17
10 35
87 15
59 53
80 60
19 75
70 23
3 21
30 33
39 67
18 60
25 2
88 73
38 25
36 94
47 50
34 54
47 87
63 1
1 27
78 3
30 81
23 22
64 79
45 65
80 26
3 44
19 20
100 3
55 84
16 41
5 71
16 70
54 56
63 24
47 81
25 82
84 98
50 53
54 14
75 64
67 12
79 15
62 88
57 36
66 9
8 90
42 42
13 47
70 42
42 68
42 49
100 23
16 89
5 27
96 39
95 67
59 22
14 10
47 69
65 5
81 50
51 92
80 26
35 5
14 67
26 6
11 86
49 64
75 58
64 52
23 80
94 22
94 18
36 19
50 57
60 78
44 8
43 50
24 24
65 50
84 17
65 72
16 24
100 58
21 98
11 62
46 24
79 19
77 71
92 44
43 75
9 20
43 87
74 52
43 77
8 53
99 9
53 62
56 69
26 19
69 65
31 100
19 40
62 83
66 18
20 48
21 60
61 78
62 98
44 84
78 27
97 66
60 55
45 2
48 75
32 5
56 63
94 50
10 75
84 85
37 46
4 2
92 56
79 32
77 5
87 32
38 37
28 14
91 46
46 5
53 32
59 10
28 56
23 23
21 92
93 73
94 70
93 4
6 2
55 19
89 87
83 28
3 85
100 93
27 81
51 11
32 49
34 95
96 61
93 24
17 79
32 58
97 77
61 87
63 89
25 81
47 70
100 25
52 46
37 15
97 81
56 77
96 77
24 88
78 99
68 20
69 61
71 21
12 23
74 62
77 39
52 61
56 42
32 75
52 54
34 74
82 38
83 2
68 69
29 50
27 77
36 47
60 7
75 5
96 85
74 95
100 38
42 55
26 72
3 83
31 21
22 4
59 12
78 49
98 92
88 62
45 69
66 4
11 82
8 91
39 17
39 73
60 4
46 10
70 47
63 57
31 84
51 84
97 10
50 52
31 33
23 87
86 50
91 91
98 43
33 35
16 38
97 80
27 41
41 9
51 63
57 61
15 64
9 26
34 10
12 55
49 87
30 30
77 10
59 21
89 72
67 27
97 93
48 75
12 36
67 91
10 31
94 19
69 75
6 41
44 22
100 59
29 79
81 72
42 2
78 73
13 58
57 39
26 53
39 98
50 47
76 67
47 10
64 62
37 92
80 19
75 17
85 30
61 48
3 26
95 50
50 72
21 4
43 42
49 46
84 40
9 33
59 77
77 10
30 59
16 69
20 32
81 69
96 99
100 55
22 70
73 71
13 12
30 8
98 75
3 9
79 6
26 41
50 18
94 68
62 84
81 89
20 36
98 14
94 88
22 13
92 15
43 59
94 17
34 57
43 5
77 8
95 41
53 33
54 17
24 51
69 53
73 100
4 19
16 51
25 54
77 41
41 73
89 65
58 48
90 48
91 25
37 6
15 88
92 95
82 25
76 24
25 83
2 60
73 89
18 22
75 72
16 3
12 81
69 40
50 11
54 37
45 47
96 51
59 21
98 64
19 53
27 73
23 15
74 24
94 75
99 69
2 64
34 47
87 85
59 63
24 94
29 62
47 20
38 34
73 56
29 44
66 57
97 90
30 3
90 45
66 11
4 27
6 99
77 43
24 66
7 10
82 31
69 13
2 12
40 51
18 28
72 65
18 23
92 42
97 88
64 97
90 62
98 3
97 96
28 47
56 65
20 89
9 60
3 37
10 74
81 15
83 80
27 82
29 56
12 83
16 78
94 18
67 61
73 77
22 13
91 26
79 86
55 43
11 90
32 49
95 46
80 17
3 65
64 68
72 11
51 4
27 17
13 72
48 6
76 12
41 70
56 23
47 52
49 29
10 59
56 26
29 95
92 38
82 7
57 50
55 72
50 85
2 20
73 84
22 61
23 32
63 10
53 98
77 26
25 51
84 46
23 71
5 20
39 63
39 91
28 30
89 66
17 7
40 1
89 72
92 70
80 71
96 46
39 21
80 51
57 4
94 98
60 46
48 93
28 57
68 47
54 17
77 41
69 66
26 100
50 53
91 49
41 61
2 2
20 75
65 12
86 99
42 97
21 31
76 61
32 87
48 12
16 27
49 45
88 12
56 50
40 14
19 34
51 95
78 87
51 85
7 50
24 36
10 82
6 42
3 92
78 28
59 58
79 84
46 46
37 58
80 88
89 46
77 18
82 89
60 20
93 81
19 40
53 69
14 63
94 100
85 55
13 74
61 78
33 52
52 86
17 27
72 17
23 71
67 21
2 55
73 55
26 70
77 91
82 36
31 64
79 34
59 16
42 21
9 18
57 13
30 30
88 5
97 58
6 100
69 46
56 30
50 32
39 85
8 98
15 95
32 84
92 4
28 68
45 62
76 55
31 5
61 88
100 24
53 76
79 61
1 78
25 82
4 82
29 68
59 70
87 45
7 54
69 37
80 18
15 71
25 49
9 99
54 75
73 6
66 50
75 72
28 35
15 82
13 56
36 84
82 76
45 40
79 88
9 95
89 53
55 94
91 52
1 92
54 17
44 79
79 4
6 47
68 60
35 86
34 66
78 81
21 82
40 19
47 17
100 51
6 89
71 17
60 50
11 16
96 75
25 99
85 87
23 9
91 32
98 43
10 45
72 7
94 34
89 32
32 54
34 86
43 77
23 5
34 29
48 46
66 83
12 33
53 92
85 94
98 18
38 57
63 27
18 99
29 76
9 95
69 50
86 16
31 12
28 51
96 31
26 86
52 1
81 70
1 46
95 33
78 64
10 90
66 91
71 97
98 73
98 44
4 34
92 50
20 100
89 62
91 47
37 34
52 94
95 38
21 80
50 63
32 94
35 6
67 14
60 21
43 100
88 15
45 37
26 11
15 65
93 19
3 48
19 17
73 88
3 94
13 49
2 51
13 35
78 92
24 99
62 8
75 87
27 84
6 9
46 87
67 46
48 55
82 72
18 91
43 44
55 51
19 6
74 37
89 56
38 19
86 58
84 56
25 85
82 46
61 18
39 1
74 64
63 66
57 17
98 52
18 11
69 66
99 54
82 97
99 9
22 53
95 56
25 95
100 36
52 64
71 81
66 33
100 70
4 53
36 76
42 13
10 55
54 81
67 2
51 11
43 51
4 11
86 18
67 35
86 56
46 35
58 35
11 19
60 52
14 51
9 22
29 14
35 68
7 76
10 11
33 76
81 80
5 66
9 71
80 67
8 82
79 3
98 52
7 3
35 7
33 27
48 68
96 62
38 7
67 21
46 72
33 57
70 31
31 89
99 91
7 38
28 75
56 77
18 56
40 27
22 27
26 78
68 92
8 95
84 5
78 54
92 22
64 84
34 20
100 92
44 2
41 53
31 47
41 53
100 7
65 53
25 31
47 74
60 14
14 89
65 46
58 37
46 45
35 76
88 25
97 87
41 13
68 52
52 15
10 21
7 30
25 42
35 98
74 21
32 88
71 54
3 75
23 9
34 89
36 46
23 53
29 90
29 50
53 99
21 95
28 56
69 51
45 25
26 82
80 17
11 14
91 27
37 53
8 10
77 3
77 30
4 49
69 67
44 81
8 63
79 87
50 10
32 4
65 36
75 82
64 91
35 89
78 56
38 52
69 77
65 53
60 4
49 19
45 2
64 54
70 13
72 58
32 56
66 37
50 91
12 72
76 50
92 17
100 77
84 60
20 71
76 6
39 8
88 90
71 38
46 22
18 76
20 99
78 26
83 64
47 80
93 68
69 4
24 88
30 71
89 33
40 40
42 74
38 51
85 42
5 79
7 63
8 51
89 35
72 51
57 41
52 58
100 1
48 9
51 34
35 12
67 80
79 91
73 71
7 69
49 80
71 92
24 96
21 78
48 69
58 59
67 58
92 37
27 15
42 97
21 7
67 47
81 36
62 33
4 97
65 77
19 11
10 11
73 79
7 97
34 61
81 19
58 55
85 13
29 28
60 40
19 24
47 59
38 83
43 46
5 27
39 62
13 38
81 74
59 40
12 6
90 85
25 49
3 94
68 99
66 45
24 53
35 45
98 32
37 85
38 41
63 9
7 47
100 51
87 87
13 96
33 63
67 58
22 2
17 76
47 85
82 93
87 99
94 43
71 75
29 97
50 21
9 37
42 34
30 94
67 28
53 91
20 30
43 28
8 37
87 28
60 24
83 89
21 72
58 55
19 25
11 64
20 15
78 71
10 66
58 54
90 18
94 29
24 11
64 19
62 4
71 47
45 12
48 54
16 41
67 86
28 50
65 13
76 74
69 35
47 58
94 53
74 78
18 88
37 80
81 14
56 15
48 3
15 2
29 39
5 58
85 26
39 2
76 24
62 48
100 20
33 77
52 66
93 48
9 87
15 36
6 3
79 85
11 99
53 8
46 77
29 37
80 58
62 89
4 10
1 44
60 47
50 63
26 21
77 34
38 94
58 86
33 100
85 97
72 39
61 38
42 6
56 16
51 92
17 29
18 64
50 11
2 6
21 81
94 10
10 44
87 68
99 12
40 81
49 67
51 19
85 57
77 3
82 28
98 46
33 64
34 24
58 92
82 78
59 44
34 77
71 72
16 82
18 76
55 20
87 20
30 66
96 25
95 36
80 9
65 53
12 51
29 19
66 10
84 83
74 28
27 6
70 50
72 91
66 86
18 16
74 9
2 42
46 70
8 89
99 87
78 34
41 12
56 30
11 63
100 7
42 58
81 34
15 88
59 86
36 53
54 60
89 3
83 29
48 95
20 11
47 82
11 97
1 29
64 43
94 79
74 8
90 48
63 28
98 98
55 33
32 96
23 58
8 27
77 65
30 98
7 65
55 50
71 9
14 95
65 13
22 16
55 4
98 98
88 55
66 89
33 51
41 14
6 91
67 79
40 60
25 1
66 12
50 8
77 81
29 7
43 86
51 40
71 54
5 66
100 89
77 39
88 61
22 47
85 65
65 77
52 96
91 29
71 79
74 5
4 75
87 91
47 72
11 79
84 40
34 78
28 19
68 42
75 44
33 62
35 73
14 3
9 14
100 84
64 63
38 95
80 42
58 48
40 34
2 48
15 13
39 75
79 86
2 25
12 73
63 2
18 54
15 68
5 82
88 32
88 72
60 57
27 74
34 95
70 87
10 13
20 73
49 57
30 55
94 16
33 18
64 27
59 70
94 32
15 62
74 84
31 78
46 4
32 32
70 63
48 51
46 96
60 37
26 88
99 73
71 9
40 41
17 26
86 77
44 22
4 57
25 100
3 30
82 30
11 47
25 16
92 94
30 71
25 25
21 48
75 38
58 42
36 26
85 7
51 25
2 40
59 43
81 2
47 95
42 74
2 65
46 45
39 21
13 53
23 84
37 93
83 62
62 24
5 18
20 90
57 45
61 26
97 41
12 75
42 55
7 87
36 42
33 1
88 57
60 66
5 48
62 94
69 60
92 26
46 53
19 84
93 65
56 95
51 86
40 59
49 20
4 2
37 55
87 40
16 54
60 90
76 33
99 67
21 13
80 2
70 8
30 9
40 28
66 49
41 35
82 34
24 87
28 29
66 34
11 44
39 46
23 34
24 89
8 5
14 59
22 93
26 89
7 75
29 39
29 26
98 33
78 58
32 79
86 39
64 50
48 84
45 28
91 34
98 3
18 92
71 35
19 10
47 100
62 14
85 10
87 87
43 48
8 97
14 15
61 81
71 92
52 12
35 14
94 80
59 17
48 24
15 25
37 57
6 98
96 63
17 82
55 30
73 73
100 12
41 68
36 74
47 95
85 47
27 7
96 97
2 38
49 93
15 59
100 90
10 7
51 68
86 76
5 54
58 64
51 42
17 34
28 55
3 53
51 100
74 87
13 21
98 23
40 11
1 77
56 21
35 25
69 10
10 2
7 49
69 73
50 22
95 22
15 68
87 68
73 28
63 16
40 6
21 21
29 74
40 95
30 27
79 94
25 22
86 32
88 57
76 15
2 65
68 64
30 19
52 64
41 50
94 40
2 87
80 12
47 68
57 59
67 88
15 30
66 60
73 37
83 2
68 81
19 10
50 21
54 49
91 38
64 37
93 6
11 10
92 62
32 100
93 88
70 55
9 73
30 19
9 64
36 87
32 35
76 27
17 57
83 51
16 28
10 48
36 89
48 91
8 16
92 47
14 78
23 45
10 6
38 66
5 98
77 39
57 76
6 19
30 87
47 65
69 7
74 92
10 26
60 68
58 43
54 13
81 75
66 67
83 83
90 90
1 5
66 69
17 68
69 61
49 19
33 95
30 9
36 7
32 37
38 76
28 53
97 14
60 72
37 11
34 32
16 69
13 49
42 7
74 87
94 87
89 23
42 93
19 30
50 48
54 13
76 24
3 12
86 39
41 42
37 46
27 28
93 46
3 14
44 47
61 58
3 33
28 41
91 18
38 91
59 77
28 93
65 96
7 42
39 16
53 6
40 73
6 85
17 6
82 31
79 23
10 44
22 5
21 68
29 73
23 4
26 80
4 48
77 15
11 70
97 89
13 12
38 49
89 34
15 26
33 95
2 43
69 10
60 87
44 61
7 52
70 63
23 5
23 47
76 56
61 21
76 4
67 81
18 57
92 9
100 63
97 79
54 52
73 68
69 46
34 76
95 71
94 77
89 23
71 38
56 98
85 11
84 49
93 46
26 96
50 26
25 40
79 39
71 87
36 26
22 51
29 39
5 40
44 7
51 37
32 48
56 79
78 41
99 28
25 35
22 49
98 42
21 66
75 53
71 9
41 63
8 28
17 32
86 92
48 3
88 21
42 89
33 13
23 21
86 87
10 61
24 47
63 26
88 99
94 85
98 4
61 1
22 75
55 95
56 7
25 12
86 42
11 38
2 52
36 21
35 24
23 52
34 63
8 89
49 56
56 23
48 4
8 84
72 6
34 47
56 86
11 26
27 35
40 50
33 47
12 73
49 10
9 45
74 99
36 60
2 29
24 54
48 12
76 56
78 100
3 71
100 19
63 94
65 8
53 22
99 14
99 31
76 73
84 28
58 72
24 81
91 3
58 27
84 64
14 8
43 73
39 1
25 34
69 59
78 2
9 80
80 32
26 64
17 76
6 82
13 75
71 4
29 87
60 87
46 11
6 86
14 9
97 29
20 79
78 16
49 50
70 45
28 98
76 75
5 72
86 21
52 55
95 26
95 47
35 70
61 34
37 71
73 70
37 19
5 30
2 23
45 50
36 13
79 86
14 25
41 94
91 13
84 80
21 80
2 99
81 91
26 17
67 7
29 71
98 96
44 74
77 21
67 40
71 23
5 95
24 63
8 44
56 1
18 41
2 42
90 70
30 74
38 65
14 91
66 44
94 46
15 13
11 93
82 58
93 51
76 17
74 3
35 63
59 48
95 34
88 13
91 90
20 50
54 71
19 61
69 97
97 44
47 81
36 88
19 18
51 27
59 3
27 13
6 27
28 43
28 55
47 96
10 16
18 71
60 38
75 59
63 16
74 50
37 3
44 73
18 52
12 19
70 27
52 66
22 18
64 60
91 78
12 8
35 9
44 48
82 68
4 6
92 43
29 100
91 45
11 61
79 26
1 47
37 73
37 4
80 89
16 79
83 51
89 4
85 1
43 88
64 14
100 16
68 37
100 16
95 40
86 41
12 86
64 66
89 6
33 4
27 77
80 84
97 63
62 86
75 83
78 30
17 43
67 78
6 29
59 87
77 38
37 6
59 86
65 62
25 9
38 74
80 93
59 59
79 30
17 93
1 46
94 43
16 61
21 34
93 11
10 52
58 74
56 96
26 18
98 32
41 51
52 94
77 15
89 13
65 31
52 49
66 94
33 25
70 26
24 74
91 64
46 15
12 79
49 49
62 29
88 39
39 22
93 21
46 49
69 51
9 65
99 46
62 46
76 77
19 80
6 56
38 29
28 5
14 3
63 98
25 36
54 6
14 91
2 2
94 70
31 74
5 3
59 64
63 98
74 28
34 89
54 13
71 95
97 20
54 61
32 23
84 58
44 35
24 95
30 59
12 85
85 11
28 4
73 30
60 88
98 35
31 37
97 16
25 40
44 92
59 13
49 27
49 97
25 55
2 81
42 66
55 28
58 83
52 81
17 78
83 62
86 70
22 90
53 8
34 41
76 3
36 30
18 98
71 37
12 76
99 8
83 73
96 87
78 12
7 55
7 74
75 46
37 91
56 89
51 37
32 82
14 53
99 64
80 30
38 7
53 96
21 96
44 87
10 30
73 28
13 16
45 43
10 49
34 57
97 51
43 89
61 59
85 32
12 39
32 47
48 8
10 46
66 20
43 94
39 9
24 26
1 19
13 55
13 16
56 59
63 91
44 50
70 11
14 6
24 31
59 69
66 53
44 78
55 7
27 82
68 6
67 22
71 77
77 6
52 79
20 27
72 95
65 89
56 10
35 85
48 88
3 17
97 82
65 59
45 62
35 91
88 84
97 80
48 45
100 51
53 90
62 87
44 100
74 100
27 45
19 31
84 21
44 97
14 8
38 27
71 31
82 65
56 49
93 7
10 71
8 79
12 85
81 17
24 19
67 94
16 1
71 58
69 63
12 34
35 16
65 76
98 24
22 99
14 8
97 20
74 50
66 97
59 7
69 1
39 49
85 3
87 83
22 69
29 99
52 43
12 47
51 81
33 7
67 47
43 39
43 29
26 25
7 23
75 45
49 96
25 69
42 97
19 53
46 83
5 31
5 21
62 58
3 54
79 19
75 65
99 26
52 20
40 14
57 84
72 21
30 62
94 86
10 55
52 82
74 36
61 97
63 28
76 17
94 56
81 75
18 55
88 84
7 51
24 30
62 81
55 98
1 50
56 77
26 3
46 32
60 59
30 23
7 89
62 65
8 93
82 6
61 90
11 13
73 71
69 73
34 85
3 84
14 58
43 39
6 65
39 45
4 88
20 44
14 13
49 95
100 18
32 68
88 78
6 21
7 49
1 10
13 18
7 98
56 39
38 20
4 29
16 97
19 42
11 69
77 61
79 87
44 26
89 2
41 99
16 96
10 26
75 35
18 79
23 83
69 25
23 95
62 80
72 64
42 39
27 92
72 58
42 56
58 11
59 36
99 28
17 59
60 97
11 46
75 56
67 35
100 65
79 36
82 32
71 59
41 57
11 44
49 45
84 82
99 98
89 95
99 30
60 23
15 29
69 8
35 58
84 5
91 55
48 37
7 69
85 93
74 28
79 26
78 100
84 91
89 13
76 28
100 49
100 10
39 73
26 57
67 44
90 89
56 92
100 27
60 47
48 100
10 23
8 43
31 82
61 72
49 89
82 11
20 94
63 69
2 70
6 3
46 74
92 24
53 39
5 94
28 16
27 19
83 19
5 68
10 9
23 32
33 95
61 9
75 93
23 67
38 65
93 88
12 55
94 9
92 67
24 54
41 8
54 89
31 48
24 41
66 12
31 37
57 3
37 5
94 57
58 25
43 8
91 30
1 48
95 98
95 23
29 16
73 68
29 94
85 83
82 28
4 77
69 77
94 37
30 69
91 95
32 53
22 56
55 1
77 61
65 22
78 6
69 21
70 62
60 54
44 61
35 73
91 42
100 16
24 30
36 98
9 40
66 89
78 80
10 87
12 38
25 2
90 54
85 6
5 47
26 88
18 33
8 23
95 16
12 69
89 91
37 10
95 22
62 99
43 11
23 34
79 72
20 16
43 6
48 86
80 21
87 67
35 10
22 14
38 34
58 39
9 12
47 73
75 79
86 43
8 11
86 17
10 44
97 65
70 22
15 43
74 4
40 6
74 65
20 20
51 27
63 8
57 29
97 100
24 6
51 91
19 33
2 29
71 59
61 39
2 14
2 31
99 57
88 24
75 45
37 90
97 14
83 8
35 14
71 93
68 50
42 24
8 61
30 45
90 40
30 34
96 87
63 44
69 39
69 52
83 63
71 65
83 59
91 43
67 64
59 16
93 34
37 49
12 44
63 92
97 87
65 10
16 22
48 95
52 85
90 18
84 36
48 50
72 25
18 49
70 94
92 74
11 72
78 54
21 19
100 12
7 87
68 5
14 55
27 78
88 8
48 69
97 42
71 18
90 11
63 58
81 33
83 44
51 6
92 29
45 87
99 44
57 90
13 61
46 38
60 74
2 78
81 25
8 23
26 55
50 73
29 69
17 28
60 44
6 22
89 98
59 7
64 61
56 55
73 61
42 38
43 14
72 81
38 79
65 32
62 92
52 36
45 64
44 35
2 93
89 44
40 74
1 36
97 33
52 34
46 25
8 58
54 63
79 49
15 33
31 69
28 73
96 1
47 97
88 17
1 74
87 46
46 75
17 34
94 52
70 88
58 71
88 66
42 68
96 50
53 97
55 59
99 37
49 12
98 46
1 82
89 56
37 19
53 69
85 40
89 4
50 94
93 50
94 18
28 94
59 34
24 87
56 67
54 86
22 35
43 35
7 59
60 80
40 9
75 93
53 32
62 96
32 63
40 97
55 64
79 64
44 45
9 74
78 53
93 56
6 19
30 86
33 63
42 37
34 54
18 55
82 92
83 99
62 4
75 10
11 93
72 37
50 96
18 11
78 22
71 30
12 97
84 32
30 61
51 57
10 24
34 44
64 53
41 39
74 92
18 68
72 54
17 36
78 93
1 58
61 44
83 12
30 43
94 6
77 100
63 97
63 60
10 92
97 95
76 15
37 1
59 39
99 3
86 48
76 1
76 76
57 29
87 97
11 8
38 89
90 54
20 83
72 85
53 58
13 73
97 28
23 77
84 27
65 16
100 69
84 84
26 59
35 32
13 27
71 16
63 32
27 75
85 28
72 23
75 21
12 94
8 23
34 60
10 97
94 22
9 12
86 24
2 50
96 61
48 83
91 90
85 66
68 18
62 74
89 75
80 90
10 54
11 51
63 16
75 69
11 71
98 52
52 27
45 3
62 30
22 94
59 86
40 4
58 21
30 8
14 24
69 15
90 82
47 35
78 63
83 3
56 99
15 38
36 4
51 59
63 21
26 93
87 24
30 38
40 19
75 98
61 27
49 72
38 100
75 95
23 40
48 22
72 98
26 18
44 76
85 27
99 11
2 61
24 82
56 84
83 20
37 5
24 50
72 53
84 92
54 12
6 55
39 42
68 49
41 10
41 100
82 21
19 3
79 75
63 10
10 21
5 24
23 89
58 92
42 75
49 83
33 31
41 96
72 80
58 100
84 24
56 58
9 10
37 36
79 39
64 45
20 56
16 95
40 94
43 8
99 86
93 57
49 15
89 27
12 58
89 24
29 78
94 78
59 78
7 4
56 88
68 98
11 27
31 28
78 89
53 53
31 10
62 71
45 1
3 41
71 22
29 24
58 98
79 84
17 59
89 36
43 28
88 66
4 30
34 74
31 26
54 68
78 30
79 40
42 46
89 87
19 15
22 76
34 17
30 93
28 79
42 56
49 42
90 6
24 83
26 83
94 10
54 44
39 5
39 10
56 84
10 27
19 33
66 33
88 10
87 44
6 68
82 89
75 9
61 49
67 62
57 34
14 68
44 92
87 25
7 14
85 30
57 92
28 89
18 46
86 84
7 19
11 1
35 77
96 24
34 35
12 59
42 34
88 78
51 64
80 95
95 61
12 90
50 28
12 93
51 51
36 23
17 12
33 39
62 31
77 13
51 53
18 17
42 80
95 44
56 41
48 45
79 73
13 84
27 85
96 71
50 19
33 4
7 23
36 96
81 79
92 58
48 54
22 64
79 35
50 69
53 59
74 96
61 10
2 38
37 40
11 60
89 60
54 4
95 51
51 42
30 68
46 3
20 58
72 99
40 98
76 51
71 44
70 22
88 34
98 80
17 92
37 53
30 35
75 15
73 48
10 14
67 72
72 53
83 29
45 6
21 22
35 39
70 53
33 31
88 76
7 45
43 43
77 87
12 48
90 93
79 29
93 15
35 47
98 38
16 65
26 96
73 88
87 8
95 17
12 74
84 40
63 9
49 78
65 74
38 75
73 77
27 39
4 46
96 29
61 68
100 3
68 2
48 6
22 8
100 33
35 34
80 52
94 75
63 20
91 51
83 19
41 48
35 17
69 17
91 86
51 81
46 12
63 25
37 41
92 28
75 50
72 80
55 88
75 27
88 5
92 62
99 55
66 44
47 59
94 84
27 11
98 14
61 85
74 68
19 21
12 69
60 1
50 72
5 95
23 21
92 74
40 65
15 20
27 90
60 33
5 57
77 70
6 44
20 34
65 62
97 24
46 83
88 41
3 63
72 62
75 46
46 77
70 16
41 41
44 35
63 51
19 3
42 48
75 88
92 70
12 20
86 56
51 71
14 91
90 3
25 43
5 64
29 67
40 14
83 5
41 100
96 71
11 27
46 95
67 56
75 88
94 70
64 38
62 81
49 33
35 51
89 78
94 61
4 67
81 18
38 47
18 69
99 20
31 95
92 56
90 41
94 66
77 12
92 63
7 57
19 66
17 5
12 72
99 84
8 71
46 29
39 35
55 41
57 55
36 30
74 96
31 94
30 51
37 85
45 74
78 35
24 88
85 3
23 95
27 6
65 20
12 42
97 74
63 91
94 88
88 30
4 32
88 53
17 93
47 94
94 61
87 58
63 51
57 85
85 41
22 21
3 13
76 28
29 13
11 19
11 57
2 60
41 12
40 59
90 96
37 38
69 94
13 83
21 40
44 88
92 88
37 12
55 81
88 62
51 54
49 68
27 43
54 85
88 73
95 35
1 31
81 33
81 44
15 33
90 69
66 36
89 53
92 81
41 63
17 17
54 51
3 71
70 76
94 15
95 30
11 23
83 52
63 75
24 6
55 43
58 14
67 45
92 6
13 95
54 6
42 60
13 14
32 48
48 96
100 86
27 34
100 26
32 19
7 29
66 58
21 39
24 65
54 62
64 20
16 27
22 78
17 22
19 50
43 5
63 36
13 79
54 28
97 87
27 53
29 33
51 82
85 66
95 29
94 87
49 12
100 35
88 98
13 26
31 34
35 94
64 11
9 20
86 71
95 81
68 48
51 81
68 20
91 12
5 42
31 91
59 91
78 72
100 12
77 40
21 76
14 48
41 70
74 55
10 86
67 74
2 39
60 19
3 91
48 68
6 58
51 3
47 54
93 55
15 80
29 87
79 48
78 90
90 58
64 71
73 23
57 6
14 51
40 42
99 69
70 44
22 84
57 11
100 15
21 95
85 50
20 43
34 94
25 71
93 49
95 32
44 44
46 88
7 50
46 87
45 55
12 7
49 41
91 60
4 14
63 20
71 98
34 61
41 9
60 56
97 83
65 83
68 13
62 33
56 24
67 81
84 77
77 59
75 44
83 43
50 6
60 45
2 37
35 51
84 16
46 86
30 82
27 11
43 25
36 84
25 97
87 31
99 42
73 89
29 90
54 55
87 8
51 87
87 16
79 69
63 42
83 50
95 51
30 6
96 83
50 27
48 39
79 11
79 85
23 82
61 5
80 90
82 26
14 42
14 41
65 41
59 79
95 74
44 4
53 3
82 57
68 52
39 85
32 99
92 41
19 74
85 53
78 48
70 60
71 20
9 16
32 54
53 70
3 67
13 59
49 4
53 93
61 49
79 14
83 29
83 30
40 70
62 19
16 56
53 11
27 11
80 48
64 41
74 36
75 51
68 43
55 93
42 3
59 27
87 43
85 95
77 52
23 47
63 42
98 64
94 19
23 10
81 69
98 40
25 28
94 79
46 95
77 72
6 28
77 60
59 100
88 57
16 29
72 70
55 12
20 40
99 32
34 60
35 80
72 68
61 62
3 75
78 12
2 64
13 53
16 6
87 10
89 5
39 52
1 52
39 20
32 22
23 13
19 88
29 13
47 40
12 66
27 7
76 11
17 93
3 66
86 10
56 50
70 95
58 32
10 13
41 86
8 63
96 72
76 17
79 30
56 86
30 91
56 41
9 1
42 96
72 46
47 11
82 52
62 50
47 62
20 71
93 23
21 74
39 58
73 36
20 65
2 23
51 94
47 75
71 16
53 60
84 36
26 17
74 6
93 67
88 29
15 91
100 30
35 53
42 7
30 59
90 38
71 50
86 52
50 38
64 97
9 49
97 48
45 48
22 50
95 61
17 18
14 73
68 86
55 27
38 60
87 2
8 49
89 53
85 76
78 16
93 64
68 64
4 32
67 69
13 30
43 61
81 11
12 11
77 65
22 70
94 22
18 2
44 71
31 73
67 91
59 67
39 73
63 91
3 14
12 75
10 3
71 83
25 99
77 89
77 9
14 58
63 90
85 9
2 62
99 18
62 25
95 78
66 81
17 8
61 46
30 62
59 68
93 9
42 73
87 84
66 78
87 94
4 85
9 100
17 18
23 76
67 66
7 90
37 18
21 31
18 64
46 20
44 13
94 62
22 60
20 73
7 71
36 50
4 81
9 85
34 19
66 5
55 62
52 51
82 13
67 7
81 12
93 32
59 67
74 36
79 16
24 96
60 29
35 52
84 95
76 46
57 79
2 60
82 88
45 96
22 90
51 3
91 16
65 54
44 17
64 75
85 26
51 39
100 76
40 7
11 23
85 46
5 63
65 84
88 96
39 75
83 43
21 60
31 59
41 9
94 95
61 26
16 5
6 76
95 77
51 99
33 73
3 8
52 11
67 60
100 3
25 52
17 15
90 70
90 6
61 83
53 97
26 83
63 21
4 24
17 89
73 44
41 70
22 4
89 27
28 17
60 78
71 21
48 76
42 88
63 30
94 71
2 13
30 86
51 46
49 42
80 36
83 18
3 49
31 46
1 30
2 3
55 98
18 96
43 73
96 55
30 78
48 21
73 37
92 98
51 44
90 78
16 93
43 13
63 81
56 72
71 30
74 10
78 92
70 57
15 50
40 73
63 79
68 62
21 58
13 24
68 55
100 94
48 94
71 3
82 91
48 75
24 58
88 40
17 70
67 82
36 94
46 99
14 2
8 83
89 96
16 45
49 12
56 41
59 10
11 44
11 12
81 91
84 5
88 3
50 47
50 54
79 76
65 26
70 68
99 85
77 1
37 22
50 78
76 46
59 77
83 21
24 72
35 86
71 60
40 93
53 67
6 54
38 91
18 68
65 88
78 39
33 64
66 51
34 79
43 25
76 94
44 90
75 15
12 98
84 92
25 14
13 4
62 19
41 39
82 71
13 4
69 91
71 44
14 33
45 89
81 72
97 53
68 60
15 57
19 13
59 53
67 23
76 18
96 95
84 42
40 57
74 33
69 6
5 7
59 11
63 30
33 52
54 100
38 97
96 1
37 44
14 10
8 4
99 14
54 100
42 26
63 17
22 90
12 22
76 2
18 30
44 93
72 54
85 90
59 2
42 18
96 94
77 76
17 35
43 88
13 18
9 91
68 21
33 75
13 49
26 83
95 4
97 100
80 35
84 52
92 1
16 30
49 61
100 4
66 43
54 60
93 82
28 12
28 2
4 3
56 13
45 83
47 47
79 18
30 72
57 48
21 36
25 17
86 24
37 70
67 57
50 93
45 13
87 29
82 67
10 61
12 11
28 22
6 13
91 97
12 74
98 13
59 26
60 34
49 68
24 69
14 46
41 49
4 80
41 47
96 3
59 44
85 29
94 50
37 61
66 53
3 49
57 96
42 21
88 24
46 18
61 77
89 16
90 30
47 5
70 82
51 42
58 68
97 4
57 54
1 64
8 77
6 18
59 90
20 62
6 86
34 10
85 7
98 86
37 89
25 5
93 41
47 84
61 86
38 42
36 44
79 38
40 90
44 92
20 10
79 66
89 9
32 87
67 81
31 90
30 43
36 63
81 31
40 62
85 18
89 37
40 26
44 46
46 54
50 67
63 7
51 91
83 76
47 14
48 29
72 16
23 18
92 69
70 99
36 3
30 62
5 94
14 92
69 3
49 85
85 2
100 68
89 93
17 40
18 49
71 34
46 34
6 63
4 17
85 96
90 32
92 53
76 21
33 77
90 58
25 39
48 83
40 1
60 14
46 96
40 29
83 29
69 66
31 49
4 79
56 68
60 10
9 72
69 12
81 12
9 57
53 65
32 32
49 1
21 4
49 80
20 35
19 89
54 94
75 51
55 84
95 25
66 55
31 56
28 53
7 64
7 94
27 35
47 64
18 7
72 83
86 44
100 87
92 48
68 44
4 65
47 15
80 5
64 37
15 78
12 69
24 45
20 42
43 100
72 45
92 97
43 31
43 31
10 86
97 24
17 81
65 69
43 100
35 87
47 77
70 52
41 51
5 70
48 38
39 14
23 29
20 20
76 10
74 67
63 67
44 53
29 32
10 34
75 58
44 20
76 11
86 26
67 16
47 53
28 25
91 12
39 49
22 7
33 43
100 86
18 30
2 75
16 7
61 81
88 62
14 83
82 84
28 12
19 4
82 21
19 77
41 84
53 93
94 86
66 51
15 59
89 91
95 82
76 92
63 48
38 53
52 55
48 73
57 68
50 7
27 49
47 31
40 7
49 55
31 73
40 45
18 36
32 100
7 51
30 68
71 61
21 33
64 3
99 24
39 88
45 75
69 52
31 72
97 67
62 90
48 22
63 78
3 80
42 55
39 21
65 27
32 7
42 75
65 51
40 26
91 33
91 51
86 56
31 92
91 57
68 81
22 36
9 44
52 80
28 86
90 11
22 92
48 70
53 65
72 67
38 57
97 39
40 70
20 80
45 6
54 59
68 1
8 83
56 38
61 7
98 3
72 16
44 65
39 30
36 18
83 90
29 62
79 20
20 98
59 53
69 76
40 30
80 88
77 19
91 61
60 25
19 81
12 52
59 46
71 45
36 70
97 3
20 36
75 39
68 34
16 41
80 98
87 35
23 75
35 87
48 41
20 29
7 55
43 58
58 58
94 72
78 99
39 20
72 92
49 96
49 24
41 19
88 77
29 64
69 90
78 37
40 88
87 22
42 40
98 34
58 19
77 9
46 88
29 54
3 48
14 21
44 94
83 97
52 7
67 20
69 35
99 100
38 48
75 89
94 57
48 6
69 13
71 55
86 77
40 56
71 3
34 100
32 74
59 79
14 63
1 15
88 68
53 3
87 37
29 7
3 36
96 55
57 16
48 75
24 60
60 15
13 47
68 5
94 63
65 54
86 24
62 97
15 5
75 71
89 38
60 13
22 28
9 50
30 67
59 4
100 5
1 21
45 4
32 30
11 52
10 18
84 45
98 19
15 20
22 33
79 25
17 7
18 39
35 92
16 81
93 98
46 58
81 80
12 2
91 72
45 33
49 25
53 21
11 89
24 47
93 58
71 1
97 75
53 59
52 19
8 78
52 15
4 40
52 33
35 44
14 91
13 51
18 40
64 61
27 70
40 24
42 37
43 77
9 62
76 29
11 9
53 11
74 38
91 88
65 12
64 10
87 72
13 88
68 82
49 12
88 35
60 91
19 12
85 9
12 49
23 31
44 38
16 63
26 22
47 71
50 58
92 64
59 21
20 50
55 24
86 42
11 25
96 60
80 70
71 87
23 40
90 79
23 97
96 78
32 18
87 61
12 39
70 42
52 48
79 72
19 53
39 82
91 62
89 65
75 42
54 10
11 47
70 32
21 24
89 20
16 2
71 33
80 83
75 74
42 34
86 6
60 15
52 59
33 17
91 85
22 97
55 57
33 15
96 93
3 86
64 84
35 53
14 76
34 25
86 53
44 47
52 78
76 86
86 8
40 94
3 80
92 69
3 92
72 11
12 92
91 11
88 64
34 76
22 45
14 37
27 10
59 2
73 3
78 20
91 18
15 39
51 16
97 26
47 5
47 60
99 11
11 89
33 13
64 38
96 13
18 17
60 84
47 42
45 2
97 43
38 35
47 81
88 11
92 26
71 43
52 54
34 88
58 6
85 30
7 32
71 94
64 91
65 33
95 49
93 62
7 51
61 87
44 77
4 28
8 44
42 36
2 91
18 32
74 100
18 28
65 96
43 16
77 64
11 38
87 70
25 6
100 72
86 50
13 17
44 50
56 93
16 22
77 89
65 50
52 3
84 21
87 44
15 93
100 5
33 44
8 54
7 7
93 30
3 82
10 35
100 25
44 18
11 25
69 56
69 17
80 52
33 4
63 85
56 15
95 41
1 54
81 73
47 64
86 55
45 41
90 65
93 99
60 62
66 54
57 49
11 65
1 26
43 44
26 9
1 30
27 87
33 63
7 37
20 68
35 96
16 23
19 93
30 13
78 99
40 100
50 82
58 2
24 3
12 66
65 69
19 43
64 71
97 41
17 7
50 25
41 81
6 23
42 24
52 42
23 76
51 72
63 58
24 1
93 67
40 67
76 83
20 53
24 81
82 71
91 20
10 76
97 93
61 12
91 41
26 43
100 64
40 22
83 44
24 66
3 39
48 12
94 61
66 61
44 52
10 19
67 85
37 84
67 41
61 60
88 78
89 17
11 83
2 35
64 69
55 49
41 1
39 51
26 1
64 33
72 73
16 73
25 9
68 65
77 36
15 49
46 59
28 99
6 22
28 3
3 17
60 12
27 14
96 77
26 72
71 18
57 95
44 8
7 1
23 87
4 68
46 78
64 55
66 50
48 13
79 24
21 51
88 65
18 26
46 51
4 98
89 99
14 23
28 58
9 15
90 59
95 6
54 74
69 9
100 79
33 28
72 25
60 90
60 41
19 1
37 13
30 58
28 47
32 20
88 59
2 86
36 87
33 88
65 40
53 89
80 52
44 15
73 39
20 17
13 93
71 41
75 66
53 91
84 16
2 23
13 57
25 26
48 28
66 82
93 34
48 58
99 9
16 59
59 47
10 2
87 11
47 59
39 59
14 10
78 78
78 69
15 95
65 17
62 9
32 86
18 57
94 60
27 1
90 95
13 76
91 93
12 87
87 41
43 35
95 2
40 63
56 43
19 27
88 42
73 77
64 61
87 99
23 37
31 71
97 97
32 38
17 33
43 55
22 49
30 94
72 85
51 69
97 40
37 53
13 77
28 26
54 9
6 37
6 78
95 55
70 64
96 70
59 41
56 5
90 56
53 43
47 19
45 98
24 21
86 13
70 26
87 81
24 11
92 63
17 3
72 60
76 100
86 88
14 14
49 48
15 81
86 50
100 17
63 21
74 2
12 45
42 98
79 62
69 81
47 75
25 16
38 45
94 96
83 9
45 1
84 51
36 51
43 19
80 100
11 23
29 83
49 26
97 56
4 46
93 88
65 58
76 5
20 39
2 97
41 70
68 39
69 78
26 20
67 7
31 50
51 73
30 51
73 47
29 35
98 32
71 21
54 2
35 28
65 16
36 10
31 28
100 18
23 12
74 98
79 17
33 35
54 81
80 94
81 42
9 26
24 33
98 99
84 30
43 72
99 48
25 99
10 62
67 25
2 70
29 68
98 26
5 95
58 18
22 72
33 81
56 1
44 44
86 34
42 28
60 11
74 44
25 55
59 28
96 7
98 53
90 96
81 93
3 33
21 42
61 34
11 10
44 74
58 85
47 39
38 97
57 32
23 89
99 10
75 8
76 11
27 77
72 33
80 5
85 47
45 56
65 37
92 47
89 99
2 70
85 27
100 61
75 65
9 81
59 40
23 24
58 85
100 35
3 16
12 69
72 28
63 2
75 78
15 54
73 38
21 68
4 50
29 21
95 9
54 12
3 80
70 19
81 88
27 64
2 75
17 34
23 19
18 63
60 33
63 69
19 32
44 59
63 29
46 97
53 91
73 68
68 20
62 76
24 54
22 87
74 96
95 82
36 40
48 74
61 35
8 29
20 93
64 36
88 49
14 1
17 47
43 28
35 71
49 87
21 91
88 97
17 72
43 61
5 59
76 56
58 81
24 43
72 14
20 9
69 91
76 57
44 28
88 10
37 32
67 34
9 48
62 27
61 67
96 40
9 52
21 1
4 68
80 97
36 88
43 17
93 97
4 87
85 96
80 20
53 73
57 39
67 68
21 96
52 51
24 27
97 52
9 32
99 21
20 65
80 92
67 11
95 21
23 72
6 72
31 4
89 5
66 19
45 83
1 71
61 10
53 86
73 23
16 78
33 82
8 62
59 46
77 31
11 48
95 41
8 50
15 72
4 31
27 17
36 68
55 82
50 95
84 19
15 13
48 15
3 35
94 56
66 77
49 56
68 27
71 48
31 11
8 31
88 19
75 93
8 53
100 28
80 31
80 27
16 5
64 12
39 89
26 50
40 42
49 88
72 43
48 43
16 60
75 73
74 12
3 27
81 54
75 58
38 97
95 18
22 25
40 31
40 74
39 1
40 38
7 100
61 49
70 49
14 83
48 67
45 93
21 87
47 94
24 75
52 14
14 51
87 87
90 54
39 100
78 28
91 41
