5000 206575
13 10
14 39
13 27
10 33
13 33
15 23
23 18
16 13
23 39
15 30
6 14
5 22
7 14
13 24
13 16
9 16
21 37
25 23
18 20
6 33
7 22
20 22
20 27
17 10
9 14
14 16
8 35
16 32
6 28
18 22
9 23
6 39
10 29
22 33
6 22
20 10
10 25
24 23
16 37
12 27
12 10
24 14
25 20
18 30
10 37
13 29
23 26
8 26
13 35
24 12
21 30
13 11
24 24
23 14
19 35
7 16
19 21
13 26
10 11
18 26
8 10
20 12
13 30
5 30
21 33
5 30
16 32
14 22
15 12
22 19
11 14
25 25
20 31
14 11
10 11
10 23
5 29
9 27
21 39
23 30
8 34
25 10
6 38
6 26
17 36
15 30
19 17
18 20
21 11
10 25
6 36
9 12
10 18
8 31
15 29
12 36
19 27
8 35
17 14
6 19
6 14
22 37
23 11
5 14
13 23
14 12
16 24
12 31
22 30
18 37
12 30
20 29
7 23
17 31
5 34
19 25
7 37
20 15
24 22
16 40
22 37
18 13
14 14
6 10
9 13
13 11
16 24
12 39
24 11
10 21
15 25
21 30
15 13
14 16
8 10
17 19
21 14
9 18
5 14
10 40
22 11
18 38
17 26
23 20
22 21
9 21
5 25
21 14
15 31
19 11
7 23
13 29
8 31
25 34
18 10
8 40
21 29
17 25
17 30
19 33
13 26
19 34
24 40
19 26
16 13
21 19
11 34
11 40
17 30
16 14
13 22
16 28
13 38
12 15
15 38
12 24
25 39
9 21
10 40
25 26
25 20
10 25
22 31
20 26
20 13
14 35
24 32
7 25
24 25
9 11
13 26
6 33
13 27
5 18
25 37
10 28
18 27
6 16
24 23
19 21
24 21
17 10
21 29
5 28
5 11
23 22
19 10
19 37
5 12
15 11
18 37
21 10
5 26
16 26
15 38
12 24
7 10
9 18
15 35
15 27
12 19
21 20
9 37
23 35
25 18
7 35
24 19
19 25
17 12
20 31
11 32
12 15
22 26
8 15
16 15
19 14
22 26
19 32
19 28
6 21
20 16
8 39
22 10
13 15
24 18
10 40
5 40
15 30
24 26
7 33
20 49
25 38
20 44
34 44
24 40
25 57
35 59
29 57
21 65
35 58
36 57
22 42
29 60
31 36
22 52
35 62
24 53
38 63
32 55
35 55
21 60
34 39
24 65
23 45
36 58
26 39
36 57
25 65
39 39
28 57
25 56
21 55
40 50
30 38
25 58
27 62
38 37
20 38
39 62
26 61
20 46
21 62
36 45
37 50
38 60
33 40
25 54
30 57
30 46
35 40
38 48
40 51
37 35
35 47
21 63
25 44
30 39
34 44
28 65
39 61
31 59
24 40
21 58
40 49
29 52
22 37
31 53
37 46
39 38
22 44
32 62
38 42
29 57
24 47
36 38
39 46
29 42
20 44
32 43
40 64
31 44
22 56
20 51
30 45
30 57
35 53
34 40
39 52
40 39
36 51
20 40
40 38
34 44
38 42
40 39
23 43
34 38
28 42
21 63
28 41
26 39
28 39
32 47
40 38
24 51
24 58
26 46
33 64
20 41
22 40
24 41
26 52
26 45
29 62
30 42
34 57
39 55
31 53
23 45
39 52
23 39
29 50
21 35
27 38
30 48
38 48
31 55
28 62
34 57
39 37
30 56
35 42
31 50
34 44
31 45
37 54
29 35
40 63
25 49
31 41
31 41
22 47
28 50
33 58
21 63
20 36
21 51
34 60
36 65
22 60
36 61
39 55
22 51
34 61
21 50
36 55
28 51
30 50
24 42
35 39
31 36
34 56
25 47
22 50
33 53
25 50
39 57
31 42
39 52
21 35
26 65
27 54
33 55
28 48
35 44
21 36
34 55
36 59
20 38
40 47
38 51
37 37
25 65
31 43
30 43
39 51
27 62
27 54
39 40
34 48
34 51
38 56
26 36
25 41
27 55
37 57
25 45
37 42
39 65
30 57
37 57
40 45
30 44
23 39
37 62
20 60
28 62
35 50
28 62
40 62
40 39
36 53
24 45
31 55
36 46
28 49
24 49
34 54
31 57
21 37
29 40
36 62
37 44
30 58
25 65
36 55
20 43
25 49
39 37
24 61
34 45
24 47
39 65
33 49
32 56
36 40
33 46
38 56
36 46
29 59
33 37
24 47
33 53
35 60
23 62
24 65
30 58
33 63
24 44
35 44
50 85
48 81
51 72
47 82
50 83
48 62
38 86
54 90
36 67
39 61
42 69
53 67
47 72
37 82
47 73
43 77
38 71
47 71
44 75
43 75
39 75
44 89
48 88
35 82
50 79
50 64
45 82
54 85
35 74
51 82
47 74
53 63
36 72
46 74
46 73
45 62
53 72
54 64
37 86
38 71
35 74
53 67
43 85
45 66
46 77
55 62
41 63
50 79
37 73
49 73
35 90
38 80
35 74
42 77
52 73
54 82
38 71
40 89
43 89
54 72
51 90
54 69
46 75
40 79
50 60
38 80
35 72
46 67
41 89
38 61
40 80
54 66
50 77
53 65
50 67
55 87
47 86
43 69
42 64
48 65
44 83
51 60
35 62
46 87
37 89
40 68
47 76
50 76
40 76
42 77
41 65
40 88
55 77
54 67
38 89
40 84
38 65
35 84
39 89
41 63
35 76
47 73
48 83
50 61
50 78
46 88
38 89
52 80
42 86
40 64
38 67
54 74
43 77
43 77
42 87
51 68
35 90
54 70
47 75
43 89
48 87
40 80
48 77
48 67
50 64
38 65
40 65
37 79
35 84
37 63
55 81
49 90
38 88
46 70
37 77
53 71
49 60
42 65
39 68
36 90
51 77
50 79
39 81
46 72
37 70
42 61
42 84
54 79
43 66
36 60
41 65
36 65
55 71
38 81
40 76
35 88
39 80
55 83
42 80
43 80
53 75
45 87
48 77
46 85
51 72
43 75
42 62
52 79
50 86
45 89
55 86
36 69
35 67
43 83
42 61
49 85
43 60
42 80
43 64
54 67
41 67
35 90
49 69
53 79
49 86
44 71
49 70
49 64
41 80
53 72
49 65
50 65
48 85
54 79
51 67
36 72
37 75
45 81
49 90
39 82
47 84
53 73
54 81
51 79
43 70
50 87
40 64
53 76
43 85
52 82
47 89
35 73
49 75
40 63
52 69
48 64
54 86
46 64
51 60
54 80
54 83
36 81
55 76
52 79
48 69
42 67
40 74
49 78
53 82
38 68
40 74
55 60
37 86
52 82
51 85
53 61
40 87
46 69
50 84
43 77
52 67
43 67
36 74
53 78
55 73
44 61
50 66
40 63
51 62
47 85
65 87
69 95
55 98
52 90
64 98
54 92
52 100
57 94
62 91
70 113
53 103
61 98
63 112
62 108
67 91
63 106
59 93
59 86
70 101
60 111
70 111
70 100
54 102
54 90
57 101
53 95
59 115
55 111
58 91
54 105
65 86
64 103
56 92
65 114
64 109
66 103
65 109
64 113
70 109
61 115
69 89
65 93
55 114
53 113
61 103
66 98
53 109
56 109
60 101
63 105
52 96
63 111
51 92
62 96
70 112
55 90
62 101
51 86
67 98
58 99
60 95
61 98
59 109
50 85
66 110
50 101
70 113
61 94
66 90
69 86
52 112
61 113
52 102
58 105
64 107
53 110
67 112
63 85
59 97
52 113
52 107
69 96
63 109
68 105
57 90
51 111
68 110
50 92
51 100
62 91
69 114
65 88
55 91
67 98
67 90
65 106
69 108
66 94
68 102
66 95
55 102
61 105
56 107
69 103
65 105
70 96
53 106
56 94
50 101
50 93
69 114
62 98
57 114
52 87
67 103
56 91
62 100
51 96
55 102
52 98
58 103
62 106
64 88
68 114
67 105
57 93
61 89
56 90
51 95
69 101
53 105
67 113
51 99
60 94
64 87
55 92
61 96
59 108
58 111
65 115
52 111
66 113
66 111
58 87
55 94
63 114
61 93
50 86
54 115
66 105
70 115
66 100
61 107
59 105
58 110
51 112
51 111
50 105
64 111
63 107
64 90
54 86
59 98
64 85
62 97
57 92
55 101
65 102
54 111
64 105
54 109
50 92
57 94
50 92
56 97
65 90
63 101
51 112
69 93
63 89
51 101
67 110
68 115
70 89
62 100
63 95
54 93
50 111
60 95
58 103
60 115
65 92
68 112
52 95
56 113
52 105
60 109
59 97
56 108
58 100
69 92
63 99
58 95
60 114
61 96
63 94
66 89
51 109
69 102
55 87
64 102
59 112
51 86
58 88
53 105
55 112
62 96
50 95
58 106
67 93
55 103
65 94
62 86
58 105
65 88
60 86
66 94
59 115
64 86
52 115
60 104
66 101
52 89
69 101
53 115
54 109
70 93
53 91
61 85
67 111
70 98
60 108
54 106
59 113
66 106
60 98
68 105
53 89
68 105
55 102
81 119
70 111
68 118
68 135
80 139
81 121
68 124
71 110
66 129
65 135
67 132
65 124
79 112
82 112
68 113
74 121
73 134
77 138
83 128
66 117
74 120
68 136
83 127
83 137
84 132
77 121
69 137
65 130
77 119
69 132
80 114
76 131
68 121
75 138
77 118
74 122
67 131
77 118
81 111
79 120
66 133
79 113
81 124
65 127
70 122
85 112
80 116
83 122
74 117
80 125
79 123
84 139
76 111
77 119
81 116
83 133
76 116
66 127
85 126
74 119
66 119
66 119
79 110
75 110
68 140
65 128
68 117
77 123
72 129
82 118
72 117
82 132
66 134
83 140
80 117
68 112
75 126
72 140
67 112
67 129
82 123
66 121
83 130
75 137
78 123
67 111
85 112
77 140
77 138
65 112
77 114
81 129
71 124
67 111
83 125
76 124
68 132
77 126
66 125
66 128
72 125
73 126
84 118
69 119
73 121
76 115
68 122
85 111
73 117
81 117
69 127
83 126
80 120
71 128
74 120
71 131
75 133
83 117
77 127
80 111
66 134
85 120
78 139
79 139
84 120
68 135
78 133
72 114
72 118
66 135
66 137
73 118
82 127
80 124
69 138
71 139
81 130
73 134
65 128
69 129
70 131
84 132
69 131
68 121
84 127
70 124
72 127
71 136
82 113
73 115
74 135
67 129
81 121
71 137
72 138
75 133
78 138
73 138
77 116
71 123
78 122
71 111
67 127
66 140
74 116
82 128
66 114
83 119
71 124
74 120
74 131
69 138
72 122
81 112
68 112
70 119
76 121
79 120
84 114
76 126
85 121
85 117
69 116
82 137
82 129
68 140
67 114
69 136
83 131
69 113
84 123
79 113
81 129
85 128
83 128
84 111
79 112
82 121
76 130
72 137
79 122
75 128
79 132
69 112
76 118
74 110
79 126
82 121
69 121
66 136
65 140
83 135
79 110
76 118
67 120
73 136
67 140
75 116
74 132
70 139
84 120
72 128
77 138
84 136
78 136
81 113
81 123
71 135
69 110
75 137
74 117
65 139
79 113
70 134
67 119
65 134
66 126
73 120
71 119
71 129
67 133
77 138
78 128
70 123
74 135
85 136
76 140
73 115
71 135
69 137
82 152
84 155
89 164
94 148
96 135
90 143
100 156
95 158
95 160
86 158
93 147
99 151
81 145
85 148
97 150
93 140
90 158
98 137
84 155
90 159
88 149
96 142
97 137
97 143
88 139
91 146
83 152
100 159
92 150
89 164
89 146
82 165
92 159
96 155
86 147
96 165
80 146
99 161
98 138
83 142
95 137
81 154
100 147
80 147
80 152
96 157
85 147
84 163
94 153
93 150
80 165
90 158
93 151
95 155
82 152
93 159
90 145
93 140
92 157
98 147
96 161
98 137
85 159
96 145
99 149
94 143
92 142
95 154
92 149
93 147
84 136
89 149
96 147
99 163
90 137
96 145
85 147
84 138
90 143
86 149
85 143
82 137
84 153
98 140
83 164
86 161
91 154
98 142
95 162
90 137
88 148
89 160
94 155
81 163
91 144
89 155
86 164
89 163
85 147
81 148
92 153
93 140
81 151
85 137
84 151
97 144
96 149
83 156
93 163
88 135
91 158
97 152
83 143
82 137
89 149
94 161
87 156
81 136
95 147
99 153
97 139
86 159
97 160
95 156
93 163
90 159
95 141
96 141
90 157
83 135
95 154
98 136
80 161
84 147
82 137
89 139
96 158
86 159
81 142
99 141
82 135
93 155
90 142
90 152
100 163
97 165
87 145
92 156
92 165
99 145
99 135
88 143
97 142
83 142
94 148
87 151
85 145
88 151
83 162
93 146
86 153
95 142
82 142
96 135
80 164
83 141
96 157
91 153
84 147
88 145
92 139
89 141
93 164
89 161
90 157
95 151
89 149
84 140
93 156
81 159
90 151
91 147
94 142
96 137
92 157
90 147
94 139
98 139
92 142
97 161
83 138
94 141
100 139
100 138
96 153
81 143
82 157
87 140
90 153
90 151
81 154
83 136
96 148
96 159
82 136
83 152
82 163
94 154
92 139
90 158
91 152
90 155
81 155
83 139
98 164
92 150
88 153
90 143
94 153
87 154
96 150
99 159
82 163
98 147
83 139
99 153
97 137
81 162
82 164
88 163
96 153
93 147
91 160
86 137
84 150
98 136
100 159
99 145
83 139
92 152
100 161
95 162
96 143
93 153
99 156
92 165
94 157
95 145
83 162
88 164
104 160
100 167
110 180
101 170
111 169
97 161
101 189
103 189
105 176
109 169
112 188
115 172
103 177
108 163
107 190
112 178
115 190
100 179
98 171
107 172
101 185
104 183
99 166
107 187
110 163
114 186
104 169
112 178
102 186
97 162
101 181
111 181
114 174
115 166
102 166
109 172
114 187
98 179
112 185
110 182
109 177
115 185
104 180
112 178
98 160
106 168
111 171
111 166
97 165
106 175
97 186
113 168
99 190
96 182
104 171
104 178
101 186
99 180
115 182
102 160
110 189
106 169
96 162
115 188
110 183
103 177
105 168
111 167
99 181
107 188
105 169
109 185
99 187
102 178
109 181
100 166
104 182
112 184
113 187
104 187
99 160
102 165
115 165
99 174
110 171
108 185
110 185
111 181
95 161
96 165
107 182
97 168
115 185
99 162
109 178
101 165
100 168
103 187
106 183
99 166
102 178
100 177
115 178
112 162
115 171
108 167
96 177
103 171
108 173
110 188
96 166
115 179
105 173
105 184
114 179
101 164
102 187
97 178
104 183
98 189
110 185
113 164
102 179
110 180
110 185
115 161
104 178
95 172
102 160
113 161
97 161
101 185
107 182
106 169
100 190
103 176
100 171
108 163
101 160
101 189
110 166
109 181
98 176
114 182
97 164
106 161
113 184
104 162
97 167
104 186
106 177
97 189
113 187
98 183
115 178
96 178
106 176
109 173
102 167
96 172
103 183
105 177
103 169
108 188
112 189
110 179
110 161
114 168
104 172
110 180
101 179
95 182
104 172
106 160
99 167
115 189
97 184
111 172
102 161
113 172
102 190
102 171
99 173
107 184
97 178
114 185
95 175
99 165
105 176
96 171
98 174
101 179
103 182
110 165
102 167
110 178
113 176
107 162
98 174
107 182
104 162
107 163
100 188
112 171
102 173
104 164
109 160
109 162
107 179
106 172
111 183
103 190
98 187
107 164
99 183
102 169
105 170
115 170
106 177
103 181
102 172
101 183
102 174
115 161
101 188
110 187
109 170
106 186
95 184
114 176
99 185
110 168
95 163
101 170
101 165
102 176
103 180
108 185
104 160
106 163
113 166
107 176
101 182
98 181
98 168
102 189
98 188
112 163
109 180
110 177
125 195
124 193
121 193
126 186
124 210
120 190
120 187
110 199
112 185
128 192
111 192
116 195
112 192
115 186
113 208
124 204
129 201
128 215
119 209
115 186
128 186
122 201
125 212
127 209
121 215
129 188
125 189
124 195
115 208
120 189
126 211
115 200
119 201
129 190
122 196
129 211
129 194
120 199
130 191
118 214
127 191
110 196
118 196
115 202
122 211
111 199
127 197
129 185
113 193
110 190
110 192
110 185
117 193
119 203
125 207
125 201
112 199
130 190
120 196
110 209
126 194
114 211
114 215
124 200
127 214
129 210
121 202
121 202
118 192
111 189
126 204
122 209
122 196
113 210
122 201
127 213
113 206
125 200
129 202
120 210
129 203
118 202
116 195
114 210
125 191
124 198
129 200
113 208
123 185
115 200
118 185
117 195
130 187
124 191
116 207
120 187
118 199
122 194
123 204
117 196
127 185
124 200
114 214
110 192
130 205
129 199
114 186
126 189
113 201
127 206
116 191
122 198
112 193
118 198
127 209
128 204
123 199
115 189
116 189
122 193
116 215
120 194
120 196
119 186
118 204
128 215
119 198
118 196
120 187
111 202
118 199
127 202
118 187
125 191
112 212
127 213
123 186
126 209
117 200
121 191
119 201
119 209
126 201
115 202
119 212
117 196
111 187
125 191
110 200
130 195
122 210
118 190
129 194
112 191
117 208
129 210
130 201
118 188
129 207
127 203
127 205
112 212
113 210
114 212
112 197
114 204
126 195
125 185
126 206
127 196
116 201
123 203
127 206
127 185
123 193
130 213
122 198
111 205
125 209
129 200
117 207
117 195
122 211
123 202
124 199
116 210
110 185
113 214
127 185
119 185
120 197
122 188
116 203
125 186
127 193
123 200
121 203
112 212
127 188
118 210
110 195
117 201
118 213
125 185
117 195
119 186
117 209
125 200
124 212
119 206
128 185
122 186
127 212
118 212
117 194
110 199
115 188
115 212
124 194
125 210
127 208
124 193
114 213
123 213
123 192
116 211
111 205
126 208
120 207
118 197
128 188
111 201
122 204
124 191
111 190
113 197
122 208
128 198
110 195
119 194
121 210
129 208
122 214
116 211
124 214
127 201
129 213
119 193
110 195
125 197
134 221
141 220
138 223
137 230
127 239
127 217
139 211
126 212
136 221
130 226
144 212
136 220
140 211
130 226
125 239
140 233
139 231
132 223
125 233
142 234
141 239
136 222
141 239
136 236
140 223
132 226
140 221
132 224
140 218
127 229
133 235
127 226
127 220
131 226
129 237
144 233
145 215
129 231
141 229
145 218
133 236
125 224
145 224
135 224
141 233
131 239
129 220
130 240
141 221
127 232
137 230
140 240
130 226
128 235
137 212
136 214
129 233
125 240
141 221
142 236
143 221
138 230
134 217
128 220
129 240
143 232
128 221
129 219
131 215
132 211
130 214
141 210
131 231
135 239
128 220
133 214
131 226
145 220
139 216
138 217
128 227
135 228
143 224
137 233
144 237
126 232
139 236
135 233
135 229
144 225
128 222
134 225
128 218
144 229
131 219
136 225
145 233
138 230
139 238
144 233
125 214
136 230
138 213
136 226
141 210
139 226
136 226
128 218
132 230
132 214
134 231
125 236
140 228
125 227
138 236
141 214
143 231
127 239
129 215
136 223
143 221
141 225
129 234
144 228
142 227
127 222
144 217
136 229
140 229
145 217
136 219
141 221
145 212
141 232
133 230
145 218
133 238
136 235
136 222
144 211
137 210
136 214
129 229
127 240
136 234
126 229
138 223
132 210
139 217
136 230
129 230
131 233
126 228
145 215
131 235
141 237
142 231
129 240
130 231
140 223
127 212
141 225
137 238
128 238
127 212
129 237
127 222
139 217
130 213
137 239
131 230
127 233
136 234
126 225
134 229
135 235
135 236
129 214
132 231
128 235
145 227
136 224
139 219
127 237
138 211
128 217
142 226
145 237
138 228
126 231
139 215
136 235
142 232
145 233
126 237
133 213
132 215
145 219
125 214
141 232
135 239
135 233
129 235
139 231
131 239
140 226
131 234
145 212
143 215
127 235
145 218
143 222
132 219
128 232
138 236
142 225
138 219
135 214
138 236
135 222
142 212
142 237
130 214
127 216
138 232
145 217
138 234
140 220
132 219
129 222
135 223
128 234
129 213
143 232
139 231
140 229
133 237
135 225
130 220
139 215
138 228
130 238
128 240
127 220
136 215
136 218
128 226
128 216
129 240
128 223
144 262
144 246
146 248
144 253
142 249
144 256
145 238
159 244
145 255
159 244
144 245
155 245
140 252
153 247
157 244
157 237
151 259
151 260
152 239
146 259
147 238
146 252
157 263
160 241
141 248
154 244
143 264
151 250
144 236
144 263
158 253
160 247
157 242
145 247
141 252
160 264
157 252
160 259
147 243
150 263
153 246
152 247
153 257
159 257
144 256
156 235
160 249
149 253
140 252
140 237
140 237
147 254
144 248
147 236
141 242
159 245
140 235
150 260
151 251
146 247
147 235
154 249
152 255
158 237
153 263
152 240
158 238
145 252
143 236
152 239
147 247
156 258
158 237
157 237
150 235
140 260
160 255
159 247
153 241
159 249
155 252
155 235
145 246
150 238
150 237
150 253
147 250
141 260
147 261
149 240
154 242
152 257
141 239
160 239
147 253
156 246
144 243
149 256
147 264
155 261
159 260
151 248
146 257
147 262
144 236
150 244
143 265
149 236
153 237
155 246
143 259
157 255
158 237
157 250
142 235
158 263
152 257
143 240
158 252
150 261
143 236
156 258
140 238
150 236
150 264
148 256
153 238
160 255
147 254
153 237
141 248
149 248
156 242
148 250
158 250
150 242
154 248
145 251
149 254
142 252
158 262
149 241
152 248
158 265
140 264
147 253
158 264
152 248
141 249
141 260
153 240
157 250
153 263
159 265
155 249
158 236
149 254
158 239
153 236
157 237
140 239
150 241
155 253
146 238
157 249
152 263
154 260
154 240
148 246
146 239
152 252
149 235
148 244
158 238
159 240
149 240
155 258
152 242
154 263
142 242
140 238
156 265
140 252
159 251
160 238
147 251
145 257
148 256
141 252
152 243
160 263
154 265
154 257
143 260
159 248
154 265
158 240
150 248
154 263
143 251
150 250
140 253
145 249
145 239
154 264
141 259
152 256
146 248
156 263
148 264
151 242
150 261
148 257
141 235
142 237
152 250
153 248
144 254
140 242
141 264
142 264
144 265
153 245
157 264
154 251
158 250
144 257
148 236
141 251
151 264
151 250
154 265
154 249
160 258
143 242
143 262
160 243
158 258
156 237
157 258
158 253
149 243
160 252
152 256
143 243
142 249
142 236
154 254
151 265
146 239
16 10
22 19
20 32
24 33
11 31
20 19
13 32
6 25
23 33
9 14
17 32
16 32
25 11
11 13
19 30
5 14
24 15
16 32
14 21
25 27
5 38
20 17
19 22
17 34
11 35
15 13
23 25
13 14
7 15
9 25
7 23
24 20
23 37
15 21
20 25
25 17
24 33
25 38
10 17
6 16
7 26
10 23
12 13
21 26
9 32
8 40
24 24
10 29
12 17
7 26
6 36
18 10
16 18
15 30
5 25
10 22
25 12
6 10
7 19
19 19
17 21
16 13
20 24
12 15
14 29
6 19
12 22
14 10
8 14
15 12
13 23
10 28
7 18
17 26
5 40
11 26
23 11
25 15
15 16
18 13
16 37
10 17
9 29
17 37
14 35
14 19
19 23
6 28
24 21
21 14
19 36
10 29
20 14
7 19
13 38
23 13
9 33
16 10
18 26
17 11
6 35
21 25
15 12
9 33
13 13
8 30
23 23
16 32
16 38
18 36
10 22
17 27
15 15
17 20
8 20
25 38
25 27
19 20
15 21
21 40
21 38
22 19
8 32
8 37
22 10
11 20
6 25
11 20
23 19
15 16
23 40
6 32
7 22
9 12
19 10
12 14
18 24
5 14
12 23
10 33
20 29
9 29
9 37
7 29
10 27
6 31
23 37
23 40
22 20
14 39
23 39
22 14
22 22
9 26
23 17
11 13
21 18
8 35
21 27
5 15
19 15
8 26
5 17
11 15
25 22
9 34
13 12
13 31
23 13
10 17
23 20
10 13
22 39
15 30
16 18
15 26
13 27
17 21
14 23
8 17
16 26
9 11
13 34
6 10
25 34
25 15
20 23
13 29
14 12
24 32
9 40
7 30
25 14
24 18
14 24
21 20
11 21
24 24
12 40
22 39
9 29
6 35
21 20
11 19
9 30
5 28
16 12
24 11
17 17
21 34
21 30
24 24
13 21
17 10
18 21
24 12
6 10
16 40
11 18
24 28
25 14
19 25
23 21
24 23
9 31
13 14
7 14
25 16
25 26
5 34
23 11
7 35
23 31
17 17
13 38
14 35
10 38
19 19
16 32
14 33
7 35
20 31
5 24
16 19
5 11
11 33
15 35
20 11
6 17
13 22
35 62
31 40
36 47
40 65
35 36
20 50
21 54
37 55
24 37
40 64
39 35
20 39
33 37
32 43
38 43
39 48
33 57
27 63
34 65
34 41
30 53
20 58
27 61
33 40
24 44
34 35
35 54
24 37
25 41
39 64
32 61
32 53
23 60
32 56
22 46
20 56
37 50
24 36
38 58
35 42
25 41
38 46
39 42
23 49
36 54
24 60
34 55
31 36
31 60
32 39
23 50
24 65
31 40
21 41
22 39
25 63
40 51
25 38
20 53
39 38
26 62
20 56
33 40
37 62
27 45
36 35
38 56
27 55
27 62
35 56
40 42
33 44
37 61
34 48
21 60
30 53
28 42
25 38
37 64
23 44
26 61
31 64
38 39
28 46
24 46
29 63
38 51
20 42
33 49
28 56
21 36
38 61
23 52
31 53
22 61
20 57
32 36
26 41
25 40
31 38
34 47
30 38
38 36
21 42
20 62
22 55
23 41
32 41
20 46
22 39
34 54
27 60
32 50
30 58
26 48
21 40
36 57
28 56
40 48
21 39
35 57
20 43
40 43
21 52
32 39
20 58
24 50
26 45
36 48
28 50
32 61
39 51
38 60
20 41
30 36
34 50
20 38
40 54
23 36
39 63
20 59
36 60
24 39
36 41
33 37
40 43
28 44
31 44
39 64
38 42
28 58
31 56
22 46
27 37
30 47
38 48
21 50
31 45
32 43
21 36
26 41
26 39
34 35
36 48
26 59
38 62
23 42
39 42
39 59
26 63
28 37
35 42
32 52
31 65
29 36
23 36
30 40
27 52
26 50
33 40
34 52
21 58
36 52
39 45
23 38
39 49
24 49
38 56
34 40
36 57
39 52
36 45
28 60
28 62
23 61
21 50
28 64
31 37
22 36
37 61
30 48
34 46
24 63
27 61
35 51
39 42
40 41
40 59
35 47
37 41
24 54
32 51
40 58
34 37
28 59
26 64
40 35
29 35
28 40
39 61
35 44
34 57
30 54
37 48
34 39
20 39
30 39
28 43
31 37
28 56
28 38
35 65
31 60
26 64
39 58
35 53
38 60
23 49
37 60
28 45
33 46
26 55
36 35
28 47
34 40
26 63
27 54
24 42
22 61
30 43
45 86
45 78
46 64
48 88
45 85
50 86
39 77
55 81
48 69
40 79
55 60
38 77
42 68
35 89
50 86
43 79
46 60
45 65
39 64
39 61
55 65
48 64
52 68
37 63
51 83
46 89
51 63
54 69
54 67
47 72
40 72
49 80
47 61
49 73
37 85
44 62
49 64
37 76
45 87
51 87
46 69
55 69
54 69
41 82
48 84
41 78
48 60
44 71
36 89
54 65
52 63
36 79
40 71
53 77
40 79
53 84
53 65
53 66
45 79
45 87
54 87
53 73
49 78
48 86
43 76
47 66
48 66
48 85
50 85
43 81
36 82
49 69
55 73
46 69
49 70
45 69
50 76
35 89
50 71
54 77
35 82
39 74
36 76
44 69
40 76
50 80
35 69
55 60
53 72
41 79
44 70
35 84
38 75
42 87
45 73
51 83
46 64
36 89
49 69
40 86
39 64
36 86
38 71
35 61
45 62
43 71
35 76
51 66
40 84
53 87
38 74
38 67
46 80
40 65
46 68
36 79
42 73
51 79
37 70
42 74
35 70
40 82
37 86
36 84
36 85
35 80
43 68
52 85
40 88
36 85
42 86
40 71
35 86
35 88
50 80
45 73
35 62
48 81
47 88
41 74
44 65
48 90
42 89
48 66
42 78
39 88
45 72
39 77
43 66
45 69
45 84
48 82
46 84
46 80
51 88
46 70
35 63
52 71
49 87
52 83
55 76
46 86
42 85
55 89
53 85
49 83
40 86
51 72
45 84
50 67
54 63
40 79
45 82
38 65
43 72
55 62
50 74
50 79
39 67
48 66
52 84
42 78
45 70
50 64
39 89
37 80
48 84
54 63
43 63
36 63
52 64
36 69
43 88
46 84
38 73
44 62
40 85
37 82
51 77
48 63
38 63
55 73
37 87
52 70
54 83
38 73
49 74
40 70
52 75
44 72
51 60
55 60
47 61
47 84
49 74
38 90
54 76
47 69
35 84
42 70
35 90
45 68
48 70
48 80
42 79
41 80
51 74
54 71
38 70
45 61
49 88
48 66
49 68
45 85
43 62
43 74
38 84
37 69
46 68
35 85
48 89
53 74
44 64
48 87
40 84
42 63
47 84
43 60
38 80
52 90
61 111
69 105
53 87
56 105
62 111
62 90
60 112
59 88
53 95
56 95
51 109
52 105
63 103
69 102
54 98
54 111
70 112
55 110
69 97
65 92
65 113
60 114
61 112
67 108
69 112
69 90
64 97
63 90
57 99
70 88
51 88
54 86
70 97
70 109
67 95
54 114
66 95
59 115
61 109
70 94
58 107
57 93
65 93
56 86
56 114
63 99
52 86
56 112
52 94
68 90
68 104
54 110
62 112
69 87
69 96
61 94
61 109
55 91
65 112
56 102
63 92
56 108
62 99
65 106
64 92
56 95
60 111
51 107
53 109
51 96
65 87
53 89
56 89
57 109
66 98
68 109
60 95
50 113
61 87
59 98
53 94
63 89
53 108
60 109
59 102
53 101
69 109
54 98
62 114
53 112
54 99
63 115
51 88
61 98
53 97
63 98
63 101
63 108
65 95
70 105
59 105
52 99
56 109
62 91
67 115
51 114
63 105
61 89
52 108
54 112
68 94
58 108
50 110
53 113
51 112
67 113
52 106
69 110
53 90
51 115
51 86
67 101
61 110
54 97
52 87
68 103
50 100
57 87
54 104
64 95
58 101
65 114
54 101
64 100
67 107
53 107
63 95
58 94
50 110
65 103
66 110
50 90
64 95
65 104
64 89
51 99
64 88
58 107
54 86
70 91
64 104
65 96
69 90
55 115
62 92
52 109
60 105
51 96
56 90
70 112
51 110
50 112
61 103
58 100
58 106
64 94
59 102
51 90
57 91
54 105
55 104
52 97
57 95
67 89
67 105
61 105
62 89
58 93
68 87
66 94
50 95
51 115
64 87
62 102
57 90
69 104
52 100
55 114
52 106
69 89
65 113
63 105
67 95
57 108
63 103
65 85
57 101
68 108
65 87
50 110
56 96
62 114
67 96
62 100
66 110
64 92
65 99
62 109
54 106
52 87
69 101
58 87
57 85
57 103
64 115
70 92
53 110
51 86
53 112
65 87
69 91
54 98
62 88
54 94
63 106
61 114
50 95
67 90
51 108
57 95
56 87
58 115
65 101
53 113
69 101
64 88
53 91
60 90
61 108
58 86
70 107
63 102
63 114
52 94
59 96
54 94
63 115
50 90
67 91
52 113
84 138
77 119
74 125
77 121
77 136
85 126
80 118
71 124
66 133
82 135
81 117
65 123
73 120
79 130
85 125
83 115
73 124
80 124
72 136
79 114
67 114
73 116
70 131
84 128
84 119
77 123
81 123
66 129
74 117
71 117
72 132
67 112
74 135
72 114
85 118
78 120
76 138
77 131
77 112
83 138
70 128
68 137
83 111
83 133
78 132
75 139
69 120
77 126
70 122
72 136
82 136
66 138
83 125
66 116
66 135
81 138
67 121
65 120
84 114
66 129
85 140
75 114
85 121
80 125
81 115
71 118
84 119
82 129
81 132
65 119
78 139
82 136
78 134
75 130
78 115
85 130
83 131
77 122
71 121
84 130
70 110
78 124
72 110
80 111
70 135
79 113
72 123
75 110
70 111
73 112
73 134
71 114
79 125
84 121
66 119
84 119
85 136
70 127
83 131
68 122
75 135
81 116
73 121
81 121
65 132
72 122
73 116
75 133
73 111
82 122
67 140
78 126
68 119
69 126
78 127
85 122
67 119
83 128
82 130
85 139
79 121
66 130
84 136
84 115
82 123
78 112
74 113
82 114
65 130
76 117
68 123
80 128
65 113
79 120
66 110
75 110
84 128
78 136
83 110
84 117
69 123
73 132
79 138
66 134
65 120
71 132
83 128
73 123
75 118
76 121
78 111
69 128
74 136
67 111
70 118
83 114
73 126
84 113
73 128
81 137
75 136
76 129
84 133
67 111
81 134
81 119
77 128
81 120
78 117
68 116
81 126
70 112
67 112
68 123
66 111
81 126
81 137
81 118
67 113
84 127
73 128
69 128
75 130
84 129
78 118
84 117
85 110
73 134
67 126
74 129
72 125
79 123
73 114
78 136
69 139
68 140
68 116
75 130
67 122
77 130
70 110
66 121
74 117
67 139
83 118
78 117
80 127
69 111
78 117
73 134
72 117
72 127
82 115
85 117
65 124
77 114
84 132
72 118
83 126
81 127
65 132
82 125
78 118
81 134
80 119
84 126
79 116
72 137
85 115
70 136
80 139
67 139
71 123
81 125
85 121
82 130
82 132
76 114
76 129
76 122
72 123
69 123
78 136
71 137
81 121
73 128
72 132
83 137
84 129
76 110
80 144
95 165
98 160
84 165
89 165
91 143
82 139
94 163
83 161
84 162
91 150
85 148
80 163
85 141
91 152
94 151
81 160
86 161
93 150
84 163
81 136
95 160
89 157
95 136
87 148
87 157
89 147
92 135
90 145
86 159
91 146
91 156
86 153
87 153
81 142
98 151
84 151
81 145
98 164
81 158
91 144
100 142
99 151
85 162
84 150
88 157
88 158
82 163
91 162
91 146
99 164
92 144
97 136
93 155
86 164
96 145
81 161
95 161
83 159
88 140
88 142
98 165
90 144
88 145
87 145
91 138
82 149
83 153
95 163
89 147
87 152
95 137
97 142
87 157
84 153
83 141
87 157
84 160
100 135
97 136
85 156
86 149
88 148
84 150
83 144
99 140
94 152
96 141
97 136
86 156
93 156
87 146
87 135
95 145
100 138
86 142
95 147
92 158
81 157
81 138
84 137
91 158
87 147
86 142
85 158
81 163
98 157
96 156
98 143
86 153
98 145
99 139
82 149
92 148
81 137
84 137
87 159
81 155
99 157
96 150
98 157
81 159
83 154
98 137
85 148
93 142
92 147
92 146
98 140
96 165
91 143
80 144
92 162
89 140
87 159
93 162
100 165
98 162
89 138
99 147
92 153
92 140
80 163
97 160
82 140
90 141
88 159
88 150
91 147
88 136
80 140
99 151
93 152
99 153
86 144
91 136
84 153
100 159
83 153
98 150
84 144
93 142
96 139
89 151
96 143
80 152
96 151
92 147
92 149
85 157
82 162
91 151
96 161
86 162
82 158
99 141
89 165
98 135
89 136
87 151
80 139
99 151
85 136
80 157
98 161
92 137
96 136
84 137
91 159
86 143
90 142
98 153
91 161
100 140
99 138
82 136
91 153
90 160
87 148
90 164
92 158
81 165
100 151
96 152
92 164
80 161
100 141
99 140
89 163
86 161
81 163
81 138
85 149
85 135
100 142
96 138
92 164
94 155
100 135
99 157
85 164
92 164
92 163
91 141
86 147
84 157
83 160
98 156
94 154
99 135
94 152
80 157
88 137
93 161
98 150
96 163
85 136
86 153
95 164
97 157
92 156
86 152
82 140
82 154
83 160
87 151
91 157
99 158
95 152
83 158
95 160
109 175
96 173
95 188
109 182
108 178
111 190
113 184
115 168
107 184
113 189
113 171
96 174
100 169
99 177
101 160
97 177
103 176
112 172
111 167
98 190
107 173
101 184
107 160
101 175
100 163
113 190
104 189
111 174
106 170
95 167
97 174
108 180
99 182
110 167
111 164
100 180
107 162
109 181
107 174
100 183
95 175
113 187
113 190
96 180
107 167
97 175
98 181
95 174
97 165
98 169
103 186
115 184
111 167
114 189
105 174
97 163
99 167
111 171
105 166
102 173
112 185
106 188
97 160
98 185
96 161
111 174
105 189
99 185
101 178
106 185
99 168
95 189
102 184
100 179
106 165
111 167
115 188
98 170
109 177
115 163
105 163
97 172
103 181
96 163
105 187
100 167
95 181
114 176
115 173
97 171
109 164
108 175
98 181
105 187
115 185
105 181
96 175
100 186
113 168
95 169
111 182
112 164
103 182
96 183
112 181
110 180
97 178
95 184
98 183
113 174
112 178
103 172
112 165
100 163
114 161
114 175
105 186
103 163
103 165
98 179
108 186
107 178
99 168
109 177
113 188
101 177
111 161
104 175
102 162
98 180
115 186
113 187
107 178
101 166
108 181
115 177
100 162
110 185
114 172
110 168
113 170
102 182
110 180
97 176
106 180
99 183
97 165
113 164
100 174
105 175
106 165
114 177
95 164
98 176
115 182
108 182
109 175
101 169
112 178
102 184
105 186
108 181
103 163
97 182
105 165
101 180
97 164
108 175
109 177
113 181
102 181
103 165
106 187
102 167
113 166
105 180
95 176
111 160
104 163
115 164
105 183
111 176
102 187
106 162
115 190
107 177
112 164
100 183
106 164
105 170
95 188
109 170
95 167
102 189
101 187
101 177
104 183
97 173
103 190
109 160
115 164
105 175
95 167
96 162
98 163
113 181
104 169
96 171
113 165
111 184
107 168
109 180
95 167
107 175
100 175
107 165
102 160
112 184
106 185
112 175
99 167
110 189
95 162
115 190
96 177
110 166
107 188
104 181
96 184
113 170
98 179
104 184
101 162
111 182
95 170
104 184
96 170
111 160
111 188
108 177
99 178
98 164
107 174
102 177
105 189
115 172
106 169
96 163
106 179
123 190
116 186
123 198
111 202
114 205
130 195
120 212
112 211
128 194
113 207
115 198
115 207
112 191
118 212
120 194
129 187
115 195
112 195
118 196
112 189
129 195
115 191
112 191
127 186
130 194
110 195
117 198
116 198
130 213
123 210
120 206
122 201
123 212
120 206
124 204
117 191
121 188
126 215
126 195
119 208
118 209
125 194
123 213
112 208
120 215
110 212
112 197
122 203
113 187
122 198
120 213
117 199
117 211
121 193
121 196
124 208
115 215
122 193
115 205
117 205
117 198
123 192
126 208
112 185
113 214
122 196
118 215
120 210
129 190
125 214
127 185
115 205
123 205
127 212
117 209
122 215
116 211
110 215
115 211
129 195
122 194
128 203
116 201
122 186
116 197
121 191
120 205
111 197
120 204
130 204
127 205
118 199
123 204
112 186
117 196
112 191
119 185
126 212
115 188
125 191
119 208
117 212
129 190
130 204
111 197
111 186
117 205
128 198
124 210
123 208
130 208
127 206
123 205
130 193
125 195
112 190
125 207
130 197
125 191
128 199
126 190
119 199
113 211
128 188
116 191
127 206
114 205
120 205
112 212
118 213
130 190
130 194
127 215
115 204
126 206
112 205
127 200
119 205
128 211
125 214
126 199
113 215
111 215
123 193
130 198
130 187
117 190
121 198
124 215
123 193
124 187
127 198
114 214
115 212
121 207
129 208
119 195
112 190
124 193
124 188
123 204
118 190
118 198
111 212
120 202
119 213
114 185
119 191
117 196
115 204
123 209
110 186
113 187
120 196
127 203
117 212
124 200
115 211
122 202
113 191
128 211
111 207
123 197
118 208
112 210
126 204
125 207
123 203
126 210
122 186
112 193
127 201
121 211
126 202
115 187
112 198
118 209
112 206
121 215
129 208
129 209
114 195
115 215
118 191
126 207
118 189
126 187
120 205
110 214
117 193
111 210
116 211
118 210
115 202
122 213
118 198
123 204
130 186
115 203
124 197
110 197
125 191
110 188
110 194
119 215
113 215
122 191
127 192
123 191
124 205
113 186
123 204
123 209
120 192
124 211
127 202
130 185
120 202
123 201
128 187
123 195
117 189
118 205
111 198
110 185
113 211
125 189
126 204
113 188
113 190
129 220
136 212
131 224
125 221
129 222
139 220
140 220
125 213
145 231
125 231
139 225
126 231
142 238
139 223
145 211
140 235
137 218
132 227
145 224
137 227
126 218
145 227
128 218
141 223
142 213
125 228
141 227
143 215
143 225
133 222
131 214
145 232
127 211
137 210
135 214
128 220
130 220
127 235
144 224
134 227
134 220
129 211
133 220
136 218
133 231
145 215
143 232
133 215
126 214
125 217
142 228
143 227
129 221
133 224
140 228
140 217
126 210
129 230
141 222
137 210
136 221
139 236
130 211
130 236
140 240
138 219
131 227
136 223
132 216
135 226
136 233
128 225
144 239
142 210
145 236
138 220
140 214
138 218
128 211
129 216
125 212
132 226
130 220
137 221
139 231
135 213
126 229
135 215
141 228
136 235
137 213
125 227
131 218
128 221
134 237
128 216
127 211
138 223
128 228
140 233
126 231
142 229
138 219
145 234
135 237
125 217
136 231
130 217
136 226
127 213
137 214
130 216
136 239
142 222
145 222
133 230
139 236
125 218
133 238
138 237
134 226
142 232
133 233
138 210
130 223
142 227
143 219
131 228
143 221
126 230
137 211
141 231
136 224
134 237
141 237
141 213
136 234
125 225
134 232
141 233
131 226
134 228
136 210
135 239
141 213
128 210
144 235
133 238
137 228
131 228
140 223
133 235
135 226
125 229
145 234
139 218
128 228
133 211
139 237
144 238
132 227
138 210
141 229
139 227
142 227
136 228
143 237
136 212
129 231
132 226
127 240
133 231
144 225
140 213
138 230
142 217
137 236
129 225
133 210
136 226
138 217
135 223
143 223
144 221
134 215
128 223
128 226
139 229
129 231
133 218
145 228
139 223
139 232
140 234
136 239
127 214
127 222
139 214
135 240
144 234
140 218
134 216
136 217
139 231
133 223
136 214
131 223
142 223
145 224
140 232
137 224
136 225
131 221
136 226
138 240
137 221
136 223
126 238
125 218
141 222
140 224
139 231
133 211
139 237
142 215
138 237
128 219
145 221
131 236
128 237
145 212
130 210
139 232
133 240
143 225
144 230
132 236
131 233
144 219
141 222
132 210
126 211
135 226
143 236
136 216
138 216
138 237
142 228
144 212
140 225
146 260
143 249
141 247
144 250
148 255
152 237
144 264
143 264
152 250
145 259
159 249
149 260
150 237
154 260
150 262
141 256
157 246
146 242
151 240
155 246
144 249
150 249
155 251
160 260
151 238
144 254
159 248
158 261
157 255
155 254
157 263
160 238
159 242
148 265
150 265
142 239
144 257
141 258
142 263
160 240
140 235
158 251
155 238
146 261
144 264
155 242
155 254
151 235
155 255
160 239
159 242
156 265
152 257
155 237
153 240
141 253
156 263
149 250
152 247
140 255
151 257
154 237
146 239
158 235
159 265
143 243
154 244
155 265
152 260
156 253
141 241
155 236
153 241
145 237
152 260
160 259
157 251
146 258
153 259
142 244
156 260
143 261
140 257
151 237
142 260
154 249
159 258
158 239
145 264
155 247
144 259
159 240
142 265
142 262
146 253
141 249
143 257
148 247
160 238
153 262
141 236
160 262
150 256
149 255
156 237
149 245
155 239
157 237
150 245
147 258
159 238
155 241
150 248
142 238
159 265
147 247
157 241
158 257
160 240
157 252
148 243
150 236
152 245
158 247
143 235
155 251
149 245
140 260
149 242
146 241
153 262
143 241
155 257
151 263
144 239
146 237
150 244
153 257
141 239
160 239
150 240
140 241
140 242
156 238
159 263
151 255
150 260
158 257
152 252
155 245
153 236
146 235
153 248
142 258
144 257
153 256
154 248
151 243
152 260
141 237
145 255
158 244
143 249
153 261
141 251
146 255
144 251
153 259
144 242
145 248
154 245
140 257
150 263
160 246
157 245
148 244
150 239
152 244
158 251
143 250
150 242
147 253
156 257
144 253
152 259
148 260
146 236
149 260
157 252
154 253
144 252
150 257
142 249
142 238
143 237
155 265
150 256
142 264
159 260
143 243
156 251
152 255
155 253
155 248
146 252
160 262
144 262
160 256
148 251
142 240
144 243
142 260
155 253
154 242
149 241
141 264
141 249
145 239
151 265
142 265
143 252
142 251
148 244
150 252
142 262
142 245
147 258
155 236
147 260
156 254
140 254
159 253
146 235
155 235
159 243
152 249
156 257
145 236
154 237
155 261
145 240
159 238
160 240
152 240
159 243
160 261
140 242
158 264
158 239
140 240
