5000 127377
95 96
99 72
7 61
42 30
57 3
27 79
53 61
32 6
1 98
31 21
2 47
89 13
52 74
25 19
10 48
29 88
43 65
10 88
45 60
82 96
15 42
93 3
25 55
90 65
70 22
81 86
97 94
49 7
91 15
95 11
21 26
37 62
93 82
80 38
30 92
1 36
58 16
82 4
84 41
58 66
12 24
85 40
98 78
63 49
62 58
7 77
43 37
4 23
68 17
87 48
37 18
82 58
79 2
61 72
23 74
48 23
41 9
20 67
49 81
83 75
66 30
21 58
19 37
58 63
100 95
48 80
10 99
57 63
81 83
94 91
66 28
44 58
30 30
63 57
58 6
91 88
21 86
100 94
46 62
88 2
38 93
34 31
21 11
68 94
46 54
44 84
67 68
38 63
15 2
15 100
20 37
32 31
36 57
38 25
89 46
87 4
37 4
50 44
96 66
17 86
43 34
61 45
60 95
73 16
76 53
17 1
15 55
96 38
68 46
13 16
36 91
5 39
46 46
56 53
24 84
92 99
51 88
91 52
29 61
65 90
57 3
49 50
96 72
44 12
38 74
36 17
31 15
75 78
86 12
26 32
91 15
80 98
38 76
3 10
52 13
13 80
19 62
67 67
9 70
87 59
79 34
96 12
43 97
76 79
51 65
19 81
19 29
2 52
61 84
48 42
18 93
17 86
48 91
66 65
61 49
37 16
53 33
43 63
11 93
38 97
20 46
54 60
70 94
9 21
56 21
21 58
22 53
26 34
39 76
82 22
64 92
69 9
77 33
59 89
45 87
27 49
77 21
15 67
80 1
37 56
62 8
98 93
5 93
61 98
63 9
65 42
98 14
67 42
59 56
60 58
5 38
30 2
13 69
26 83
39 74
20 89
46 40
12 26
46 22
37 15
93 99
61 66
5 23
21 84
19 6
1 61
99 32
95 26
16 27
79 32
83 33
29 87
28 25
88 25
90 84
42 85
4 66
39 49
8 26
15 74
98 59
64 15
44 75
63 27
89 97
34 100
34 68
87 88
45 26
79 41
23 2
89 24
40 6
79 76
61 7
10 11
80 36
60 91
5 88
47 15
90 22
39 72
27 1
17 98
26 97
68 36
10 83
30 14
6 37
17 60
44 87
56 47
81 27
39 13
70 73
21 23
73 13
3 92
7 11
69 90
82 33
29 64
10 65
73 90
8 40
70 24
34 53
39 27
29 14
90 92
37 93
70 35
29 64
63 93
86 85
54 60
83 81
95 67
35 25
40 69
64 78
78 12
95 15
44 4
69 76
64 39
16 79
41 40
67 31
23 89
61 29
100 15
51 4
70 94
24 56
10 43
92 17
57 8
100 22
72 82
99 100
36 14
42 68
27 15
51 59
79 52
32 74
85 39
74 70
67 50
24 7
89 48
96 61
19 21
32 51
64 89
34 11
99 81
56 28
52 41
21 69
17 57
3 7
24 25
38 2
26 63
33 19
29 70
35 70
85 40
53 51
33 21
72 6
94 18
11 35
74 64
72 70
42 60
58 54
97 39
8 10
82 12
85 38
4 22
100 84
68 41
19 10
85 94
67 21
75 90
37 35
39 42
43 46
91 93
62 66
80 99
17 55
47 84
61 68
3 25
31 76
13 18
87 97
2 81
58 87
97 84
76 44
81 56
90 43
33 49
78 47
98 52
66 60
14 36
53 26
17 43
34 76
23 87
2 36
100 97
49 76
90 22
38 90
91 73
80 15
52 55
23 71
48 69
98 90
35 90
2 45
80 17
99 7
88 94
33 97
56 46
36 77
60 92
36 1
78 19
93 40
65 99
27 23
10 99
79 35
31 48
27 93
12 62
53 86
28 81
63 10
2 62
17 2
52 99
44 34
48 68
3 5
66 57
96 89
52 95
100 46
97 33
31 11
98 5
37 78
64 60
5 50
24 54
23 51
93 2
1 25
67 43
57 1
27 47
77 93
87 87
57 46
55 86
50 100
62 31
82 66
64 10
63 44
50 19
68 8
6 30
49 87
70 13
24 86
44 75
74 59
23 31
93 59
56 21
73 87
81 37
71 80
29 36
4 42
46 83
21 38
57 66
64 25
30 90
83 12
92 17
68 28
92 9
46 54
18 27
53 92
79 71
33 36
15 35
28 90
100 96
72 64
29 28
22 60
95 1
72 2
95 18
70 84
16 12
50 38
94 70
96 48
73 18
22 58
52 90
18 100
95 95
8 7
81 76
24 36
42 19
73 44
91 63
33 79
70 98
60 41
85 70
49 68
93 29
51 57
28 9
92 24
75 72
56 36
65 83
69 73
80 37
59 52
90 8
95 1
61 89
35 77
43 100
33 58
9 34
94 41
2 9
3 80
53 48
82 36
78 67
94 18
6 80
20 81
79 96
76 77
32 22
15 18
24 96
76 2
66 26
51 5
19 25
92 97
7 40
84 59
60 21
86 29
42 62
2 28
32 29
54 2
36 57
74 80
86 60
44 90
19 21
87 20
98 22
23 68
21 56
27 88
69 85
26 35
47 69
47 80
53 63
30 42
61 49
76 58
5 43
78 74
79 14
23 19
69 23
37 54
6 29
81 43
74 34
100 90
34 71
5 14
53 91
21 27
31 93
91 2
17 68
1 13
29 22
14 41
24 32
49 77
93 29
92 16
27 63
91 49
90 48
31 25
20 90
2 96
7 34
24 32
32 22
37 48
98 2
100 44
73 53
56 30
32 38
46 38
55 19
65 60
50 51
59 61
38 38
32 95
49 63
54 6
33 8
30 84
67 46
8 91
30 12
11 26
51 7
56 26
1 74
40 54
87 2
20 63
93 1
45 35
95 46
24 74
81 34
45 47
24 17
5 86
100 76
7 55
50 23
6 46
24 14
51 25
64 7
61 52
35 20
65 69
14 9
67 79
94 4
32 6
26 69
23 67
43 32
76 27
31 92
43 57
67 80
69 93
15 20
59 33
65 79
9 17
83 6
97 13
53 16
58 75
1 50
4 91
16 29
2 73
9 89
39 94
52 49
73 95
99 97
38 20
37 15
64 5
56 98
82 18
96 11
81 19
56 84
90 94
8 45
86 27
32 50
74 77
54 19
46 21
85 61
70 97
7 90
67 66
66 61
11 5
76 40
66 11
15 47
91 20
67 35
23 35
82 14
71 83
47 81
80 62
8 3
83 95
44 67
16 52
16 64
91 29
96 22
72 99
80 74
4 67
57 25
63 23
29 95
63 95
61 96
13 55
32 44
19 85
31 72
50 4
29 89
6 12
15 14
43 87
49 83
34 48
18 22
30 96
4 83
64 54
61 58
63 37
99 49
56 76
78 88
66 64
46 56
26 62
37 63
77 29
29 80
46 39
40 3
57 74
60 34
52 50
22 80
43 29
70 34
52 51
92 32
98 74
10 14
7 98
93 61
10 97
92 97
62 34
39 44
95 79
77 87
51 53
9 15
75 87
7 28
87 55
93 51
4 35
12 16
29 65
81 15
92 95
26 3
72 18
100 20
85 88
23 19
21 99
28 16
44 53
25 1
71 100
41 78
86 15
29 97
85 90
95 11
20 45
98 23
85 54
14 24
75 62
35 7
75 90
1 48
93 34
61 96
93 50
97 21
24 63
22 14
29 35
15 57
47 17
100 4
66 28
84 4
74 23
39 78
63 72
17 27
63 79
33 71
9 4
100 93
62 19
46 46
94 3
33 63
43 68
30 56
99 38
17 81
64 62
73 28
70 81
9 48
85 23
62 30
5 68
8 38
35 44
33 54
74 94
34 12
84 58
39 74
17 15
57 80
77 51
79 38
25 58
91 29
63 8
33 61
90 73
76 78
30 6
35 75
9 41
73 26
64 83
7 78
41 58
80 44
79 57
10 38
88 43
63 32
24 68
44 62
22 69
58 63
76 16
95 14
91 74
11 25
85 87
59 40
67 56
14 90
89 78
43 13
56 70
52 37
27 73
98 43
27 15
57 31
32 69
87 55
81 8
48 51
93 84
73 65
27 47
23 41
35 55
66 89
85 24
58 22
9 3
58 92
67 36
36 70
4 57
58 9
98 94
41 44
68 100
64 49
54 85
57 77
58 61
61 54
60 66
84 85
58 48
86 80
92 67
90 17
73 86
72 74
37 19
17 21
45 91
15 65
40 13
31 45
32 6
76 36
88 18
92 8
34 79
54 53
79 77
89 36
63 13
76 22
29 31
31 12
91 70
34 15
39 41
48 30
95 20
98 58
83 14
52 20
35 37
75 33
93 36
59 74
98 6
81 54
76 46
94 48
47 71
67 59
24 44
78 76
42 46
11 61
21 35
27 25
17 65
99 63
16 12
79 77
74 84
96 42
61 41
64 5
30 8
99 33
11 34
76 79
48 90
94 99
79 98
35 78
20 31
24 33
93 51
17 89
4 39
20 96
11 88
3 61
86 6
34 32
32 88
80 52
45 44
53 22
6 76
61 9
51 36
73 39
91 37
77 71
21 80
4 29
40 75
50 39
54 61
3 8
77 17
2 50
96 58
55 15
36 27
67 41
78 99
80 77
83 81
34 89
100 25
93 68
36 49
85 30
27 51
67 36
16 33
23 95
71 9
22 60
35 55
74 96
46 98
77 43
50 66
66 77
80 72
89 40
67 15
34 32
91 99
43 84
35 82
38 9
98 98
22 8
4 49
27 96
1 37
87 81
60 37
52 13
31 100
47 85
89 94
57 51
66 73
4 27
31 97
36 33
25 86
17 51
9 29
23 84
94 93
58 94
88 12
73 64
99 86
55 79
6 96
41 84
49 62
92 29
79 44
98 11
13 88
34 92
25 58
66 24
72 24
84 94
17 88
3 24
83 31
5 82
11 74
48 3
9 60
94 70
35 35
85 45
10 72
96 15
7 80
3 64
5 61
47 44
76 80
3 46
53 22
81 27
44 81
1 35
73 55
74 25
99 45
37 42
59 68
23 2
2 18
31 92
58 96
19 57
85 15
92 26
75 38
47 40
39 80
83 97
40 9
74 66
20 94
2 80
21 81
78 25
4 95
25 41
24 68
31 26
80 38
76 41
64 52
23 18
29 75
88 58
48 42
79 71
24 52
58 10
53 73
26 21
40 1
10 20
96 77
76 67
2 97
22 15
23 6
92 76
57 63
14 66
17 93
76 8
15 97
37 73
53 33
71 91
14 65
29 52
1 17
93 2
4 93
16 20
67 20
84 19
3 78
14 13
62 90
27 29
23 22
14 14
4 49
63 74
76 33
51 77
38 40
29 81
72 91
12 97
72 56
28 6
26 62
89 48
55 13
92 58
77 73
8 97
62 1
90 89
36 49
15 69
82 43
91 93
30 88
48 62
27 11
33 65
13 74
88 52
11 45
36 48
54 17
14 45
50 73
29 1
16 22
87 13
9 81
87 64
99 61
80 88
67 69
76 75
68 88
21 82
67 32
97 12
80 30
81 84
38 100
67 78
47 52
20 42
10 70
76 40
19 55
36 33
60 56
84 81
75 36
70 1
71 28
80 53
35 45
20 52
60 5
50 66
58 64
68 86
89 30
8 77
48 73
55 50
83 51
67 12
27 83
2 34
15 23
7 13
82 18
53 23
25 42
28 69
24 16
34 12
55 60
94 23
21 96
67 16
77 3
48 31
88 68
99 82
27 35
23 12
18 33
87 40
24 30
28 49
6 25
12 11
35 25
53 49
18 12
70 27
72 61
45 95
71 60
86 35
3 59
4 29
90 9
27 100
31 98
13 25
13 11
37 9
7 47
85 58
55 24
83 1
32 89
43 43
34 82
11 75
17 55
51 66
49 14
92 36
30 14
54 90
4 98
17 90
59 91
73 9
86 68
82 3
69 55
56 28
19 37
71 13
59 56
9 98
50 13
41 5
21 74
14 75
29 66
27 72
98 33
84 89
62 72
82 73
78 84
95 5
92 47
94 38
97 70
92 13
85 25
79 36
45 54
40 74
95 77
55 96
65 34
80 45
36 98
33 89
87 24
7 87
56 53
97 79
15 84
5 65
89 36
35 9
18 40
69 1
14 80
67 24
4 41
27 51
48 96
81 24
73 7
39 94
74 13
69 76
30 58
11 89
47 63
27 12
2 62
93 92
33 59
66 96
24 36
69 57
99 36
10 59
27 95
54 88
58 89
41 30
10 53
98 24
27 38
79 44
67 76
40 17
45 67
70 17
18 19
93 14
51 92
90 25
83 59
76 5
59 52
65 17
38 93
57 15
43 80
40 7
2 6
75 38
5 2
25 93
95 46
55 89
35 3
21 92
8 76
44 91
61 21
69 80
42 67
88 10
47 23
8 42
79 78
92 41
29 10
97 96
36 6
79 2
86 20
18 65
7 58
96 72
34 81
44 50
5 38
76 12
83 8
6 95
51 1
40 61
30 39
45 47
94 49
16 41
66 38
2 25
60 83
78 11
70 4
1 49
65 72
69 79
60 43
96 50
60 71
88 4
92 45
95 77
19 5
29 17
64 41
25 14
25 40
98 73
68 16
29 77
25 84
3 23
86 23
75 84
42 84
15 61
72 82
35 32
31 53
37 72
88 8
42 35
14 34
10 64
42 36
31 5
78 94
53 30
26 54
89 64
40 33
69 99
35 40
58 90
97 15
50 32
34 3
73 54
99 4
54 70
53 82
24 39
56 93
38 56
50 75
49 28
5 68
21 8
35 59
35 20
57 79
75 19
76 6
23 12
36 82
69 41
5 17
65 75
21 70
82 70
53 90
12 55
50 20
39 30
70 44
98 86
88 61
55 98
71 91
87 17
8 68
75 72
62 7
15 12
13 27
11 81
15 39
17 46
32 89
50 49
3 65
40 19
76 67
30 71
62 31
11 100
50 63
18 99
75 74
70 85
99 20
27 64
33 91
48 40
65 45
2 86
46 25
4 57
9 83
68 16
42 25
16 2
42 39
3 32
31 13
6 18
14 64
45 3
74 63
45 4
46 52
28 80
84 23
21 18
9 2
98 5
31 18
58 64
15 55
5 43
79 100
14 74
83 58
12 90
13 65
99 2
65 75
10 42
3 11
73 10
29 9
96 35
89 11
71 99
99 18
71 76
28 16
12 82
67 78
2 31
8 37
13 29
81 10
43 11
85 99
90 11
40 15
68 16
47 26
7 21
72 10
78 26
72 95
7 68
89 15
36 11
57 21
53 42
46 52
11 31
78 51
74 60
7 18
66 13
96 59
5 35
88 40
76 26
68 68
54 18
29 56
75 5
18 98
9 17
69 67
55 48
98 27
61 82
22 15
97 5
67 2
45 25
74 30
90 48
51 92
62 96
25 59
60 12
66 89
70 62
70 95
43 39
96 74
76 12
60 4
91 84
32 98
99 43
18 9
99 18
5 12
46 17
25 74
74 62
55 85
94 40
28 9
4 12
54 73
49 24
100 68
72 27
46 48
73 97
61 74
48 91
86 44
85 84
7 54
4 33
7 98
77 48
98 23
2 71
4 11
10 78
44 6
88 61
8 21
62 66
38 78
12 84
7 82
63 51
38 45
13 67
8 42
65 6
17 30
13 15
66 29
16 97
84 41
11 28
41 45
44 66
58 18
26 40
80 2
65 71
81 72
86 99
93 71
79 47
39 21
48 81
88 24
83 26
35 93
47 96
44 91
25 70
59 80
2 25
39 72
96 76
15 43
46 14
12 81
31 24
58 80
77 61
98 20
93 72
39 88
38 16
88 89
97 57
16 55
67 90
61 80
96 79
5 40
5 50
26 25
43 12
4 82
13 48
25 89
91 75
60 96
20 32
15 96
70 75
74 56
53 68
17 50
88 98
50 33
80 31
70 73
7 12
9 91
67 92
51 35
47 31
5 59
38 23
43 87
72 13
56 65
55 18
67 91
60 56
11 67
93 15
3 20
15 1
57 15
27 8
5 27
68 10
99 39
19 22
89 36
72 46
71 89
5 85
11 95
72 73
37 67
32 67
78 36
45 10
98 58
80 70
91 92
54 16
17 45
34 30
25 81
72 61
40 48
44 71
32 16
51 14
88 38
86 35
65 66
44 52
64 95
69 92
12 13
62 33
39 14
100 48
85 31
61 54
57 84
47 25
32 27
45 3
78 92
61 14
89 64
28 1
40 36
79 55
81 69
56 80
64 84
58 49
79 40
4 31
1 71
62 7
6 97
88 8
47 94
70 62
83 11
63 88
38 54
46 75
24 72
28 19
46 22
61 2
88 24
54 58
7 27
19 2
98 60
85 70
79 16
38 23
12 70
18 51
68 77
44 90
25 82
32 12
53 38
3 73
87 43
53 61
17 79
92 39
92 20
15 72
61 52
75 31
77 11
50 57
72 5
53 83
77 27
69 79
65 84
64 51
22 36
71 62
82 52
71 47
7 31
12 67
8 69
70 53
29 69
28 97
66 42
53 50
59 60
18 32
7 22
97 2
71 92
75 53
88 92
14 11
90 76
100 44
40 93
18 87
1 52
12 50
22 69
29 79
80 28
86 4
92 29
54 15
9 66
25 80
76 13
67 48
88 99
36 81
37 100
16 19
63 29
2 94
20 21
21 88
71 25
26 94
17 42
93 68
53 46
56 33
7 30
94 22
55 28
98 23
11 8
7 32
9 24
85 28
35 10
41 51
22 83
78 90
46 17
82 48
2 21
21 29
49 48
41 71
56 61
37 99
56 90
18 41
90 92
75 10
90 80
60 16
52 3
58 21
53 83
56 1
65 6
59 65
49 22
19 85
8 87
12 81
25 16
69 10
96 60
11 77
9 12
69 42
88 66
54 80
51 42
89 87
74 60
99 89
29 9
82 20
35 87
36 98
51 12
24 79
62 59
41 91
35 46
14 14
50 64
87 81
21 14
15 69
97 45
70 87
85 5
5 83
81 19
62 73
73 44
28 78
72 49
81 55
96 71
60 67
86 86
46 12
100 5
11 45
96 52
81 13
44 64
30 39
16 63
95 27
5 69
30 21
87 17
40 14
95 34
36 80
78 46
15 99
2 100
75 90
84 85
39 5
79 72
16 55
100 29
3 15
43 84
23 77
35 21
39 55
82 95
20 6
36 66
34 51
82 2
32 70
14 64
26 17
13 8
81 78
20 43
70 28
10 98
6 60
9 93
56 84
93 39
38 39
71 82
47 91
12 80
54 19
85 95
42 4
22 73
84 23
44 70
64 57
6 51
78 43
54 63
40 98
49 100
90 28
73 48
83 2
73 49
38 63
8 18
85 56
18 40
79 61
54 35
80 90
36 72
14 80
87 73
28 62
52 18
57 54
26 52
15 49
63 24
10 98
57 52
84 97
93 20
52 74
47 5
51 23
82 16
53 67
42 72
30 15
42 46
14 71
12 68
14 95
51 34
71 86
50 2
20 25
49 98
4 37
51 14
84 69
69 16
38 38
64 30
20 85
46 92
89 34
87 85
8 15
51 31
43 89
43 63
43 3
94 62
42 67
45 25
75 29
94 85
86 48
57 95
35 31
51 18
20 63
100 25
53 3
91 100
49 26
25 28
91 49
4 14
27 93
27 69
25 81
64 31
42 50
44 65
62 74
82 83
30 2
21 40
32 14
24 90
64 3
27 16
70 51
5 21
71 92
96 31
98 6
9 39
52 25
84 36
59 8
24 39
83 12
64 11
66 90
83 37
88 38
8 38
39 3
14 82
34 6
63 83
30 12
27 56
58 100
43 37
9 38
40 1
63 77
92 3
63 90
26 79
18 18
84 92
30 51
41 61
80 22
79 56
49 51
83 98
62 43
59 59
6 37
96 54
74 69
23 26
31 43
61 58
31 16
69 45
27 91
16 21
31 27
8 3
43 28
88 26
50 39
3 18
27 78
12 67
94 20
42 67
38 97
12 90
25 10
19 48
52 2
56 83
50 3
52 53
39 33
11 98
62 11
96 69
59 51
36 31
19 46
89 93
48 40
1 13
57 89
74 30
16 34
39 16
81 84
10 13
26 93
82 75
12 30
5 23
94 41
6 50
46 41
83 38
69 91
22 51
1 37
20 92
78 85
2 91
23 44
16 17
13 88
36 6
63 37
23 39
71 88
81 83
11 83
19 79
33 47
19 72
44 9
49 80
57 39
77 44
58 45
82 83
58 18
22 74
38 5
3 11
27 75
83 46
85 100
95 65
57 48
38 36
66 9
34 32
39 26
40 4
1 49
3 14
75 10
63 85
25 4
46 49
96 19
87 38
16 28
28 66
5 9
11 88
28 97
61 99
87 31
38 41
95 82
97 1
59 67
32 38
99 11
85 41
67 35
36 62
31 58
23 82
73 97
96 18
56 66
11 74
87 21
56 66
14 87
61 82
70 2
90 42
58 31
65 73
77 80
73 10
93 90
33 40
36 97
72 86
94 91
22 79
9 79
40 24
70 79
67 45
71 61
21 41
51 37
37 96
56 2
33 46
11 29
28 98
80 63
66 46
90 24
66 84
73 11
55 62
27 65
43 13
45 4
84 47
59 85
73 35
9 56
3 74
5 74
44 4
75 11
50 64
17 83
83 89
89 87
39 13
50 85
60 100
59 54
52 74
48 47
66 55
85 71
59 27
93 5
64 34
76 73
34 28
82 69
1 83
89 89
60 85
95 95
85 44
43 32
53 31
57 78
3 39
56 4
61 4
46 95
30 67
11 19
15 29
12 7
51 58
53 41
13 44
10 57
11 94
65 17
10 55
76 1
49 87
20 81
20 57
64 72
95 53
53 36
97 40
47 88
93 76
56 25
41 34
77 72
99 8
94 65
85 49
53 98
49 20
98 4
51 92
30 86
8 23
65 20
41 93
10 32
17 13
54 36
20 40
79 6
70 52
81 94
6 58
18 90
100 74
77 66
33 14
46 79
81 53
30 53
93 66
74 81
85 29
85 99
2 52
35 36
78 15
87 52
40 34
78 35
84 56
90 77
7 20
43 30
54 97
100 12
52 61
22 9
53 47
23 100
52 66
22 50
3 45
57 76
91 92
54 18
85 93
75 5
100 48
65 46
56 9
44 65
90 26
93 38
28 64
92 29
79 25
58 30
30 80
18 58
35 64
65 87
7 87
94 84
59 16
12 35
93 47
62 28
85 95
97 46
85 79
36 12
70 95
39 23
44 87
12 38
45 93
80 32
86 42
96 40
45 29
94 51
91 5
34 6
86 40
18 20
77 34
16 64
27 1
58 13
34 74
14 65
22 100
92 60
7 100
80 67
56 46
99 46
42 95
92 40
47 91
78 25
80 51
16 38
68 48
23 90
27 75
12 40
3 21
64 69
59 31
99 49
9 71
49 87
84 54
46 10
19 58
61 39
62 25
45 59
18 51
47 98
58 23
92 2
90 9
16 22
23 21
97 54
66 19
16 67
89 93
12 10
93 91
68 96
79 47
13 38
42 85
57 73
76 29
96 57
21 41
35 60
94 57
81 11
35 98
30 62
27 72
53 56
90 100
88 97
50 14
59 2
86 46
7 88
50 56
75 55
75 9
73 76
72 60
40 27
88 42
12 5
52 88
33 32
79 100
82 86
97 22
72 36
39 59
24 2
68 92
11 51
10 13
13 100
91 62
45 11
42 61
17 85
97 66
83 12
56 81
46 31
94 13
93 27
5 18
95 20
68 33
79 78
19 95
91 92
70 56
59 36
54 96
73 96
43 20
84 47
55 81
39 93
55 82
93 91
62 94
74 25
3 42
72 7
87 24
45 55
16 69
80 36
62 39
64 86
15 47
69 72
62 68
8 12
62 98
18 85
54 31
81 30
48 14
73 26
23 73
17 21
31 13
76 69
90 16
73 84
59 67
96 49
63 76
65 49
40 91
24 22
39 25
94 32
47 80
77 49
38 38
14 48
8 36
99 29
30 33
22 83
20 100
91 100
81 46
81 49
8 36
35 76
61 30
55 1
7 53
83 2
23 21
37 18
10 22
64 89
61 1
68 41
59 89
23 29
32 89
50 79
98 50
22 65
43 63
97 29
98 65
81 100
10 28
6 1
79 80
39 12
27 83
50 31
81 63
60 80
30 79
40 98
94 55
42 60
46 50
100 60
76 14
69 22
88 77
85 35
32 10
100 77
4 75
43 50
22 5
88 15
92 29
71 6
9 80
35 91
67 86
7 44
15 42
77 13
64 96
45 74
67 24
42 30
95 4
100 86
1 9
76 35
39 35
94 16
18 94
37 84
45 75
93 7
5 6
84 51
30 94
88 67
83 27
33 20
82 17
4 84
20 87
74 97
75 89
29 18
60 87
41 27
87 13
26 80
69 39
50 9
22 53
88 63
43 38
68 57
39 100
44 47
44 43
29 35
89 14
61 36
65 70
34 88
5 95
69 27
17 38
86 40
57 94
100 16
19 59
38 62
55 51
90 97
63 58
81 40
70 14
74 96
74 18
56 27
99 75
42 56
57 35
21 80
81 70
100 24
88 88
19 70
95 22
83 30
48 56
83 35
43 17
12 25
16 22
100 63
33 52
85 11
85 2
41 97
84 27
55 13
30 10
90 77
45 9
93 67
71 68
14 75
66 62
44 85
22 1
17 88
37 93
78 87
89 67
18 62
29 10
76 6
88 83
23 84
59 35
87 38
6 18
53 4
99 15
73 92
4 66
83 18
57 2
41 20
23 66
92 80
95 32
52 75
82 57
91 92
96 41
52 76
5 66
62 54
95 13
26 66
30 93
31 5
55 4
18 12
100 66
84 66
45 17
88 49
58 49
55 4
74 38
15 18
60 7
24 4
88 61
63 72
6 73
96 63
55 91
28 38
88 94
50 74
32 12
69 2
40 66
27 4
20 78
96 31
40 9
66 90
21 49
69 2
48 94
28 52
86 13
48 11
63 17
31 29
87 11
20 17
37 32
12 1
87 35
96 90
88 4
74 95
59 62
93 77
69 9
13 4
73 14
8 3
14 78
4 78
76 56
6 43
82 81
47 33
1 25
22 90
64 74
74 73
90 43
12 19
1 77
28 55
11 30
15 93
58 35
49 92
86 62
94 19
12 92
72 48
42 8
99 96
97 94
100 69
44 24
18 3
64 25
16 89
25 57
30 2
71 66
1 12
87 96
52 99
99 97
87 20
73 40
63 70
12 45
15 82
26 41
64 73
42 88
36 70
78 17
51 22
36 61
64 78
96 40
47 5
35 25
37 48
46 100
84 19
88 68
41 75
1 73
4 92
8 63
25 81
33 45
78 29
77 44
19 40
81 79
76 40
57 12
6 18
90 62
69 8
20 51
15 2
84 80
13 38
2 23
62 96
63 11
37 35
77 74
58 51
83 39
63 50
95 50
80 90
46 68
82 17
20 64
46 92
37 61
27 27
71 72
21 5
56 7
99 16
39 97
89 37
74 7
48 8
94 6
63 20
68 67
65 56
29 21
51 46
77 45
30 95
64 93
91 55
66 82
40 66
48 57
1 20
55 16
94 6
32 62
100 35
28 75
4 25
98 27
64 35
82 3
68 50
85 91
38 61
18 65
75 87
78 97
92 24
22 46
23 2
6 43
41 64
87 9
35 16
92 9
15 53
16 10
7 2
5 8
34 91
99 19
4 16
86 63
53 86
98 22
17 24
4 73
25 96
72 100
1 51
88 82
54 3
68 100
24 72
91 63
38 17
99 11
20 12
29 40
72 8
42 13
86 82
13 72
80 74
72 97
56 32
94 26
88 59
62 85
50 85
21 1
12 4
53 1
6 63
64 41
2 74
74 38
68 13
26 69
46 38
68 15
66 2
99 92
88 15
89 73
41 54
25 31
39 35
60 65
5 70
11 43
53 30
90 3
75 14
32 3
14 52
30 45
77 80
1 10
43 30
26 65
73 62
55 85
30 17
30 77
70 77
32 90
55 14
89 42
9 10
100 3
9 56
74 11
50 94
96 70
15 35
42 100
72 52
53 70
53 16
28 73
15 64
5 97
69 76
89 77
88 99
82 27
18 73
64 31
34 88
13 54
41 47
58 49
67 90
23 63
87 25
88 67
54 4
42 91
77 8
14 13
93 93
85 15
40 75
95 39
32 37
54 9
36 90
55 88
58 30
89 5
34 61
73 93
45 54
2 88
61 21
33 52
36 66
31 46
48 34
69 53
43 99
89 80
27 53
61 41
11 94
65 78
100 7
16 97
58 20
76 66
81 61
51 64
12 32
20 35
97 54
95 68
73 96
32 43
1 8
83 25
72 100
34 20
55 18
69 53
88 7
67 38
53 56
23 72
97 83
100 90
43 76
91 34
40 69
21 28
3 74
2 15
86 57
3 32
69 11
95 28
78 49
50 24
97 92
42 80
69 58
93 45
88 100
94 53
25 88
89 7
76 30
48 87
22 26
82 47
16 91
9 84
48 36
68 46
83 7
97 71
20 35
26 34
39 4
59 56
98 61
42 29
61 70
35 70
44 12
29 32
30 97
73 60
30 55
26 40
14 91
99 65
71 85
2 42
44 69
47 24
42 48
71 98
94 62
63 25
52 96
62 52
24 60
51 32
81 97
58 66
99 2
100 84
83 99
38 57
11 91
33 12
79 85
23 60
67 33
22 96
3 43
96 29
46 7
33 50
74 69
60 49
83 14
44 5
13 91
26 34
90 28
54 90
96 84
35 41
68 67
99 79
48 92
43 26
49 62
29 40
1 44
100 63
80 75
35 94
37 71
42 65
67 5
15 55
64 76
86 37
88 2
67 19
33 18
33 60
51 68
6 38
44 9
33 33
1 42
8 99
10 66
42 21
13 40
5 49
29 13
81 6
55 28
76 4
75 32
55 89
56 95
27 27
54 4
36 22
62 20
90 74
29 86
80 77
56 81
93 62
65 13
95 82
11 32
98 82
28 42
13 99
55 19
23 2
45 83
8 12
31 52
6 48
49 84
43 91
62 97
77 96
75 97
16 76
5 51
2 80
70 16
60 98
28 58
24 71
95 19
41 77
65 45
76 4
73 53
21 77
68 17
89 18
15 10
30 100
38 99
94 3
42 98
93 70
69 4
38 80
100 33
99 55
43 80
100 69
93 46
4 28
29 64
20 94
71 55
33 67
73 25
40 70
92 64
100 34
15 41
39 82
93 10
80 37
14 37
65 15
100 13
33 6
53 32
66 74
62 5
91 82
12 77
55 55
35 3
80 80
44 86
86 88
30 87
86 65
85 56
74 84
41 44
13 19
45 77
11 98
97 37
17 53
2 68
89 100
69 38
17 60
27 33
61 47
96 48
40 22
77 13
47 12
24 27
29 96
64 85
85 83
71 78
75 61
91 37
57 32
6 93
34 23
42 71
35 79
71 39
79 26
61 62
63 83
43 97
5 90
73 80
40 33
22 94
74 99
28 85
90 31
90 58
6 17
2 77
37 57
97 38
78 42
83 68
20 16
58 37
47 53
56 99
29 66
73 65
46 35
37 98
79 57
31 9
79 68
65 35
1 48
9 46
25 96
63 82
51 42
82 37
87 61
90 74
3 30
12 12
69 58
44 60
2 21
74 27
97 89
90 78
22 16
74 30
73 97
41 32
83 66
71 1
96 30
11 32
43 66
93 16
100 81
21 74
23 25
78 100
38 61
75 24
86 45
62 8
89 5
88 38
43 45
75 17
30 64
97 74
87 28
98 73
92 34
40 1
24 99
40 22
29 78
45 15
13 3
53 74
86 46
96 68
23 27
33 27
58 51
66 92
26 42
9 83
38 65
100 66
86 83
75 25
75 89
23 79
89 33
15 45
63 17
83 77
90 62
92 32
32 2
28 41
41 4
23 35
67 41
64 3
15 8
47 70
61 69
27 10
100 96
98 66
74 30
74 22
30 92
84 80
39 13
7 85
92 63
29 29
59 3
30 97
3 6
33 91
4 75
43 90
47 88
66 43
26 18
88 49
9 74
57 19
15 41
50 30
31 6
33 82
65 84
45 13
32 51
25 52
24 75
83 98
74 69
49 4
56 19
56 12
84 35
47 83
14 96
28 49
75 64
72 98
57 45
29 69
56 41
12 72
72 58
55 28
78 66
49 75
42 28
86 92
5 45
9 68
87 21
87 50
93 49
52 4
84 15
24 52
28 7
59 89
58 1
2 75
7 44
14 20
57 86
91 30
60 54
22 33
18 79
34 17
94 31
26 75
14 37
49 23
37 98
85 94
3 50
66 64
85 20
45 29
4 55
89 65
5 96
90 27
28 66
97 97
41 30
11 80
73 100
21 88
69 20
30 100
22 62
27 63
95 71
30 99
69 93
54 25
51 31
38 23
39 93
44 13
63 97
5 30
45 35
52 47
89 23
47 36
17 10
74 95
43 64
20 16
14 11
99 60
10 94
93 76
48 8
2 23
55 8
20 7
22 10
75 27
1 58
95 23
2 90
48 29
76 73
22 34
1 5
27 3
60 56
92 97
22 68
74 4
96 26
66 2
25 50
36 1
65 90
94 11
61 47
59 53
13 26
27 57
58 64
74 19
19 84
5 71
28 93
26 43
76 29
1 54
100 70
28 39
96 28
53 11
75 19
71 100
75 44
28 23
49 55
86 51
71 71
23 22
59 54
18 49
40 75
36 4
53 1
4 64
29 66
66 47
15 69
93 92
44 55
72 32
19 62
62 90
28 55
46 7
39 33
3 35
98 12
39 2
82 73
45 40
91 12
9 43
16 91
17 7
36 65
16 45
2 57
58 88
38 18
61 10
75 36
78 93
96 65
79 36
33 8
76 31
96 34
47 28
68 74
39 88
70 12
38 87
53 77
97 66
35 45
91 9
51 52
33 57
29 62
33 77
77 48
72 25
93 19
44 38
40 31
28 36
60 35
42 87
37 75
49 52
54 49
11 10
26 96
1 65
41 97
11 56
76 47
37 30
9 83
95 72
75 69
79 94
33 11
27 45
75 11
67 55
70 6
78 15
99 63
50 19
10 43
28 62
21 44
2 61
71 100
61 26
81 48
82 86
54 65
69 22
31 89
7 13
79 83
8 85
7 29
71 79
70 92
34 28
7 60
79 74
28 99
82 28
57 20
60 61
60 25
83 82
27 68
29 82
60 96
77 30
79 100
21 38
56 92
51 95
74 51
27 43
63 21
54 98
60 28
16 85
22 72
90 16
74 49
52 54
50 52
80 29
23 85
19 95
13 56
81 96
97 69
41 7
14 24
53 40
52 67
74 48
36 21
30 86
54 81
95 17
59 16
84 80
16 6
14 59
35 27
89 56
92 53
49 47
95 6
52 32
65 83
68 77
41 99
38 83
72 82
42 51
70 11
94 18
61 97
34 19
26 14
57 65
74 25
40 89
62 56
78 43
65 88
49 77
7 29
18 68
43 45
65 96
2 99
10 50
31 6
88 25
51 6
22 58
88 23
97 63
73 89
4 5
64 91
66 39
42 39
87 72
59 41
63 50
32 42
19 38
96 20
58 7
28 54
22 96
97 95
89 10
99 38
61 34
37 86
57 18
30 1
31 82
74 65
83 99
41 31
56 70
22 76
43 88
77 27
10 98
39 50
2 67
13 55
54 40
19 6
6 93
93 64
77 98
68 94
24 57
96 35
16 13
81 63
23 89
37 8
29 9
63 98
87 98
89 42
99 35
95 15
19 94
29 16
68 80
53 44
21 98
23 1
75 19
15 86
52 80
84 69
5 87
53 46
96 23
11 79
23 3
2 67
3 42
99 1
21 61
26 50
46 87
36 73
59 12
20 75
72 81
87 72
82 72
10 78
28 65
32 58
5 44
98 58
13 73
72 75
50 1
85 71
47 76
24 72
100 8
98 55
7 40
4 46
2 52
3 14
66 24
24 7
56 80
68 17
74 59
76 40
46 66
72 45
12 65
4 29
91 72
35 97
90 100
25 43
45 26
69 16
8 53
49 69
66 73
20 25
72 96
16 26
5 47
18 71
39 49
56 6
67 77
98 40
11 52
20 80
52 53
77 75
95 86
7 84
96 92
21 96
34 76
41 9
92 93
97 40
44 38
34 64
32 36
86 89
58 58
76 61
54 5
66 10
76 81
72 29
37 87
47 76
39 54
93 85
17 98
29 2
48 91
35 74
26 41
59 94
55 6
29 45
87 68
49 43
87 29
82 11
69 39
21 4
23 20
12 31
17 95
18 9
46 94
48 30
55 49
55 3
75 42
9 53
72 13
50 22
32 34
61 99
49 50
70 87
53 83
65 47
98 41
1 25
99 73
24 33
11 18
5 78
52 78
97 38
6 20
39 58
30 48
74 10
11 13
4 19
38 40
27 7
22 79
35 85
27 88
76 28
89 88
53 29
36 32
13 52
3 50
67 65
73 50
3 51
36 4
25 84
67 98
86 44
77 61
17 70
9 28
87 78
22 99
12 57
35 15
27 70
2 14
17 15
52 80
64 26
20 85
89 19
91 84
41 64
23 56
69 71
17 43
64 95
21 51
4 74
76 46
75 1
71 39
48 47
77 3
58 94
24 82
95 100
43 89
1 42
12 21
3 16
39 72
85 19
67 73
26 38
11 41
20 86
42 4
14 20
84 64
61 89
55 90
26 99
2 4
29 45
94 70
70 46
92 39
66 20
73 19
19 84
93 72
95 9
18 82
21 75
53 2
42 64
16 26
47 90
94 5
79 47
50 6
32 76
15 17
68 30
57 66
25 57
87 15
50 69
90 28
70 30
11 57
44 18
95 81
64 60
73 62
40 50
85 5
16 53
58 21
9 76
87 88
50 45
4 84
4 70
70 71
8 38
97 33
37 96
54 27
90 89
67 94
55 84
74 17
81 63
22 13
82 82
57 19
61 80
32 50
47 47
30 61
42 59
42 16
77 41
57 70
14 77
16 42
41 75
82 29
73 63
49 2
68 69
74 59
4 37
23 38
96 29
11 74
20 70
32 76
17 53
9 58
51 70
71 36
34 26
31 32
45 1
16 7
88 2
5 80
47 9
86 100
86 92
40 67
27 15
62 33
96 36
93 44
30 74
88 62
74 24
2 88
88 63
93 92
28 46
92 100
15 29
23 26
54 25
86 50
6 2
70 77
47 60
56 23
93 13
80 85
87 6
89 13
95 92
26 7
45 44
93 100
11 59
30 35
32 18
37 25
92 67
27 53
81 68
21 93
66 67
6 92
74 80
54 81
98 35
1 78
97 32
65 64
75 3
50 57
50 65
81 56
72 33
96 24
36 78
64 97
76 9
22 83
4 61
22 52
99 42
48 4
15 3
9 100
77 91
46 20
98 76
20 57
25 24
78 44
92 1
90 42
84 87
18 33
95 23
33 73
18 10
91 54
97 88
45 64
41 62
47 53
25 20
12 95
94 76
60 49
27 91
69 36
34 84
30 52
91 39
32 25
29 7
5 41
93 76
5 97
50 12
90 51
77 6
26 88
19 46
20 6
16 29
54 84
37 38
10 3
87 57
7 99
53 57
83 44
51 15
93 18
81 48
75 86
56 64
75 76
86 34
34 55
95 11
19 17
15 58
85 2
3 93
43 64
41 94
95 68
99 13
43 6
36 71
75 18
68 93
54 68
95 23
35 73
60 52
83 13
97 76
46 60
89 63
49 32
80 55
39 77
93 1
13 3
13 62
48 65
39 78
51 48
33 71
33 40
69 64
47 80
70 41
23 9
89 95
10 35
17 28
87 7
52 92
4 50
14 24
72 84
10 18
60 99
6 8
69 21
42 63
2 83
66 80
31 25
2 66
45 34
69 54
94 67
57 36
34 15
93 83
95 13
84 14
25 5
80 5
4 30
23 36
49 45
27 38
11 30
58 31
95 65
50 37
62 22
51 15
63 12
85 5
60 84
74 10
90 13
80 4
15 24
44 47
45 83
45 49
97 13
89 68
66 54
43 31
98 56
51 20
35 65
44 68
86 34
12 69
23 24
89 63
34 56
71 69
67 100
97 85
81 51
14 16
46 21
94 73
64 30
8 85
78 29
23 65
33 94
19 93
2 68
47 70
14 40
46 2
44 70
11 52
86 70
61 23
53 34
35 25
11 42
39 98
79 44
48 27
2 18
53 68
88 89
36 73
76 88
55 40
84 9
8 38
20 56
29 82
1 10
83 37
88 66
30 91
57 2
20 11
100 83
10 69
66 80
14 22
55 71
61 49
24 25
92 92
21 71
28 10
27 16
83 65
18 7
57 59
30 91
20 76
9 78
18 80
7 100
84 65
24 19
90 9
91 55
95 26
18 90
43 16
77 63
57 55
72 6
33 16
76 65
72 41
42 84
93 45
37 14
48 6
54 45
60 39
91 97
26 16
39 100
17 64
9 80
56 59
73 75
90 22
75 34
34 52
59 53
33 34
17 69
34 24
22 94
60 75
28 49
91 83
2 90
4 63
47 89
26 48
88 78
74 53
49 88
81 14
67 49
85 1
28 71
72 94
96 91
19 20
97 61
34 91
87 83
57 92
41 49
12 57
47 13
68 34
45 61
57 66
100 19
13 81
91 89
22 12
24 55
18 89
64 46
78 96
74 52
11 34
3 43
61 81
84 39
51 82
42 46
2 87
87 83
21 17
73 32
82 25
91 88
22 92
15 67
78 70
78 83
7 15
41 79
76 96
74 1
37 91
33 13
74 19
1 71
23 53
47 83
25 77
92 41
10 28
2 24
65 44
72 62
56 67
26 77
56 52
58 100
67 22
9 38
44 34
39 90
82 70
25 59
30 77
3 13
91 25
7 99
32 96
97 92
99 29
8 43
71 92
35 19
92 7
96 62
35 41
66 59
94 44
59 69
57 51
55 24
12 92
22 95
27 37
67 10
47 71
34 88
24 10
65 44
42 25
67 95
3 34
75 46
43 53
84 62
29 59
33 30
42 60
13 6
30 73
40 88
72 48
52 64
74 58
63 6
99 77
9 50
28 64
44 73
19 18
84 14
98 96
31 10
5 60
76 32
49 71
3 82
61 19
73 32
19 26
3 95
91 27
74 11
29 93
34 31
57 72
10 3
66 60
99 84
22 8
47 32
90 23
93 7
50 47
64 33
55 12
48 24
24 82
34 27
43 96
94 52
17 92
41 43
76 13
74 52
16 74
25 83
28 85
77 44
49 15
99 62
31 90
39 93
72 72
11 82
24 23
80 96
20 36
42 83
78 31
41 43
40 66
20 5
33 1
90 13
83 37
39 64
89 88
58 71
72 90
32 35
51 22
41 82
24 77
79 86
66 85
39 2
3 20
45 69
67 97
51 86
43 83
49 86
41 78
14 54
60 20
17 1
94 1
31 55
58 83
23 83
24 50
97 100
42 88
56 2
38 64
76 76
47 66
79 51
85 46
18 7
10 37
88 19
10 40
33 65
66 56
75 24
23 18
68 76
20 45
42 14
70 61
14 27
90 52
62 39
28 32
1 71
30 39
73 85
32 77
87 73
95 67
55 78
36 72
37 6
62 80
25 88
64 82
60 45
3 38
49 79
78 3
64 27
36 50
39 43
96 43
1 5
66 66
71 61
20 80
37 62
12 26
41 93
50 40
53 77
2 83
77 72
54 99
32 21
49 8
37 76
70 45
96 74
43 53
57 68
84 32
56 84
34 55
47 13
16 80
36 45
95 43
45 83
100 23
82 92
35 25
47 65
82 97
100 42
17 25
53 28
36 4
80 51
93 72
86 43
33 79
47 54
14 66
38 78
30 26
15 73
26 5
51 70
10 99
68 9
8 90
93 30
75 93
41 44
39 94
42 72
28 40
86 36
38 6
27 62
67 28
73 30
74 27
1 76
72 72
42 3
53 55
60 27
22 5
98 27
45 21
54 84
44 32
10 87
91 13
25 58
24 11
16 17
75 27
85 61
35 77
34 16
77 90
61 69
74 12
68 35
3 93
54 51
53 71
40 98
80 65
71 50
12 80
5 43
23 77
36 51
47 45
28 31
95 29
20 2
25 9
91 49
73 37
20 41
100 87
15 49
44 98
76 50
82 17
18 76
60 10
68 93
52 44
37 52
28 14
77 7
56 86
82 58
30 9
8 8
74 7
62 73
30 57
37 86
66 15
53 33
24 88
64 12
80 16
18 16
83 13
56 76
60 17
7 1
75 16
60 3
21 1
70 65
87 52
54 17
39 93
46 14
21 61
90 88
34 65
1 26
19 94
89 50
34 83
48 2
48 58
7 90
61 27
30 66
96 27
79 93
82 51
19 15
42 4
13 66
37 82
77 68
20 41
96 98
83 20
94 9
7 1
56 20
15 25
45 4
9 36
53 17
43 17
82 49
95 4
28 33
34 74
13 49
17 35
67 57
12 51
16 44
26 98
73 29
97 9
21 24
51 21
78 59
39 90
44 77
42 76
27 72
20 96
61 17
75 69
55 16
6 77
33 21
62 35
20 1
30 25
22 23
25 18
72 93
3 71
19 73
99 78
88 44
31 22
67 12
55 52
94 24
83 7
80 49
18 52
31 15
52 25
68 24
61 26
42 14
64 100
2 53
21 85
35 96
15 69
47 6
41 63
72 45
79 26
2 97
44 98
8 2
24 19
68 15
31 95
78 89
86 39
30 24
66 85
68 12
