4000 61190
25 60
22 62
28 42
53 20
39 20
9 43
71 24
53 2
73 30
30 42
52 97
64 66
95 26
26 80
83 85
54 98
95 37
20 39
34 94
18 42
74 12
59 32
10 57
60 82
81 90
90 41
61 22
5 50
39 70
5 1
79 79
15 29
27 62
59 20
67 100
17 82
67 63
89 23
69 35
91 44
18 17
72 31
54 9
12 42
50 63
89 46
65 91
44 99
8 36
98 84
13 41
33 47
8 16
74 49
92 80
89 57
63 89
4 53
45 6
53 58
9 54
75 85
67 38
87 67
33 56
85 37
3 100
51 18
73 12
24 35
42 14
90 80
47 17
47 74
1 73
96 79
35 19
17 15
92 78
94 6
14 50
4 70
27 52
74 17
78 18
70 32
14 74
92 58
74 84
58 31
97 15
34 89
84 15
63 4
20 56
17 71
100 92
74 55
19 40
72 55
97 41
60 53
14 34
44 58
7 27
14 58
91 88
93 97
83 72
82 17
87 3
96 22
86 86
65 6
21 38
15 55
86 37
34 63
58 12
59 73
43 94
54 78
44 61
27 8
69 33
63 68
95 30
68 25
89 75
13 22
91 79
85 67
25 26
4 65
80 76
31 4
70 22
71 64
75 53
52 94
52 80
61 7
99 15
89 18
25 12
20 4
55 72
11 1
5 67
65 36
21 25
48 60
70 13
17 85
26 19
38 98
31 5
72 1
57 22
19 31
84 74
100 52
56 97
60 99
3 16
35 73
42 55
24 38
57 36
17 7
27 31
61 67
77 13
26 97
1 84
54 76
97 52
8 8
16 76
53 18
72 43
88 100
52 29
41 7
56 37
77 100
31 4
87 93
48 100
87 25
5 23
84 73
38 77
12 19
43 23
93 44
47 91
37 77
16 81
55 78
53 35
43 63
67 45
81 47
20 11
68 80
86 23
68 63
75 87
53 50
20 32
46 29
41 50
72 61
86 36
96 38
100 12
68 91
34 30
100 11
55 16
39 52
83 35
44 44
2 70
77 9
36 39
100 13
65 38
52 20
55 90
17 72
46 34
21 86
50 19
17 45
40 66
35 93
84 7
14 52
88 94
55 38
11 33
80 95
78 50
97 20
27 32
78 61
16 10
61 61
77 23
70 77
51 64
11 57
66 72
52 86
39 18
1 11
52 98
4 55
4 82
58 39
72 26
49 15
78 77
21 96
17 59
18 42
8 40
52 65
83 45
47 34
7 55
94 77
26 28
84 4
42 96
4 60
13 17
57 6
64 72
41 39
79 82
66 88
51 48
44 6
70 73
42 65
44 16
21 22
45 19
48 97
78 12
68 96
48 11
7 88
41 92
17 22
76 81
48 31
68 86
11 26
94 64
74 92
4 54
71 44
10 48
45 2
74 55
22 64
53 7
90 26
63 2
31 40
55 65
65 1
74 45
24 37
6 65
70 12
96 10
2 35
69 8
25 22
22 31
68 71
84 9
62 74
84 92
11 42
9 4
52 29
21 19
54 20
77 21
24 72
76 15
86 68
20 73
49 69
60 83
73 31
90 46
22 36
55 23
45 11
38 37
81 19
20 47
96 53
50 31
68 57
97 40
70 90
92 30
70 70
37 60
75 90
31 95
73 51
38 31
91 98
24 80
58 49
96 69
100 52
34 21
71 83
38 71
53 45
20 51
97 53
77 76
9 97
70 40
32 50
5 7
7 28
64 68
77 5
2 81
65 98
44 13
51 20
34 40
35 42
20 41
22 99
62 32
51 35
94 50
99 62
93 84
69 81
56 63
89 5
21 84
89 35
59 87
58 54
94 79
30 90
54 58
22 6
91 38
23 97
53 55
47 96
81 77
68 75
23 100
83 57
32 24
66 13
85 28
65 63
53 6
4 20
39 62
14 37
6 54
32 63
64 99
51 89
53 95
71 13
39 93
73 78
12 47
49 32
30 83
5 25
79 73
35 40
26 83
21 10
9 88
31 89
67 57
89 64
98 63
90 8
23 72
82 87
7 20
7 99
46 1
59 78
63 70
84 14
72 14
20 23
68 76
87 64
70 64
20 22
58 76
8 8
44 51
69 22
9 39
73 33
25 99
87 63
7 24
2 81
7 72
67 64
84 69
25 80
55 27
34 84
14 88
78 51
15 22
21 59
36 1
12 22
31 36
98 71
48 36
3 50
70 45
15 63
41 65
39 8
86 85
98 41
99 16
29 35
18 62
7 6
53 20
42 12
45 69
11 43
44 92
3 92
77 6
79 13
27 72
83 85
12 96
93 11
60 87
26 17
65 69
48 87
90 38
95 5
45 9
37 25
49 6
14 54
3 88
90 70
5 13
88 24
87 10
3 80
68 10
5 24
61 86
72 29
98 35
5 6
34 24
93 79
7 49
10 81
72 91
85 72
92 65
35 38
77 82
4 3
13 54
41 51
51 90
2 43
88 7
47 98
38 68
36 12
13 3
40 7
25 33
17 16
79 82
64 95
71 95
98 91
20 70
83 32
69 72
17 4
87 89
2 95
62 34
45 38
63 27
85 76
81 9
6 92
19 13
10 43
61 94
31 66
2 45
11 35
84 61
89 51
10 85
21 28
25 14
74 87
12 86
49 46
90 2
90 67
64 40
12 49
87 9
83 9
94 80
7 32
52 65
32 69
60 78
13 50
28 58
22 5
97 26
8 18
80 48
67 90
17 60
40 93
50 8
19 4
3 28
33 68
7 6
12 12
6 47
31 19
85 50
17 32
32 17
26 52
7 50
95 8
89 52
45 10
78 69
34 83
52 42
81 85
65 3
11 71
93 34
92 60
85 75
41 11
51 78
64 22
7 1
68 89
3 15
8 8
38 93
57 94
41 27
44 50
20 57
98 73
27 69
4 6
14 56
10 37
81 9
72 57
4 44
21 60
17 66
33 12
54 43
68 59
13 48
18 45
30 30
57 82
61 57
14 56
97 44
12 86
77 78
56 96
31 74
32 44
63 3
68 18
88 37
55 29
63 68
60 93
52 53
89 88
15 98
18 8
98 24
96 59
89 64
54 19
68 18
5 82
86 31
22 12
24 40
51 30
91 9
54 21
7 63
4 65
67 77
4 7
15 50
96 54
11 2
97 23
79 49
25 57
64 41
18 37
80 37
26 60
77 29
83 42
67 47
92 78
100 49
64 70
39 36
41 65
17 88
6 6
45 46
55 70
27 17
69 85
5 100
70 25
74 58
63 62
73 41
40 34
66 20
39 90
87 39
28 74
35 65
17 87
53 82
50 57
35 23
32 70
75 16
63 3
66 11
93 62
54 32
18 60
9 83
92 20
58 76
77 70
50 25
2 21
31 92
76 93
22 57
87 91
97 70
95 14
50 4
69 10
87 47
67 76
7 52
25 85
95 1
41 16
42 23
47 82
90 72
28 45
30 51
17 39
90 99
95 14
9 100
44 31
64 25
17 82
87 50
21 100
94 3
88 26
75 20
76 94
64 18
48 76
63 36
12 39
95 90
64 40
81 49
81 88
30 67
87 52
57 73
76 67
28 67
50 95
22 100
69 90
77 92
3 50
37 28
67 90
50 63
46 79
62 20
13 39
14 60
100 21
34 38
59 62
88 46
60 57
35 8
3 16
7 85
49 43
14 54
1 26
64 34
46 54
33 13
45 100
33 5
42 85
21 66
12 23
91 32
94 65
32 12
68 75
49 67
69 91
86 64
98 81
14 69
99 36
10 20
79 28
50 8
95 9
38 42
89 54
54 18
24 49
43 21
13 2
24 91
9 26
13 27
87 25
54 80
98 39
83 76
86 36
39 76
3 94
97 59
29 59
49 10
29 22
48 33
97 28
49 13
85 48
94 9
62 81
35 83
55 80
92 61
85 91
50 40
81 2
25 96
55 57
4 2
68 68
67 58
79 92
76 93
32 36
65 68
29 72
29 75
100 96
67 60
67 2
2 89
15 18
95 60
2 98
43 39
95 92
98 26
91 51
79 39
43 86
4 84
14 74
98 17
48 44
50 16
99 56
28 45
26 63
53 13
32 98
93 30
72 70
62 41
20 74
3 6
79 9
1 98
31 32
78 4
67 57
97 33
79 44
81 74
43 44
33 41
76 64
37 35
82 66
66 67
68 25
25 3
22 50
33 50
74 19
69 93
34 65
24 75
48 89
59 79
28 87
31 86
4 60
99 8
93 26
23 34
53 65
71 86
23 31
83 96
48 41
89 87
31 80
78 84
70 12
26 23
10 25
45 27
14 9
92 42
62 93
81 34
16 97
35 42
65 35
41 15
55 86
98 100
64 41
3 26
57 30
91 27
33 11
60 90
42 87
77 89
34 23
94 51
47 26
9 53
29 99
94 67
97 91
11 78
72 50
18 2
36 1
33 26
14 28
50 9
24 20
28 73
82 94
91 68
14 66
47 29
31 82
69 52
44 80
46 23
23 77
52 9
89 1
7 40
63 98
30 39
84 80
97 72
75 42
82 5
5 24
3 40
76 71
53 66
14 17
99 73
23 19
1 69
31 50
88 47
2 30
7 21
15 71
84 75
97 88
29 36
82 55
80 22
49 87
25 34
77 96
23 16
29 95
65 48
81 7
91 44
46 87
64 86
39 16
21 80
98 90
95 91
75 19
25 13
100 57
40 87
23 37
22 75
41 56
5 38
9 73
42 37
63 59
76 43
25 11
12 98
56 79
6 66
91 71
56 17
83 51
19 66
78 84
63 45
84 66
58 90
53 89
29 4
74 75
44 56
1 83
71 17
38 98
76 1
95 81
37 6
15 87
69 17
58 33
55 94
25 54
19 5
49 30
40 64
46 100
25 93
51 14
1 30
83 58
93 84
56 98
17 8
11 2
85 82
79 5
46 67
94 71
31 45
75 22
67 98
26 100
27 4
89 66
64 97
2 4
35 46
100 55
69 42
55 14
10 87
75 88
32 19
80 43
23 17
71 35
25 42
48 9
73 48
77 23
30 18
65 83
84 21
46 26
27 36
68 54
24 82
73 2
61 76
6 26
99 23
80 73
84 77
25 78
20 90
47 25
79 33
7 35
98 79
47 75
13 100
59 65
73 62
44 19
90 8
96 30
66 53
14 1
95 91
90 52
42 24
76 8
6 86
25 96
73 85
33 22
92 49
48 66
5 75
5 24
5 43
55 50
36 49
88 19
79 27
55 38
34 44
57 60
13 25
84 74
55 86
26 24
42 39
80 99
21 94
84 98
75 80
39 98
97 98
21 70
28 49
91 73
96 30
34 35
15 20
68 66
66 8
7 68
15 84
22 82
63 44
19 26
76 83
98 44
7 97
54 10
4 33
92 40
63 21
17 57
75 13
69 58
42 33
69 3
48 56
14 78
52 100
74 87
52 76
100 50
94 57
80 24
90 22
89 38
13 10
57 42
8 3
30 69
15 61
22 86
51 3
77 4
93 64
78 85
26 99
99 60
83 46
29 32
90 51
97 66
97 40
17 63
18 75
38 24
37 18
65 82
4 2
88 17
91 69
55 77
39 66
36 77
34 52
81 40
77 14
98 62
37 81
84 68
79 82
51 93
58 6
81 84
27 49
50 69
58 69
4 47
100 28
93 14
32 30
41 78
89 32
29 70
57 92
6 6
18 93
93 9
23 40
21 94
32 78
13 8
28 22
23 95
48 36
61 74
3 34
24 1
11 87
39 66
60 68
41 68
89 59
17 73
22 52
67 7
66 41
31 72
70 5
17 20
23 37
53 35
57 97
12 68
81 56
66 89
69 26
51 48
58 49
91 65
23 94
42 26
55 24
50 67
64 73
55 11
63 40
18 6
78 11
73 26
56 24
89 78
13 46
96 82
5 3
86 97
14 40
22 95
17 20
35 96
38 15
39 56
87 30
47 63
50 24
20 37
12 3
19 1
22 37
21 4
61 17
44 82
62 29
16 92
94 48
77 53
70 2
56 88
94 59
99 12
80 65
1 82
88 41
44 10
96 15
44 95
82 58
61 6
18 90
98 77
95 1
7 56
88 85
34 83
53 70
90 60
53 19
64 73
8 60
26 55
85 28
20 28
69 88
46 8
35 19
14 36
75 61
56 20
21 23
68 19
7 83
52 39
69 52
46 75
96 1
16 66
41 70
29 58
77 23
58 11
26 87
23 23
65 18
13 71
56 57
17 87
2 30
60 76
33 11
61 41
85 82
17 38
33 68
54 70
14 46
19 86
67 57
88 6
75 57
88 79
8 76
33 39
39 69
28 27
78 65
86 69
95 44
18 34
66 27
23 66
28 44
91 65
46 40
92 13
56 87
1 97
60 100
9 68
61 24
92 62
22 8
45 57
8 100
54 75
50 26
74 97
72 12
17 82
13 2
98 20
56 12
20 29
30 10
46 33
99 55
59 74
84 1
94 50
29 8
49 79
16 15
56 3
92 43
13 6
47 16
99 81
14 2
58 67
7 48
26 25
50 28
80 55
70 82
9 27
33 81
72 59
34 75
57 44
40 93
47 76
54 63
95 56
18 4
36 72
92 88
17 10
46 46
27 89
62 59
74 5
28 67
29 25
29 7
19 62
94 31
27 74
17 42
7 84
85 40
75 90
32 9
86 68
55 96
53 42
46 46
39 77
24 52
80 21
95 20
15 44
78 48
1 35
61 100
95 4
36 6
53 39
63 65
81 3
31 27
76 76
55 7
58 46
57 100
35 66
28 59
50 82
62 91
96 52
8 66
98 31
71 93
91 26
83 50
77 89
43 19
80 95
15 17
19 70
11 67
62 88
33 66
88 67
62 22
46 65
35 70
49 28
98 55
49 34
29 82
28 34
77 9
35 41
38 79
33 61
22 6
65 89
34 42
83 96
61 40
41 59
32 78
83 85
31 84
66 27
59 73
25 2
45 74
25 41
95 24
56 92
86 28
80 89
95 58
99 50
25 5
81 79
47 29
74 59
30 13
28 62
1 92
6 73
14 2
90 22
90 85
35 7
55 10
23 79
69 55
67 2
63 37
100 84
49 86
45 73
65 63
59 10
69 26
62 88
83 2
64 49
69 79
21 29
43 89
15 89
19 30
19 93
96 67
18 10
92 52
77 31
45 72
44 95
34 56
10 73
34 17
23 40
45 32
40 78
45 18
65 38
6 31
59 7
17 21
54 16
3 31
81 83
12 77
71 8
94 70
94 78
86 9
62 1
66 59
80 97
77 89
37 88
98 90
72 55
54 98
89 93
100 38
50 21
33 39
33 93
59 93
18 7
55 84
55 76
57 85
51 54
72 13
62 15
9 60
88 34
15 83
63 42
20 68
78 11
33 49
14 38
71 89
71 57
75 38
89 47
50 54
3 78
25 86
100 95
26 32
30 35
88 39
25 21
79 55
72 77
57 13
89 100
41 84
63 49
96 75
97 20
13 2
67 88
10 34
73 61
54 73
24 68
35 2
73 40
1 79
20 2
38 29
24 19
90 59
13 18
64 17
91 12
67 95
88 2
90 58
93 79
17 37
30 96
17 99
47 43
53 24
26 64
87 42
94 59
88 12
82 69
42 78
53 13
48 8
52 12
25 25
53 32
75 31
60 78
26 71
28 9
79 79
63 52
3 27
20 37
27 69
66 43
62 100
94 64
5 97
52 57
38 94
73 85
33 4
6 92
19 27
85 80
31 7
5 21
78 38
71 18
39 89
20 16
23 82
86 48
71 79
47 6
39 79
97 9
58 35
16 1
76 70
88 14
30 52
78 48
7 2
57 21
43 43
69 2
2 36
99 39
72 10
39 81
71 23
4 66
96 72
89 1
40 45
27 31
46 73
18 82
97 48
84 61
89 97
19 82
21 60
11 27
17 87
11 38
59 36
75 22
26 39
35 57
62 87
56 42
64 4
21 88
64 14
59 46
89 41
17 49
57 36
12 3
7 29
28 10
67 20
2 53
68 11
6 64
28 83
65 83
75 97
76 82
100 96
15 46
94 63
21 55
77 72
63 2
31 45
36 59
37 75
9 83
22 15
98 13
64 24
85 19
18 52
79 38
95 16
58 93
95 38
52 52
21 47
1 19
79 61
87 66
2 23
98 71
93 81
30 57
63 6
67 29
57 90
62 53
82 74
3 53
82 7
58 98
65 6
65 3
45 56
1 32
73 85
18 23
50 44
88 61
3 93
68 47
66 50
97 8
77 39
12 87
100 59
98 37
12 57
30 20
84 2
65 79
28 42
28 34
46 87
42 99
47 63
3 77
3 51
80 88
5 81
37 10
89 85
69 38
53 12
34 93
21 69
25 97
51 15
70 64
64 9
5 7
89 10
81 58
54 66
66 1
92 96
53 25
15 37
55 5
35 96
50 91
19 35
14 89
30 24
65 22
55 88
76 38
19 98
57 38
55 26
23 30
45 47
43 10
43 67
97 11
28 54
63 87
73 59
79 68
32 50
36 67
35 26
73 11
16 76
88 92
90 11
59 23
93 68
4 100
65 27
79 63
5 90
84 62
92 3
34 65
100 35
46 90
9 55
18 84
54 80
15 80
92 13
99 78
10 41
34 79
95 88
37 47
96 65
68 46
67 66
79 66
3 12
2 92
51 76
71 39
41 35
40 39
81 62
85 54
95 38
46 40
15 68
100 79
81 53
6 70
85 95
80 87
3 60
46 49
49 70
57 39
60 80
40 34
55 16
69 73
73 64
49 4
6 19
20 28
68 1
24 84
98 45
23 65
25 27
49 73
45 3
18 13
40 11
25 16
54 66
35 100
22 56
69 33
86 78
2 8
74 3
70 24
81 95
29 14
15 73
29 16
85 4
27 4
20 50
39 19
95 76
92 65
39 74
52 46
11 45
7 27
76 30
61 89
81 91
52 8
9 61
25 93
21 21
100 23
49 9
75 86
34 22
71 16
95 71
71 51
24 23
20 73
41 75
5 69
48 86
7 47
85 37
32 89
33 2
57 38
22 59
80 30
48 2
61 85
83 75
11 46
19 11
58 4
71 87
99 1
62 12
31 99
23 45
82 84
30 22
23 5
8 69
16 43
45 72
2 39
86 94
69 95
74 63
78 68
25 15
21 100
37 66
61 3
53 40
69 19
17 92
74 51
100 48
17 94
86 35
83 23
27 91
4 97
92 78
97 77
54 49
53 41
79 76
28 93
87 24
8 49
51 50
46 45
75 91
47 21
100 83
61 36
15 67
73 98
90 55
91 34
93 97
26 20
52 88
97 89
47 39
68 80
71 39
98 38
84 73
8 73
80 60
62 15
64 21
24 90
10 44
17 69
76 30
88 71
45 13
14 54
96 19
47 14
60 50
70 61
93 35
59 84
82 97
60 53
83 81
72 3
50 38
75 30
49 23
1 26
72 18
47 13
21 5
94 56
45 2
56 29
53 80
76 62
70 95
16 100
99 51
79 38
33 20
27 32
67 60
77 32
40 37
62 78
75 46
51 86
83 91
67 32
61 70
17 39
26 36
43 50
40 41
76 74
70 31
88 15
28 51
93 48
87 79
100 55
86 3
31 81
8 35
38 34
58 94
77 29
6 33
57 44
55 67
38 4
83 75
21 26
66 36
74 64
34 56
40 33
77 49
69 46
6 16
37 18
85 36
32 3
32 20
24 76
59 28
1 50
63 91
38 78
45 50
49 21
38 84
30 4
31 1
45 18
19 38
41 94
21 99
24 22
97 89
27 65
13 26
31 16
100 42
78 13
56 79
85 49
69 97
32 27
53 46
75 64
21 97
89 81
58 66
52 16
12 9
68 46
4 17
27 99
5 75
48 66
27 19
42 59
29 22
58 72
38 28
99 59
50 65
10 26
75 32
46 6
37 42
87 9
28 21
36 36
17 21
83 99
20 84
85 69
15 77
25 82
11 32
35 73
13 62
20 50
38 40
77 70
87 47
41 9
3 20
44 21
40 26
81 91
85 31
20 47
90 62
75 59
18 57
39 78
84 36
92 89
84 83
20 78
31 97
63 3
7 13
47 70
46 53
79 48
83 38
12 30
3 29
94 22
98 54
67 43
65 71
35 94
43 64
52 69
27 54
97 36
95 89
18 79
78 26
31 20
37 26
67 39
57 30
54 34
58 68
41 65
98 22
93 3
12 94
28 71
56 5
71 6
26 40
53 10
49 6
8 77
64 91
3 86
53 50
13 44
69 80
18 72
99 89
12 44
21 40
25 94
60 31
67 29
94 73
89 56
49 100
30 50
8 46
6 29
35 83
65 65
98 93
32 5
57 67
9 87
11 27
64 24
31 44
36 66
16 33
79 1
96 94
31 23
81 39
100 44
43 18
50 18
69 15
41 59
13 13
89 55
65 52
24 43
7 35
10 76
13 50
56 34
39 25
20 95
13 14
74 8
36 60
62 58
57 64
44 78
70 96
68 42
8 1
53 92
55 7
23 33
31 92
2 52
54 7
12 82
54 95
96 77
13 100
22 62
37 87
77 12
63 68
53 90
100 7
69 2
63 66
12 56
76 87
53 90
83 3
40 100
26 49
70 14
1 9
35 64
14 91
23 5
2 5
21 92
75 96
8 63
95 76
5 39
10 15
48 35
68 21
63 61
96 11
80 20
36 22
84 49
56 83
98 89
88 38
56 89
19 42
50 3
19 97
94 28
55 45
54 99
34 79
32 45
75 64
34 88
66 61
88 54
56 44
19 17
60 97
30 39
27 80
55 73
87 77
88 46
54 7
54 97
2 6
49 69
34 68
37 80
32 69
41 3
35 20
20 6
48 91
5 62
21 9
19 39
98 41
75 5
24 37
31 72
59 49
98 100
17 11
24 9
86 6
24 54
43 26
45 2
54 92
69 57
51 26
40 20
8 2
5 84
93 17
9 59
53 52
78 36
45 38
37 72
71 38
31 10
8 78
70 81
35 71
80 38
88 19
85 63
7 42
63 8
67 34
65 42
61 59
83 44
88 51
46 64
7 97
30 28
42 18
12 40
50 84
45 43
51 60
57 37
49 27
95 28
65 95
53 30
25 63
62 85
41 2
47 1
44 94
48 79
16 33
79 64
28 68
56 51
15 78
34 9
18 10
81 12
50 50
78 69
64 7
37 52
75 32
22 56
19 79
69 1
33 95
68 62
13 44
35 54
77 98
13 70
81 81
93 45
65 51
57 96
54 29
6 52
3 48
98 22
5 82
71 80
28 37
84 49
78 82
42 66
69 9
47 92
74 77
18 11
25 60
89 36
7 62
51 43
10 91
25 41
71 44
94 37
44 54
35 39
80 43
20 4
47 60
61 75
65 100
64 10
69 70
18 28
21 14
24 17
67 1
77 95
94 48
46 89
61 96
23 30
39 54
29 56
69 21
13 83
99 66
45 32
1 70
5 28
96 26
63 60
29 20
18 69
8 48
24 25
5 59
88 90
96 80
51 18
100 65
60 79
66 28
68 34
29 58
38 41
91 3
96 10
15 87
36 50
93 98
27 34
58 79
32 4
7 90
27 51
96 86
5 55
71 34
48 55
9 34
18 60
62 66
89 5
88 28
70 13
65 82
92 87
9 3
60 13
94 4
8 67
19 92
60 83
27 52
47 1
49 75
70 54
94 11
63 62
57 4
87 60
41 95
67 34
70 63
48 36
45 37
65 100
52 43
15 70
64 54
13 28
85 29
26 71
53 33
24 9
47 84
17 66
15 47
55 38
28 78
8 2
14 56
46 21
19 85
92 7
45 22
20 11
13 61
38 84
34 72
70 16
76 43
75 19
36 1
45 58
22 6
80 89
61 57
25 48
46 59
25 11
89 76
82 39
2 33
94 60
5 47
48 16
62 77
19 45
54 5
90 54
79 47
67 60
87 27
49 83
58 67
31 100
68 93
71 79
69 83
2 17
92 46
44 77
76 87
79 46
41 34
49 92
10 35
1 91
73 40
55 45
77 53
14 67
89 83
78 85
7 78
93 82
25 53
68 54
64 78
78 9
9 7
94 76
96 69
96 85
42 58
6 87
26 84
62 3
28 65
46 66
63 19
19 10
90 95
90 5
49 7
82 28
38 96
58 93
82 70
62 87
64 37
59 74
27 5
52 72
88 11
33 82
97 5
13 63
53 35
60 34
42 23
61 94
53 10
90 91
56 78
46 67
95 77
34 62
7 21
74 93
79 79
21 39
92 54
20 73
62 95
92 61
1 53
51 43
49 5
83 74
65 81
12 94
93 48
91 86
16 17
80 10
76 67
12 73
44 72
28 2
71 6
38 94
40 95
75 15
27 37
48 24
72 34
73 65
81 85
79 54
46 58
59 16
51 45
89 11
31 88
13 91
80 23
31 92
15 33
80 28
13 18
79 14
43 21
57 17
70 99
58 37
37 26
45 17
69 9
80 49
24 18
91 66
17 94
15 64
65 81
95 30
62 88
37 66
19 95
94 24
67 19
16 4
5 39
17 15
4 66
35 79
81 6
35 41
65 22
96 90
66 68
30 39
26 55
9 40
86 7
95 5
66 28
22 32
91 22
35 88
54 80
66 91
25 53
22 74
33 55
42 85
69 55
46 94
78 50
87 1
40 69
96 21
3 56
96 60
64 35
58 22
30 90
45 92
45 62
46 11
92 82
10 81
75 2
17 88
18 72
13 8
64 93
84 51
86 92
6 14
70 90
39 23
24 4
46 94
13 48
56 10
87 79
81 3
1 3
16 80
67 55
92 24
11 100
21 11
87 83
75 87
31 84
16 72
71 30
75 97
14 34
62 11
84 29
40 87
30 51
54 100
52 47
45 43
89 2
38 38
3 56
58 91
28 60
26 59
55 84
40 8
33 21
42 14
72 62
33 75
57 94
91 16
25 98
20 45
11 78
11 80
94 31
41 61
79 3
16 61
67 9
44 37
29 23
51 37
83 75
10 73
56 88
35 21
55 15
44 41
24 58
57 22
1 31
3 70
34 33
7 67
95 29
66 53
48 80
66 90
50 27
57 73
56 57
74 25
76 18
19 87
37 56
21 100
11 99
67 11
88 12
30 8
10 99
16 35
80 96
92 73
25 59
87 84
78 94
31 26
30 24
53 3
39 99
82 7
56 72
72 31
88 73
2 100
37 35
36 52
67 41
87 62
44 77
75 98
12 38
71 94
45 36
48 45
43 45
7 34
66 55
30 57
36 41
75 53
97 91
67 89
67 26
21 1
53 72
96 71
52 78
82 47
49 73
90 77
63 5
56 45
14 59
3 77
57 96
2 94
90 81
75 37
40 55
33 57
1 86
52 44
55 2
45 21
51 88
97 46
52 54
17 43
78 2
87 47
43 47
74 44
54 35
9 24
94 97
58 58
57 94
97 74
40 56
5 67
39 2
54 61
12 63
52 61
56 89
68 58
53 54
45 21
94 94
93 60
29 29
95 79
96 3
83 30
39 51
46 90
31 28
42 5
14 84
8 81
81 3
57 83
81 25
86 37
17 6
27 73
43 46
73 52
23 46
82 1
29 18
13 48
88 13
40 80
64 8
43 54
59 37
69 13
40 74
53 83
13 72
68 3
47 13
8 74
3 84
37 64
53 15
33 63
79 20
19 51
93 44
11 22
75 33
73 20
96 10
43 90
51 92
38 55
16 41
26 37
72 7
44 10
38 36
59 72
84 89
54 95
53 25
94 78
22 7
92 50
46 60
34 78
12 4
44 72
41 3
66 40
81 87
45 18
50 2
11 6
15 20
42 45
21 27
41 4
67 16
68 36
84 93
17 7
5 42
99 86
42 96
28 1
94 95
32 31
86 24
29 36
85 78
91 48
23 13
58 84
82 49
68 24
91 14
45 5
12 47
83 68
10 44
44 34
79 85
12 97
54 91
94 56
53 94
26 18
86 59
71 9
93 5
69 52
40 16
49 99
67 37
81 11
77 99
13 83
64 93
14 22
41 18
48 70
4 21
63 30
57 6
38 21
83 5
47 19
82 25
94 4
81 38
44 20
89 89
12 23
7 17
94 79
57 30
59 10
19 48
42 89
82 18
63 53
11 40
21 33
63 51
29 28
53 95
91 1
41 10
17 88
5 74
34 28
16 9
60 46
96 9
73 14
49 18
78 66
71 84
83 95
23 69
4 22
26 14
11 9
15 96
84 82
56 87
71 25
42 91
74 35
12 13
75 61
88 39
74 4
95 45
51 41
3 31
48 40
41 93
95 93
64 79
97 18
28 72
31 87
9 63
76 32
3 1
57 32
5 97
74 36
39 26
28 17
29 57
16 92
90 77
43 52
99 73
98 64
65 29
93 16
71 50
28 41
67 76
11 40
2 45
62 72
13 32
56 27
61 63
5 24
2 71
76 41
2 41
30 42
6 80
62 55
57 26
9 80
18 86
61 22
34 15
9 12
40 91
62 24
24 3
82 67
56 27
75 27
79 82
20 55
67 42
1 83
47 96
85 69
11 74
100 92
46 41
23 5
55 70
58 3
28 28
9 93
33 44
81 68
90 86
39 75
94 74
46 11
99 54
63 60
6 85
84 20
71 23
98 75
45 95
47 77
79 93
52 22
21 3
57 75
71 28
39 45
9 9
69 23
23 13
20 83
69 66
21 5
94 87
75 88
78 8
73 15
83 80
63 3
5 34
72 65
1 77
98 8
17 76
99 82
61 19
75 60
82 53
83 41
72 86
78 48
29 17
2 78
81 21
1 19
10 52
3 48
91 15
18 13
71 23
14 80
89 95
39 88
86 84
35 81
66 27
15 43
7 47
48 6
77 45
64 33
72 71
77 73
13 40
88 98
27 6
73 10
14 57
60 59
8 50
37 42
89 58
88 18
38 71
69 78
41 88
47 23
71 25
31 3
17 35
94 99
96 34
5 81
32 39
81 69
39 61
49 65
96 12
98 60
97 71
72 8
13 92
20 93
1 33
25 83
7 90
27 38
50 92
73 98
39 96
57 93
9 91
27 53
96 10
47 61
48 82
36 97
45 35
18 7
67 51
61 21
11 5
62 36
18 1
95 95
95 5
8 14
95 60
90 16
57 73
43 82
61 75
69 16
62 74
61 7
94 50
21 15
40 45
43 41
93 64
78 40
99 85
1 54
56 45
46 46
99 66
3 26
82 42
44 1
73 84
100 45
56 73
35 41
13 80
73 74
81 35
7 36
33 39
76 94
96 51
89 63
18 75
9 78
58 78
80 100
21 84
51 79
100 66
60 28
45 71
44 29
89 20
95 55
44 34
45 16
40 100
95 100
47 41
21 93
38 52
19 77
20 89
45 24
6 17
33 21
70 49
86 3
39 56
2 39
61 49
87 59
90 1
31 75
95 36
99 30
10 75
67 19
1 8
61 40
79 99
45 78
4 21
67 18
91 32
99 54
11 33
31 83
93 5
10 25
51 76
82 8
80 1
23 64
27 84
85 69
7 84
96 32
71 72
97 92
49 71
83 72
83 50
90 23
13 46
29 85
89 53
74 72
96 55
41 60
34 64
74 53
38 38
89 84
92 70
28 21
88 89
55 54
58 4
80 94
64 79
61 31
14 1
95 79
83 94
40 84
80 100
41 30
87 68
2 71
37 21
35 90
84 42
72 22
24 12
49 39
52 6
64 64
22 11
47 60
5 76
8 74
72 65
42 65
96 57
64 34
21 85
83 45
18 88
79 40
15 90
33 66
91 70
80 43
27 96
25 16
19 26
58 95
65 45
57 45
59 17
53 17
91 34
95 10
24 38
66 98
43 49
76 95
30 13
64 59
74 6
34 88
71 32
98 70
27 52
19 40
13 4
47 89
1 36
82 43
77 28
67 26
14 60
67 50
46 68
92 7
91 65
16 45
50 2
7 61
72 90
8 70
60 29
14 75
2 80
83 66
80 72
96 28
10 60
9 37
12 38
36 65
94 24
82 69
33 87
72 28
100 60
45 90
70 16
53 95
26 84
47 95
71 20
91 43
65 96
17 87
82 49
56 60
84 84
31 2
62 72
56 73
91 72
73 100
69 99
44 51
56 17
100 71
40 30
17 28
60 7
3 67
52 45
53 82
84 87
84 31
24 9
36 46
80 72
46 76
40 40
57 55
92 23
10 12
47 49
56 18
78 50
81 97
63 30
62 33
63 51
77 53
69 5
53 22
49 5
89 4
49 24
56 21
89 26
40 53
73 49
48 84
42 71
76 45
53 17
77 57
60 75
28 78
12 54
91 98
73 53
3 45
48 52
16 27
65 56
94 100
72 45
42 6
74 48
86 26
55 90
37 50
62 78
23 47
41 71
63 82
64 2
89 46
18 55
52 27
28 98
42 55
51 62
21 20
18 99
55 30
98 28
29 25
35 7
61 81
19 22
7 12
64 78
18 25
75 38
28 33
12 76
46 34
21 90
37 23
83 11
76 80
25 73
97 41
50 78
66 95
59 22
13 79
6 41
28 28
16 5
86 90
70 82
19 18
6 62
39 32
25 47
55 89
19 56
59 6
16 22
89 29
18 17
31 99
7 53
92 6
10 83
70 28
89 92
30 25
58 3
71 2
57 56
83 27
67 42
59 33
100 73
77 16
23 11
57 13
5 43
91 67
42 55
26 77
61 84
100 16
16 8
85 82
54 56
34 16
44 87
21 77
74 44
13 55
51 75
32 49
4 61
60 58
1 28
92 4
42 34
59 82
14 5
50 89
93 8
81 47
8 21
92 81
57 14
83 31
48 45
13 8
73 97
42 51
38 84
33 80
93 18
53 44
69 13
46 74
86 59
64 52
19 2
12 54
76 58
69 77
43 54
31 70
81 86
96 82
22 73
74 19
54 63
36 78
23 7
98 23
68 76
83 27
41 55
76 41
65 9
40 51
89 48
89 5
81 2
26 32
73 36
73 19
31 27
41 100
71 44
68 37
57 51
41 46
79 42
32 9
61 74
22 96
63 30
41 11
17 29
36 3
66 81
22 43
23 32
89 39
19 65
90 7
23 17
11 71
18 99
39 25
50 22
6 46
79 29
31 23
83 29
51 16
55 93
13 55
43 15
77 89
81 43
99 66
17 86
59 85
83 26
78 59
32 32
45 55
70 69
100 60
32 9
36 49
21 54
55 40
76 39
91 71
96 98
98 55
1 41
13 96
88 79
51 62
70 94
66 7
33 36
53 22
16 22
39 81
17 29
58 36
16 69
97 71
9 53
84 54
8 55
91 30
61 64
91 38
87 85
31 84
91 97
70 45
66 84
63 3
24 85
93 22
54 73
20 34
90 76
6 65
84 30
77 54
8 27
54 23
94 12
92 14
58 96
9 85
31 94
74 24
18 72
98 14
23 95
78 25
81 19
82 1
68 54
42 82
72 39
6 90
24 65
14 87
76 87
41 48
77 89
51 71
33 69
82 13
22 4
74 96
39 78
6 85
2 49
99 56
11 7
95 60
90 69
20 3
3 44
72 15
45 78
72 16
21 80
19 72
50 92
2 99
100 25
69 97
95 32
24 15
27 39
70 49
37 1
54 25
10 48
65 42
4 95
42 69
46 6
26 50
67 64
85 83
83 35
68 13
35 90
45 93
62 24
24 11
64 47
16 68
48 77
8 25
39 35
68 56
27 48
88 78
21 6
78 72
9 74
15 90
53 38
87 64
84 38
90 91
40 88
45 85
6 32
95 34
38 5
52 89
20 36
4 69
88 24
54 70
71 81
22 13
98 14
32 56
97 75
61 61
99 75
44 51
21 85
38 9
64 7
99 84
77 38
84 64
28 56
85 64
51 53
81 45
23 27
34 42
22 35
62 67
31 79
27 18
57 100
68 83
30 7
28 35
72 51
69 30
82 56
42 83
42 94
31 22
26 39
39 69
44 82
24 13
34 71
64 18
61 74
49 77
14 1
38 11
33 93
41 8
74 74
83 97
21 53
97 53
68 39
42 87
10 19
50 17
21 5
18 70
18 99
50 63
46 57
89 2
19 92
79 12
82 84
12 37
61 33
7 74
2 57
4 66
83 87
88 28
19 83
95 12
36 56
32 36
32 22
68 48
73 43
58 48
2 45
45 95
54 100
22 35
39 34
15 70
71 51
59 38
33 39
40 1
8 100
30 95
28 54
78 43
