5000 206289
11 18
20 37
12 35
23 14
19 40
21 24
24 18
23 39
8 26
13 28
17 11
12 12
21 19
24 12
10 11
20 20
12 32
12 33
7 14
17 39
11 22
23 25
16 23
14 30
21 19
23 17
7 28
9 39
12 35
14 17
23 18
8 12
14 32
17 24
16 27
6 38
14 32
25 24
18 33
16 10
5 16
17 20
15 22
21 28
24 18
12 40
11 18
21 25
22 34
25 34
15 17
5 15
22 38
22 39
8 31
19 30
17 14
5 29
25 16
20 32
24 38
14 37
13 28
20 13
12 16
13 29
18 24
19 20
11 21
22 40
18 15
13 34
17 22
5 33
5 23
11 39
18 10
25 22
22 12
10 37
10 20
23 31
25 15
10 11
22 15
15 21
13 23
14 28
6 23
15 21
6 32
25 13
13 40
20 17
16 40
10 19
13 23
17 40
14 37
15 40
22 37
17 20
18 22
5 11
11 16
19 30
9 27
6 26
15 17
20 26
16 31
20 23
25 32
9 29
5 18
16 26
16 34
24 19
24 31
21 39
12 29
15 29
5 19
5 29
7 31
13 30
16 36
15 22
11 23
19 11
11 24
5 32
7 20
24 21
20 18
7 32
5 35
15 39
25 22
13 26
7 28
16 22
22 17
25 35
15 31
11 17
19 18
16 18
7 37
21 22
5 34
20 37
12 21
25 26
15 18
9 32
6 16
7 13
14 35
23 39
16 31
18 26
12 40
25 22
13 20
8 36
15 36
11 27
24 23
6 36
16 13
23 23
19 28
11 28
20 21
24 34
9 26
12 36
15 12
23 16
24 40
6 21
21 30
7 39
16 37
24 30
9 18
17 16
16 25
23 14
25 16
15 32
8 16
18 15
5 31
12 26
14 19
9 20
20 30
20 37
13 39
12 24
12 26
11 39
17 20
8 33
23 40
16 14
14 10
20 21
14 26
10 19
13 29
24 31
19 34
11 32
11 10
14 38
12 34
15 24
22 37
13 26
9 28
20 40
25 37
24 14
12 11
9 15
16 39
21 35
19 20
6 22
15 30
15 36
6 13
18 23
17 20
17 33
20 29
8 19
17 39
24 37
9 31
16 27
6 36
19 17
8 36
18 23
6 35
10 33
21 47
39 58
35 37
24 51
33 40
38 38
28 39
20 35
35 64
22 43
34 60
29 61
29 37
26 65
23 48
29 55
25 63
35 52
34 60
26 52
22 58
28 64
38 50
40 52
38 47
23 39
36 43
23 58
31 39
33 37
37 49
36 47
27 65
40 42
24 60
25 55
25 45
35 46
21 48
30 41
33 55
27 62
23 41
31 38
36 45
25 61
22 60
32 36
26 35
29 51
33 63
34 46
27 54
38 37
39 50
25 59
38 50
40 64
21 43
31 62
31 42
27 40
35 60
39 57
25 45
30 55
21 43
33 48
29 53
33 62
37 55
37 38
31 43
32 56
21 37
24 63
39 38
21 42
25 42
31 56
27 36
24 59
21 42
32 36
25 53
34 61
21 51
35 44
22 63
40 41
26 47
32 42
31 41
35 46
33 43
22 65
21 43
23 49
20 62
28 40
36 44
25 54
29 62
24 51
21 60
31 57
23 61
31 56
34 45
25 48
26 36
21 60
31 35
27 57
36 52
36 44
33 61
24 53
39 59
29 47
26 59
26 59
39 65
20 52
38 48
37 60
29 43
28 56
20 56
28 38
25 42
21 38
21 44
36 53
29 58
36 52
20 64
21 36
36 57
29 37
23 49
34 52
22 46
28 61
34 51
33 44
36 43
36 56
37 64
31 50
34 39
39 39
28 43
30 62
40 55
35 36
23 59
32 54
30 57
23 39
34 46
39 64
27 56
20 36
23 60
27 40
37 50
28 65
24 45
24 54
35 61
23 64
24 39
39 55
33 65
34 36
34 38
30 61
24 51
22 45
20 44
40 41
34 57
38 50
20 35
38 65
36 59
27 45
33 48
32 56
24 58
28 53
33 54
37 53
25 41
40 45
28 45
38 44
40 55
37 65
32 60
32 48
35 57
25 46
22 55
31 47
38 56
22 40
34 44
23 44
36 54
40 64
36 39
22 62
30 62
33 47
32 57
25 42
40 50
30 51
24 53
22 49
35 60
27 50
39 45
22 52
27 47
35 58
37 55
33 42
35 48
23 41
26 47
29 49
36 65
21 62
38 60
37 59
25 63
37 57
28 35
34 35
39 56
33 60
24 45
37 59
30 54
21 56
24 44
36 59
42 61
53 84
55 89
51 72
48 83
38 89
42 68
47 65
40 78
52 67
43 90
39 76
47 87
43 74
49 68
49 72
55 86
38 62
35 78
54 75
42 73
46 63
52 68
53 78
38 64
43 80
41 83
40 77
49 69
44 84
49 68
38 84
46 65
42 83
36 67
36 61
37 76
35 69
48 69
53 77
43 79
39 72
48 70
44 89
53 90
42 63
55 82
55 66
47 82
54 77
42 61
53 75
44 80
40 67
46 78
50 70
36 87
48 75
37 79
52 84
54 90
42 81
43 82
40 73
46 81
46 68
35 75
39 66
38 72
44 60
42 61
46 63
52 60
55 60
37 86
53 64
49 76
49 72
46 79
55 79
53 82
54 60
53 75
39 68
44 74
45 84
48 77
55 71
36 68
43 63
44 62
55 86
43 90
36 84
42 89
54 87
43 64
55 84
54 89
36 73
50 66
52 89
44 89
49 67
46 77
42 67
40 73
55 63
50 65
45 90
55 67
38 80
38 78
46 87
40 69
40 87
55 74
39 65
51 60
47 76
52 78
38 63
37 81
46 70
35 62
51 84
41 60
38 79
54 84
44 62
36 84
55 76
46 82
40 74
54 90
45 68
51 78
49 78
46 76
46 89
35 65
42 88
36 63
49 82
36 88
37 86
45 80
37 85
36 88
40 62
39 66
47 72
37 80
50 89
43 83
38 84
45 78
49 90
54 60
45 72
39 70
35 75
44 74
48 71
41 74
43 66
43 80
43 69
41 73
38 72
41 63
54 61
50 80
42 67
49 79
43 75
41 85
44 87
42 63
39 78
52 78
36 64
47 68
47 74
43 79
41 88
55 88
42 67
48 86
37 64
42 61
38 71
51 74
40 61
45 72
47 63
54 68
43 63
53 75
39 65
47 69
50 79
48 88
36 81
48 68
44 62
45 71
48 62
55 76
39 72
39 82
49 86
39 77
45 73
54 73
38 62
37 77
52 88
53 75
51 62
53 70
45 60
47 76
46 73
52 65
52 90
41 66
36 82
44 77
44 80
38 79
48 81
45 68
49 78
40 61
51 73
44 84
44 90
40 74
40 71
43 63
35 69
46 90
36 86
44 61
37 75
35 64
46 84
38 79
49 63
59 114
58 112
64 113
64 114
63 88
67 110
67 100
61 96
62 87
54 112
70 106
56 106
69 97
56 88
69 110
56 101
56 104
52 97
60 90
64 106
59 101
70 96
52 102
63 96
70 112
61 105
70 100
64 93
64 110
66 109
67 99
68 92
67 105
51 101
60 111
56 115
51 105
54 93
63 88
67 110
59 107
58 98
54 107
54 86
70 114
57 88
70 86
69 97
69 113
70 97
61 85
57 85
58 105
65 109
53 110
58 104
66 113
69 106
63 104
65 90
50 99
56 111
51 103
64 87
70 86
57 89
65 106
70 102
51 97
69 86
52 111
67 103
70 105
66 97
66 111
52 107
59 107
64 104
60 107
59 106
68 85
67 106
55 112
61 115
57 99
59 93
62 104
52 114
67 85
52 98
58 108
56 86
59 103
54 105
56 93
56 85
54 85
65 112
66 107
62 114
61 111
57 98
51 85
63 104
58 104
59 109
65 86
57 107
63 97
50 112
51 103
69 111
55 98
59 96
65 102
51 93
67 101
58 107
66 115
62 97
61 94
66 113
62 114
53 114
62 114
69 112
56 105
65 86
58 98
61 86
51 105
56 90
67 114
61 103
61 92
64 99
70 89
51 108
57 112
61 92
56 99
58 92
53 110
50 115
51 104
60 87
70 94
66 95
55 86
56 88
57 110
62 104
52 108
64 110
64 85
54 93
61 91
58 98
62 105
69 90
69 96
63 97
70 95
62 111
62 102
67 99
63 95
52 90
66 98
51 103
69 86
57 110
65 94
67 88
54 101
65 89
51 94
68 98
61 89
54 110
56 85
69 115
55 95
61 97
64 87
57 89
66 109
68 90
58 87
61 112
58 98
60 95
59 97
60 92
67 112
51 90
61 94
70 93
68 92
64 92
50 100
51 92
63 91
53 89
62 103
58 105
68 114
56 104
55 106
55 111
56 110
70 97
53 88
60 101
55 90
59 101
50 87
70 110
58 87
62 95
65 113
65 102
66 114
67 90
63 114
66 89
55 114
64 105
62 89
54 96
51 114
70 111
52 101
63 89
68 101
57 91
70 98
50 92
70 112
59 112
67 93
60 99
68 97
56 92
53 92
53 107
70 93
54 86
68 88
61 97
82 127
68 110
80 119
70 117
84 126
72 140
82 140
75 137
81 123
65 138
67 125
65 134
67 113
68 127
83 139
78 134
71 123
71 121
83 138
80 134
69 129
71 110
79 112
76 140
73 137
72 115
78 121
77 113
74 133
77 125
67 127
84 112
85 139
74 127
77 140
76 112
85 111
78 114
74 137
65 129
75 134
72 110
77 131
78 125
72 134
68 110
73 116
81 115
65 124
66 137
69 110
69 139
70 139
79 113
81 112
74 125
85 124
71 139
76 129
72 122
66 118
71 128
73 120
79 126
69 121
83 114
70 119
74 119
81 112
69 140
82 112
80 139
72 110
67 125
82 115
78 138
82 116
72 136
81 116
73 118
80 132
68 134
70 122
75 116
78 124
73 127
69 128
66 139
84 119
69 113
75 115
79 136
76 123
72 135
83 110
65 111
85 121
77 130
77 139
85 118
78 138
74 136
71 116
67 111
75 112
84 136
65 112
70 126
73 117
79 110
70 120
83 137
78 135
70 124
71 116
71 110
73 123
77 127
69 128
81 111
84 128
79 136
68 123
71 110
74 129
80 136
74 139
82 129
81 113
71 122
66 133
84 121
70 118
65 132
67 121
68 121
72 128
80 124
77 124
82 130
83 121
77 139
65 113
71 138
68 129
83 124
85 132
76 123
69 130
79 130
69 136
65 137
75 113
82 125
79 132
85 128
67 127
81 117
79 111
82 133
74 122
66 138
73 137
77 138
65 124
78 124
65 124
76 132
74 128
74 111
82 118
77 118
78 111
85 121
70 127
66 131
74 116
85 139
76 138
71 129
79 120
77 127
77 119
85 118
71 122
85 113
75 135
84 121
80 135
72 137
78 132
76 118
74 110
81 111
82 140
73 114
81 129
65 140
84 138
69 132
69 123
67 136
78 115
82 111
82 135
70 117
75 118
72 124
66 129
81 113
83 111
71 134
66 136
85 124
68 138
85 139
66 138
66 127
65 139
84 140
83 120
68 117
81 130
67 135
74 112
78 135
65 111
84 127
65 116
85 126
80 112
74 120
84 114
72 140
69 119
76 134
71 110
68 114
65 128
80 137
67 135
78 129
67 114
66 131
69 114
70 119
81 126
80 115
67 122
71 132
83 164
81 142
88 147
87 152
91 145
93 152
85 165
93 164
94 141
89 144
91 154
96 151
83 140
94 158
88 156
87 143
94 161
97 148
94 161
84 139
82 143
93 141
81 157
94 143
97 152
90 141
92 138
87 142
94 143
99 159
98 145
89 146
92 149
89 143
88 155
85 145
88 135
96 138
80 153
80 151
87 160
80 142
96 147
92 139
86 146
85 150
93 161
91 158
99 153
86 151
89 146
93 139
87 145
81 163
94 150
81 164
90 139
98 140
87 152
91 137
97 138
96 149
88 143
92 139
84 138
89 135
88 149
87 154
84 140
99 154
88 164
98 164
100 154
80 148
81 142
96 135
84 163
85 139
96 152
97 162
93 162
88 165
81 162
94 135
99 137
80 153
88 137
81 135
89 151
89 162
88 160
86 164
94 140
81 159
86 144
86 143
80 147
96 144
84 160
83 141
97 160
87 159
100 143
91 153
87 138
98 147
83 141
84 152
93 145
84 137
81 162
91 153
80 149
100 150
93 138
87 136
83 150
94 160
81 152
92 149
81 157
99 152
88 138
99 140
83 145
95 164
91 149
82 151
90 146
93 139
81 155
93 145
95 163
86 160
87 149
98 136
82 136
90 135
94 153
89 148
87 146
81 137
85 161
86 158
83 150
97 152
98 165
86 141
93 164
83 144
83 139
84 150
94 162
93 140
100 152
83 142
100 163
80 156
85 159
98 160
83 138
89 143
99 138
90 161
82 143
88 146
91 149
88 148
82 140
89 155
99 141
84 153
94 140
80 157
88 151
84 136
88 159
88 155
86 153
96 162
87 152
90 141
92 165
99 142
96 142
94 159
99 158
90 147
100 150
88 159
83 150
97 153
85 135
94 138
100 156
97 148
89 139
82 140
82 141
94 138
87 142
90 157
80 138
95 162
85 139
85 151
92 146
94 161
82 143
85 162
94 161
86 137
85 162
82 163
85 155
81 148
100 157
93 160
86 140
98 145
85 140
96 160
99 162
95 161
94 151
80 135
99 135
90 139
88 143
85 163
84 164
83 156
96 150
84 148
100 136
89 161
80 152
82 157
89 142
97 150
94 140
88 165
97 152
91 164
85 138
97 156
81 138
94 152
94 159
95 139
108 181
114 188
99 177
102 179
108 162
107 174
112 177
109 169
108 174
112 187
112 189
101 172
105 186
106 176
106 189
111 167
102 175
108 185
105 182
115 185
96 174
101 186
104 179
103 162
115 167
111 176
110 173
105 162
110 187
103 181
99 163
100 170
108 161
112 177
108 173
97 171
102 177
104 187
98 168
108 166
114 186
109 176
101 177
112 173
97 164
97 165
97 190
108 184
114 176
109 180
100 180
99 184
95 164
98 168
102 177
98 183
96 163
111 178
113 184
99 190
106 162
98 161
105 176
102 189
101 160
114 188
110 176
115 183
106 169
113 190
110 172
114 165
108 188
115 160
96 182
103 175
101 160
97 184
100 166
96 173
102 167
114 181
113 162
109 172
111 169
98 165
102 160
99 161
106 161
100 176
98 188
95 177
97 174
96 170
104 188
110 183
113 162
112 185
103 184
95 171
114 175
109 181
95 185
95 172
113 179
96 179
112 187
103 171
97 170
96 189
103 170
100 170
103 161
112 174
104 169
113 183
112 167
103 169
100 162
101 186
105 176
96 166
99 176
114 183
108 163
111 160
111 168
96 184
95 175
111 160
106 190
108 177
96 162
96 166
100 171
101 185
105 173
110 169
106 173
114 182
107 179
96 188
108 161
102 163
114 186
115 167
108 183
109 189
106 173
112 189
114 163
101 181
101 179
95 174
106 188
115 177
106 185
101 169
95 162
111 168
106 174
98 180
100 162
108 190
103 181
102 170
103 176
109 170
104 187
103 165
107 187
95 165
100 163
99 175
112 185
114 162
106 162
101 171
110 167
105 180
99 164
103 178
103 189
97 183
108 178
110 176
113 176
97 163
114 163
98 182
95 166
113 162
96 171
100 171
95 178
110 172
104 189
110 167
96 186
105 177
101 186
107 185
111 179
97 160
112 171
100 177
100 172
98 182
99 187
114 167
95 161
102 161
110 175
96 180
110 166
98 179
108 164
97 172
101 165
95 173
103 160
110 160
102 177
108 160
98 183
109 185
98 184
103 177
113 190
102 175
112 168
106 166
97 173
111 162
111 187
102 163
96 171
105 164
111 181
113 166
107 171
115 160
104 182
103 168
110 179
112 187
97 183
114 164
95 178
106 182
119 204
123 194
125 209
125 211
113 201
119 209
129 185
118 212
124 194
122 196
117 209
128 208
126 192
120 205
117 187
116 191
124 187
112 203
130 210
127 191
113 198
126 188
121 206
119 185
125 185
123 211
117 203
115 195
113 197
125 200
121 192
113 187
129 185
118 185
130 186
129 187
115 186
112 208
123 188
130 204
120 187
115 211
128 215
128 193
110 188
118 210
121 195
121 200
124 197
117 187
130 204
121 208
125 191
128 194
113 191
120 193
113 195
116 210
110 193
130 205
121 209
119 203
126 191
121 196
127 201
128 215
127 200
127 207
111 190
126 213
117 212
126 201
127 193
118 201
110 193
126 210
121 201
121 187
112 198
119 193
126 209
121 215
123 214
111 211
127 203
125 196
130 211
121 205
117 189
121 204
113 192
126 197
120 207
125 195
117 209
119 212
120 208
121 207
114 198
123 205
116 194
112 197
125 210
129 190
119 186
114 194
123 187
111 212
114 185
124 207
130 208
118 194
130 195
118 186
119 201
112 204
115 203
128 212
122 212
125 194
112 206
119 188
127 189
127 196
116 188
116 212
121 203
121 192
122 189
120 204
126 212
124 198
122 189
125 208
114 192
112 211
118 199
129 204
130 209
111 207
110 215
116 206
110 207
126 199
123 188
121 200
125 191
115 194
125 188
118 191
120 214
112 190
127 211
129 214
121 206
125 196
116 191
129 191
127 214
126 206
127 202
123 212
118 215
125 214
127 188
129 193
118 186
130 195
129 190
127 196
125 212
126 198
121 205
114 211
113 190
122 200
115 204
120 197
110 200
123 201
115 193
110 201
119 190
125 186
124 186
122 187
110 215
119 209
130 187
124 190
122 187
112 210
116 215
115 190
125 195
111 214
114 198
120 212
130 190
126 212
123 190
110 214
124 196
110 207
110 194
124 199
126 201
114 185
111 195
116 211
112 209
123 192
118 188
127 208
114 212
128 197
129 198
116 189
114 185
111 186
130 206
121 203
114 207
123 203
110 206
129 205
115 189
117 203
121 212
125 198
124 208
117 208
115 186
111 211
110 203
121 193
122 192
120 194
125 197
128 212
129 190
127 199
116 193
123 199
115 193
117 209
128 205
122 189
118 193
120 205
134 230
128 210
125 231
140 232
137 214
131 240
133 240
135 227
129 222
130 218
132 236
133 227
129 225
128 211
133 225
141 227
135 226
141 210
131 233
125 214
144 216
128 213
132 225
141 221
140 229
144 223
136 229
127 234
129 229
128 235
142 224
130 217
139 235
137 215
134 237
138 220
140 220
134 216
134 213
134 230
128 212
126 210
139 210
130 236
132 228
130 231
127 238
130 211
135 212
138 214
130 221
127 211
145 238
143 223
139 231
132 227
139 213
132 224
134 219
127 230
141 234
141 239
142 216
137 218
139 210
125 216
131 235
139 239
137 221
136 229
144 222
144 234
128 231
143 226
139 221
128 235
128 224
129 235
139 228
126 238
144 223
126 236
125 216
133 236
131 213
139 226
139 228
138 238
139 224
129 216
132 226
139 240
127 229
133 229
136 233
125 233
135 225
136 218
139 219
125 216
139 227
125 237
126 238
126 223
127 214
145 214
134 225
142 229
131 233
127 219
137 227
127 226
145 225
135 228
133 237
136 214
145 222
130 225
127 231
139 229
133 220
136 224
126 232
128 238
134 215
127 236
128 212
127 229
139 211
138 220
145 237
144 216
137 223
143 223
133 225
142 238
125 230
133 228
137 221
132 232
135 231
125 213
136 236
136 218
138 236
126 233
126 210
130 236
145 229
132 223
134 216
144 235
132 229
132 213
138 237
143 223
125 217
136 217
144 215
135 237
126 240
144 229
132 226
141 221
128 232
137 212
126 212
141 232
138 217
130 231
139 226
131 228
125 226
145 233
142 217
130 228
143 217
125 214
130 230
133 232
139 216
140 218
133 227
126 238
136 232
130 234
131 227
140 237
129 212
125 230
144 217
142 224
132 220
143 212
133 239
141 220
129 226
140 221
145 223
135 232
145 234
138 217
145 235
133 219
143 233
128 212
139 211
134 221
140 240
133 219
136 216
127 211
137 214
128 230
133 226
145 229
126 235
133 226
141 240
128 222
127 229
131 229
128 238
137 238
125 222
140 234
125 235
128 214
134 211
145 223
139 211
145 233
134 235
140 221
126 239
141 223
126 214
140 210
139 239
142 236
128 211
127 234
130 220
137 230
134 228
133 234
135 240
141 223
137 232
126 224
145 248
154 237
155 259
147 252
152 263
159 263
152 265
157 255
142 250
150 253
160 242
150 257
142 261
146 263
152 260
145 238
142 239
141 259
145 240
140 251
149 258
152 262
156 238
157 263
156 258
143 254
160 261
141 238
154 245
153 239
153 243
142 244
155 247
147 242
149 247
154 248
144 239
156 259
151 258
155 259
154 239
157 247
148 253
150 250
144 248
145 235
157 260
147 237
146 244
146 254
160 265
148 256
141 243
140 244
151 237
153 246
149 245
153 235
146 240
155 261
141 237
145 243
143 265
142 236
144 250
142 261
143 253
142 253
152 263
153 258
154 261
145 238
155 260
153 236
157 252
147 251
146 252
149 248
141 265
155 257
157 235
145 262
146 238
140 242
146 242
157 263
157 236
158 242
157 236
147 256
156 236
147 237
145 264
147 236
145 263
147 243
157 245
158 244
158 252
157 244
149 249
159 258
153 239
154 241
143 239
140 255
154 237
157 256
159 240
140 260
143 247
143 262
158 240
159 235
157 258
154 247
145 250
149 253
143 237
147 257
142 254
141 242
150 236
152 255
160 250
150 242
159 250
159 250
150 245
146 243
149 257
148 239
147 260
150 256
159 247
155 262
140 255
154 255
152 262
156 261
155 254
152 240
157 239
145 256
142 238
150 247
145 252
143 263
152 239
142 238
148 263
146 250
150 235
156 241
140 246
152 240
154 265
143 265
150 262
156 251
156 252
141 259
140 246
150 247
155 240
160 263
144 245
148 253
142 249
153 235
150 256
155 255
143 246
154 257
142 242
143 241
151 235
154 260
144 251
159 257
154 250
160 257
159 264
146 264
146 264
159 239
140 238
160 240
149 247
155 256
158 264
144 246
158 259
154 240
140 243
159 264
148 249
146 251
160 261
145 256
151 246
160 244
155 253
151 262
145 240
148 249
160 246
147 235
149 264
155 247
152 235
158 260
145 262
142 259
156 256
147 250
148 242
153 250
159 239
142 255
146 260
144 247
140 262
159 243
148 249
155 262
142 262
158 262
156 265
151 250
145 237
155 256
140 257
154 237
148 247
140 239
141 259
157 243
152 258
151 246
145 237
160 255
156 263
153 257
154 239
140 252
160 237
150 249
160 244
156 252
20 13
22 34
24 12
23 24
11 26
14 10
15 10
22 27
5 13
20 33
15 21
17 20
14 22
11 14
6 17
16 18
20 17
17 13
23 13
5 12
21 18
16 15
17 27
14 14
19 39
10 36
22 13
15 28
17 37
14 12
20 20
14 17
7 20
24 35
11 34
24 10
9 33
8 16
18 36
12 38
19 14
11 38
9 34
17 28
14 15
12 29
22 38
14 10
17 13
18 29
10 27
24 35
24 30
9 28
17 18
18 16
5 16
18 23
20 27
21 28
6 27
10 18
21 39
17 30
24 40
9 37
19 33
15 32
6 29
22 36
7 33
21 12
14 11
5 36
14 21
10 20
22 26
10 20
5 33
21 22
5 15
6 11
25 35
7 18
7 10
15 13
11 11
7 29
18 28
20 28
21 34
15 33
11 24
7 30
15 39
9 34
21 17
7 38
19 27
17 20
24 17
23 14
11 26
23 16
25 13
21 38
13 32
10 16
24 30
22 18
7 35
24 30
8 36
14 39
24 31
17 33
5 29
23 40
9 28
5 15
8 38
20 28
23 32
8 31
7 26
9 39
5 40
5 18
22 12
24 12
12 23
14 25
21 32
15 14
5 28
25 38
8 23
18 11
14 16
20 23
18 28
20 10
20 36
18 17
25 24
8 27
22 40
16 39
20 23
15 36
14 21
20 23
24 19
14 34
24 13
23 14
25 25
5 15
6 22
7 14
6 27
10 30
18 28
11 13
22 28
5 40
5 30
17 30
25 34
8 19
8 27
12 25
13 25
17 18
23 36
15 30
20 11
15 34
16 34
18 29
14 34
11 17
11 37
8 20
21 15
25 22
9 10
22 30
14 22
6 19
23 18
24 27
7 14
23 36
7 13
21 17
6 38
22 18
21 17
15 20
11 12
13 12
15 27
6 26
14 27
6 14
15 30
20 11
11 39
7 28
6 18
24 37
20 14
14 38
18 26
6 32
8 10
13 29
16 21
15 24
14 37
7 29
13 18
13 16
11 24
6 15
10 24
13 38
17 40
13 36
16 10
7 11
21 16
10 24
22 31
7 18
8 24
5 40
22 23
9 34
22 37
15 27
7 37
25 34
16 15
24 19
20 13
17 10
13 10
19 30
28 44
26 41
37 57
21 48
30 43
34 63
26 37
26 45
37 60
40 58
31 56
25 65
37 47
33 65
32 48
25 65
40 48
30 48
33 41
25 40
30 65
27 49
40 50
21 65
37 58
40 40
37 58
31 36
20 36
35 48
27 50
31 39
29 48
37 35
27 44
20 35
40 41
30 42
39 36
31 62
29 61
39 38
34 37
36 55
29 35
20 53
27 45
39 46
27 40
34 44
35 50
26 54
38 54
29 45
24 35
27 47
27 41
34 46
33 50
31 48
35 65
35 63
20 52
34 35
25 54
38 36
37 52
30 58
38 49
27 57
37 41
29 41
36 47
22 55
27 47
27 44
20 62
40 53
31 49
23 37
36 61
34 38
20 55
20 50
20 59
35 49
38 39
40 46
22 35
39 48
31 64
27 58
22 62
27 41
35 61
27 45
27 41
39 35
20 40
22 61
24 50
36 63
37 58
32 40
33 39
27 39
33 40
30 58
39 37
24 43
24 38
21 50
28 64
36 36
36 61
27 35
33 37
37 65
36 38
28 52
36 53
27 42
27 50
40 59
33 62
36 47
33 51
26 38
36 43
27 51
40 63
29 48
35 45
39 59
32 50
34 52
36 64
32 59
35 57
25 65
31 50
21 47
38 39
20 48
27 53
21 48
38 45
34 48
34 40
36 65
33 49
32 54
27 42
31 58
29 61
24 47
36 65
39 43
31 42
22 47
23 52
40 42
32 53
29 48
23 58
29 46
32 59
22 52
39 43
35 62
26 63
24 46
24 65
28 62
38 41
29 64
32 65
36 51
40 58
25 41
24 42
35 55
33 48
29 64
28 48
36 59
21 35
31 40
36 55
36 37
28 40
28 51
31 37
40 51
25 63
29 43
36 42
21 38
20 37
35 46
33 59
20 59
23 38
37 55
28 61
31 53
32 53
32 36
20 39
30 48
31 41
31 38
22 54
31 37
20 39
26 39
32 49
24 55
34 57
32 43
28 62
36 50
38 62
20 38
36 64
39 63
29 42
30 52
20 38
29 47
24 65
32 39
40 44
26 63
34 65
34 50
37 63
40 43
34 47
29 57
26 61
33 49
36 51
21 59
21 52
34 58
22 53
35 61
38 52
32 61
53 85
44 67
46 66
43 74
39 85
45 88
35 81
37 80
39 67
40 81
46 75
44 65
36 66
48 87
37 80
43 66
43 89
49 66
38 88
35 81
47 81
48 68
48 85
37 75
51 67
35 81
40 76
53 84
43 84
37 75
49 68
43 86
41 60
53 66
52 77
48 76
42 71
53 79
54 77
50 63
42 65
54 75
55 79
51 71
40 85
52 83
42 72
52 64
39 77
53 68
46 63
42 71
47 73
52 79
39 89
55 82
39 76
36 81
46 71
46 72
48 85
46 63
45 81
43 78
55 74
47 69
47 74
41 90
55 75
46 83
47 70
46 74
41 80
50 85
39 62
44 64
46 69
48 90
38 73
45 66
40 67
43 69
53 65
54 75
50 85
52 61
53 81
51 85
52 76
53 68
50 83
49 72
37 78
37 60
39 87
38 83
47 81
38 82
38 66
37 72
44 71
35 61
38 85
43 67
40 72
51 86
43 86
35 65
46 77
46 69
46 69
36 73
37 89
41 84
39 68
35 62
39 74
52 74
48 86
37 76
41 63
48 70
36 77
55 67
45 78
41 73
55 75
55 85
45 88
39 73
48 79
39 80
37 76
55 71
38 84
44 77
50 66
55 82
47 70
43 82
40 73
35 85
53 88
38 67
39 62
54 90
46 62
44 83
55 80
41 86
42 87
43 65
53 67
51 81
38 84
43 72
52 75
44 90
42 81
55 64
54 85
38 73
50 78
35 70
53 65
47 76
36 76
39 61
37 72
38 67
36 62
44 69
53 82
43 88
45 74
47 63
54 63
51 90
40 80
37 85
37 75
42 85
46 88
54 79
42 78
51 73
44 70
35 65
35 88
43 72
44 90
53 75
46 89
54 80
40 84
55 70
48 82
41 64
49 60
49 88
39 72
37 64
47 89
53 80
43 65
35 64
36 74
37 65
40 60
43 88
52 68
50 89
45 71
46 78
38 80
55 85
45 81
53 82
37 64
45 73
52 73
40 74
39 61
43 66
38 72
52 83
36 68
42 77
44 80
47 87
55 73
52 68
45 78
44 81
41 72
35 89
41 76
52 78
43 89
52 76
55 83
41 87
36 86
42 76
45 73
37 80
42 61
51 88
45 86
42 68
52 103
64 114
58 102
67 103
62 91
50 107
52 93
58 111
69 115
65 97
64 106
63 91
62 110
65 93
63 104
61 111
53 106
70 91
63 93
51 102
56 109
63 95
56 111
60 85
66 99
58 90
70 94
55 110
59 95
59 108
65 102
60 86
52 95
57 94
52 85
67 113
57 88
62 107
59 94
66 107
54 85
59 111
54 88
63 96
59 107
58 92
69 103
51 97
56 100
63 96
62 101
62 89
68 96
60 100
53 99
55 94
60 114
61 106
55 108
53 95
50 88
68 106
59 110
67 99
50 108
69 103
66 114
58 108
62 99
65 111
52 95
52 96
62 92
53 91
61 86
59 95
66 86
57 109
69 87
64 85
60 114
58 114
52 93
64 90
61 109
56 102
54 86
50 95
67 110
60 88
56 115
65 115
51 96
70 110
52 112
67 86
55 94
65 106
65 101
69 89
63 107
64 98
59 101
61 112
64 91
61 90
66 94
67 90
55 108
64 115
59 106
66 100
59 114
69 98
65 114
57 110
65 91
51 94
61 114
55 115
61 88
51 93
68 89
69 88
63 96
55 101
69 86
63 113
59 86
59 98
51 112
58 101
60 97
69 104
70 115
52 96
68 103
63 101
69 87
65 102
52 102
59 97
69 113
54 102
59 104
56 112
52 89
55 98
50 89
61 106
54 103
57 87
61 103
62 111
59 87
69 85
54 96
56 89
56 104
57 91
69 101
53 103
54 93
58 86
57 85
52 97
58 106
59 106
55 114
55 112
55 110
70 101
58 91
61 98
61 91
56 113
58 101
55 94
64 98
65 89
60 114
61 112
52 111
62 112
50 114
67 108
67 101
63 111
69 110
66 97
68 109
64 108
58 109
66 85
60 93
52 100
55 101
63 110
61 111
60 88
69 96
63 98
67 114
68 100
56 98
50 106
64 91
57 96
61 96
50 86
61 99
66 109
62 112
67 94
60 89
60 96
57 89
51 94
56 114
66 108
61 106
62 96
58 110
53 109
68 85
67 108
54 93
69 93
68 85
67 107
70 111
61 103
55 108
57 114
60 104
70 111
69 88
50 89
55 111
52 86
52 103
56 89
56 90
70 113
68 112
56 91
69 105
70 106
58 102
62 112
75 118
79 122
83 136
76 117
78 120
67 124
73 138
85 132
75 140
81 114
76 116
66 127
80 111
75 111
72 132
81 131
74 127
66 119
84 128
70 112
67 132
71 132
76 112
67 130
65 140
70 135
80 111
85 138
69 124
73 129
71 137
69 113
76 120
83 136
80 137
84 132
69 122
68 113
71 133
75 123
84 122
80 136
82 124
85 126
84 129
74 112
74 121
81 135
80 125
73 125
74 123
67 136
72 128
69 116
74 128
82 139
72 132
85 121
67 122
65 112
68 137
67 122
65 114
74 136
71 132
66 139
84 127
71 138
73 129
83 118
67 128
67 113
67 136
73 122
81 119
65 114
83 123
75 121
82 128
75 116
78 125
84 123
79 136
80 111
78 120
79 126
67 122
85 115
79 110
70 123
79 140
72 123
69 137
70 138
78 137
69 131
70 115
77 118
67 118
83 121
80 124
72 127
70 123
84 111
75 117
70 131
70 137
74 125
71 132
75 114
73 123
83 135
77 132
74 127
77 119
72 129
80 131
65 127
82 133
81 125
84 138
71 113
77 115
75 124
70 139
75 122
75 116
66 140
77 118
80 138
79 117
72 114
77 127
72 140
67 114
76 118
65 128
66 135
73 137
70 128
72 132
67 116
85 116
83 133
77 125
76 136
74 112
75 128
68 128
71 136
80 139
68 133
75 120
69 118
74 131
71 140
66 134
77 115
73 114
73 119
80 127
65 116
81 112
65 114
68 118
85 120
85 139
76 132
67 126
65 121
67 131
71 125
76 121
65 123
67 128
81 140
69 134
83 130
67 140
80 124
65 130
65 122
80 134
69 133
67 139
72 124
74 121
68 112
73 126
81 112
75 114
71 114
65 114
75 132
83 126
72 117
83 137
81 131
79 129
68 138
69 122
81 114
65 115
73 120
66 129
81 131
75 121
66 129
66 125
77 125
79 121
80 111
85 119
83 135
76 111
70 122
74 139
69 114
82 131
79 133
77 135
70 110
70 114
73 128
83 135
65 126
79 135
84 118
69 118
69 137
81 131
70 131
73 133
75 129
83 118
65 132
71 129
71 112
75 119
78 120
77 131
78 115
70 122
82 124
69 122
66 135
73 126
65 127
77 119
81 131
89 146
94 150
99 138
82 155
92 140
90 145
84 158
88 141
93 159
96 155
83 163
92 140
98 165
82 156
98 160
94 156
92 156
98 137
84 157
95 137
90 156
99 156
86 160
100 150
84 150
91 157
86 153
94 157
93 151
90 157
92 154
95 147
90 152
90 136
87 142
89 137
88 146
87 143
87 153
88 154
97 160
97 145
97 138
86 161
84 145
98 160
98 162
95 143
100 156
100 154
88 141
99 158
89 147
85 153
89 156
85 165
87 147
87 161
87 144
91 135
85 139
84 152
98 136
87 146
81 135
99 153
91 156
81 157
81 142
94 165
96 145
93 146
96 140
83 140
87 158
94 135
80 164
90 159
94 144
91 152
100 139
82 149
86 146
87 160
87 143
93 146
96 155
81 145
81 159
92 141
97 152
96 145
80 158
90 147
98 143
86 142
90 165
84 140
91 157
100 159
85 159
96 151
96 160
90 142
100 142
80 137
85 152
88 141
97 151
95 141
99 146
89 139
88 136
80 151
98 145
92 154
89 144
83 150
82 162
97 155
93 137
94 161
88 137
98 159
99 149
99 142
89 146
81 137
97 157
91 138
80 158
97 137
88 160
92 136
89 138
90 158
81 144
94 156
82 150
94 160
99 148
95 159
95 148
82 139
95 147
81 138
92 161
82 139
94 153
86 144
96 160
99 158
96 149
86 147
99 162
96 163
87 141
83 137
84 149
91 155
95 146
92 164
85 158
84 162
81 143
99 163
82 135
94 139
85 136
94 148
95 154
99 141
98 162
81 143
85 147
98 137
100 151
84 164
100 165
81 150
95 161
96 141
95 135
95 144
85 159
80 163
93 164
81 138
99 145
89 136
92 139
100 147
93 135
94 160
90 138
91 140
93 151
100 157
94 155
82 149
98 155
98 157
98 149
100 146
100 136
96 147
94 149
99 156
97 138
95 145
82 157
89 136
89 160
98 157
80 154
99 157
99 149
87 160
90 138
88 153
92 151
97 142
95 156
87 145
82 146
96 163
84 138
98 141
89 153
91 141
93 164
84 149
80 143
82 142
93 147
98 148
91 155
85 160
84 150
95 138
92 157
88 160
88 161
85 154
99 161
83 152
80 153
96 138
94 139
89 139
99 162
101 171
113 164
114 190
114 167
98 173
114 189
97 181
110 168
96 162
96 190
115 182
104 177
95 170
105 162
99 165
106 189
100 184
112 180
100 180
107 181
96 183
114 170
110 169
104 181
96 177
114 190
102 165
108 161
101 163
107 188
107 165
112 182
103 185
114 177
99 166
95 177
112 185
102 171
103 171
97 175
96 178
103 164
101 185
107 165
114 167
115 161
99 185
101 165
102 162
96 163
106 188
110 166
113 173
109 181
111 176
106 178
110 174
99 184
112 183
105 163
113 187
97 166
98 185
106 167
104 160
112 162
107 187
97 175
107 183
106 189
102 167
97 168
114 163
115 187
97 186
100 182
112 190
113 168
109 168
100 178
114 183
115 162
108 186
113 184
108 180
105 184
102 166
115 176
112 188
112 162
101 168
109 172
104 180
113 188
113 164
97 164
96 162
99 174
114 181
110 173
102 188
102 162
110 165
113 168
97 187
100 184
112 161
99 169
101 183
99 177
96 180
111 180
99 184
111 180
114 166
107 180
108 168
115 162
97 168
109 173
106 178
104 166
108 168
102 168
108 181
115 184
110 171
112 162
108 174
115 175
97 184
110 181
102 186
113 170
101 162
106 164
100 186
95 166
106 182
108 161
111 166
112 181
98 166
100 181
98 169
97 168
106 168
111 190
101 179
99 163
96 189
103 166
108 175
95 184
107 183
99 177
98 176
107 173
106 185
115 169
113 164
111 164
112 174
101 172
95 169
110 182
99 180
99 187
100 169
112 170
110 171
115 187
115 160
98 176
102 170
95 186
97 171
106 184
95 161
95 186
99 179
114 175
107 172
95 169
99 190
106 180
113 172
110 165
95 184
96 162
114 175
102 175
108 186
114 176
107 171
107 164
105 186
115 166
105 188
112 186
110 160
103 166
112 188
97 180
114 189
96 180
97 177
110 164
97 170
103 166
102 189
98 179
102 187
111 189
95 165
99 180
113 164
97 173
108 164
105 178
101 182
98 172
109 171
98 179
101 165
101 167
101 161
101 185
105 176
98 179
107 172
95 183
112 161
96 172
99 166
111 164
112 166
112 163
109 161
98 163
101 173
106 167
112 164
114 169
110 178
109 170
99 163
106 171
107 166
116 192
130 206
112 192
129 214
113 195
126 215
120 188
124 206
117 209
121 190
124 198
112 211
117 205
127 209
114 187
116 205
130 193
122 204
127 189
128 210
128 197
114 209
118 186
113 206
113 190
128 208
128 203
111 192
113 201
111 189
113 211
128 208
119 187
112 202
125 208
113 204
119 187
128 203
112 206
122 211
122 187
130 194
115 186
122 209
126 195
126 185
129 205
127 193
127 185
120 210
125 187
112 212
130 206
130 190
125 206
112 187
125 197
124 195
128 209
117 213
127 215
117 193
121 202
128 191
129 191
127 191
110 196
126 196
123 200
126 194
110 196
122 210
126 205
122 189
118 189
112 200
129 213
125 203
119 189
122 213
128 208
129 201
113 189
123 215
114 194
130 205
110 202
128 197
124 200
116 200
116 201
116 205
124 206
119 211
121 215
116 187
118 212
113 204
126 197
113 200
129 211
111 193
123 200
122 201
118 188
115 202
112 214
125 186
120 197
126 194
110 203
116 214
115 212
128 195
129 191
128 211
110 212
123 194
126 204
125 193
110 206
123 193
121 215
128 190
117 188
125 206
121 208
124 187
115 188
122 206
117 191
129 191
116 203
128 196
124 192
112 211
119 196
126 198
127 197
126 206
111 215
118 189
118 210
116 189
118 204
123 187
115 195
130 207
128 206
118 185
114 202
114 207
111 214
121 190
120 206
129 207
123 187
114 193
112 215
120 206
114 190
111 192
121 215
127 196
124 215
128 201
121 190
119 197
111 195
117 197
115 195
113 201
116 212
127 189
123 189
124 197
117 203
115 206
122 200
113 191
112 193
110 212
112 211
113 200
118 207
122 186
120 211
116 195
128 194
130 200
116 192
113 203
116 196
117 193
116 190
110 193
121 185
111 210
119 196
121 212
124 186
113 186
125 197
128 201
118 207
129 215
118 209
115 203
116 207
118 186
112 189
130 194
116 197
111 213
114 194
117 208
123 204
129 190
127 186
126 203
119 205
129 201
122 187
117 204
126 211
117 207
110 212
116 186
113 186
127 214
128 207
110 204
121 196
125 191
121 197
122 186
129 194
123 199
122 204
115 188
119 203
110 196
126 206
121 204
122 193
114 214
118 189
126 190
110 193
114 210
140 211
134 229
127 222
125 230
142 239
143 223
138 226
138 234
127 212
128 235
134 236
145 216
136 216
141 220
145 229
145 211
137 237
131 210
130 228
131 217
132 221
131 238
144 219
128 237
125 211
138 230
138 221
130 230
127 212
135 240
142 238
138 222
139 226
145 210
125 239
142 227
129 235
127 211
143 215
125 223
136 227
130 239
144 234
127 223
132 223
125 226
144 219
134 212
135 215
132 237
133 220
139 218
129 236
139 217
144 215
140 212
126 233
135 226
131 224
145 220
126 216
139 212
136 231
133 218
130 218
135 236
141 225
130 229
141 221
142 218
132 226
125 212
135 216
132 230
145 222
132 222
128 232
144 211
143 228
139 213
142 221
138 217
127 210
133 214
136 230
135 232
137 229
127 219
144 219
141 221
136 234
142 219
144 213
132 234
142 225
139 222
126 234
126 225
144 224
145 211
134 238
128 217
144 225
125 218
138 221
138 225
141 216
141 228
125 238
129 239
144 214
131 211
126 240
145 227
139 213
130 225
129 218
127 226
138 215
143 225
142 217
132 227
141 230
127 233
126 222
135 238
126 237
141 221
126 224
143 217
136 222
137 228
133 219
141 221
140 232
127 238
145 234
144 222
131 227
134 238
129 229
129 224
136 232
128 220
137 228
125 231
145 215
144 230
129 217
129 237
128 233
130 239
135 216
140 236
126 219
125 231
144 226
133 223
125 235
144 219
134 218
141 222
135 215
139 235
126 237
134 219
125 221
129 213
139 222
131 219
145 230
145 226
133 240
130 220
141 230
144 216
144 226
136 216
128 224
125 240
144 227
132 240
144 222
132 225
134 238
132 224
142 232
126 230
133 237
133 223
131 225
132 220
144 210
136 228
144 222
130 234
141 231
138 236
126 232
129 234
135 210
141 213
138 213
131 218
126 230
127 222
125 215
135 211
128 213
145 229
132 211
141 221
139 212
137 233
127 223
128 220
129 230
141 210
140 213
140 228
139 236
128 236
129 229
134 210
134 223
131 214
133 239
139 214
129 227
139 231
143 216
142 218
139 220
141 224
135 221
127 215
129 210
138 212
139 236
137 218
131 228
137 231
141 233
136 224
131 225
126 217
142 211
128 225
131 228
140 234
146 235
157 237
158 262
156 250
147 238
147 264
143 235
142 241
141 244
152 237
155 255
150 247
149 255
158 265
150 261
148 238
147 254
143 256
149 241
152 240
142 262
146 264
156 253
160 253
159 255
143 251
142 260
160 261
143 260
141 255
148 248
145 244
153 260
156 249
144 238
156 240
143 251
148 255
147 239
154 261
157 260
154 264
147 242
145 265
147 251
142 252
153 242
145 261
152 257
142 265
143 258
140 253
156 242
140 247
153 250
144 265
149 252
143 258
148 254
143 256
150 241
147 264
150 264
145 246
149 236
156 245
144 246
156 265
160 238
159 261
147 250
160 256
160 256
148 256
147 237
141 247
154 251
160 253
158 237
146 235
149 241
157 258
154 239
148 236
145 236
145 258
150 255
145 248
144 262
154 254
142 249
148 238
140 244
140 244
149 252
142 247
143 251
146 241
150 259
150 262
140 237
144 243
156 265
155 265
140 257
149 256
159 252
160 235
159 247
155 239
141 248
142 254
154 251
141 251
140 238
154 237
143 262
147 261
145 263
155 253
144 246
148 256
155 265
160 255
142 263
159 244
148 241
148 242
147 257
160 264
156 236
145 261
149 240
154 255
150 249
160 256
148 249
154 254
149 264
154 258
144 236
153 237
150 262
149 261
145 263
141 245
141 256
155 260
155 258
142 260
154 253
154 264
143 258
140 247
140 262
142 248
143 239
154 235
153 255
148 251
148 251
154 249
154 263
159 264
156 253
151 259
159 241
146 241
153 242
153 252
156 255
152 262
146 245
152 256
143 257
153 252
146 235
160 245
153 241
147 248
152 264
153 263
140 264
149 264
143 252
142 240
153 246
156 263
156 262
153 256
144 260
148 257
150 238
149 254
140 242
149 236
151 243
140 241
159 264
142 243
147 253
158 253
155 249
154 254
157 238
144 260
152 248
147 256
158 250
142 259
147 245
147 259
150 254
150 254
155 236
147 264
153 242
158 252
153 265
153 263
159 245
148 265
147 243
150 242
147 262
158 246
140 256
152 253
149 236
155 256
150 235
142 256
160 235
145 260
151 245
160 236
150 245
160 246
159 253
157 243
159 249
159 251
158 259
144 244
148 243
146 261
155 251
156 247
148 254
145 251
