4000 100198
58 81
8 69
59 86
20 93
62 39
36 81
43 64
28 51
86 1
18 27
79 98
88 7
43 6
40 18
24 99
18 61
71 81
71 85
93 6
3 94
99 89
87 42
52 38
75 60
77 10
27 53
71 29
69 77
5 84
6 29
56 22
15 64
14 49
14 7
34 8
27 87
1 40
29 71
6 90
39 40
46 50
36 39
26 98
40 55
75 9
2 97
9 68
97 89
72 81
1 25
99 35
22 21
40 66
3 72
96 32
68 28
29 25
18 12
36 56
85 60
24 92
91 77
99 24
89 40
57 35
85 31
67 79
57 26
13 54
73 20
95 66
10 3
8 58
73 15
49 9
35 66
74 63
57 28
31 7
97 44
9 53
82 41
18 16
48 70
84 12
13 100
15 49
64 88
30 11
2 4
48 48
5 3
93 32
47 23
45 94
49 19
31 5
12 72
57 44
95 58
36 91
4 61
4 12
43 1
76 76
52 73
77 66
1 38
60 100
60 24
49 33
20 4
41 64
66 49
68 74
24 28
30 100
34 22
39 15
11 10
36 78
86 62
16 64
80 9
84 84
12 58
80 27
66 89
75 29
88 71
60 98
10 72
91 31
63 10
53 24
18 58
66 34
81 41
70 96
77 85
40 65
18 28
97 89
80 28
83 28
16 62
55 55
12 27
49 35
93 22
23 89
36 12
31 83
90 52
15 73
14 19
53 9
46 99
32 59
28 90
34 21
91 56
37 13
24 4
6 17
41 36
94 61
71 50
22 76
63 56
100 35
13 92
81 36
96 75
93 72
63 15
11 88
99 26
27 94
59 22
92 99
1 82
47 86
22 34
42 33
13 58
87 52
94 42
59 56
18 62
21 83
44 29
61 17
10 95
19 32
66 86
50 82
12 92
88 87
71 57
75 100
87 73
84 49
7 87
82 47
28 20
21 1
44 34
26 97
47 94
55 56
69 96
99 27
1 93
90 81
40 60
13 50
29 32
34 53
23 57
98 93
6 35
66 85
58 61
15 81
85 16
75 98
65 62
48 60
15 85
87 70
22 11
1 9
22 18
80 49
35 56
49 89
1 49
78 41
27 38
99 95
32 96
95 85
50 21
84 40
37 65
89 32
49 89
65 48
74 84
71 46
14 92
32 70
89 30
24 4
46 50
25 98
98 2
62 63
72 9
12 38
49 33
46 19
65 46
22 50
25 67
51 53
71 91
25 67
28 94
97 80
76 13
12 41
43 64
25 86
95 81
79 80
65 17
43 69
95 27
39 53
66 66
9 70
70 74
6 96
84 73
67 76
30 45
81 26
29 38
1 53
45 63
29 70
46 71
61 61
50 72
71 89
11 13
72 14
47 55
38 58
20 93
22 68
1 99
63 8
98 5
48 79
93 87
63 21
42 99
88 65
53 25
7 65
48 86
74 99
12 12
31 58
40 74
41 56
63 84
20 63
94 8
7 98
48 33
39 30
67 10
50 4
9 18
29 75
73 69
8 72
19 32
93 61
29 91
19 30
7 68
79 95
66 60
99 6
41 68
8 11
86 22
45 92
66 75
85 59
18 42
30 38
15 16
9 67
70 93
78 51
29 30
63 52
84 1
28 14
54 81
3 10
29 69
62 98
31 36
2 37
21 69
1 68
94 97
50 12
20 49
52 16
80 58
37 9
50 73
72 25
96 19
88 46
16 69
62 45
72 4
85 10
91 82
87 71
93 29
12 26
64 74
73 10
27 77
99 26
1 23
80 57
53 87
29 91
93 54
36 23
82 79
14 74
36 90
27 27
15 37
7 38
78 94
46 95
44 98
28 18
17 19
39 68
67 63
32 39
52 64
38 18
16 1
42 45
76 40
8 29
6 22
39 13
81 38
84 98
90 90
33 12
15 54
94 77
13 54
7 59
29 99
47 32
72 85
17 40
73 58
38 21
23 29
51 3
83 15
18 27
30 20
99 86
9 46
96 82
82 76
60 10
85 51
97 76
54 6
61 90
57 4
11 28
51 55
89 93
94 25
40 44
73 4
8 31
86 20
37 9
66 41
14 70
83 40
38 25
82 61
56 49
75 46
5 90
6 51
10 12
74 68
87 22
8 49
82 13
34 3
42 25
94 22
18 5
38 100
47 28
30 95
46 56
57 7
81 1
86 48
2 31
72 44
58 4
9 13
57 16
95 12
74 54
23 37
77 4
63 78
4 98
32 52
90 75
60 87
89 55
99 39
34 6
27 76
58 87
67 18
60 31
99 11
60 92
30 35
89 11
58 71
59 81
34 66
66 77
39 33
20 65
67 59
11 77
29 68
75 24
19 44
75 32
49 29
41 80
52 35
11 58
45 29
35 38
100 33
4 67
76 44
50 71
89 72
2 72
8 57
8 42
14 2
6 20
67 85
43 88
94 30
77 55
1 21
80 47
42 83
92 53
51 63
9 93
54 81
31 31
83 16
72 76
6 14
83 44
13 8
57 100
46 54
57 36
43 37
97 86
12 55
70 81
47 8
53 26
24 52
6 16
60 19
37 5
11 35
78 3
31 44
57 16
54 57
83 16
88 14
96 91
74 69
90 77
4 84
27 1
20 59
38 51
99 77
25 72
73 47
63 36
33 71
18 100
71 71
28 59
14 37
34 77
97 91
12 44
86 3
20 94
17 11
97 21
8 98
80 46
75 24
38 94
88 13
80 32
21 9
75 27
75 23
46 29
16 55
30 58
25 30
35 13
20 8
23 58
60 36
92 6
85 93
44 6
9 5
7 15
71 16
74 93
40 92
20 7
38 36
26 46
39 100
54 99
74 66
47 50
85 96
48 41
36 43
72 8
28 25
8 3
98 86
54 47
54 32
13 40
36 56
78 61
100 52
55 15
52 70
11 39
46 21
88 62
54 44
6 77
94 28
77 12
79 70
33 19
96 18
68 57
10 64
34 17
22 55
84 82
32 18
58 50
83 74
20 60
30 10
62 98
27 63
79 95
68 96
32 46
44 87
3 3
61 6
43 90
57 18
12 27
5 29
54 38
51 88
58 24
59 66
44 67
86 35
89 35
29 86
81 52
57 92
90 1
67 21
30 46
25 34
50 38
87 48
8 60
69 50
68 57
21 9
48 64
99 3
88 5
79 9
42 89
42 59
40 66
36 79
50 76
3 92
40 7
3 65
54 31
49 82
61 31
49 97
35 17
2 65
29 34
15 68
58 8
19 87
33 40
39 6
43 20
83 78
25 53
2 31
51 79
45 61
23 40
98 42
43 63
62 96
29 50
36 52
56 54
20 15
23 82
5 30
22 6
14 40
8 94
27 36
62 21
20 76
28 84
48 89
21 93
56 18
15 9
30 100
26 4
47 48
68 5
69 75
29 77
45 57
22 6
32 55
89 17
96 45
81 96
83 32
10 40
9 45
70 83
65 93
80 11
92 16
69 74
54 16
5 7
28 20
32 3
18 27
100 95
59 87
66 16
20 87
67 56
80 76
2 39
92 59
78 23
69 43
12 85
7 100
65 52
34 90
90 6
5 68
29 86
70 2
87 51
90 25
31 98
8 33
54 70
10 9
99 100
75 43
15 24
55 6
54 14
47 79
73 85
53 61
5 17
38 52
25 47
71 72
69 27
26 85
15 82
46 49
46 80
26 66
4 100
11 31
59 8
93 6
15 50
40 93
15 59
54 1
29 70
45 56
61 85
35 91
6 64
60 85
9 85
21 40
14 42
62 99
67 18
38 26
15 59
23 86
75 77
91 57
46 57
95 55
16 94
60 90
41 56
61 73
85 7
96 55
71 3
96 14
89 12
38 52
87 59
55 22
91 4
15 28
99 78
51 89
1 18
56 41
62 73
9 54
76 32
76 66
23 52
94 1
65 92
89 10
69 86
92 20
79 19
66 94
86 27
94 12
25 83
78 82
6 84
61 90
74 88
29 86
56 55
14 52
66 89
42 13
68 73
56 93
9 92
18 50
58 33
9 61
73 43
20 5
70 15
1 74
47 22
92 18
46 75
11 65
80 80
66 12
2 37
10 98
31 6
88 63
55 9
55 88
17 44
60 92
16 29
90 83
88 29
23 84
55 34
53 69
17 48
74 59
60 13
25 92
91 60
18 45
33 4
16 2
37 1
54 70
16 28
83 23
45 88
13 54
45 87
76 67
79 65
47 23
85 64
9 22
86 85
39 72
16 10
2 80
99 15
31 90
44 15
38 43
5 25
50 100
43 63
21 25
24 58
2 76
45 16
14 18
71 20
30 71
81 71
59 21
83 41
96 98
93 43
80 28
9 3
38 29
55 46
39 68
84 4
92 9
47 89
21 88
30 32
14 50
22 20
80 98
44 92
17 86
70 40
1 16
67 85
12 2
21 40
90 43
65 77
18 7
55 60
36 49
99 78
36 82
94 69
33 18
83 80
39 11
12 97
43 82
76 91
19 42
81 1
11 94
10 2
80 42
31 34
91 85
93 43
4 53
71 82
89 34
73 38
40 73
89 50
39 74
3 74
61 41
80 16
67 3
30 48
86 27
54 51
28 25
21 9
100 19
61 42
56 40
38 81
24 38
98 73
13 71
42 31
31 74
75 65
51 32
62 67
57 98
94 16
6 61
60 2
16 97
94 95
84 91
7 69
34 96
22 64
9 94
47 36
53 32
75 48
76 83
39 10
81 50
56 7
11 18
80 20
16 48
66 9
17 100
91 37
16 82
81 23
33 67
98 7
55 87
35 50
59 73
11 36
28 17
64 33
22 37
95 13
10 79
6 79
1 33
95 74
79 94
9 79
41 10
32 25
36 78
69 44
70 35
16 28
24 51
80 4
95 99
91 50
98 13
63 99
81 39
13 94
43 21
65 57
10 52
97 59
52 7
20 76
59 94
31 23
83 60
32 82
26 88
92 39
89 60
26 72
39 64
68 5
35 50
79 73
51 30
22 80
47 69
20 64
37 7
22 19
51 19
83 5
12 20
100 31
45 55
45 58
64 76
87 27
9 15
73 27
35 85
12 21
44 2
45 30
43 95
27 62
76 11
68 82
70 52
17 22
45 6
8 15
84 27
31 7
39 40
86 8
52 86
37 8
57 23
40 44
59 26
7 41
74 1
70 45
59 72
18 7
66 55
22 47
56 34
75 69
47 74
42 70
86 41
90 27
86 100
80 87
68 88
14 10
47 21
90 39
30 84
92 26
97 6
65 62
22 32
87 45
50 69
26 18
24 52
6 91
65 13
34 29
64 31
91 13
3 25
22 2
60 20
21 79
44 1
16 5
47 99
90 26
9 74
32 91
31 52
95 73
64 78
99 92
60 35
62 98
88 82
41 70
53 23
36 87
5 31
27 6
23 83
6 51
4 75
98 34
63 41
20 88
31 62
78 23
10 52
85 87
100 77
70 23
5 17
95 77
37 27
51 16
36 54
45 1
35 6
66 57
91 25
98 83
64 48
2 59
59 32
3 82
42 28
64 54
39 20
98 10
42 60
61 3
55 60
45 34
10 88
17 52
16 73
40 50
95 75
26 25
24 88
46 51
47 47
81 56
92 79
83 26
31 71
27 32
79 26
65 29
44 88
70 50
14 63
60 88
71 61
25 95
62 21
65 40
88 48
100 40
62 2
81 59
12 94
17 61
25 45
21 82
85 13
40 17
60 83
31 87
17 93
36 22
76 89
63 92
16 77
19 67
97 17
98 100
45 98
76 94
15 28
41 85
97 95
28 90
100 24
67 7
52 84
61 44
31 47
91 84
61 84
45 48
71 94
72 29
61 60
47 38
93 62
97 24
39 7
4 44
28 10
55 51
91 17
3 50
70 42
6 46
22 16
18 10
56 45
18 65
93 3
70 24
58 2
89 50
49 13
57 25
8 56
53 49
18 69
90 54
43 84
30 4
34 1
66 77
1 32
46 13
12 67
45 46
43 36
50 25
49 89
70 98
57 75
91 58
24 47
78 69
49 3
97 15
47 78
4 47
67 79
40 33
25 22
24 80
80 82
73 34
33 5
39 89
25 34
2 25
81 43
20 17
31 28
14 95
85 46
83 11
12 7
48 12
28 56
54 95
98 36
28 97
75 92
6 62
18 6
98 38
35 30
66 8
47 4
81 8
69 6
13 83
72 92
45 27
88 62
4 25
18 12
72 18
42 13
94 98
73 42
22 7
13 66
55 21
88 2
49 11
38 84
99 60
97 74
65 91
4 54
46 61
44 39
30 45
3 23
61 44
79 35
37 52
79 3
25 38
69 11
99 60
89 72
41 54
44 38
77 86
44 78
61 50
48 3
37 43
6 99
21 97
11 49
19 64
27 69
98 2
67 75
64 52
48 14
15 48
80 95
3 19
60 9
23 33
32 64
62 83
36 29
10 50
50 34
66 83
87 39
19 97
64 43
75 63
59 50
7 80
51 48
54 28
19 81
51 50
90 22
25 79
23 98
52 22
95 43
49 67
1 24
13 17
13 70
48 89
28 16
44 16
2 7
39 76
19 49
85 22
53 58
6 29
47 23
2 44
71 11
33 62
72 40
34 53
59 76
82 89
93 33
62 23
35 68
63 13
12 24
77 89
39 44
34 22
28 11
33 86
82 40
29 86
98 54
46 61
28 74
25 69
90 77
30 32
15 97
60 25
66 54
67 6
65 5
12 76
21 49
35 15
96 89
92 40
20 20
55 64
74 81
64 4
16 38
60 48
27 68
79 62
36 37
17 11
12 35
16 99
50 96
45 74
44 84
47 49
91 34
71 9
23 70
32 10
52 92
89 18
43 86
70 45
8 23
7 42
33 73
28 24
93 57
29 13
71 15
12 28
35 29
96 95
28 31
2 66
56 43
6 98
80 79
43 31
22 61
43 13
58 29
71 56
87 38
1 64
69 57
29 72
24 72
43 26
12 33
27 63
32 43
54 71
48 60
39 17
12 12
81 84
18 92
4 20
9 48
88 7
68 47
95 76
84 1
95 77
96 94
91 43
100 27
75 72
33 73
21 87
17 37
91 53
44 94
55 74
43 16
64 50
84 45
18 87
7 27
95 30
97 2
90 69
1 100
44 13
80 38
12 63
24 48
97 29
16 83
84 95
36 35
83 81
78 23
71 36
29 10
73 68
61 30
80 36
99 39
46 55
52 74
67 27
88 7
95 19
22 1
30 23
11 69
57 97
100 61
69 95
51 26
48 14
10 16
3 77
91 26
89 5
15 92
67 25
37 33
30 74
50 20
72 68
64 54
80 94
95 55
44 63
4 61
55 36
23 50
3 51
100 90
74 75
69 78
87 97
21 94
42 78
69 71
31 14
98 26
20 31
51 60
1 4
67 45
60 75
3 80
9 22
48 79
17 71
27 47
36 64
98 96
77 18
7 83
13 2
8 63
1 37
56 16
11 23
8 24
30 18
13 25
59 14
56 92
34 2
98 62
76 37
27 31
18 32
58 50
25 9
37 14
60 10
77 12
55 58
19 84
79 43
15 32
18 15
48 66
42 30
53 78
97 61
70 99
11 12
10 14
77 61
64 100
17 30
87 35
71 23
99 47
52 59
29 36
54 90
37 13
78 49
81 27
63 95
95 32
90 76
39 3
83 46
49 85
67 66
37 55
19 21
98 9
52 86
36 87
45 74
45 67
88 16
93 86
14 65
50 27
54 52
90 77
13 26
23 81
28 11
83 48
21 79
79 22
64 36
74 68
15 86
93 36
6 94
30 32
88 68
95 70
20 87
70 13
95 6
87 52
59 67
13 26
84 12
62 53
48 64
80 37
6 71
87 79
72 23
71 36
36 57
78 74
60 12
1 82
100 6
87 75
35 82
20 84
18 48
50 17
45 51
84 85
43 52
2 97
65 16
30 19
48 66
85 2
51 83
42 23
71 54
61 50
6 49
6 65
22 54
5 64
85 2
79 24
91 43
8 76
49 11
78 99
37 1
60 75
30 33
36 58
47 1
65 14
7 41
16 48
14 82
3 43
99 32
56 85
4 39
64 47
37 4
3 56
100 1
88 38
44 79
22 6
100 87
49 79
27 70
22 92
53 42
63 23
52 16
95 84
22 50
1 78
25 35
59 2
60 52
54 67
94 59
58 52
18 32
53 51
25 99
84 13
55 94
76 82
39 97
11 32
39 81
76 52
13 88
90 81
15 90
9 66
11 86
14 28
9 96
89 7
87 20
14 37
51 82
39 87
8 73
72 83
91 64
84 7
82 85
2 16
90 25
28 43
12 67
59 8
80 46
36 18
42 20
86 39
11 51
81 68
96 22
1 31
8 20
61 9
90 63
74 61
69 26
52 48
39 88
29 21
40 7
78 7
42 10
90 88
68 93
2 82
14 22
58 57
85 40
95 6
59 24
26 64
74 1
22 42
85 71
53 46
58 11
26 42
39 36
20 62
58 9
86 57
21 44
65 28
98 18
62 59
90 40
18 95
14 58
81 28
47 68
5 64
58 34
88 77
47 3
25 79
41 58
60 25
82 87
78 97
6 82
92 62
3 12
80 82
66 3
87 34
84 79
23 66
65 27
74 14
94 79
22 35
60 71
14 74
39 15
9 88
28 32
28 54
27 34
93 90
60 81
73 1
97 53
17 67
12 77
43 8
41 97
5 34
54 32
74 83
82 82
12 65
18 96
84 45
43 99
83 50
23 78
78 77
57 15
87 4
52 43
50 93
8 91
63 65
16 67
46 5
71 4
95 50
26 10
97 37
87 39
37 43
21 38
35 44
54 9
85 14
30 51
46 57
89 100
35 34
20 91
70 33
46 98
89 86
5 78
40 96
71 35
27 7
18 25
79 50
13 63
69 67
80 94
73 53
83 83
95 12
70 9
53 86
89 62
47 18
50 22
75 100
84 12
22 11
62 43
37 72
58 77
91 45
82 28
46 76
25 78
53 18
67 8
23 76
41 3
72 37
62 23
63 90
98 44
31 47
93 39
63 6
51 65
73 84
35 10
33 47
67 96
56 70
86 84
8 9
3 39
87 6
34 60
86 51
60 68
95 55
74 22
18 44
85 99
7 50
15 19
10 77
60 19
82 79
32 4
52 74
53 15
45 78
67 63
2 10
28 25
59 53
16 67
78 41
31 36
2 76
11 88
50 83
58 97
48 23
57 43
12 36
86 28
90 3
49 86
45 48
85 57
22 59
62 91
21 55
28 60
77 62
82 83
39 79
10 40
65 38
43 52
14 6
10 16
9 14
15 68
37 92
19 66
83 34
66 32
50 53
84 62
28 71
51 88
41 58
75 94
7 30
4 45
12 73
48 32
52 82
57 20
84 88
73 41
70 63
5 95
53 100
98 24
86 77
43 30
7 15
51 15
37 81
20 72
12 82
45 46
87 39
100 73
16 63
69 25
65 4
17 16
52 38
93 27
67 3
45 95
19 72
25 84
48 92
31 44
72 16
100 73
87 16
56 55
24 13
8 78
60 49
28 65
58 53
97 78
23 94
64 67
47 44
59 27
36 90
58 25
56 72
74 81
57 49
71 35
42 5
74 4
87 2
45 42
66 30
5 56
41 88
36 1
29 39
89 79
66 97
100 54
40 4
4 12
55 61
15 16
64 41
66 61
95 32
21 93
63 90
17 78
84 11
61 33
75 4
71 100
71 9
82 27
44 32
79 57
52 13
37 36
52 61
90 14
82 29
69 42
94 69
22 17
5 95
74 8
62 47
70 91
74 13
53 50
26 2
80 73
20 18
89 42
46 86
14 49
9 86
60 75
82 78
44 96
20 60
8 33
15 47
90 68
90 60
10 79
69 77
93 72
47 66
20 89
35 38
80 95
89 30
80 6
53 11
45 24
54 13
15 9
66 14
27 78
19 59
91 67
6 2
38 76
31 60
3 87
3 76
39 45
62 62
84 54
35 92
82 73
92 86
1 91
71 40
81 97
10 21
91 16
25 21
8 86
11 56
59 58
39 80
51 86
39 63
92 42
47 61
92 28
58 51
12 75
70 5
76 9
55 93
27 6
66 36
85 53
30 45
68 11
76 49
43 58
52 64
10 93
24 30
95 2
10 83
47 69
27 50
71 3
89 37
51 70
31 40
99 92
62 79
69 20
1 29
100 42
60 13
47 90
43 21
17 15
11 16
64 25
45 23
65 60
90 82
10 58
49 12
71 26
77 21
76 13
14 83
80 84
85 5
89 12
74 85
46 39
87 33
100 35
17 93
76 21
3 56
99 32
26 64
64 35
67 3
27 93
63 28
27 16
25 34
57 48
95 30
87 49
20 24
39 5
51 8
61 5
48 14
52 72
32 83
25 34
27 36
97 65
56 70
64 92
85 29
30 6
9 30
72 13
29 92
77 22
47 33
83 48
27 5
72 96
46 34
94 8
50 40
60 61
72 75
27 73
16 60
66 56
13 73
87 83
5 12
16 33
48 39
52 26
67 56
31 21
28 11
45 91
27 38
84 32
60 82
11 18
65 38
21 11
34 30
45 81
49 84
32 14
28 80
76 88
4 61
73 13
69 47
5 1
33 25
40 21
31 25
100 36
57 77
96 98
39 18
61 88
11 82
38 9
65 65
29 37
68 81
44 28
25 27
94 70
79 59
37 60
56 87
43 48
57 70
42 68
40 81
5 5
73 33
67 60
32 44
28 94
91 25
52 91
33 46
75 49
91 63
15 70
75 85
100 39
62 19
13 54
60 79
24 100
50 62
76 95
4 36
69 95
72 22
29 14
14 64
50 33
65 73
69 3
45 32
73 94
62 22
36 12
29 98
35 55
2 24
61 94
62 100
44 48
12 36
46 45
19 48
55 98
13 66
93 84
54 37
74 85
57 90
65 67
50 36
58 3
41 61
53 24
78 97
64 35
33 37
91 61
13 19
49 62
11 15
9 2
21 55
73 36
44 66
50 5
59 42
97 41
10 50
72 93
41 88
73 85
18 89
11 87
27 82
82 55
55 71
80 70
7 91
11 60
45 36
56 78
20 62
37 49
9 1
97 11
100 35
41 90
87 23
64 5
42 51
49 37
25 6
62 57
21 24
20 23
63 61
79 66
69 63
72 10
51 10
9 2
45 94
20 99
71 89
23 28
1 53
25 11
3 97
7 95
87 22
99 33
15 72
6 35
35 33
75 73
54 45
86 67
15 14
92 67
1 71
8 64
40 3
77 28
70 72
61 79
97 51
32 33
91 44
65 65
56 94
41 53
25 67
52 40
12 3
95 55
74 67
64 55
19 17
76 15
71 49
5 38
26 47
37 73
62 72
12 31
11 97
67 17
97 97
77 10
58 83
50 67
85 25
97 38
26 47
54 96
9 16
74 97
37 80
52 11
38 61
92 26
44 15
14 79
95 65
56 18
8 33
69 83
19 24
78 49
96 49
41 25
34 38
22 96
77 97
95 10
33 26
87 93
61 26
82 75
16 54
70 60
31 93
100 78
19 49
8 39
5 73
27 16
82 87
41 53
30 78
71 100
85 78
74 93
85 78
31 94
29 62
92 63
99 28
47 37
22 63
95 76
40 61
55 1
68 23
16 9
2 10
100 1
55 1
14 87
33 75
70 54
84 98
15 67
21 31
54 47
23 58
25 56
32 62
56 44
17 8
62 40
26 43
53 37
35 84
10 21
84 30
63 97
54 35
34 57
61 33
75 97
28 84
52 94
81 97
47 7
68 2
82 58
47 7
74 55
96 44
31 81
95 60
31 94
46 99
15 43
84 92
68 8
91 98
15 5
23 52
7 57
76 44
100 46
12 93
62 79
10 18
95 74
24 27
15 52
28 30
37 60
89 49
8 65
88 5
21 97
54 71
7 58
3 55
52 77
32 12
50 50
83 9
26 24
32 43
28 60
92 66
67 34
47 67
82 15
81 39
21 18
41 71
9 34
20 16
52 15
70 65
81 33
46 88
46 91
95 85
25 69
34 50
83 85
84 33
73 6
4 81
90 4
80 64
58 87
41 32
63 75
59 37
75 93
89 98
90 31
54 52
80 15
56 17
52 18
14 81
88 7
72 88
54 51
48 40
44 3
5 17
18 56
24 87
2 56
15 47
19 23
78 24
100 48
53 7
62 9
72 54
8 40
51 64
3 69
65 26
43 95
66 43
75 14
70 39
6 93
64 45
23 90
37 59
71 61
75 8
50 40
59 67
98 47
3 42
6 58
41 1
59 59
75 66
65 87
12 14
41 12
35 62
42 90
40 11
87 68
55 50
64 16
95 59
57 13
66 84
11 85
51 59
83 79
38 50
20 98
88 23
1 94
95 87
25 81
72 6
21 46
74 72
82 24
18 44
29 14
87 34
11 44
39 24
14 99
27 83
3 89
54 62
61 44
44 30
94 72
99 63
98 79
57 40
45 22
54 91
74 23
8 58
4 2
57 53
45 7
76 99
96 75
45 53
70 37
20 56
68 58
90 35
46 79
1 34
59 78
74 92
88 67
69 74
64 67
53 65
47 56
66 56
6 26
7 51
9 85
51 49
6 13
58 64
59 88
50 86
63 6
33 11
9 43
67 7
41 63
53 50
94 5
36 90
50 54
63 42
8 45
17 11
4 28
53 23
18 44
14 5
78 67
57 62
35 78
41 33
9 26
81 85
7 88
66 51
88 35
67 25
17 100
45 100
25 88
27 39
46 85
87 45
11 1
55 28
5 52
51 64
59 29
50 56
39 5
8 82
12 49
46 1
25 44
67 76
50 75
94 40
81 33
27 41
2 1
15 62
19 26
62 27
95 47
77 65
79 29
34 81
44 89
95 80
30 32
20 28
22 19
28 17
58 73
32 71
34 44
63 24
35 86
92 24
12 31
25 90
100 5
76 32
22 90
76 48
42 7
71 65
21 39
74 91
49 5
74 40
88 53
19 30
35 18
35 99
96 47
13 46
68 31
39 35
60 78
50 63
10 15
33 48
77 79
67 87
16 18
62 74
29 62
50 4
53 97
93 92
26 93
52 53
20 75
47 83
79 52
13 34
69 99
99 91
87 24
69 3
72 30
26 76
88 85
58 47
60 26
83 31
71 44
80 57
73 17
82 21
81 71
82 31
14 20
57 1
48 69
29 90
18 74
29 30
31 45
22 22
73 74
8 37
26 74
92 48
55 71
4 25
4 81
23 69
3 15
42 57
92 24
26 44
68 32
79 60
84 90
79 58
13 42
6 86
10 66
85 10
39 58
90 36
18 41
52 78
98 36
65 61
32 19
67 61
93 43
14 63
89 82
65 16
22 51
14 55
8 15
28 22
17 79
64 48
50 42
71 46
5 4
93 17
49 89
24 35
23 28
84 31
55 44
35 69
41 16
64 61
71 79
79 25
6 96
88 71
82 54
3 83
5 31
65 72
70 95
97 73
31 34
10 76
14 40
52 85
23 82
73 7
31 58
91 13
36 54
80 51
14 58
93 9
25 68
62 98
68 95
99 95
97 28
74 39
86 16
37 95
90 99
56 46
15 72
95 47
96 16
48 25
49 81
100 98
12 97
70 76
48 23
42 30
79 3
13 14
45 66
53 37
86 20
75 23
44 49
73 25
7 74
9 58
65 33
83 93
70 55
85 28
81 39
66 35
58 18
66 6
54 81
99 68
74 51
68 52
93 14
69 66
67 77
42 47
20 16
78 73
11 74
67 38
72 54
42 28
80 3
16 20
94 64
17 23
43 94
89 64
89 99
49 19
97 21
6 84
31 11
18 28
90 11
11 2
35 14
99 80
29 7
88 94
98 47
2 58
7 98
42 13
22 75
73 26
35 59
41 42
51 50
98 84
59 79
22 3
39 11
38 34
89 74
32 75
54 56
31 68
21 38
95 6
79 86
17 11
100 89
61 49
87 38
41 51
24 50
21 3
39 30
4 8
9 48
88 77
5 65
15 45
30 41
78 92
88 22
16 99
70 33
90 71
13 34
28 64
63 74
51 44
18 97
51 99
83 18
23 4
34 18
55 8
17 9
64 56
23 18
16 50
25 4
9 7
8 100
100 5
30 61
47 30
3 12
38 8
86 58
7 29
4 5
67 98
36 20
43 26
83 48
5 52
84 97
95 81
84 15
46 22
98 24
1 63
49 20
32 94
76 66
82 38
86 53
92 27
45 45
8 70
60 76
69 48
69 28
67 75
68 4
98 88
65 56
70 67
87 47
3 13
28 95
42 51
69 62
15 66
85 77
3 61
71 18
68 73
50 93
55 84
66 94
47 17
7 47
14 65
78 62
82 64
95 54
15 14
26 90
39 98
74 35
37 65
60 97
42 14
3 40
79 100
91 53
20 95
1 67
77 99
22 60
80 13
71 50
42 21
95 79
55 78
97 34
65 48
74 50
46 26
71 31
39 95
44 94
78 29
52 59
21 55
11 93
98 13
35 20
36 82
37 62
60 54
72 47
48 59
2 19
27 38
26 58
92 71
98 32
78 76
21 70
71 43
58 89
91 71
64 16
4 19
45 48
60 49
68 66
70 49
57 74
91 96
9 43
100 68
20 77
12 53
20 74
30 69
10 65
6 94
18 2
98 27
66 99
41 48
45 37
19 18
67 37
22 94
10 40
16 21
52 22
30 9
86 63
9 62
72 31
2 78
12 80
68 78
61 78
31 45
38 78
18 52
73 92
98 20
17 71
92 68
9 73
89 96
22 88
70 89
46 41
91 90
67 67
11 40
31 89
63 3
29 9
50 26
37 49
91 48
65 46
88 22
72 9
3 60
48 83
44 39
4 90
11 62
11 69
16 67
93 58
48 46
85 70
66 49
45 66
2 40
9 69
6 90
42 88
82 56
27 30
87 28
72 97
94 49
50 67
3 86
8 51
30 27
4 63
96 51
20 75
20 60
83 72
92 83
22 19
82 54
87 73
77 8
44 67
97 41
45 75
37 24
97 39
29 44
54 25
41 56
82 36
62 45
98 45
23 23
96 100
25 26
10 50
67 49
70 74
11 69
21 34
29 77
40 95
24 48
25 27
60 21
44 7
59 51
3 55
17 25
41 56
89 80
46 33
36 23
85 20
90 59
72 98
81 10
70 54
77 22
74 65
52 89
91 66
23 61
74 63
86 18
99 87
35 65
52 18
68 60
97 33
25 51
97 88
37 79
48 50
21 15
48 52
43 56
31 17
50 6
12 80
71 72
90 85
57 64
7 94
74 57
98 22
30 44
7 66
67 76
59 65
32 83
70 16
49 83
6 43
96 79
86 52
5 29
82 43
89 69
72 41
79 27
13 71
20 28
15 57
13 20
92 94
62 8
55 75
23 10
63 66
18 6
45 34
52 2
74 22
3 27
77 58
23 95
85 70
35 76
42 22
43 87
18 10
11 38
43 21
24 52
6 68
80 24
28 33
88 62
68 92
51 25
18 88
33 14
71 4
32 44
45 33
14 98
45 4
51 59
36 59
59 69
69 16
33 92
10 70
94 37
87 71
38 80
69 84
71 92
73 55
10 5
65 30
90 64
72 94
59 2
65 67
78 13
38 25
92 51
17 74
58 16
43 75
86 13
90 81
65 79
69 57
86 13
78 28
13 12
88 23
66 38
23 80
8 91
50 82
84 49
2 79
36 4
21 28
22 62
7 47
45 34
31 19
71 29
87 49
54 12
82 30
51 68
83 25
19 55
43 18
99 50
76 22
37 45
36 63
17 3
1 75
4 71
2 67
30 2
68 82
90 42
47 91
90 61
97 32
96 24
73 61
50 10
32 27
46 41
23 24
90 74
90 26
5 42
12 2
28 27
59 5
93 83
79 94
41 81
12 37
73 63
92 31
39 59
9 7
27 93
56 13
61 81
31 63
57 79
90 34
98 44
98 20
37 25
40 56
95 3
84 48
12 16
96 13
15 27
57 8
19 88
4 52
99 34
23 29
16 5
26 60
81 85
60 87
56 5
22 66
71 24
80 67
65 96
10 34
40 26
91 40
65 98
100 6
21 54
73 76
42 40
71 49
71 48
30 16
10 4
17 50
65 15
73 71
12 14
80 41
82 79
82 1
35 92
32 64
57 81
2 48
9 23
89 66
62 35
65 27
62 31
84 10
96 45
26 78
45 43
36 70
17 69
9 40
87 76
89 22
82 67
28 67
11 70
4 66
9 34
72 25
20 68
74 48
97 47
83 81
5 41
78 77
65 34
91 84
9 40
73 14
93 32
17 62
61 79
6 66
33 40
23 61
89 75
29 85
48 38
34 69
16 54
16 58
94 60
2 81
57 79
27 78
82 99
67 100
30 44
90 32
91 76
1 11
15 32
87 23
84 43
71 72
16 99
48 76
62 55
24 39
72 42
6 86
92 52
32 72
11 51
77 44
6 33
51 77
57 28
6 22
36 45
72 33
21 80
30 4
73 66
29 10
8 82
54 16
96 10
38 77
96 48
38 85
90 39
62 79
24 59
73 81
33 50
39 58
72 9
46 56
14 48
43 2
51 42
57 51
75 73
13 44
33 94
32 57
15 21
41 73
37 31
51 65
12 58
58 10
32 21
37 23
86 71
39 54
90 38
33 32
28 82
37 37
70 69
18 20
51 67
45 27
42 52
35 68
83 36
14 12
80 24
48 35
56 13
82 65
5 86
82 38
46 60
89 79
14 94
60 80
30 4
50 24
62 97
41 61
59 85
93 69
77 35
97 8
84 74
19 24
29 39
63 55
7 61
51 7
32 26
57 27
95 34
74 77
91 47
30 21
39 41
22 70
77 56
94 53
3 86
33 41
28 90
100 45
22 71
41 36
60 25
51 74
42 11
73 73
43 34
1 96
66 41
72 68
49 55
1 66
42 44
29 93
15 20
48 4
79 100
99 45
57 82
26 85
72 73
47 28
7 5
10 13
21 49
35 12
55 18
23 34
68 52
82 59
23 79
89 23
74 46
34 55
91 48
68 57
6 79
85 82
20 4
23 71
56 1
68 58
75 36
97 44
96 50
90 7
97 99
27 1
40 3
53 33
4 37
11 75
51 12
10 94
72 40
71 61
96 5
78 9
46 46
63 57
12 67
20 76
3 31
37 13
5 82
45 78
4 21
10 60
30 11
75 24
85 30
85 64
42 81
59 17
34 59
90 82
100 23
82 10
16 35
39 25
86 94
19 71
1 52
36 57
80 64
24 43
59 69
75 69
54 51
56 15
90 77
17 17
75 90
44 59
53 81
31 24
89 36
9 1
40 83
18 99
83 76
76 65
54 14
77 8
87 33
87 24
66 90
86 56
20 33
81 76
77 32
5 78
51 46
29 35
93 35
82 10
5 77
51 3
56 30
58 27
58 17
45 6
74 96
84 59
89 64
78 28
14 82
29 51
86 81
5 16
46 1
21 56
81 32
51 14
97 64
67 65
90 90
14 5
4 72
9 74
94 80
80 55
14 52
96 77
61 90
6 86
77 86
65 66
8 88
84 67
74 45
17 57
81 72
99 92
100 67
21 87
76 19
13 48
49 90
14 99
17 15
46 90
34 7
97 47
96 56
82 22
15 63
85 45
95 78
19 34
94 18
40 9
50 88
59 69
87 85
10 29
16 6
63 23
26 47
75 94
46 89
51 43
91 2
78 13
49 34
90 68
98 99
77 52
54 67
46 88
90 3
70 81
91 30
75 61
19 79
87 85
8 82
33 41
23 81
2 11
3 26
68 50
93 19
53 66
78 71
79 3
14 94
93 76
93 25
40 92
19 21
90 66
90 34
61 22
68 78
91 67
2 41
65 28
67 71
55 7
11 68
8 73
77 40
53 49
82 85
47 70
91 85
41 66
31 63
14 65
42 76
34 88
33 14
86 46
38 53
11 36
64 48
51 99
55 12
56 25
42 42
74 32
45 42
84 76
34 6
12 19
74 42
36 46
77 98
92 64
42 5
39 17
99 88
70 96
91 65
32 72
16 17
82 49
72 89
47 79
47 65
65 16
32 67
79 31
50 61
69 71
89 66
13 9
19 21
96 29
20 85
13 63
21 61
64 26
96 90
54 18
28 96
21 83
41 15
56 93
12 47
35 71
94 62
62 34
4 66
36 78
93 58
72 35
69 79
16 46
18 13
15 43
80 62
1 31
46 25
