4000 101863
22 10
54 73
43 48
82 94
74 28
71 36
18 30
88 91
31 37
43 42
77 46
100 6
38 25
60 22
15 54
83 81
58 87
85 69
96 71
43 78
3 23
73 89
100 38
37 9
51 14
46 15
1 94
46 69
59 99
32 12
22 9
32 9
85 36
64 56
66 54
10 63
35 44
83 83
50 5
17 32
26 24
78 51
17 89
15 100
89 24
83 42
49 33
46 10
67 63
44 3
89 39
21 37
17 43
88 77
9 46
19 57
85 91
10 39
16 25
43 41
93 2
38 85
27 49
29 38
1 41
92 55
90 52
35 36
74 89
91 9
4 67
51 13
69 11
20 8
66 64
57 34
2 49
66 96
55 95
20 63
10 51
43 33
93 100
78 93
82 61
1 97
96 49
19 3
62 87
64 25
13 44
6 88
1 10
39 44
86 77
1 2
82 98
76 81
88 89
56 87
18 89
91 55
58 51
86 99
62 14
23 66
95 84
15 63
89 14
49 30
34 77
50 64
43 62
26 76
27 8
76 75
79 24
74 9
94 77
92 10
37 33
7 72
98 50
89 94
97 16
83 78
90 47
79 65
10 10
29 35
86 3
28 98
71 42
43 5
65 48
32 55
18 23
59 31
46 17
58 36
59 12
31 94
7 51
1 74
57 21
85 58
77 100
87 97
58 18
22 28
78 6
47 51
80 100
27 7
35 96
77 67
62 85
76 43
55 83
23 94
56 77
40 38
2 44
26 18
82 42
67 43
9 73
99 16
25 74
54 41
8 51
36 37
85 86
14 53
36 62
93 59
98 63
64 61
79 55
8 80
38 89
8 12
6 82
17 40
87 19
92 78
93 6
48 3
68 72
99 40
70 48
75 48
90 77
72 43
1 18
24 71
90 86
9 42
74 86
14 11
15 82
82 37
1 47
99 20
95 41
89 9
43 78
45 3
52 69
73 84
4 35
41 9
32 95
9 16
58 48
18 13
52 45
2 5
65 67
71 16
1 45
87 67
46 16
42 21
58 9
98 85
65 91
47 94
6 26
39 77
12 56
20 59
72 65
13 3
70 78
18 57
1 11
64 7
14 12
4 31
36 90
17 46
45 40
68 85
77 13
54 39
85 49
29 58
55 44
2 16
99 25
7 40
88 82
44 92
49 12
97 42
41 76
65 3
43 36
99 1
55 31
6 91
70 60
26 47
70 45
92 89
44 55
22 7
55 96
57 66
78 38
43 85
26 11
22 29
62 21
2 24
75 67
98 70
82 33
81 62
99 37
33 57
88 1
38 18
28 49
88 65
34 11
21 76
52 19
28 46
19 77
7 49
86 89
40 36
84 47
55 85
31 76
79 1
77 92
38 71
88 67
54 29
32 8
13 29
27 9
45 28
66 4
53 27
42 49
48 36
33 89
93 85
32 45
20 41
30 54
59 45
7 5
16 65
79 20
11 23
43 62
97 96
17 23
28 2
89 83
100 21
35 87
71 59
79 74
63 78
8 29
18 92
68 58
91 36
30 20
94 66
35 16
47 76
98 92
77 64
46 11
30 32
21 1
77 55
2 25
50 54
36 99
60 81
17 70
14 19
70 56
60 32
63 66
38 30
39 33
51 49
90 51
73 19
21 59
20 76
35 48
81 39
37 67
2 5
71 27
18 38
47 22
58 42
64 13
96 66
86 57
10 76
26 49
6 9
86 30
79 73
7 63
21 81
90 54
24 32
87 51
12 9
35 15
49 16
1 38
73 48
99 16
90 40
46 18
71 74
61 15
32 18
51 65
49 33
86 22
74 91
66 23
84 96
83 84
30 35
80 61
68 92
91 10
57 9
25 1
76 92
87 34
31 63
49 24
76 39
6 46
35 74
39 99
40 61
83 89
40 88
13 60
33 57
81 28
10 29
3 82
42 94
93 46
6 46
90 27
78 20
31 36
8 1
62 15
13 71
37 35
93 27
80 63
79 97
49 87
56 63
54 40
35 20
38 77
54 63
62 58
44 74
88 36
1 56
35 34
70 76
40 44
47 45
54 32
72 23
8 74
57 14
13 16
1 19
62 11
55 94
30 38
44 99
14 94
43 4
56 69
2 81
35 30
87 31
80 29
35 17
42 45
33 68
21 88
79 73
87 82
83 98
74 47
26 17
83 53
9 32
48 44
74 48
7 77
1 28
45 70
15 2
9 93
10 38
67 20
22 3
16 83
48 10
65 1
29 29
43 65
20 70
30 9
29 95
6 52
9 89
64 63
99 49
93 56
84 50
30 21
31 37
66 47
3 67
57 5
100 52
11 99
56 100
25 99
18 27
56 27
22 21
84 28
65 19
31 10
2 99
86 22
98 44
1 60
51 74
78 72
43 25
22 43
7 32
72 71
80 47
67 20
87 33
78 47
11 27
70 82
7 67
42 15
88 81
62 86
50 19
87 32
72 36
5 19
64 82
41 14
12 45
85 54
76 41
76 16
67 15
29 91
14 37
64 59
30 51
16 10
41 30
24 27
37 5
99 62
47 97
68 3
17 33
33 29
46 49
27 60
3 62
4 67
68 74
90 42
65 4
69 45
28 25
89 39
73 15
91 59
81 52
85 59
75 12
9 44
12 74
93 27
37 35
25 62
56 85
18 37
92 24
48 66
42 63
29 28
98 79
88 11
96 82
14 12
21 39
93 30
41 23
75 52
49 48
60 96
64 46
65 52
29 40
43 70
5 90
53 54
86 28
86 94
89 65
60 92
94 37
1 90
53 18
82 23
77 4
60 54
100 11
69 27
60 71
93 25
49 6
57 50
80 35
44 87
71 61
52 25
89 68
11 35
26 77
89 15
70 30
41 22
53 66
50 22
84 43
58 8
3 27
69 23
95 53
91 43
80 14
88 89
43 85
84 83
21 64
20 88
96 88
20 74
88 66
55 58
12 99
36 71
63 7
44 85
31 9
33 19
95 10
71 76
95 5
73 38
59 42
17 35
13 11
12 60
66 8
48 5
21 19
20 86
68 27
15 71
63 29
100 92
54 11
5 13
83 26
74 74
24 52
30 13
46 100
63 17
36 23
9 50
50 87
99 81
4 34
81 47
83 52
99 95
3 22
78 56
23 32
62 15
46 90
87 94
25 74
63 49
35 99
97 92
83 35
54 77
63 62
45 63
53 69
16 25
49 27
88 46
41 98
25 78
17 11
38 49
87 94
53 33
99 98
37 32
51 13
2 84
69 78
85 64
52 78
71 51
62 20
74 62
84 65
7 61
61 55
60 91
70 62
47 5
56 34
4 96
100 82
70 48
48 10
53 2
37 72
48 36
40 47
78 21
72 65
8 57
67 70
11 10
12 41
65 67
47 41
14 54
67 2
67 70
99 69
18 80
89 72
60 40
44 41
73 88
19 53
4 47
84 78
40 14
2 52
92 12
43 9
1 85
61 11
42 70
5 86
98 82
89 57
96 84
27 2
13 21
4 41
93 71
23 30
15 81
10 90
21 22
29 86
28 91
39 91
27 7
45 22
27 14
38 46
40 14
99 1
8 98
95 61
83 31
47 63
96 64
74 94
89 71
49 48
86 4
30 92
53 85
83 85
71 48
1 68
9 38
35 68
4 60
54 61
9 97
70 93
63 2
29 70
50 30
90 92
67 12
28 36
86 66
45 25
18 82
26 79
44 26
25 31
72 91
78 8
72 94
68 6
3 1
60 16
16 5
88 4
42 8
20 89
71 40
64 55
20 9
31 77
50 75
75 20
84 37
58 23
45 12
46 38
38 93
46 42
87 82
56 4
74 77
25 99
100 29
43 10
50 29
43 6
67 41
21 20
72 13
38 34
40 77
74 65
50 49
7 82
14 68
43 56
27 22
36 59
58 63
46 82
66 35
7 37
21 2
50 24
64 59
17 65
47 61
1 51
14 6
86 94
8 55
39 35
10 92
7 35
81 44
11 21
2 40
48 84
83 92
73 4
85 69
23 20
99 68
86 18
29 1
12 87
28 25
7 75
99 45
85 87
5 56
64 31
91 75
77 9
65 54
6 86
93 74
64 67
6 36
58 79
49 12
13 42
97 65
10 4
72 28
77 9
20 76
73 19
24 44
2 19
97 22
61 13
76 38
95 41
46 82
57 91
58 27
26 6
63 65
56 23
10 45
67 72
72 54
53 71
43 33
36 59
58 56
87 6
51 77
16 92
45 36
51 89
80 85
41 1
60 44
51 65
69 61
79 19
23 83
45 4
33 89
20 57
5 68
8 26
66 97
2 49
64 68
24 76
27 7
79 84
31 50
89 51
45 56
2 55
93 73
40 88
90 14
50 29
26 45
92 90
65 72
22 80
43 30
45 56
14 80
2 73
95 72
83 40
33 43
70 55
27 96
65 31
89 11
83 63
72 9
6 7
84 12
88 76
81 34
63 70
66 60
12 84
3 72
62 67
65 38
95 44
53 6
6 3
44 72
79 50
98 45
61 43
52 81
40 74
57 51
66 13
93 99
3 22
100 52
25 41
72 76
78 99
89 24
12 38
60 62
13 84
18 97
95 25
100 11
98 30
9 94
17 22
61 65
11 65
30 88
78 3
5 8
83 45
83 5
1 32
13 46
32 49
13 74
64 27
23 75
69 76
81 39
16 73
71 98
80 42
40 65
95 25
57 41
81 88
58 15
68 54
93 71
27 11
63 30
44 34
77 40
71 75
60 55
89 57
82 91
41 43
66 59
38 50
23 39
1 15
38 81
35 85
32 16
50 7
51 63
55 90
70 82
31 53
70 14
93 31
63 46
61 78
39 8
19 38
41 18
96 22
87 91
33 88
75 32
1 72
28 21
3 23
71 46
39 28
91 79
4 88
80 70
57 89
94 38
2 60
57 4
83 18
89 96
40 71
85 76
39 58
94 12
54 58
69 10
15 25
98 40
31 56
76 54
36 99
2 93
68 71
84 20
40 36
53 11
58 3
40 7
80 83
60 26
62 5
19 10
2 56
18 92
50 31
58 45
11 29
51 91
66 100
93 99
91 86
6 22
77 26
29 96
99 33
83 35
50 5
66 9
80 75
32 12
41 62
16 73
85 57
60 85
99 45
24 44
12 95
8 47
15 50
92 29
19 72
29 6
62 39
20 28
46 50
11 69
30 24
56 30
13 11
95 23
100 80
4 97
52 44
77 6
84 92
3 28
59 40
33 48
68 36
38 14
17 12
60 49
5 39
1 68
19 85
55 83
77 11
83 79
62 29
91 12
74 60
32 53
19 70
87 98
52 32
64 19
97 18
33 55
71 100
61 81
79 29
23 80
64 29
31 72
99 85
48 20
85 51
9 24
32 19
52 38
98 90
100 82
63 86
55 28
1 49
33 71
9 62
77 11
15 1
71 42
19 75
88 60
54 94
90 96
26 9
5 25
5 66
22 79
89 31
28 65
35 59
68 59
50 44
98 87
98 82
48 80
97 58
34 32
8 4
81 76
85 69
57 45
80 58
99 7
11 24
32 58
31 29
20 85
60 21
46 29
42 26
79 47
85 41
95 72
68 42
11 49
52 48
24 59
84 79
40 79
51 23
18 37
59 89
100 19
68 23
8 71
99 98
16 80
41 54
58 53
96 8
77 75
15 97
28 17
75 33
25 20
59 26
58 61
96 56
19 46
3 41
89 34
49 44
39 33
36 57
68 37
1 34
87 4
91 95
37 12
78 34
42 70
6 49
37 23
41 88
25 71
44 45
92 85
41 51
85 50
49 90
88 10
13 76
63 86
15 26
88 8
40 58
26 51
45 68
87 13
96 49
99 61
76 98
44 92
89 93
63 54
63 81
90 26
49 58
53 75
78 38
78 43
46 44
35 86
66 17
39 83
60 8
62 61
30 20
52 10
46 63
78 9
39 19
10 38
93 94
6 44
97 98
84 3
83 95
93 65
70 68
78 43
91 77
97 65
73 86
80 70
59 71
35 66
21 47
59 28
39 93
50 36
37 22
37 88
84 21
2 39
75 71
43 81
15 51
56 90
94 90
60 13
85 98
85 9
70 3
29 43
90 4
18 100
12 98
72 98
11 16
82 65
1 92
53 93
30 81
25 30
32 14
89 51
59 47
4 60
99 30
49 39
53 96
87 52
85 27
37 68
41 90
11 49
31 48
55 92
18 90
25 90
67 5
3 39
61 98
88 7
31 33
50 53
5 58
43 30
73 3
67 73
76 94
25 46
20 17
57 75
49 75
3 30
97 25
59 22
7 42
96 55
7 12
11 89
82 58
44 90
99 8
22 99
6 90
30 56
77 90
24 79
6 97
43 94
26 17
66 46
30 52
8 50
67 98
86 9
2 79
39 100
53 34
29 25
63 46
72 50
86 51
11 20
26 32
82 27
69 93
32 73
29 33
27 57
95 61
11 90
22 98
93 68
84 88
28 88
74 75
60 78
51 66
79 71
54 23
28 35
44 68
35 27
35 84
10 66
21 35
89 14
100 65
25 20
17 90
14 10
96 70
54 40
76 82
73 1
88 67
96 26
5 25
16 51
75 34
51 85
78 41
96 32
95 4
62 80
23 19
69 31
73 57
73 36
47 53
79 32
52 70
43 21
13 58
39 5
4 86
33 44
27 19
56 2
9 64
95 8
69 64
4 33
49 100
97 97
77 85
36 66
92 22
33 9
3 68
66 56
35 45
81 8
62 39
29 100
42 40
36 57
97 30
66 96
9 44
96 35
44 79
60 14
38 55
57 36
50 18
93 92
41 80
76 88
48 45
50 43
23 96
69 8
5 27
71 95
65 4
33 63
58 12
8 78
17 23
60 31
26 33
51 19
40 39
87 71
80 18
33 78
22 79
28 100
99 25
82 22
23 34
94 56
94 87
12 40
50 91
43 57
57 83
43 22
71 44
4 27
92 16
93 91
24 87
96 94
15 37
88 42
81 56
72 100
48 19
97 30
83 31
73 3
48 48
75 21
59 25
79 66
7 50
32 55
58 65
57 26
66 29
33 50
51 81
11 15
44 41
52 72
5 23
100 23
94 93
75 19
56 1
85 9
19 9
79 39
33 54
33 98
19 81
13 10
56 97
66 51
61 39
39 79
38 54
60 39
13 51
48 78
90 4
71 100
31 85
48 20
80 26
48 13
80 21
82 6
58 79
75 61
33 29
15 2
27 35
27 74
41 20
34 87
63 34
60 80
64 26
47 87
92 77
82 58
11 48
100 26
99 8
72 39
38 56
88 13
31 77
2 7
35 91
73 80
72 6
18 75
20 51
3 83
65 39
51 71
84 41
75 17
77 83
17 69
41 18
3 17
95 94
81 89
88 3
57 27
40 69
52 80
4 66
84 97
85 37
14 13
83 22
84 97
37 51
72 30
71 9
20 79
73 36
58 51
92 10
96 93
27 77
11 60
99 76
91 15
13 30
82 16
17 32
89 64
98 36
57 1
44 80
92 82
38 90
83 35
1 60
29 58
34 14
4 25
12 54
19 3
69 90
46 28
54 51
6 92
17 57
76 59
25 71
89 92
33 62
68 80
85 36
59 38
30 40
35 11
2 5
42 21
16 78
70 36
82 85
66 66
79 36
77 16
57 47
68 77
60 50
9 6
96 34
93 16
64 83
60 40
63 70
33 72
57 19
68 20
90 15
74 75
44 30
66 85
14 18
28 43
33 65
50 5
39 81
62 56
84 16
40 85
55 28
52 45
61 72
36 64
17 10
91 59
13 80
25 8
58 36
72 81
34 66
6 21
16 96
97 48
17 60
79 17
81 71
73 30
98 88
22 85
98 4
41 18
87 22
64 73
69 12
71 86
65 78
7 92
32 93
1 45
98 28
38 20
52 89
10 99
74 36
20 51
1 58
38 15
44 10
58 45
9 95
29 75
15 65
76 43
78 74
31 25
6 59
58 44
56 54
4 47
80 81
53 10
44 16
18 2
68 34
64 27
89 39
33 63
70 71
72 31
33 59
19 98
10 2
84 100
29 49
35 37
3 2
81 58
72 3
98 11
90 2
32 98
79 86
5 66
59 92
56 59
87 42
65 50
65 55
42 96
68 48
96 35
47 57
63 63
14 36
14 42
27 42
54 26
46 5
48 12
77 56
30 15
19 61
38 9
65 14
99 9
72 98
19 15
79 66
95 100
17 26
20 67
78 49
95 11
24 85
37 40
2 21
63 26
53 90
66 75
4 21
72 37
62 9
50 29
34 52
27 96
16 71
12 93
32 21
13 27
12 4
60 28
43 41
82 64
98 37
7 7
80 25
21 86
26 21
10 90
68 85
94 98
29 9
45 34
40 60
5 93
33 25
41 81
67 18
85 14
58 55
22 91
8 3
19 16
72 71
94 54
97 11
39 41
5 98
80 84
51 19
68 53
40 11
93 60
49 68
37 99
52 66
80 92
9 36
77 38
41 34
76 21
70 88
70 94
73 6
9 47
26 38
5 30
1 79
92 55
42 96
58 86
13 97
49 50
29 1
36 68
94 55
25 63
74 60
99 52
57 98
77 79
18 4
96 61
69 38
19 23
84 59
72 55
98 15
44 47
48 44
39 100
20 67
69 31
60 93
92 24
77 30
85 30
48 5
77 8
28 36
41 52
35 93
92 33
42 1
63 45
80 52
35 55
39 60
5 63
85 58
95 57
81 41
3 13
42 17
2 30
21 36
77 28
73 36
70 50
21 74
21 80
8 49
92 92
89 62
19 93
83 67
18 91
3 22
82 71
46 51
82 9
75 75
32 95
74 41
16 75
94 40
53 44
2 30
85 51
9 7
87 87
31 7
90 99
41 52
25 76
43 29
61 87
1 55
15 64
82 88
73 28
87 95
42 88
64 71
28 57
60 80
98 89
97 99
15 53
32 59
42 1
96 61
6 33
74 96
21 54
21 60
19 35
25 97
74 41
3 85
34 55
60 79
86 43
75 54
100 30
10 18
17 34
12 16
62 72
31 97
94 3
35 51
70 44
35 90
50 73
49 52
46 69
48 61
45 2
60 21
79 72
86 3
56 82
36 56
11 98
28 87
56 15
30 84
53 83
29 55
84 20
38 90
41 34
69 62
12 43
92 63
30 32
28 28
4 31
92 55
10 24
49 33
78 58
31 19
35 23
27 82
79 70
80 43
26 43
23 72
40 16
56 66
61 74
47 49
91 21
71 23
74 35
98 88
52 6
78 69
79 42
88 25
15 58
19 27
56 38
78 52
10 42
38 21
5 79
65 72
81 76
67 55
13 56
10 85
49 73
99 30
36 66
28 95
79 25
14 8
2 66
70 40
69 73
62 91
68 88
60 46
85 65
41 22
57 33
36 70
71 42
35 26
23 46
37 100
5 53
31 35
15 51
15 46
20 56
71 82
31 69
100 31
37 36
96 76
9 15
38 60
94 6
96 80
65 54
24 30
61 40
66 71
45 21
30 64
80 13
12 8
89 9
16 77
5 81
97 41
51 46
75 22
84 67
26 43
11 21
88 71
8 78
25 24
54 68
79 33
96 5
85 36
78 15
84 92
32 63
38 29
21 51
77 68
85 60
37 5
1 49
46 51
55 75
45 69
27 15
34 88
57 76
67 23
49 64
61 8
63 16
51 62
87 82
98 34
28 56
97 54
86 56
87 33
74 77
91 23
65 17
21 33
27 10
94 31
4 24
58 72
83 11
77 27
35 92
68 23
13 31
35 40
65 73
19 57
31 9
43 87
52 96
39 36
9 62
52 60
51 96
23 77
55 73
37 77
21 62
34 80
86 30
6 17
21 65
59 59
48 91
85 81
79 43
75 52
79 64
34 19
32 23
13 74
10 45
66 66
32 48
75 27
52 6
96 21
93 83
35 66
90 59
97 79
73 53
98 20
48 90
76 100
21 48
54 14
12 76
41 61
88 93
97 58
98 77
8 57
55 68
45 19
44 90
85 10
19 70
74 53
19 28
3 45
87 26
28 24
20 10
18 26
54 50
24 67
66 46
47 33
58 32
55 4
95 11
82 37
5 76
94 52
9 36
25 75
48 65
21 64
17 36
87 9
69 73
14 12
94 66
76 40
10 83
89 55
60 49
81 52
63 7
78 29
83 96
1 84
58 52
54 6
70 9
63 54
77 72
87 6
61 86
86 56
42 62
55 48
20 92
46 37
49 99
28 79
22 11
48 15
100 42
38 46
34 23
69 14
3 10
79 88
44 5
12 92
67 94
3 54
44 43
81 52
33 34
26 91
33 36
42 37
32 96
3 96
4 90
8 19
89 2
65 27
46 74
82 63
19 74
17 17
79 51
19 24
44 96
100 61
66 38
44 89
89 59
99 13
64 55
91 20
77 100
7 59
55 11
96 46
61 64
98 5
28 97
93 49
76 47
61 84
86 86
7 94
63 80
90 27
66 13
3 33
54 54
11 38
85 47
24 27
27 55
15 49
43 3
23 2
15 61
60 92
18 42
55 19
59 4
81 48
98 38
87 56
39 7
52 100
34 1
99 22
1 57
62 97
44 71
76 3
22 33
29 8
82 97
36 64
70 86
100 61
38 96
23 39
10 98
74 94
99 18
89 4
89 42
93 20
63 57
55 54
52 11
80 51
9 73
62 67
60 98
6 62
49 22
98 56
9 14
34 22
48 30
10 22
95 70
91 100
37 76
68 54
72 59
71 24
55 17
41 44
70 84
93 64
16 35
31 34
18 57
14 52
71 37
6 50
6 23
33 46
12 56
9 85
12 96
21 28
71 51
23 45
78 41
71 72
72 1
39 6
4 45
20 30
48 79
51 67
62 81
36 55
18 20
33 91
6 78
25 37
74 86
75 62
69 100
89 20
6 47
86 9
54 23
28 35
44 10
11 45
61 80
55 65
19 82
24 27
27 44
41 32
47 72
5 37
11 56
18 24
43 94
15 52
89 5
42 73
65 18
51 37
77 27
34 38
83 27
83 4
58 26
56 12
9 17
26 77
96 84
66 63
64 85
49 6
94 98
7 47
11 3
54 29
61 63
30 84
77 56
88 7
70 67
75 79
44 95
33 74
93 54
38 88
47 26
33 58
31 60
63 95
83 94
59 86
48 84
66 20
41 42
58 9
73 83
2 10
83 38
21 66
67 73
46 74
21 24
12 22
4 20
32 26
65 50
65 83
61 61
94 57
4 41
82 79
68 87
99 35
14 53
12 40
36 74
12 30
45 97
18 34
26 76
79 90
76 71
74 60
44 61
69 64
31 20
69 96
70 74
65 9
89 13
88 98
63 83
9 88
100 19
66 2
40 13
16 20
82 36
52 25
61 29
37 28
86 56
81 15
35 62
51 60
44 55
22 88
63 89
88 3
39 73
88 16
67 45
15 43
13 27
62 57
83 59
43 99
82 52
52 32
60 7
22 17
91 81
22 89
31 4
42 51
39 43
22 69
58 70
21 78
26 45
70 98
57 6
63 100
50 65
44 19
13 59
94 71
65 6
27 99
33 73
4 78
15 15
51 17
70 73
79 41
65 74
52 83
74 91
46 77
55 66
33 98
68 93
45 46
6 86
50 49
39 96
44 28
23 17
96 17
64 58
48 61
17 15
73 15
10 61
67 31
16 33
75 19
12 1
32 91
1 70
44 73
35 20
67 84
95 42
56 44
46 76
59 67
7 26
71 67
56 95
13 91
3 64
23 40
10 88
8 1
72 88
48 83
51 81
47 56
95 100
67 90
94 68
11 66
39 4
56 28
77 96
6 88
82 99
88 48
37 30
82 20
84 72
24 50
1 3
30 65
79 45
98 30
88 31
38 71
68 96
95 26
50 13
70 11
18 17
11 1
29 12
41 4
58 35
31 44
87 59
52 34
97 33
33 26
15 51
87 88
40 6
91 46
44 75
21 56
31 45
81 57
54 75
66 17
56 58
54 29
95 81
34 2
51 58
34 64
23 24
18 54
28 41
25 37
39 16
45 57
35 89
67 79
38 60
93 23
98 22
76 70
96 57
46 6
60 47
10 59
85 45
99 4
53 57
28 72
71 11
35 1
8 28
25 37
100 69
15 85
78 65
94 50
1 86
81 75
27 65
23 10
98 80
54 5
47 98
37 95
51 61
82 86
55 74
40 72
26 8
4 47
15 41
73 16
50 5
75 39
83 75
34 49
25 95
87 83
61 20
96 5
21 83
21 99
20 42
20 52
87 83
49 58
65 53
87 21
29 32
91 17
10 82
27 11
96 21
8 79
15 58
46 81
41 16
69 83
85 52
18 75
73 29
52 44
91 91
74 85
78 34
25 17
59 34
2 28
11 99
19 5
49 85
83 33
91 4
20 78
54 84
78 38
69 35
18 36
64 58
49 19
8 52
25 39
27 81
3 24
33 69
93 90
1 56
25 84
62 72
37 59
43 59
86 53
88 2
33 1
11 37
17 88
57 69
69 22
71 67
19 19
39 79
19 51
1 51
30 82
91 28
54 87
59 71
11 15
71 22
74 29
59 85
30 26
99 19
86 65
84 1
83 88
78 55
36 57
7 23
91 78
73 15
49 81
28 30
12 69
33 33
38 19
29 56
89 1
6 40
99 22
59 19
45 18
69 73
59 70
26 51
59 52
64 56
84 74
69 66
86 29
9 2
80 2
67 6
59 72
65 67
3 7
41 11
94 73
38 63
100 34
37 50
10 77
100 66
64 32
74 97
33 99
54 50
2 52
73 99
59 41
52 26
32 70
55 11
20 50
42 39
80 13
31 1
58 46
15 86
99 19
43 74
76 39
30 20
10 80
34 11
46 38
12 38
27 73
40 62
1 100
26 6
28 64
63 28
77 24
43 95
36 77
9 22
96 44
37 28
34 72
7 36
40 5
17 41
13 46
59 54
58 31
93 59
41 7
15 76
59 44
40 77
10 50
34 83
69 96
71 81
20 45
67 86
82 70
46 17
6 47
34 21
23 23
85 10
96 48
99 98
27 56
31 76
60 71
75 51
19 4
93 42
81 87
58 60
9 35
93 32
17 14
18 65
37 90
57 72
85 93
48 86
48 48
94 94
81 68
69 43
64 74
52 64
35 80
97 43
97 80
92 79
30 15
19 54
76 88
26 62
70 51
54 44
56 90
29 21
28 46
75 45
73 15
8 32
84 4
81 49
53 64
100 17
50 65
41 5
9 88
34 57
88 42
8 87
27 50
21 61
28 82
90 75
72 24
14 61
86 69
69 4
57 39
68 83
39 57
32 79
93 97
8 60
38 74
100 86
36 32
65 19
26 30
8 46
25 51
10 85
40 46
77 66
61 54
90 63
17 22
21 93
23 71
57 64
81 80
2 73
77 24
8 61
43 99
48 100
74 21
29 20
68 3
30 12
48 2
7 11
14 90
40 50
66 22
51 63
91 87
2 54
15 33
17 68
61 51
91 83
78 53
53 97
19 100
90 58
42 11
88 22
11 50
16 81
44 37
91 29
69 53
20 12
50 89
12 52
19 11
23 62
40 71
87 65
53 73
87 24
45 28
66 14
78 26
10 49
16 28
20 64
63 54
82 60
88 84
24 5
25 95
65 88
28 53
43 46
55 45
69 63
30 67
17 94
36 95
73 55
7 75
5 48
44 67
8 15
16 51
63 29
31 76
7 73
1 46
35 100
45 48
97 73
100 65
74 25
58 73
67 92
93 89
73 27
100 4
81 24
48 83
24 50
45 11
75 35
67 95
51 55
43 49
96 14
67 100
30 43
21 68
25 26
34 42
64 86
85 41
1 92
78 15
15 68
59 16
30 60
49 20
3 16
78 84
100 84
76 40
88 56
66 28
21 28
60 34
17 31
1 3
7 16
41 80
97 13
81 2
7 74
100 19
23 50
54 87
18 19
4 93
74 7
43 44
90 86
90 92
27 36
90 30
19 58
93 4
49 45
1 17
93 23
3 60
30 100
92 6
31 100
17 8
9 33
51 79
76 41
25 15
51 82
82 9
65 46
99 46
62 10
23 20
98 65
36 60
77 58
16 35
40 4
2 64
10 30
29 89
43 8
36 66
70 70
14 65
80 69
70 15
66 82
72 43
73 26
95 33
15 100
3 77
12 40
23 33
53 8
87 33
99 99
55 41
69 41
64 45
53 86
30 50
38 16
51 50
18 61
66 73
66 36
57 64
20 89
75 66
37 5
14 96
62 31
6 74
27 60
93 51
28 40
92 93
16 93
100 66
87 26
30 92
2 94
98 17
4 76
6 1
36 1
2 27
60 41
4 41
17 71
12 79
86 43
55 86
14 80
3 3
72 10
31 16
11 19
91 98
57 33
99 75
5 45
70 63
56 48
83 5
62 65
83 40
75 49
77 57
82 57
13 74
58 100
35 50
62 43
61 28
40 3
97 43
15 54
99 95
53 36
31 24
63 73
90 78
37 61
76 5
44 32
9 70
59 72
6 2
51 20
15 4
4 76
55 64
85 66
59 76
38 20
98 82
94 15
64 69
27 38
75 23
28 94
84 89
62 72
89 88
97 16
1 26
37 83
63 69
52 73
41 18
45 44
14 45
30 47
82 4
41 1
73 30
42 26
99 72
78 32
92 45
66 75
81 7
99 60
50 92
92 34
88 32
47 73
85 48
51 100
25 62
11 22
78 45
61 51
72 46
18 33
57 66
25 71
54 15
71 87
76 43
95 84
15 30
41 40
24 30
48 34
81 92
49 59
89 59
32 64
78 42
33 55
97 90
11 1
31 14
98 82
2 34
18 45
96 54
38 34
20 96
21 68
100 55
49 41
81 18
72 100
66 73
89 35
96 23
19 39
59 21
23 65
65 22
73 51
63 56
41 3
21 84
95 48
41 13
61 94
26 63
18 55
45 48
74 52
28 55
27 13
71 33
29 88
44 10
67 39
18 73
15 57
87 58
18 28
63 97
67 75
41 79
28 21
7 61
88 1
99 11
65 82
10 18
15 32
37 32
72 73
55 34
9 67
66 72
95 99
22 12
44 34
13 53
66 59
17 38
92 59
93 23
88 70
73 98
88 84
54 60
90 71
3 41
92 17
7 98
17 37
10 43
99 76
97 10
16 4
86 29
95 20
80 37
95 46
61 4
68 68
66 70
16 89
29 86
84 42
62 87
50 97
27 27
26 91
67 7
43 64
18 49
59 29
30 86
90 47
47 13
35 97
31 17
1 53
78 66
90 66
69 41
39 60
88 93
65 2
54 63
74 21
11 74
85 51
20 66
72 77
5 18
86 88
39 65
33 55
21 81
100 4
34 51
47 7
78 94
100 9
89 23
47 43
11 38
71 60
36 41
9 2
57 8
18 57
9 6
87 73
7 74
29 98
25 85
95 66
94 100
31 99
20 87
4 73
15 50
39 4
75 1
71 19
76 91
13 65
55 74
96 71
65 68
88 76
42 30
42 14
40 85
83 4
88 8
50 74
5 63
75 48
58 75
13 22
92 56
18 32
99 95
99 29
46 29
76 31
45 94
39 28
6 29
64 32
95 52
72 78
54 36
69 52
43 97
30 78
34 69
97 70
25 1
50 88
85 45
19 30
43 1
76 81
53 33
30 8
25 54
9 47
56 55
82 28
21 68
99 10
99 59
72 14
49 90
96 40
47 44
93 84
35 19
52 73
8 67
81 71
23 50
62 54
1 74
17 98
43 32
34 42
14 67
67 32
35 82
50 64
37 13
77 82
25 44
89 97
6 42
1 50
97 43
13 48
82 77
70 62
12 58
32 88
41 76
60 99
27 27
87 19
5 34
13 97
90 43
12 1
93 67
64 45
25 54
94 93
81 42
67 37
79 86
46 61
86 68
14 67
47 76
22 80
90 49
23 71
63 76
48 42
23 20
11 70
12 89
4 49
80 32
23 46
87 36
72 59
35 97
65 14
10 29
39 30
78 10
51 72
2 30
22 29
15 68
27 84
67 21
47 9
45 20
46 6
92 21
30 40
11 25
90 96
4 71
52 73
12 67
66 99
51 14
34 38
28 20
63 54
89 86
60 51
37 52
27 21
31 9
71 48
91 86
93 38
61 77
20 48
43 61
15 7
42 76
57 28
41 42
8 48
55 36
85 13
5 5
98 9
67 4
15 29
87 4
70 27
19 53
98 22
35 25
69 18
83 60
14 44
31 72
23 45
73 47
20 23
49 18
4 55
42 70
92 3
48 44
3 98
11 50
90 4
17 4
52 77
99 31
9 97
12 24
53 19
45 62
16 81
51 27
11 65
83 9
37 82
80 91
1 14
87 4
66 67
21 31
21 15
80 63
4 54
44 59
4 9
23 28
44 76
59 15
64 97
35 31
6 59
18 95
46 32
96 14
34 50
49 9
94 97
94 99
60 84
98 67
39 60
28 64
48 93
1 76
10 25
37 26
33 19
62 90
23 29
50 37
82 72
43 43
81 99
37 26
86 54
85 7
59 53
82 81
43 22
75 2
16 63
49 32
92 48
13 95
96 97
78 49
62 3
41 93
71 47
73 38
38 59
61 58
100 54
38 3
62 34
61 78
74 29
94 4
22 67
96 9
43 40
56 38
90 4
24 39
92 15
28 57
60 97
3 20
9 89
2 70
77 21
24 52
2 53
68 68
89 46
49 50
45 16
50 100
89 42
68 15
22 89
79 53
28 72
74 42
16 55
89 57
34 71
89 35
34 60
8 37
36 44
77 52
15 27
25 47
52 42
58 93
52 55
11 90
60 12
12 95
64 60
36 32
88 46
66 12
56 51
76 43
14 13
52 19
25 42
55 7
19 33
98 31
33 59
47 56
71 24
48 65
87 13
5 95
88 100
21 24
64 83
75 43
49 27
78 9
99 41
100 68
35 2
3 47
62 58
95 65
14 41
77 69
82 97
53 39
42 80
89 99
28 81
8 45
41 17
52 75
62 51
59 1
2 57
46 9
5 57
72 80
45 25
92 21
28 74
32 24
64 44
91 57
6 18
12 23
68 17
56 10
63 90
55 70
10 56
76 99
1 35
76 49
52 67
82 83
28 87
94 99
71 81
56 67
53 43
11 50
59 41
66 45
21 2
60 97
11 53
26 10
32 29
55 29
69 30
11 2
38 53
32 26
2 10
95 70
95 48
21 27
50 80
57 89
27 48
12 87
32 88
27 82
87 35
83 6
61 16
14 73
28 4
31 49
21 92
80 98
93 50
80 84
97 42
65 51
39 81
7 46
42 61
22 61
61 75
10 42
33 62
50 27
93 67
86 72
44 48
39 66
6 50
46 79
95 55
33 97
9 66
78 94
11 31
95 52
13 99
71 46
60 77
40 55
53 94
81 68
72 52
97 43
60 51
68 46
62 46
50 83
27 91
3 6
72 43
39 17
65 47
56 5
89 95
9 66
41 28
84 43
48 83
98 29
81 73
94 37
82 77
89 90
72 82
93 7
83 94
84 33
15 53
95 70
75 39
68 98
75 37
98 90
64 93
86 87
18 87
25 38
87 70
96 78
28 43
10 64
34 46
92 41
65 20
74 41
100 58
57 99
58 35
99 41
7 27
90 7
93 29
88 4
79 97
64 63
32 62
13 42
99 95
47 14
7 11
25 33
14 64
81 47
75 74
29 56
18 85
44 61
54 93
5 6
39 90
33 87
14 70
24 87
24 79
79 41
98 27
75 89
87 40
7 61
26 29
93 66
96 20
18 9
33 21
74 16
33 71
64 83
87 9
83 17
62 48
45 19
7 1
27 63
26 17
33 75
56 18
95 1
28 87
61 62
99 59
66 28
93 100
13 80
42 14
68 79
43 20
39 93
42 19
29 59
97 53
19 47
74 77
92 72
36 7
6 97
18 39
68 78
21 31
56 47
50 94
83 31
100 17
9 95
61 93
77 33
41 21
68 63
72 86
21 59
28 24
70 44
86 86
20 76
34 75
79 51
87 6
76 94
17 43
81 24
57 5
65 48
99 70
30 81
9 71
35 28
35 29
78 62
54 5
55 12
33 8
4 51
89 42
84 25
64 97
2 34
13 9
56 69
69 48
84 94
76 27
97 72
5 89
14 64
16 47
91 63
92 66
55 52
18 57
61 61
35 75
74 61
25 8
33 96
55 93
33 78
19 75
41 21
