5000 126001
58 16
47 41
67 47
84 71
29 32
72 88
68 86
4 97
68 15
85 19
93 43
41 12
37 17
15 6
19 82
15 48
88 59
45 61
55 18
16 89
23 39
80 17
85 95
95 16
92 82
65 47
81 15
82 23
6 28
67 18
44 7
64 95
65 58
11 6
99 66
94 41
82 93
19 51
97 89
1 59
3 21
42 84
41 22
39 38
8 41
12 4
5 85
95 99
56 16
59 54
63 87
30 6
91 22
99 33
76 21
34 3
15 80
57 87
67 78
20 59
75 4
10 36
35 53
39 14
20 41
34 70
32 54
53 86
4 21
81 95
54 44
6 41
74 78
46 66
44 30
81 70
57 69
48 67
27 68
64 36
59 20
89 6
46 41
1 42
87 39
21 61
34 96
53 70
29 48
100 25
73 80
3 3
9 61
7 32
94 16
81 1
92 54
77 22
33 86
95 74
9 16
38 30
52 66
82 45
84 47
95 48
62 14
92 67
95 14
89 33
8 2
5 85
29 38
53 94
57 26
68 28
25 6
90 74
20 49
54 5
89 98
44 28
8 8
49 10
51 12
1 23
29 11
94 65
30 96
14 48
41 90
38 63
51 29
92 7
20 59
86 75
39 54
33 72
78 93
85 19
21 56
85 46
89 4
2 46
89 39
45 81
69 73
13 45
86 54
40 74
66 49
26 4
84 53
74 8
74 65
86 64
26 83
55 27
79 80
55 78
68 75
71 21
93 41
70 3
63 28
64 99
56 30
1 33
96 23
33 74
85 52
69 30
69 20
25 55
70 75
57 10
21 35
90 48
21 54
6 41
29 73
39 55
31 96
64 25
12 14
56 60
49 89
89 96
10 87
28 20
44 26
29 61
98 41
88 66
99 15
12 20
51 16
54 96
12 52
46 90
38 70
48 3
66 20
58 41
24 57
35 94
66 50
44 92
76 93
86 56
49 84
5 65
24 62
31 79
68 42
87 75
87 38
69 82
76 71
48 24
48 1
71 96
77 36
45 93
10 13
27 3
9 12
60 80
32 98
72 64
57 70
69 19
20 66
75 41
78 59
43 23
9 86
43 9
39 66
37 79
80 64
87 1
93 95
4 25
18 79
60 36
42 51
56 16
80 69
17 21
3 92
27 70
39 68
31 79
24 62
48 32
57 81
32 74
59 12
88 79
3 89
68 33
8 49
74 54
42 25
85 8
69 28
2 10
27 68
7 45
38 40
59 83
93 45
30 35
62 7
62 75
42 22
3 9
69 91
21 91
72 30
72 34
48 12
62 49
54 12
71 25
62 33
11 93
54 50
72 44
50 23
56 38
91 28
58 23
82 92
32 52
94 30
50 71
86 61
73 49
56 68
75 53
31 31
100 12
57 39
44 89
14 87
98 60
98 98
82 29
70 2
69 79
5 14
69 65
83 27
11 25
91 90
96 59
73 69
44 39
67 54
22 91
52 77
58 33
31 14
33 20
41 84
25 95
82 42
78 97
49 44
89 9
53 49
79 26
40 73
9 87
22 15
5 11
58 98
19 12
39 39
27 52
40 90
95 52
96 68
74 68
5 28
38 57
69 79
77 97
82 48
35 84
51 87
33 76
44 17
81 52
17 95
85 52
57 99
50 36
62 100
5 42
90 97
14 100
35 67
29 69
74 38
56 33
86 79
31 88
27 96
24 69
58 91
18 85
18 72
5 58
91 5
75 99
42 15
59 35
51 95
75 62
45 70
1 34
59 37
89 38
34 37
75 83
73 42
90 35
76 70
86 41
47 28
65 66
52 93
81 47
94 86
25 30
89 79
31 64
8 17
15 75
54 84
17 59
32 11
71 55
21 17
22 67
45 6
14 31
32 53
48 52
41 44
76 23
100 85
51 32
16 60
33 74
78 66
40 1
75 8
53 87
26 94
73 88
18 5
29 86
53 34
63 90
5 67
93 64
93 6
12 36
7 90
46 89
28 94
90 1
68 96
100 10
63 19
65 1
66 92
94 72
64 52
6 87
22 46
63 89
56 70
37 5
48 14
33 87
77 58
74 21
38 74
2 3
46 60
55 78
30 88
50 45
69 67
86 6
43 9
61 24
98 41
1 98
58 13
25 87
91 50
77 60
77 48
53 69
41 60
42 40
99 92
56 63
47 78
20 37
19 3
54 48
56 93
18 16
39 34
32 50
91 89
76 59
85 4
88 48
30 36
14 91
37 93
98 55
52 49
31 53
10 78
49 41
32 2
67 42
25 27
74 52
95 1
1 75
26 72
88 12
42 66
24 15
43 75
40 95
43 51
61 29
94 42
51 43
30 45
32 28
82 45
20 33
59 86
67 48
59 32
88 74
32 91
48 76
37 28
83 91
78 28
98 5
83 31
61 82
64 47
8 10
86 33
58 47
8 36
64 56
45 59
2 53
39 70
40 85
41 47
34 72
52 65
86 89
84 66
82 9
69 68
65 62
53 93
27 5
83 62
12 77
66 78
15 52
11 52
54 5
49 94
40 32
51 10
32 24
1 13
66 56
39 85
38 97
76 54
98 20
1 52
72 64
99 72
40 73
11 100
92 19
73 96
63 65
77 59
56 61
44 73
46 78
72 23
48 18
24 82
55 84
59 94
90 12
21 87
69 97
43 16
69 80
9 28
94 77
100 55
61 92
59 84
90 40
50 88
34 38
88 11
51 91
58 53
38 35
90 15
68 53
29 5
14 10
30 17
6 15
69 71
25 41
3 92
92 45
73 58
26 25
46 80
31 3
15 36
66 18
52 100
10 4
87 49
12 27
55 32
86 55
24 19
65 68
28 46
73 58
51 5
15 57
75 49
8 9
52 43
16 63
75 61
33 47
29 25
5 77
38 61
49 95
29 18
92 4
41 91
1 27
17 28
86 22
84 30
84 16
4 91
87 29
93 71
90 39
50 55
99 2
27 93
25 25
63 21
54 91
97 35
13 25
20 99
24 83
20 86
24 41
39 97
95 46
56 87
68 21
51 23
45 99
16 67
31 92
36 2
8 9
84 18
4 29
46 30
19 47
87 96
49 20
5 27
31 66
90 10
6 34
29 20
68 55
30 58
44 40
74 45
78 92
56 17
93 43
1 26
28 2
68 35
40 75
74 99
75 73
59 95
24 73
71 71
74 62
6 64
58 72
34 70
89 34
62 52
79 52
59 32
100 100
27 71
15 59
83 17
68 81
20 92
63 88
35 87
49 1
6 80
8 31
27 45
62 96
53 25
27 22
41 49
72 59
18 96
14 47
99 31
76 91
89 20
69 53
2 4
94 35
27 76
35 73
35 68
40 79
13 76
93 52
39 78
91 47
8 10
73 95
58 79
79 53
36 82
44 65
28 53
41 13
4 47
6 97
54 8
8 71
84 19
94 8
31 81
2 14
7 7
29 11
29 56
95 78
98 15
82 59
41 64
76 90
16 84
75 84
15 68
80 59
19 35
5 98
70 57
78 44
78 44
79 87
57 96
65 77
75 3
36 100
5 90
78 49
41 49
59 49
37 71
76 19
4 57
67 51
29 84
11 15
96 13
58 40
57 44
45 27
91 50
97 7
20 68
7 33
23 90
86 36
38 44
42 24
42 85
60 52
19 19
71 28
90 39
27 66
35 4
64 93
62 66
40 93
93 42
54 14
50 42
29 64
30 32
53 50
48 15
58 15
15 64
43 27
67 6
72 7
87 6
58 56
20 65
58 73
16 40
43 55
95 60
5 83
36 30
36 96
64 87
6 49
7 23
54 77
33 14
41 27
69 69
46 31
32 71
62 10
100 44
33 12
42 26
81 27
86 13
89 40
90 42
52 76
31 18
57 47
75 34
69 75
66 54
47 51
78 48
33 94
89 5
72 59
37 28
76 86
8 55
1 14
81 86
14 29
6 90
13 52
6 7
74 59
59 82
38 78
87 20
10 78
70 41
29 45
90 4
7 54
17 84
79 97
59 81
100 54
87 96
85 15
20 28
4 49
31 17
98 27
36 42
71 73
69 38
25 70
46 58
76 44
77 35
27 44
41 72
82 25
91 95
47 79
7 83
1 28
36 8
94 54
10 5
5 48
22 99
51 61
64 1
90 34
82 57
74 82
89 87
20 4
58 48
9 67
76 53
89 64
58 93
11 46
11 36
26 82
87 67
57 93
54 25
63 2
83 88
46 49
96 78
25 34
44 79
3 12
26 62
79 86
96 65
87 18
36 33
69 15
90 78
99 34
10 49
71 87
72 15
99 87
42 42
81 14
59 5
17 94
21 77
16 50
80 92
32 12
93 31
66 10
88 56
98 8
81 63
22 96
44 56
76 40
46 29
87 34
30 3
23 42
18 19
77 68
62 60
53 51
45 82
51 89
3 36
55 82
73 27
26 2
5 21
14 69
6 15
15 25
31 14
27 43
30 26
10 57
10 54
74 57
27 67
97 62
72 64
7 29
70 57
67 19
35 21
67 37
5 4
64 23
90 79
22 22
41 42
51 90
26 24
37 76
1 30
80 12
91 57
73 9
5 13
47 29
38 77
63 80
61 6
68 42
41 22
42 31
29 99
50 28
68 87
56 65
46 89
39 2
14 45
67 97
57 72
48 17
33 85
61 75
64 40
74 15
35 48
4 81
76 4
60 24
40 56
28 86
40 35
83 65
52 94
96 47
81 45
90 22
58 26
42 50
9 63
98 100
35 81
38 61
47 27
2 19
45 77
44 15
92 73
10 22
62 63
48 44
10 38
47 47
9 71
73 29
20 14
43 70
76 62
96 69
54 93
67 69
23 54
45 27
1 33
27 99
41 26
82 78
16 20
50 3
23 79
24 83
100 2
9 59
13 95
98 28
11 30
9 72
94 94
2 2
19 45
55 8
50 97
28 82
1 7
10 67
100 63
73 20
52 37
27 24
68 88
5 81
45 44
42 94
50 8
46 29
20 92
42 85
27 6
35 64
43 39
1 36
11 46
42 93
9 47
23 40
40 72
71 76
32 63
33 18
25 77
2 7
39 25
74 73
29 41
40 83
35 92
80 3
64 2
86 80
58 78
31 42
42 60
2 21
24 87
43 67
47 49
44 78
36 3
25 6
30 41
79 94
77 42
40 38
20 86
38 88
15 30
11 9
8 15
98 92
43 26
32 43
99 51
34 3
57 15
79 91
25 37
91 58
10 45
88 39
28 37
67 74
70 32
22 97
68 94
45 18
64 15
67 95
88 47
100 70
43 100
70 40
78 63
20 93
61 77
49 100
57 32
75 58
60 8
16 46
24 50
54 86
100 88
74 52
87 40
56 55
4 42
63 76
99 64
13 38
50 66
78 1
79 11
19 97
99 97
99 56
64 66
15 63
65 50
3 13
66 32
7 2
24 52
95 94
78 46
85 80
43 45
34 78
11 38
54 5
2 75
87 39
8 90
1 15
60 90
46 29
8 21
64 83
9 4
6 84
28 72
10 22
36 84
7 82
81 18
86 32
57 37
96 36
100 47
21 39
50 100
17 78
79 40
74 3
11 24
9 37
10 82
54 68
94 66
20 71
59 72
95 41
6 9
66 13
95 7
18 50
64 93
3 27
33 84
24 49
60 10
60 55
33 70
95 46
18 36
13 39
33 29
74 25
8 74
32 75
46 15
58 73
49 53
77 54
83 75
11 28
85 42
92 9
16 47
30 8
11 79
75 71
25 100
69 40
92 83
71 6
86 89
55 76
73 32
70 73
78 76
85 41
81 27
11 45
31 86
99 15
75 83
63 15
24 91
83 9
47 41
22 5
92 33
95 93
98 10
74 8
57 72
34 51
65 68
73 19
63 58
27 46
47 89
39 57
47 85
38 23
10 62
84 74
93 50
34 45
53 98
22 25
70 86
34 76
84 21
1 23
84 90
59 4
63 89
59 80
93 64
9 30
80 36
36 96
55 74
77 45
9 55
64 46
62 48
25 22
36 16
77 5
3 68
82 56
15 14
50 4
71 78
76 27
33 29
15 28
62 72
38 26
37 4
31 9
23 54
72 25
31 83
6 43
30 80
46 72
64 75
74 43
6 53
44 62
9 38
13 78
72 7
17 93
76 75
86 54
93 66
63 90
62 10
48 33
96 45
28 75
97 89
66 75
56 54
81 17
33 54
17 77
18 95
21 57
47 85
40 48
92 33
30 19
97 42
22 12
27 42
61 68
95 6
84 94
56 30
4 44
48 72
79 88
72 88
75 46
64 93
17 53
37 88
77 54
64 38
32 84
57 29
12 26
50 58
12 34
44 94
82 63
28 10
14 40
2 72
26 46
5 39
93 4
7 64
2 33
66 68
85 58
14 100
13 73
69 51
21 81
68 16
16 74
99 68
91 55
91 72
15 60
7 8
27 59
91 14
22 97
11 42
47 94
85 74
60 52
10 79
81 19
93 14
89 88
94 59
94 37
15 85
98 49
38 41
73 100
51 81
4 8
58 57
64 33
16 32
26 60
36 13
83 48
93 33
35 81
73 54
35 56
1 92
32 13
14 14
43 57
5 9
24 8
42 2
90 82
35 11
51 80
70 1
27 76
40 19
15 11
72 13
54 3
64 59
9 5
78 55
15 92
12 12
35 63
30 24
79 95
12 22
66 36
13 42
5 7
52 68
38 48
91 62
52 12
21 60
4 76
94 68
25 69
79 35
35 22
66 2
13 45
38 1
87 54
91 72
77 72
1 64
62 84
82 26
65 75
71 40
59 80
79 66
34 3
94 43
60 41
65 98
57 64
25 76
77 39
13 70
28 96
66 38
4 32
31 7
86 98
7 59
77 74
11 18
38 45
63 95
76 19
2 41
100 48
63 25
93 12
76 19
15 88
6 48
9 44
79 14
76 87
68 76
9 31
62 90
13 70
69 71
26 87
69 33
45 99
54 77
82 55
25 94
72 15
37 38
55 100
57 64
95 48
31 25
67 81
32 92
94 72
95 51
34 32
93 71
9 75
78 95
21 89
75 15
83 42
29 84
6 28
11 81
48 11
14 11
72 70
60 80
34 81
49 8
81 65
31 79
54 36
14 19
55 72
25 50
50 8
61 23
82 65
44 55
92 48
100 45
76 98
85 71
46 96
61 81
29 41
6 22
38 75
49 81
81 36
20 69
30 64
86 64
82 49
77 27
51 26
53 18
37 6
85 6
53 77
69 70
67 37
7 12
82 40
21 60
31 14
31 47
81 83
64 78
26 53
24 82
64 23
1 50
60 52
9 70
13 30
89 44
15 91
2 57
89 24
47 79
74 25
18 39
32 94
55 73
47 65
82 19
60 42
83 23
18 24
12 18
3 92
84 60
18 29
84 32
56 20
1 94
14 78
89 54
64 72
39 83
12 87
27 46
92 32
72 38
88 15
56 14
12 33
54 57
58 70
52 8
100 35
31 94
70 46
83 28
37 18
68 63
64 46
96 59
2 85
34 22
8 76
4 76
17 81
25 56
87 59
73 52
77 50
52 89
13 57
41 73
42 71
24 43
67 18
85 54
47 32
6 32
41 19
10 64
59 40
50 40
62 71
10 75
32 33
83 69
92 54
68 2
50 31
8 100
64 60
51 67
41 21
71 87
54 42
57 53
47 95
40 53
81 57
24 96
43 41
93 13
64 68
84 11
69 56
82 85
69 16
67 87
88 16
61 35
77 3
98 7
10 74
90 25
8 81
41 59
72 93
99 35
8 60
21 23
58 86
23 72
23 89
98 58
45 58
76 83
55 10
92 52
67 87
87 66
67 47
61 27
32 31
82 14
44 89
52 86
15 98
64 4
18 24
54 65
76 90
46 78
52 72
85 16
35 3
11 4
77 26
58 95
61 90
37 85
30 70
19 75
59 56
52 10
16 32
56 66
79 44
22 94
47 17
97 30
9 11
65 16
57 56
92 41
98 81
53 96
43 78
12 31
68 52
12 54
66 95
44 41
10 31
69 18
80 8
96 33
79 74
57 33
54 28
39 63
45 18
83 49
57 38
55 25
87 58
25 21
10 90
17 2
46 14
8 59
14 31
6 25
24 26
22 39
97 65
21 6
26 34
91 95
85 36
94 37
3 48
50 83
37 30
64 78
70 52
68 37
59 11
48 25
24 70
12 90
86 88
20 39
47 38
95 77
27 15
85 47
19 97
36 57
1 48
64 63
96 67
66 31
22 87
19 92
40 21
70 3
92 49
65 54
61 49
76 85
58 43
15 96
77 19
46 72
78 74
46 22
14 8
36 36
93 47
89 29
100 77
30 86
61 67
98 66
76 62
87 34
82 12
94 10
74 90
34 60
10 72
69 56
100 42
31 10
40 47
91 62
52 65
31 95
55 67
12 13
6 31
65 9
78 61
34 1
10 80
55 86
79 23
75 88
43 21
23 69
64 16
42 49
52 6
76 35
39 14
28 19
62 68
72 25
73 80
35 57
5 84
82 4
4 64
56 77
64 13
43 62
46 38
16 29
25 56
53 5
79 94
82 39
17 13
57 54
15 39
78 45
63 39
93 13
53 84
5 11
15 33
68 51
98 59
18 38
43 85
88 72
97 56
56 4
59 96
70 36
90 12
64 32
3 39
45 75
71 8
19 3
39 88
69 98
86 84
63 44
21 2
64 77
44 34
89 66
72 30
58 24
66 62
35 68
50 37
70 45
91 30
16 69
89 96
89 88
34 7
83 32
76 59
82 14
90 88
87 6
51 1
80 99
2 89
6 91
76 26
72 49
24 46
15 13
40 46
9 29
77 8
12 99
24 5
21 93
100 16
96 86
30 17
18 78
82 5
32 53
39 74
72 34
47 21
80 21
12 21
32 79
14 53
40 31
66 45
4 92
26 88
16 45
35 90
27 77
21 88
10 67
98 25
96 33
24 32
90 70
4 61
53 91
53 20
80 17
25 84
53 35
27 54
54 100
22 12
8 58
85 4
12 38
31 43
84 76
43 58
95 15
67 55
57 10
34 45
32 99
12 1
59 84
100 95
46 43
85 60
72 82
7 61
34 36
68 14
83 92
23 57
23 26
35 83
76 76
2 94
59 66
80 11
28 47
64 17
53 74
87 56
49 20
16 11
18 98
84 95
59 69
12 64
2 1
67 30
97 60
34 51
30 83
55 44
85 46
27 77
39 3
56 79
33 89
24 91
23 45
15 81
47 47
46 70
1 15
74 23
99 16
59 32
5 33
27 14
23 100
9 58
13 70
23 19
76 21
82 19
58 65
34 89
45 35
59 66
52 70
41 94
44 16
81 4
47 37
80 13
7 32
37 92
36 92
92 21
61 82
10 88
6 1
59 28
55 57
7 67
32 50
54 24
17 50
88 34
32 38
91 49
48 92
96 59
65 19
23 64
30 29
22 83
9 52
74 63
33 100
60 73
67 57
28 16
93 29
65 45
8 80
99 60
2 36
43 23
42 80
62 17
52 10
48 32
20 97
59 19
6 98
3 46
64 42
74 99
42 32
47 31
17 47
89 75
42 89
81 65
63 38
71 70
55 100
71 41
97 32
87 99
83 13
15 40
14 14
27 93
79 85
73 46
77 53
80 20
15 68
19 32
93 89
19 78
18 64
12 85
29 96
23 13
14 82
44 37
48 12
7 13
90 68
64 10
95 87
83 8
45 75
10 76
6 77
99 74
32 16
54 61
37 72
14 81
68 100
2 38
92 73
98 36
75 83
69 25
30 56
41 50
87 9
22 96
11 79
4 72
86 80
39 74
78 36
51 13
34 11
25 99
58 26
75 30
41 9
4 64
58 89
37 35
13 40
15 18
87 60
45 7
68 30
23 83
10 87
35 29
76 72
54 60
84 17
50 6
22 36
13 24
91 8
8 44
87 19
53 86
11 67
72 50
44 60
88 55
22 62
77 22
64 53
79 39
52 3
56 13
83 55
61 91
92 99
47 46
27 60
78 10
43 52
94 89
52 93
5 91
80 70
28 16
58 2
63 86
29 74
79 37
28 9
71 81
38 33
14 79
24 66
48 99
85 28
67 77
87 53
6 41
43 98
2 58
37 32
46 100
58 22
71 38
58 43
49 21
69 83
84 2
79 30
12 86
77 91
30 74
68 76
8 60
9 42
77 29
71 97
38 15
7 66
50 5
8 95
44 50
63 35
83 12
91 100
99 14
49 89
29 5
56 54
92 38
30 62
92 37
89 90
39 83
14 74
47 32
40 55
83 8
82 85
18 85
46 46
11 27
99 58
65 73
18 38
60 51
41 2
88 34
49 65
47 19
89 90
8 59
90 68
51 24
91 71
32 67
49 37
39 11
12 71
5 43
82 48
93 84
48 79
71 89
32 67
14 5
69 72
71 21
96 64
2 57
40 57
93 9
12 35
90 67
57 34
30 73
49 17
49 35
69 6
49 82
95 53
58 96
57 92
36 72
60 71
47 14
19 38
61 8
85 24
30 61
17 50
19 24
74 44
64 80
89 12
5 62
29 36
9 36
27 35
24 52
62 92
18 43
68 60
74 78
8 9
76 93
55 50
8 78
24 79
75 8
57 59
70 83
32 3
13 2
57 54
44 25
11 16
75 44
4 32
95 39
56 56
20 33
13 14
30 51
35 65
53 78
86 13
64 52
13 13
65 99
39 3
75 56
82 41
59 15
100 33
41 2
34 59
54 83
49 79
10 38
28 90
57 89
79 20
12 44
21 90
88 26
55 20
31 5
14 69
10 52
77 96
70 24
29 36
90 9
51 74
15 52
94 38
36 38
78 4
59 50
52 88
69 6
85 57
34 81
27 20
84 90
74 82
60 79
89 24
74 12
69 68
68 65
82 100
100 39
31 8
2 41
39 64
37 27
32 46
52 84
46 30
9 41
73 59
26 18
50 1
23 85
41 69
95 39
11 74
70 72
53 40
62 62
38 30
89 97
95 42
64 1
24 86
21 75
76 31
64 61
46 86
96 98
32 25
28 37
47 89
14 84
29 77
85 52
51 62
13 74
37 88
48 44
21 66
9 98
74 61
22 67
84 82
66 81
16 57
94 8
35 5
21 48
7 69
73 34
61 44
54 62
88 86
85 81
74 88
15 17
48 41
19 25
63 66
31 17
46 61
9 54
45 100
27 89
46 58
47 62
39 63
34 45
94 5
11 28
94 42
19 17
32 46
77 76
84 97
99 54
22 83
71 1
71 2
29 3
43 86
32 97
82 16
82 72
68 78
7 3
49 40
15 70
77 27
11 5
46 87
75 39
71 59
90 38
1 27
16 16
88 99
91 89
1 12
81 55
1 69
95 5
52 71
84 14
71 80
87 68
34 68
45 14
57 20
57 69
73 68
51 58
40 65
6 83
33 81
7 94
12 85
33 20
21 16
88 11
43 24
66 2
14 1
65 82
7 39
14 28
33 97
94 90
4 16
33 60
27 44
56 84
79 65
78 15
39 50
50 96
64 34
73 17
94 10
21 53
81 37
18 77
71 62
20 53
23 60
55 42
26 47
86 96
87 61
46 62
25 59
81 85
64 15
39 59
98 66
70 5
4 86
30 15
16 94
8 54
14 74
42 90
63 89
93 90
71 56
54 38
42 86
86 89
78 6
87 47
6 93
58 42
56 23
29 55
77 95
30 34
35 96
2 93
67 82
74 57
47 6
91 40
6 93
62 20
81 50
3 10
32 76
85 88
32 76
99 22
44 41
46 2
40 11
58 81
38 91
62 66
63 19
31 76
47 6
40 24
69 74
53 98
97 18
24 97
33 52
73 64
5 82
67 100
26 56
71 15
92 8
25 61
13 6
98 100
86 80
94 56
100 9
69 7
30 43
32 37
67 28
25 35
29 38
6 38
34 15
66 28
67 55
97 85
48 56
14 60
36 61
16 29
18 10
33 78
39 77
2 61
57 41
95 11
20 12
83 48
65 25
12 19
7 8
29 31
9 18
92 39
74 38
60 79
61 45
3 32
91 15
27 25
79 66
71 52
85 62
13 32
36 31
3 69
9 17
83 38
68 80
44 29
98 67
37 89
28 58
88 95
90 2
85 50
34 5
10 13
19 97
98 30
21 32
25 4
27 12
81 1
68 94
100 49
40 31
28 90
55 32
83 45
7 14
33 97
53 48
43 28
97 80
41 31
97 96
5 48
75 68
17 27
1 76
25 86
5 16
80 33
64 81
95 17
64 82
98 85
4 29
34 30
47 66
76 60
58 33
25 29
8 13
26 78
77 77
99 43
5 68
31 60
81 40
63 81
15 56
86 39
57 8
64 88
26 69
6 55
68 35
52 89
74 82
20 11
76 74
78 49
100 95
40 54
72 65
15 29
37 91
27 45
49 58
35 56
54 57
6 43
60 85
61 69
83 20
36 13
60 11
40 87
66 73
92 2
54 20
32 80
77 41
63 79
95 67
54 9
68 86
15 54
6 49
41 67
34 64
33 23
18 67
85 10
72 28
42 31
100 38
60 18
68 75
48 48
95 26
22 31
5 90
54 62
34 99
40 61
89 26
93 62
31 100
6 50
85 63
84 19
89 82
13 55
46 49
36 48
19 64
65 34
2 53
24 64
5 52
35 16
56 38
75 18
72 78
80 66
68 100
71 67
91 35
87 75
70 14
85 12
60 57
26 55
90 25
94 8
65 16
30 51
38 21
95 15
87 52
22 83
31 85
28 33
87 38
28 85
63 33
5 53
93 19
64 85
80 68
49 22
50 53
87 6
75 40
21 30
66 71
42 91
43 48
9 57
29 65
64 14
93 69
88 74
90 68
35 93
81 81
6 35
64 95
19 1
53 1
3 47
92 35
83 37
30 31
30 24
62 22
92 63
34 28
54 92
7 48
13 96
55 13
56 52
100 53
29 4
29 33
17 75
71 95
23 80
25 31
99 11
87 93
70 51
38 84
76 13
4 96
19 16
81 99
19 42
89 68
33 52
73 40
32 55
67 40
2 71
62 30
29 61
45 33
47 10
34 4
3 32
12 5
88 69
11 83
11 9
17 24
39 67
79 83
87 18
13 47
56 65
37 81
99 91
25 16
74 16
26 55
80 63
44 84
59 6
50 4
84 51
43 57
23 44
16 57
10 96
76 14
29 87
90 9
21 98
75 96
23 64
23 30
38 52
11 32
85 64
48 60
79 56
23 83
79 42
17 25
88 29
34 58
53 5
86 71
10 73
78 73
12 78
89 35
22 56
70 83
90 39
57 6
64 91
12 34
72 63
73 38
88 47
52 1
14 98
60 44
79 96
37 62
34 25
16 99
99 93
19 41
16 58
29 100
93 23
94 51
45 25
80 3
79 8
49 81
66 73
88 33
26 53
29 2
28 19
99 8
50 84
17 9
56 66
13 26
29 42
79 80
38 64
68 88
31 80
51 61
27 84
9 27
87 74
12 60
76 25
37 19
30 100
91 34
65 18
75 74
36 36
61 94
54 28
14 95
9 75
71 53
53 27
35 79
51 54
80 98
33 87
100 38
97 6
88 4
65 15
25 48
67 83
2 78
44 35
49 14
52 91
22 70
9 40
91 16
33 30
84 16
79 34
15 81
27 1
96 52
89 7
62 36
56 97
94 34
28 82
65 23
65 86
80 61
99 2
15 40
60 58
83 40
67 29
56 63
23 43
31 43
32 10
89 77
84 73
27 97
89 90
87 15
48 66
97 81
77 30
32 47
80 96
8 64
98 80
58 96
3 67
86 86
20 83
58 63
80 71
99 64
22 86
96 57
78 24
72 39
62 48
89 33
55 78
28 28
96 96
77 72
10 70
79 5
17 48
93 94
5 53
5 37
80 8
4 71
53 17
8 38
36 17
84 64
15 53
33 48
42 11
17 19
71 85
13 93
27 33
2 56
11 8
100 70
49 64
40 84
72 8
10 11
81 16
78 37
90 38
76 11
54 8
99 59
7 68
22 55
92 53
63 72
78 43
23 12
67 42
30 11
30 1
54 11
13 74
45 53
38 58
54 36
13 71
60 43
18 80
91 56
61 50
28 40
91 25
61 13
20 23
62 85
71 75
100 90
39 21
60 64
27 53
44 29
10 74
33 72
65 35
1 78
96 43
94 30
75 90
14 85
23 40
5 90
67 95
87 66
1 43
56 52
93 1
65 65
16 46
10 81
56 72
28 95
90 20
46 97
89 59
9 94
59 81
11 85
60 83
97 53
22 48
38 87
92 33
31 74
71 58
8 20
84 51
18 1
1 49
58 40
31 85
75 88
62 82
97 31
61 5
14 24
4 82
53 6
79 40
19 80
15 38
34 12
47 26
4 9
79 60
87 85
64 54
89 92
97 21
75 88
37 44
70 21
12 75
28 77
100 94
82 32
35 96
83 44
99 84
87 96
93 84
29 68
61 83
6 65
77 50
73 40
20 40
81 84
26 45
98 31
51 63
40 34
31 94
49 88
95 94
61 53
35 24
58 47
49 44
83 97
32 86
85 40
52 17
43 60
64 68
52 10
77 44
98 15
86 53
27 27
36 10
30 36
8 47
96 44
36 52
84 96
68 83
55 43
16 79
45 79
52 74
67 93
36 64
34 67
67 33
30 57
94 72
2 8
39 55
94 67
84 4
70 41
30 6
88 20
65 52
93 73
91 29
93 95
42 87
76 34
19 22
77 96
6 21
26 20
24 92
93 73
62 67
91 74
47 67
77 46
88 53
50 92
95 90
23 16
83 59
62 22
5 25
76 82
15 82
43 79
21 48
50 85
13 71
50 54
37 57
29 23
42 78
27 37
21 17
83 65
55 70
39 90
59 12
60 91
65 61
82 3
4 15
26 28
24 29
50 81
54 25
63 81
99 73
1 14
86 48
81 83
14 88
42 72
8 64
28 69
84 3
28 63
77 5
96 73
29 16
14 61
76 47
70 94
40 50
96 16
52 10
94 19
87 5
62 21
5 61
3 66
95 76
8 75
80 45
70 4
9 8
33 69
33 36
7 32
85 34
70 83
39 14
98 21
11 7
98 29
25 41
94 61
77 91
2 46
42 85
5 59
67 58
17 32
74 4
58 7
65 47
77 13
4 78
3 3
38 85
8 38
5 20
84 12
68 65
84 64
54 15
28 72
68 84
86 50
87 3
53 18
7 85
25 68
2 38
17 43
75 48
27 31
62 55
51 90
80 76
3 39
56 100
46 85
72 22
81 3
3 44
88 20
58 67
6 21
90 23
47 52
66 58
94 94
31 63
85 22
29 58
84 30
12 45
96 41
21 31
98 99
100 10
27 15
75 66
2 100
95 9
49 65
28 30
56 63
51 55
59 57
11 54
6 54
56 41
34 75
87 9
10 84
21 95
96 75
68 56
10 17
42 78
33 14
55 62
24 93
69 87
83 19
59 22
80 84
30 12
79 52
30 82
82 73
57 19
56 100
83 72
3 79
56 64
62 1
11 42
6 70
20 9
21 95
64 24
75 50
54 69
50 84
36 85
26 15
97 58
3 41
87 83
90 36
87 6
41 45
14 28
55 44
75 15
72 1
87 79
56 78
3 52
68 61
37 51
11 22
23 60
19 22
14 1
78 75
32 75
76 94
83 45
51 83
96 88
46 20
77 84
1 8
47 3
65 69
26 75
95 12
67 61
12 57
85 99
54 18
4 1
98 78
8 13
30 16
69 78
94 92
85 93
23 82
61 4
22 43
34 55
35 15
92 17
99 55
12 89
24 91
74 100
47 85
26 73
21 39
44 56
55 9
73 47
43 58
19 29
98 73
37 22
85 41
61 29
21 72
38 58
16 30
18 50
98 22
45 97
39 79
91 13
29 89
61 60
4 68
50 84
46 67
90 82
42 52
96 73
2 71
17 42
21 73
100 7
42 66
41 11
43 63
96 74
13 9
85 72
14 2
62 81
22 93
51 94
22 10
42 65
88 51
37 91
12 66
85 25
81 87
50 44
28 89
62 27
62 56
83 57
63 62
60 22
72 38
4 13
55 94
25 60
72 54
76 66
24 67
14 72
68 77
19 29
61 97
81 37
55 100
75 51
94 18
76 45
77 44
68 79
70 9
64 95
56 69
33 74
1 71
89 7
34 69
80 59
50 33
95 24
62 15
12 95
6 45
85 5
68 7
61 39
10 64
39 13
88 4
85 30
4 84
55 32
55 10
65 80
87 21
10 10
91 30
33 38
37 54
67 74
100 68
58 14
30 20
55 36
90 39
82 42
43 94
75 7
61 100
44 26
70 83
74 67
56 72
27 27
59 71
75 31
87 65
20 86
65 43
26 21
56 68
69 78
81 4
11 77
33 57
19 24
72 38
23 39
51 13
8 43
89 64
2 80
18 8
70 35
57 67
59 46
52 76
51 60
34 5
64 27
47 86
55 87
38 93
2 9
81 65
96 15
28 39
68 30
67 1
92 81
93 2
22 68
60 58
25 57
84 96
92 67
96 81
55 34
66 57
46 45
15 76
6 72
48 25
32 84
76 58
56 91
90 81
79 85
58 3
75 37
94 11
4 40
29 75
31 56
57 48
10 40
78 70
84 87
29 21
44 22
76 19
73 22
18 89
87 29
98 30
1 37
31 47
45 10
8 70
48 55
42 55
22 97
54 26
89 31
5 32
81 35
96 73
46 13
11 19
54 75
21 1
4 29
9 14
1 76
87 84
66 62
10 15
64 6
49 100
38 87
60 27
76 18
11 60
77 68
15 46
60 89
29 4
45 44
56 51
36 73
44 98
97 57
9 21
97 23
38 87
65 53
77 57
33 59
11 17
87 27
38 34
83 17
43 56
47 99
83 44
29 91
64 60
45 58
92 96
12 59
82 96
3 75
40 29
44 55
79 42
6 26
55 44
60 45
2 70
10 46
47 69
45 67
7 2
56 89
42 42
44 88
20 41
70 50
28 98
82 57
9 77
18 83
64 74
51 84
64 82
99 17
31 26
27 93
43 27
74 22
90 4
76 74
77 96
81 32
20 29
7 89
38 57
26 24
66 33
39 78
88 69
13 1
84 97
46 22
20 89
77 90
89 61
39 82
46 91
68 58
21 38
6 19
85 93
36 63
56 2
100 74
34 32
38 80
78 66
76 10
12 1
20 69
52 83
88 48
52 52
23 63
94 36
90 61
100 86
12 20
28 90
87 6
76 72
63 86
32 27
95 12
91 27
72 87
85 93
37 18
40 45
57 83
94 36
76 89
93 45
2 90
28 62
78 28
39 69
5 79
54 37
50 21
24 100
57 72
89 20
28 51
79 34
35 7
17 63
78 20
46 26
96 53
17 77
73 49
59 38
48 4
67 60
49 65
20 90
3 53
37 34
11 86
60 35
31 21
38 74
4 31
84 10
65 87
81 11
22 30
70 66
86 99
72 50
45 17
42 70
60 21
72 67
72 4
94 27
88 82
2 75
91 4
36 34
18 51
63 52
94 23
65 6
81 12
94 39
36 96
36 16
31 72
98 33
47 2
13 93
36 59
50 84
96 54
100 45
30 94
69 84
21 62
16 93
40 85
18 78
9 62
52 6
89 97
81 17
97 84
29 78
82 91
40 88
64 11
51 94
54 91
9 33
67 99
87 54
2 72
3 46
22 69
84 95
52 79
68 70
48 39
87 89
17 6
95 93
39 33
98 99
64 76
59 47
65 91
55 12
76 24
26 5
6 69
17 72
6 21
55 53
97 49
39 64
94 92
60 11
89 57
99 82
20 96
55 7
85 36
21 19
9 53
58 56
57 13
61 83
25 78
4 52
99 71
93 83
51 96
37 55
43 33
14 23
48 53
59 24
68 34
23 77
84 80
26 3
91 100
89 52
32 7
87 1
79 15
77 98
98 11
19 23
75 31
17 6
26 82
60 18
90 76
34 86
17 26
98 41
46 68
94 3
53 44
45 90
38 37
3 39
33 96
80 69
16 61
80 49
39 44
36 46
55 77
22 23
13 100
45 76
63 27
44 6
84 76
93 93
20 55
81 39
12 68
94 38
50 96
37 49
5 55
39 72
22 34
74 32
36 12
20 53
67 34
88 55
16 42
4 22
43 45
48 89
36 91
58 5
28 37
74 86
45 2
82 65
47 61
57 2
78 41
9 87
100 7
61 68
54 79
71 14
94 6
65 46
17 51
43 2
53 46
21 57
33 25
74 79
46 89
20 88
45 31
64 74
59 42
60 24
68 96
1 86
8 13
55 38
11 42
87 1
80 23
55 43
20 66
26 83
64 44
97 58
87 21
63 3
10 25
40 52
86 16
3 83
56 97
2 18
97 36
8 43
22 74
29 12
33 73
20 62
100 99
78 56
83 36
58 40
37 79
2 83
59 77
96 43
56 20
69 18
82 96
35 94
75 12
1 61
13 29
38 8
50 70
99 49
53 10
59 46
90 100
38 77
13 28
45 49
39 94
61 15
52 43
12 67
89 26
36 15
31 81
88 24
13 70
14 68
97 15
2 1
15 2
55 43
97 95
23 21
75 60
31 90
57 14
50 24
31 2
21 42
39 31
80 23
71 43
91 40
90 69
60 42
28 68
2 48
56 42
18 61
14 15
59 84
30 79
2 40
95 51
60 11
41 16
59 72
25 30
38 82
12 72
40 31
44 25
9 19
14 51
19 36
91 60
70 17
20 59
21 62
43 10
58 41
53 84
13 4
1 32
94 4
73 46
28 99
48 52
80 39
98 11
61 66
39 75
27 90
15 57
33 25
38 52
55 24
43 96
63 82
44 6
55 20
54 12
40 82
15 90
67 15
58 17
5 49
88 83
29 28
77 10
30 92
38 68
81 46
43 96
38 100
75 1
67 93
18 50
22 52
46 83
15 61
82 69
84 57
41 2
96 78
68 81
30 53
3 1
11 29
92 34
98 58
17 100
97 98
37 39
31 89
15 12
46 8
35 37
3 46
74 87
63 99
84 89
64 6
44 44
78 36
1 57
18 44
44 80
18 7
91 48
42 63
84 67
72 68
25 19
76 68
20 45
45 52
6 72
22 98
7 32
49 58
19 55
23 31
46 55
56 46
5 19
60 18
53 5
91 55
14 63
27 91
53 5
98 51
90 96
96 48
75 39
42 53
65 44
71 18
12 11
55 43
12 80
95 29
79 62
88 51
23 48
98 7
32 54
28 19
71 4
90 85
28 76
89 10
64 15
73 82
96 55
68 85
85 99
49 59
58 91
98 13
27 1
63 96
47 16
68 49
10 95
74 54
9 53
75 90
44 71
72 63
81 84
55 3
67 91
11 46
42 5
41 38
60 52
26 58
68 8
30 7
67 94
95 84
71 16
31 8
20 65
66 23
98 44
4 16
66 33
8 34
53 28
92 86
70 81
52 95
11 34
79 76
25 48
72 86
5 65
68 71
43 100
38 49
22 25
61 90
48 94
15 29
1 79
8 97
92 86
20 86
89 55
59 79
67 21
59 70
89 38
86 38
77 44
38 33
41 53
42 29
97 18
45 32
86 14
66 99
96 27
96 47
97 74
20 26
67 84
1 90
39 96
62 83
90 90
60 72
22 24
90 35
27 100
75 2
49 31
18 37
94 39
37 85
28 67
60 12
96 7
16 56
45 49
24 2
6 88
37 1
65 30
2 6
82 84
50 95
20 4
29 10
98 93
16 29
49 88
16 28
68 18
87 35
77 10
58 8
99 7
99 33
47 42
77 6
73 86
47 25
46 43
18 77
83 9
74 9
78 88
30 67
41 17
74 88
53 21
46 4
11 88
70 50
100 61
44 23
71 97
19 64
72 33
68 41
34 92
72 20
84 69
53 62
11 6
12 78
10 69
61 12
62 63
8 10
37 18
86 100
6 34
82 12
4 28
89 95
7 72
33 67
70 13
48 88
6 54
75 33
45 44
68 93
44 35
44 4
63 16
14 31
62 68
87 48
34 71
47 11
58 19
69 39
100 72
20 24
80 69
61 92
80 88
94 83
21 54
68 5
79 82
26 87
2 68
82 10
66 33
8 39
14 76
88 46
7 79
72 82
62 30
52 22
39 74
57 64
47 25
2 89
22 46
61 44
40 88
7 17
59 7
97 6
75 7
10 78
69 82
7 27
71 22
48 69
100 9
43 75
68 25
30 91
20 13
69 92
12 52
38 46
28 82
77 79
25 43
35 60
48 60
38 72
38 81
39 86
46 88
36 58
92 74
67 33
96 1
31 62
74 1
55 7
79 19
100 60
64 37
47 100
58 86
86 58
47 20
9 95
80 84
14 96
39 37
100 96
82 39
50 88
89 41
61 21
78 18
13 35
47 32
78 30
2 59
84 13
68 15
47 46
20 22
59 88
13 30
67 74
41 1
38 31
73 33
71 20
90 90
89 69
18 71
99 75
26 78
64 91
8 21
6 13
29 38
46 57
57 8
62 77
47 96
45 1
22 49
24 14
57 35
69 80
53 95
10 93
4 44
20 9
56 90
75 65
30 48
20 72
42 39
70 49
10 2
66 71
41 68
99 43
54 91
10 38
97 69
80 20
25 80
56 90
37 32
53 70
1 98
93 39
14 46
47 94
37 39
35 94
23 59
45 26
3 25
75 53
54 70
7 69
47 13
61 12
81 85
76 60
80 83
74 23
98 8
89 84
40 45
90 27
39 78
45 87
99 17
88 46
24 58
23 48
43 87
12 41
27 17
96 85
4 80
40 62
94 30
92 70
74 7
16 88
88 47
29 32
43 40
93 17
87 52
41 4
53 28
19 36
16 63
85 62
93 11
65 23
73 45
84 7
54 1
64 74
28 94
4 17
51 71
4 51
26 65
45 58
15 92
4 81
40 94
71 23
43 95
34 23
14 44
69 53
1 62
2 43
49 36
43 53
46 59
35 39
83 56
99 38
5 75
51 18
83 51
49 37
15 92
7 95
32 43
69 93
70 20
12 36
24 61
72 90
67 39
50 25
17 99
33 82
5 58
8 92
3 56
48 4
41 66
17 51
16 8
42 27
70 93
64 44
36 79
15 3
50 34
71 34
65 92
54 8
21 4
99 42
3 44
87 47
58 88
86 87
7 39
79 7
97 74
31 52
51 97
63 64
32 28
19 95
48 45
36 37
26 39
50 100
83 40
19 4
18 3
50 100
60 83
39 95
65 95
47 61
6 98
14 28
17 47
70 89
20 36
37 2
21 83
74 31
76 48
78 70
59 69
82 39
8 77
8 95
12 90
10 25
22 58
95 69
28 71
69 3
31 6
6 61
71 54
65 97
76 17
88 8
15 96
35 99
79 3
79 90
33 11
84 52
45 18
50 9
5 92
16 5
38 10
25 74
89 35
13 10
54 44
99 56
95 48
62 72
6 50
58 89
71 48
28 59
53 57
51 18
48 13
83 14
8 31
18 67
47 11
83 47
58 26
13 6
69 45
36 28
44 96
1 55
19 79
40 65
50 16
23 71
55 69
88 25
48 96
43 55
52 86
53 39
41 62
46 85
14 62
99 11
56 73
85 9
26 22
60 82
35 79
25 34
94 47
94 9
43 52
40 57
76 55
100 78
5 63
44 51
35 5
48 10
44 57
5 36
87 26
46 72
27 58
93 46
85 49
26 53
35 100
36 34
79 44
27 14
34 19
44 5
25 76
89 43
28 66
2 97
48 76
14 96
27 31
41 23
7 56
21 82
32 79
34 62
20 59
88 93
77 12
6 16
87 54
73 20
10 51
73 79
18 44
88 8
17 76
2 92
66 60
51 28
37 77
96 55
30 41
70 95
39 12
6 16
10 90
19 29
60 13
9 65
84 24
86 95
1 39
43 31
58 76
85 70
76 92
77 87
72 62
5 55
34 2
59 68
77 26
95 52
83 98
46 69
82 11
100 74
47 12
99 22
2 1
35 89
94 77
83 93
5 35
85 88
89 8
66 24
55 68
48 72
75 41
38 91
85 66
27 79
32 73
42 94
11 48
60 64
70 80
35 62
64 70
3 81
45 81
92 95
97 84
27 78
37 64
30 94
78 3
83 75
81 15
32 55
17 63
26 91
14 47
73 50
10 30
2 7
91 73
16 97
1 78
17 65
6 39
37 96
43 44
37 11
78 41
6 43
96 74
99 20
40 56
11 95
1 52
84 36
2 90
49 35
62 66
90 53
31 28
40 68
72 79
63 94
71 23
41 94
88 85
36 69
65 43
50 66
90 27
55 67
65 63
90 5
23 32
70 53
27 52
66 27
7 64
56 92
71 21
54 89
55 63
10 77
17 84
55 66
45 64
70 25
56 52
6 29
60 29
38 79
97 49
83 7
100 24
67 23
23 52
87 8
55 43
40 94
36 26
44 70
46 61
53 40
33 74
69 44
22 92
11 77
86 70
80 55
67 20
56 90
86 96
21 82
17 18
2 31
27 99
61 82
23 55
34 50
18 62
82 83
71 80
15 10
65 89
22 3
33 32
39 41
61 63
87 75
78 86
96 88
30 44
76 98
100 27
15 69
44 41
22 18
25 97
29 62
53 25
43 16
36 4
38 72
63 97
4 21
91 2
42 47
16 54
14 56
75 96
33 16
47 38
98 75
47 77
11 78
19 77
32 9
2 18
79 39
18 35
31 56
27 78
100 30
6 53
26 4
66 98
1 46
99 74
90 94
81 59
52 50
33 9
