4000 121803
90 62
68 59
2 60
84 14
81 51
75 1
85 2
100 28
2 30
60 16
73 44
71 91
55 91
87 66
20 86
20 85
82 55
6 68
9 83
92 23
71 11
70 66
43 53
93 66
95 20
87 46
26 33
79 66
25 36
2 100
24 62
14 97
21 58
25 21
49 63
2 60
100 22
34 16
53 88
53 51
45 32
26 83
76 94
51 74
12 48
47 31
70 59
46 55
52 98
78 41
89 29
23 8
99 59
32 81
67 74
45 78
18 27
92 58
75 95
94 14
46 57
98 56
60 11
66 67
23 29
8 25
67 26
74 50
93 40
20 65
78 52
37 71
97 47
5 97
39 45
60 47
51 27
8 55
5 53
3 76
37 95
94 81
77 84
87 53
77 14
43 9
32 82
94 92
87 66
58 77
39 5
32 22
56 84
98 67
49 88
30 12
58 91
16 14
3 13
50 31
87 78
32 17
39 53
35 77
37 13
77 49
94 75
87 92
85 3
99 27
41 67
73 98
44 59
69 50
60 2
20 72
64 58
43 36
65 63
2 75
100 64
3 68
85 97
7 47
53 34
33 36
36 59
10 77
100 1
90 71
11 7
86 79
22 87
49 59
20 7
10 52
26 8
66 81
96 95
62 10
64 7
89 61
34 59
7 65
57 63
45 13
26 89
72 72
39 48
42 3
73 99
91 11
44 70
57 95
97 9
48 56
90 82
85 67
57 32
89 83
74 90
68 90
27 13
47 76
16 100
98 19
56 79
93 7
63 51
4 73
54 69
26 9
92 86
40 79
84 25
100 100
84 91
61 13
72 23
23 90
2 16
44 21
13 52
98 37
1 67
61 61
45 44
42 49
45 79
54 27
82 31
71 68
73 16
8 43
17 96
40 16
6 13
73 26
33 74
20 63
28 99
86 94
98 71
19 36
77 73
81 95
18 87
61 15
94 60
41 9
35 57
47 27
85 82
47 60
44 63
37 48
59 72
41 59
30 48
4 51
94 85
11 78
74 70
18 1
19 72
42 17
57 68
76 84
66 43
89 41
95 98
93 93
27 35
92 20
11 80
3 59
25 15
81 66
15 73
18 26
21 26
49 81
64 52
57 7
47 41
60 14
93 7
58 12
100 24
22 54
61 14
45 9
33 32
86 84
62 61
3 55
79 100
18 28
30 91
45 94
59 20
24 88
37 86
37 54
68 60
100 65
91 64
44 74
80 82
6 89
61 51
52 8
6 69
76 2
9 66
5 9
87 67
53 72
62 73
86 91
27 26
74 86
82 99
11 9
11 21
43 59
13 15
89 73
13 38
42 5
33 66
23 57
17 45
70 4
59 63
36 4
21 20
1 26
79 29
100 2
58 66
39 79
3 9
64 35
67 80
11 26
20 95
53 46
16 98
81 19
91 36
42 75
6 5
72 86
52 83
16 77
67 96
16 49
4 49
79 33
57 54
37 15
53 90
25 98
58 70
11 4
61 53
78 89
11 81
39 81
29 90
69 47
30 59
31 50
84 81
48 90
94 76
55 27
52 87
9 73
87 46
42 75
50 99
92 2
66 60
53 33
7 78
84 56
68 81
62 27
14 40
76 34
50 93
66 29
100 83
59 62
76 84
12 35
36 50
38 65
3 67
16 40
58 11
84 77
99 41
93 43
31 66
92 16
47 69
34 53
100 40
33 14
28 79
1 38
76 15
93 38
53 70
82 93
28 45
20 51
96 71
41 85
95 36
45 63
6 65
46 71
56 76
33 49
58 5
91 25
22 65
60 24
59 16
80 75
95 100
57 57
24 17
25 66
48 24
71 37
10 70
99 64
55 51
37 48
51 53
31 17
81 37
3 23
64 61
8 82
74 25
11 83
48 18
20 12
56 45
53 34
65 82
63 20
37 34
74 39
53 97
59 98
85 62
63 12
38 72
79 61
19 20
13 40
55 78
18 44
35 77
65 47
68 59
90 79
1 46
18 11
72 47
82 83
20 85
35 8
89 16
45 61
46 90
89 85
64 73
53 87
41 18
29 6
15 58
78 52
2 44
19 54
88 49
87 57
34 18
77 73
17 18
52 89
89 12
72 95
22 84
24 40
36 94
89 42
13 18
88 39
7 5
36 65
21 73
78 89
70 24
62 40
23 2
67 65
50 24
86 74
71 51
42 42
66 79
85 61
71 45
20 75
56 66
58 45
58 31
89 83
34 17
74 100
92 24
23 29
45 47
13 7
46 20
32 40
54 1
10 38
20 30
60 5
45 54
40 3
37 45
66 77
1 94
11 46
85 41
2 18
49 71
55 44
44 11
14 50
92 4
14 55
85 76
47 69
72 99
42 58
87 4
5 68
16 58
30 79
79 48
60 56
43 85
76 67
44 95
96 37
37 4
63 76
7 41
33 57
54 30
95 38
99 85
7 24
58 35
35 78
8 41
6 6
89 73
51 3
71 7
80 28
17 57
56 82
78 48
40 7
97 39
16 3
44 74
64 48
46 81
75 21
76 3
40 66
50 88
19 49
87 54
87 43
81 25
45 95
19 52
86 6
39 84
69 88
92 29
96 18
3 65
52 21
53 23
92 89
54 23
24 29
23 16
70 31
79 62
53 64
9 90
27 53
68 66
5 15
91 52
65 47
79 88
66 55
56 64
80 27
36 55
42 17
66 69
16 31
86 63
37 72
53 37
77 98
5 60
45 17
72 16
60 76
96 90
25 90
51 65
1 64
100 71
25 80
71 95
30 32
29 95
31 36
56 84
97 13
35 50
98 36
13 11
65 37
15 42
69 74
45 63
50 96
62 42
62 84
17 27
48 57
98 55
70 15
76 54
55 14
66 31
99 21
14 90
13 20
75 11
16 54
13 84
74 81
40 85
83 30
3 64
69 32
66 65
11 100
17 44
100 66
60 87
81 54
17 55
75 28
1 79
61 17
76 75
63 72
22 52
45 53
62 28
72 7
14 67
37 34
26 72
31 50
35 6
39 61
43 21
10 16
6 66
7 56
35 48
97 3
42 85
38 12
65 34
7 1
100 11
33 29
6 19
59 97
66 34
74 73
85 76
66 12
34 89
61 50
28 35
8 41
57 3
89 15
31 99
22 21
77 48
56 70
52 70
64 53
46 83
46 91
73 21
51 100
52 46
7 68
99 2
93 83
96 31
16 87
99 35
95 41
48 15
57 53
54 89
65 100
30 25
90 64
31 11
16 66
2 14
10 98
75 58
58 68
51 12
5 56
79 88
27 11
12 77
30 10
90 15
9 59
75 52
14 35
11 59
27 97
73 55
9 12
71 31
68 85
24 99
70 66
15 78
24 65
78 18
20 66
88 65
7 43
9 82
18 27
74 8
11 95
80 24
48 65
68 14
30 35
52 72
47 53
56 45
63 48
28 62
98 60
23 7
55 13
63 46
33 65
33 62
35 100
42 28
3 44
3 37
65 26
72 9
69 66
88 43
49 27
88 31
76 7
8 21
96 12
45 33
81 28
6 58
24 9
29 44
26 23
5 95
32 15
24 76
13 40
47 62
51 89
10 51
69 68
5 54
24 48
2 84
37 15
59 100
43 12
92 58
13 36
7 89
63 19
81 1
47 31
64 97
68 83
74 89
71 17
15 47
18 74
3 96
73 56
94 82
83 39
98 79
98 76
15 5
21 6
62 67
61 66
23 94
23 69
29 86
80 47
47 17
82 21
68 13
5 16
24 84
59 71
17 3
83 73
74 41
49 55
29 55
89 37
68 37
2 44
11 53
82 35
71 17
13 48
54 91
16 98
96 38
3 69
66 25
10 42
75 26
27 44
22 7
50 19
50 12
2 44
29 66
96 28
84 65
48 78
52 95
7 48
59 100
20 97
41 72
32 40
68 51
69 27
72 76
35 40
22 70
82 80
68 74
45 86
46 79
74 64
60 35
41 16
28 84
25 11
2 57
3 9
52 54
75 16
52 80
53 66
77 59
32 97
100 45
60 75
31 26
51 40
66 75
89 26
70 88
7 46
72 17
89 91
27 72
95 45
23 30
1 93
76 76
42 55
45 30
22 55
67 71
56 64
14 70
95 54
81 27
16 79
97 15
84 80
42 94
100 46
88 97
18 4
83 42
87 42
77 31
65 67
37 33
95 5
6 44
58 20
53 2
29 13
46 10
79 74
24 9
20 91
31 18
99 84
61 46
27 48
72 38
28 16
83 63
86 8
74 21
15 89
53 86
22 87
50 69
94 31
21 32
37 17
12 86
55 25
23 58
40 16
71 92
11 42
34 72
76 35
68 62
86 74
5 99
13 23
17 47
28 7
32 66
99 16
78 91
44 63
26 63
2 28
23 78
8 26
87 87
96 50
74 14
91 24
17 89
23 34
36 6
89 20
59 51
99 92
95 45
33 60
39 59
66 88
43 2
72 31
41 74
10 15
10 4
97 73
74 89
26 2
76 79
57 54
24 17
6 21
52 68
1 80
7 1
75 45
8 57
45 87
22 47
81 22
35 63
91 35
55 8
22 68
79 6
13 10
21 59
26 2
45 69
59 18
91 89
39 22
82 100
83 15
100 88
91 3
32 87
73 77
68 4
7 17
81 82
44 72
12 90
33 50
44 51
70 90
59 46
4 59
14 76
80 44
36 81
48 38
22 78
91 88
70 58
53 36
55 97
42 68
78 37
52 17
100 85
20 78
90 39
33 36
54 92
90 78
76 38
85 30
14 54
43 93
44 98
95 88
38 65
7 87
79 89
34 67
77 76
37 86
37 26
90 4
68 30
24 58
90 93
90 59
66 97
11 50
42 94
21 93
52 18
71 31
72 61
3 54
90 60
61 51
35 90
43 51
2 29
62 79
80 32
16 34
5 72
23 81
10 21
94 36
29 68
88 61
27 54
57 95
76 47
15 79
47 50
95 76
39 88
88 43
84 34
4 84
98 92
77 80
76 28
1 61
47 62
47 89
55 15
36 21
60 91
41 56
31 23
61 19
3 34
10 54
76 5
59 5
32 34
37 77
52 92
12 53
76 38
79 46
69 100
3 84
93 76
67 49
98 11
83 64
54 91
81 96
39 47
3 35
10 75
14 27
55 95
56 36
13 15
9 61
44 8
24 57
49 16
26 30
84 76
51 2
35 35
12 80
9 6
18 21
48 8
13 50
29 73
76 45
43 95
49 72
78 80
87 70
15 21
75 42
70 85
20 63
8 38
60 84
74 97
17 64
73 10
28 92
24 52
37 76
88 4
19 59
60 32
37 72
44 41
96 7
39 73
78 75
7 38
100 78
47 95
6 98
12 27
76 20
81 42
6 73
76 91
59 74
92 95
43 63
33 15
61 31
14 26
92 4
20 14
88 74
8 20
45 23
67 17
32 23
33 98
55 21
50 33
93 30
43 92
46 73
88 88
33 64
23 100
46 78
32 93
70 94
51 75
95 72
97 65
32 68
100 44
24 8
42 41
92 90
66 70
26 8
4 21
80 47
18 63
76 34
19 21
77 34
72 9
85 37
60 56
4 58
91 57
10 89
48 39
33 100
7 13
87 27
66 63
81 12
32 56
49 8
2 58
35 82
96 79
98 22
66 1
47 74
74 29
59 94
90 16
91 99
84 1
94 36
22 97
1 15
21 21
40 17
78 49
92 81
77 6
37 4
47 39
67 14
98 44
47 77
52 14
56 57
33 55
69 28
37 68
17 62
69 35
38 25
3 43
64 13
88 99
20 44
11 39
61 27
78 37
52 54
51 77
61 89
45 41
73 74
14 55
17 13
64 42
43 3
60 94
40 47
31 59
59 32
59 61
81 2
5 60
10 74
36 58
89 15
30 53
72 78
57 76
98 88
10 2
59 19
62 52
97 100
78 14
24 42
57 79
55 2
75 95
59 55
68 42
72 35
83 80
33 96
88 100
47 22
75 99
100 93
38 20
5 57
58 24
96 80
37 10
62 83
57 5
73 68
2 49
86 10
44 45
59 25
84 97
53 98
69 95
97 100
1 50
47 60
20 42
57 28
53 61
46 36
68 34
72 54
17 23
50 66
4 49
57 22
96 39
30 99
56 66
34 58
87 7
65 41
81 90
23 17
26 75
38 46
95 36
79 24
75 55
91 80
89 100
58 3
95 29
58 94
54 3
96 78
56 53
25 96
4 57
60 65
71 83
71 43
32 18
39 5
73 60
87 18
95 78
68 98
17 17
2 95
53 7
3 23
66 35
34 96
25 91
43 10
23 94
72 26
22 33
97 100
62 5
10 84
7 55
8 86
19 77
12 57
3 63
26 81
37 4
59 72
86 97
59 86
81 66
17 66
97 43
53 25
55 83
44 72
21 22
71 51
97 67
25 80
73 26
63 1
10 28
50 16
5 62
32 21
73 42
78 46
29 72
86 98
40 29
35 26
93 83
10 5
98 34
48 98
36 37
34 37
6 21
21 85
44 23
86 86
89 50
93 65
39 62
43 85
88 36
11 83
14 35
84 2
35 62
38 60
46 55
45 89
39 28
3 16
28 61
11 69
32 62
8 33
48 18
71 90
94 10
41 1
81 47
92 44
88 50
16 35
77 80
93 70
36 20
21 54
30 7
76 69
65 18
20 68
18 53
52 6
30 50
83 40
35 7
17 63
73 51
33 13
13 4
63 78
35 29
40 16
26 46
66 42
100 100
73 16
89 83
93 10
13 16
69 81
84 53
52 65
36 16
61 84
96 86
23 35
33 38
26 92
98 3
97 7
45 59
67 8
48 12
27 60
50 47
82 71
43 74
74 97
66 83
7 77
36 27
100 63
98 45
61 24
18 56
97 44
34 39
6 39
90 53
98 54
26 19
25 57
50 70
61 34
85 93
97 55
83 20
69 30
22 98
32 23
65 36
19 56
98 82
12 48
45 15
99 28
46 70
39 89
72 76
11 52
97 17
60 54
63 67
94 13
72 78
80 22
43 57
57 16
37 12
32 61
55 22
62 83
8 70
56 43
74 68
45 62
52 50
8 88
13 91
26 47
39 10
78 78
96 3
88 91
41 77
40 69
39 70
38 46
30 9
62 97
49 50
26 78
21 3
63 16
71 90
93 80
94 89
13 98
49 47
82 1
96 11
55 20
43 83
4 80
62 15
68 50
48 93
66 64
75 89
12 83
91 10
65 98
89 12
86 64
4 40
82 89
77 85
42 61
19 86
58 93
4 10
19 35
83 22
76 12
33 2
5 64
20 43
26 91
18 13
21 41
7 43
13 23
75 61
1 77
68 54
89 75
68 78
67 46
54 90
94 67
79 80
44 51
10 16
19 92
81 15
14 8
100 32
9 51
55 68
71 69
66 95
10 29
89 4
100 17
38 92
74 57
4 32
57 34
99 99
73 44
77 27
58 93
86 67
4 39
58 69
5 20
92 65
78 99
72 66
97 54
23 17
50 45
92 4
33 32
68 88
72 70
98 39
20 71
32 20
4 59
90 40
97 67
66 87
30 43
48 83
3 79
3 51
51 66
59 64
54 50
24 9
88 90
63 94
61 75
43 80
20 63
65 47
86 44
49 13
36 64
82 97
24 29
37 60
73 53
8 60
57 48
96 74
5 51
76 18
27 94
8 9
17 57
75 12
73 47
98 51
22 46
27 77
1 54
24 11
86 93
6 55
99 19
25 34
68 48
59 46
67 14
39 62
76 92
4 57
40 74
11 7
85 54
63 54
100 66
9 58
22 66
56 65
4 31
26 16
31 83
82 76
85 76
99 91
8 87
10 22
96 94
81 32
36 51
48 47
4 42
73 43
53 53
3 13
97 76
72 100
61 58
15 89
11 62
36 1
70 46
50 87
99 7
54 51
64 93
50 72
14 60
85 58
5 37
69 90
62 73
87 71
2 66
46 100
85 13
9 4
7 21
80 6
89 88
43 71
80 4
93 29
67 65
32 56
47 41
16 41
56 8
59 50
82 81
66 21
47 50
52 78
67 59
97 8
57 80
82 51
46 80
71 39
18 8
50 68
39 81
79 32
36 90
41 46
76 31
72 2
1 1
35 52
3 60
90 88
77 74
82 15
34 69
95 91
66 23
32 61
10 31
21 30
90 11
92 63
38 2
36 12
43 41
56 60
32 20
99 20
37 11
29 51
69 11
54 18
78 70
60 91
84 50
65 59
52 88
11 80
88 12
52 88
45 83
91 23
41 28
73 9
24 90
26 96
68 99
41 12
57 56
77 81
61 93
47 18
20 43
50 94
34 30
62 35
5 5
18 1
13 7
93 15
46 51
33 17
98 85
76 20
92 7
81 86
40 30
43 94
44 17
28 41
95 33
40 100
70 16
87 60
13 60
45 5
65 55
32 58
86 16
21 63
60 90
98 60
19 80
80 84
48 5
5 61
93 19
4 9
22 61
5 25
97 24
19 11
38 41
94 60
94 82
81 99
27 45
86 11
76 92
70 13
13 52
22 76
61 12
34 19
8 36
73 23
30 23
24 42
4 32
15 90
45 4
16 21
65 49
15 36
95 5
64 53
19 96
39 75
67 13
92 9
44 99
15 88
63 19
33 91
9 47
56 53
13 89
87 43
41 63
88 80
8 56
5 66
9 55
68 19
38 84
69 42
93 42
20 6
92 84
48 25
34 95
88 39
63 46
98 95
55 26
9 2
13 99
25 22
48 76
80 12
17 30
91 26
94 51
79 100
75 16
54 98
86 52
87 4
92 92
27 67
27 35
99 47
31 32
87 41
19 18
21 16
7 83
11 11
40 73
99 18
58 35
25 20
38 8
73 32
75 14
92 34
81 33
87 65
17 7
28 60
18 28
85 88
70 85
64 78
15 87
44 52
17 27
100 91
83 55
61 19
78 57
9 89
59 17
61 40
47 82
29 86
33 55
54 64
39 96
72 80
4 33
49 31
48 99
93 40
21 14
22 64
85 73
1 99
61 28
53 79
29 58
78 55
89 66
98 95
41 85
55 5
94 98
10 11
6 47
76 53
22 81
84 3
36 93
32 98
44 42
82 74
61 83
28 49
87 89
99 31
51 28
42 21
47 13
98 78
35 61
67 26
72 41
71 85
20 24
84 69
23 16
48 34
61 75
63 33
97 80
54 11
17 89
90 77
15 22
22 35
17 81
36 54
5 89
52 26
67 51
100 83
86 99
27 86
27 31
24 40
78 68
77 10
66 60
76 80
27 87
100 72
95 57
98 27
22 9
14 33
81 47
44 24
13 18
93 74
6 8
61 97
98 36
74 97
3 25
12 9
95 31
19 58
99 63
52 72
23 83
18 65
51 54
60 33
96 50
30 36
83 72
73 17
58 97
100 84
1 48
84 83
99 7
95 5
33 61
72 15
60 37
65 60
15 38
24 54
10 85
72 98
84 2
7 20
45 94
38 78
71 29
92 76
9 35
69 91
43 99
31 69
86 55
93 52
42 54
82 57
74 39
24 77
6 25
32 35
24 60
6 73
67 69
74 67
52 29
100 82
46 33
63 65
16 41
12 23
86 70
25 77
36 20
22 71
32 96
32 65
59 100
2 24
23 40
19 87
22 66
17 39
1 7
60 21
62 42
42 60
41 29
35 81
18 37
98 53
18 67
93 48
56 77
85 88
66 66
7 5
84 69
63 99
22 21
99 61
27 73
7 42
76 37
14 92
28 64
7 84
45 56
39 64
60 8
20 47
57 50
81 25
36 85
10 56
40 45
97 79
51 68
32 73
84 11
68 56
82 78
1 29
60 55
37 54
85 16
78 21
95 11
20 36
92 71
16 83
71 96
18 95
75 25
46 84
31 86
2 88
4 68
28 93
92 3
63 27
99 39
1 4
95 51
34 76
10 12
87 96
83 54
12 79
70 20
66 64
80 34
51 49
18 44
91 88
39 55
55 60
20 60
34 17
74 95
12 82
1 99
96 43
81 76
75 75
93 26
64 61
29 15
96 45
91 53
72 17
10 71
89 44
72 21
57 22
74 19
33 84
95 69
56 72
45 62
64 40
73 87
76 47
67 89
43 30
66 34
57 95
97 41
86 46
42 11
22 88
49 27
43 61
18 30
29 55
17 36
62 7
92 67
97 50
10 52
82 72
69 18
71 22
22 15
40 90
27 95
96 33
25 73
73 63
3 56
69 34
37 55
28 94
44 80
55 43
70 75
61 66
11 89
18 68
98 63
53 99
39 55
46 41
47 59
8 84
75 95
63 46
70 90
66 62
60 95
79 93
100 33
28 65
49 15
73 99
19 54
28 9
68 83
43 27
100 24
23 90
63 12
88 78
2 83
58 44
94 72
23 9
19 9
5 60
40 76
68 23
9 10
30 30
14 63
55 20
38 65
88 58
69 66
59 7
5 71
80 12
89 99
56 55
59 76
89 65
29 53
30 30
16 74
48 35
72 56
68 49
70 76
87 67
7 26
23 58
44 10
1 97
45 18
14 70
57 8
84 94
82 92
65 17
14 75
47 7
71 36
3 92
86 64
91 1
61 98
90 86
71 65
1 48
98 40
29 40
89 13
26 44
10 69
57 38
73 30
34 76
24 86
95 5
20 43
82 11
17 14
15 4
82 59
14 31
29 26
38 66
49 76
62 69
54 34
62 3
8 75
24 69
16 94
93 90
15 22
28 43
34 75
37 86
28 90
31 14
17 77
17 54
8 57
27 46
73 43
81 86
60 21
48 28
27 42
31 15
29 90
95 55
45 71
63 48
8 86
25 96
100 65
57 61
86 64
6 50
70 63
45 91
81 71
38 8
89 80
47 44
65 50
23 55
83 29
93 92
5 68
52 57
61 45
13 77
78 2
85 88
45 14
89 75
84 67
23 56
71 89
64 57
69 10
15 59
26 56
77 95
92 6
78 73
85 8
77 22
83 22
6 22
74 12
63 92
43 30
62 91
10 35
8 79
36 97
44 15
52 70
93 17
95 72
64 67
57 93
24 25
100 6
53 58
12 99
83 24
75 13
82 88
46 32
43 75
49 98
24 40
71 21
40 4
1 12
7 28
68 25
83 85
13 50
41 88
97 77
55 31
55 30
6 63
14 9
42 27
2 78
17 31
34 95
96 1
80 49
42 39
20 25
79 6
94 96
83 76
13 29
20 61
65 63
11 13
15 35
65 12
34 52
85 7
4 15
86 63
92 87
23 91
20 47
56 88
16 30
16 75
10 18
70 60
74 38
76 26
63 38
75 67
92 8
49 32
22 19
24 56
90 70
41 43
54 13
36 17
24 70
67 94
55 77
40 32
29 6
21 63
4 96
62 57
58 70
59 10
47 71
49 56
81 53
66 17
56 43
96 34
33 44
17 12
17 45
58 33
92 37
80 82
32 99
36 97
28 65
6 17
59 4
69 86
46 11
64 17
56 55
21 81
30 62
11 31
60 64
58 67
83 46
15 59
71 23
40 67
73 21
69 93
40 22
54 25
86 61
95 16
1 58
19 4
12 27
18 3
28 88
3 15
49 36
12 86
90 63
28 53
17 54
48 67
96 90
62 17
12 35
4 44
83 49
93 96
66 27
94 64
3 62
48 72
9 75
73 36
88 38
81 95
42 80
27 11
86 71
79 40
74 78
87 28
49 96
85 56
56 82
77 35
39 22
4 70
88 21
29 37
31 74
4 26
28 3
78 63
65 94
39 89
81 7
99 42
84 84
46 85
93 6
86 97
46 56
1 80
10 84
33 45
81 26
3 63
11 7
19 96
82 54
84 36
5 75
30 1
68 43
12 9
6 36
59 64
15 78
93 8
87 52
97 3
96 85
14 54
26 65
13 79
5 94
59 23
11 20
40 29
56 7
3 77
25 25
1 14
55 8
86 60
33 10
88 33
89 74
44 16
6 80
22 28
79 3
62 7
51 80
99 45
73 15
9 67
57 61
39 44
53 74
95 12
35 46
1 59
8 18
12 10
65 37
64 11
70 85
27 8
3 40
26 91
30 85
79 16
26 5
36 44
65 28
11 66
23 77
5 1
6 34
28 8
26 80
84 36
89 14
28 60
82 33
13 28
88 26
90 45
51 23
93 52
84 8
85 68
93 62
44 25
97 30
9 50
59 88
18 14
35 57
62 79
43 56
64 93
92 46
21 12
52 37
56 73
31 78
74 65
12 74
88 11
2 72
37 53
23 98
42 86
17 64
57 30
55 65
4 90
46 74
57 88
96 93
82 34
42 7
40 6
25 58
90 36
48 55
83 97
7 49
83 63
96 75
2 57
98 8
88 21
22 68
49 44
95 93
4 45
75 60
7 18
91 55
28 83
95 71
13 5
69 20
63 86
69 34
75 85
19 27
67 60
32 24
66 19
48 93
25 30
6 24
72 2
66 18
5 30
6 99
24 18
39 93
54 73
25 74
89 100
41 45
46 42
37 95
87 90
1 86
11 6
45 7
91 93
90 88
92 29
56 97
11 8
54 15
76 82
85 44
72 41
42 41
68 67
90 12
41 85
44 48
47 35
12 39
9 65
51 17
70 37
85 83
42 9
23 61
9 56
30 60
15 6
7 49
66 6
1 95
7 35
29 11
98 53
50 27
18 50
89 82
57 75
80 9
94 96
32 56
65 52
18 88
26 49
84 70
7 99
66 85
80 70
53 86
30 23
40 34
55 2
99 59
24 68
96 62
73 72
33 76
25 73
87 29
91 24
43 78
39 23
49 58
23 40
36 27
50 36
92 89
76 8
6 10
72 50
70 55
90 18
88 1
39 43
67 66
23 23
45 93
32 50
2 92
49 78
13 73
42 77
55 31
63 83
17 45
51 92
35 6
49 20
75 16
21 34
91 95
69 93
60 8
40 53
91 84
47 35
89 40
83 73
23 42
47 2
54 22
92 49
36 19
93 74
30 43
2 36
15 96
26 35
85 37
17 39
26 65
98 9
10 16
80 47
60 44
26 60
30 91
47 49
27 31
57 6
67 83
17 25
77 99
78 90
8 29
68 82
25 76
97 69
2 6
47 70
95 22
55 79
90 18
30 92
47 5
71 60
83 27
61 100
96 46
19 63
29 91
73 62
68 24
38 6
52 9
80 19
64 65
34 99
26 19
90 47
42 56
92 53
6 71
18 6
70 95
14 100
85 88
46 70
62 20
86 45
92 39
8 93
92 76
81 56
89 84
90 80
51 67
71 62
3 31
98 65
41 24
83 21
70 78
9 99
21 26
73 86
88 69
84 42
6 36
13 88
25 88
47 44
56 40
82 11
17 49
77 34
47 62
1 88
22 56
60 33
39 33
13 94
67 25
82 60
45 2
55 60
24 39
95 68
77 21
26 69
44 84
18 96
8 42
13 62
26 95
80 67
38 47
65 15
15 61
43 35
77 2
39 48
42 78
32 94
73 10
58 26
61 27
19 71
10 14
82 82
79 55
100 98
95 28
97 79
82 57
39 29
52 90
5 47
86 48
28 10
82 67
81 32
45 6
41 8
94 93
22 52
21 75
83 91
86 66
87 35
77 77
14 20
78 34
18 54
98 13
50 96
27 32
58 91
68 66
89 97
39 25
98 73
88 46
85 52
95 3
21 54
76 32
98 93
77 100
13 79
25 2
10 66
93 10
22 59
51 74
38 2
43 62
23 100
20 45
81 28
61 86
97 21
46 99
38 19
66 27
43 63
87 14
93 58
100 53
7 32
33 6
91 29
4 4
20 3
27 32
50 6
93 56
2 63
47 50
69 7
14 42
72 52
31 72
59 3
45 62
33 97
96 57
39 24
55 96
16 1
19 3
67 81
64 21
65 1
5 52
29 47
59 63
91 17
21 56
59 67
97 48
53 13
1 96
53 3
25 15
27 27
2 61
17 70
81 42
49 10
37 76
46 35
72 13
67 100
4 37
16 75
51 96
100 93
54 98
57 44
67 45
73 52
24 76
30 66
89 52
28 27
58 64
47 66
18 96
31 20
57 32
67 43
35 84
9 79
19 98
11 99
36 58
20 58
79 20
68 99
68 19
68 96
13 85
91 84
86 47
17 21
6 58
37 94
68 66
60 7
93 89
34 62
84 58
16 65
15 27
72 61
43 43
72 43
70 26
13 38
54 14
79 9
79 33
89 97
87 88
97 30
51 95
74 45
68 39
30 15
41 95
88 9
97 62
54 79
78 92
82 8
22 51
84 1
70 53
89 68
95 7
63 42
74 30
78 16
78 6
88 8
1 76
73 100
11 50
22 53
85 38
65 63
100 62
63 22
5 60
87 1
11 3
7 6
12 45
30 41
36 20
53 91
17 1
84 33
58 69
47 93
18 40
79 71
82 93
87 93
19 39
76 52
49 34
44 20
5 67
79 91
83 27
57 95
51 90
93 77
78 99
87 79
9 91
78 12
1 100
65 2
16 12
11 2
72 8
27 8
92 94
59 79
31 98
61 95
43 12
88 18
7 39
12 3
18 89
88 83
98 47
88 79
15 34
99 32
83 98
71 53
29 22
65 76
27 99
79 64
10 4
4 97
17 42
18 95
33 61
17 94
35 96
100 72
79 95
58 3
27 32
70 41
16 82
57 29
30 87
10 93
97 99
36 25
21 47
14 87
75 7
71 94
54 17
41 93
21 25
36 66
11 45
49 99
1 41
37 95
79 62
10 45
93 91
95 3
79 91
25 51
11 96
65 86
77 75
89 43
22 41
3 6
10 35
90 74
11 86
40 21
99 18
59 84
27 97
72 64
73 22
54 55
42 57
78 38
94 47
14 34
13 55
5 43
62 32
65 48
93 37
92 93
26 44
85 80
86 47
5 34
62 82
48 95
21 71
38 56
88 37
43 11
92 13
97 71
84 36
54 99
36 43
82 53
13 34
63 39
53 69
37 56
16 93
46 25
14 45
61 92
59 58
26 100
65 34
72 41
91 99
10 71
63 33
16 42
94 2
100 80
72 75
7 83
99 74
45 97
44 91
86 62
39 60
35 3
83 84
22 95
41 53
70 26
3 48
53 87
84 16
8 16
89 94
51 8
5 92
2 90
12 99
16 2
79 41
28 85
39 42
21 39
37 55
2 27
89 80
83 8
53 58
60 6
89 90
52 83
56 3
33 32
89 44
94 62
19 87
71 79
15 56
59 91
93 56
70 55
11 77
76 71
29 22
51 22
27 78
33 66
4 12
90 29
100 67
83 52
17 13
39 60
3 91
6 19
92 38
43 22
88 26
44 95
3 28
76 67
47 77
10 82
8 99
36 20
4 43
79 85
58 50
18 50
37 27
50 5
87 5
100 4
78 75
15 78
50 77
56 5
100 43
6 40
45 85
99 61
88 92
61 49
37 73
42 34
18 67
28 10
85 7
5 44
24 5
39 34
81 10
70 81
48 15
40 60
57 53
51 9
18 96
67 54
21 59
7 23
68 59
59 15
6 78
45 85
26 44
7 6
100 41
25 87
12 46
44 25
75 99
51 37
57 73
12 23
45 22
74 91
91 33
29 28
31 34
14 37
19 14
11 96
36 69
66 80
50 55
44 73
69 89
20 3
10 27
89 99
26 25
78 85
47 65
83 54
22 21
24 8
41 59
74 62
48 46
5 4
69 38
75 97
55 92
25 11
38 19
99 13
51 1
28 51
79 93
33 87
94 39
97 58
43 82
81 60
15 37
44 88
24 32
83 77
63 90
34 58
23 27
88 66
11 94
21 91
22 19
84 67
45 51
63 78
57 28
44 96
67 33
26 65
18 44
73 25
2 27
55 63
24 89
4 80
35 13
54 33
36 66
28 4
3 90
30 47
8 63
17 27
74 34
31 46
51 3
36 24
16 56
73 82
76 89
78 49
45 72
97 60
62 67
89 22
11 89
70 94
85 70
77 21
47 11
2 13
2 97
49 37
9 75
77 86
4 16
43 40
30 18
92 81
22 95
32 60
21 79
29 9
100 86
94 13
11 54
50 40
82 88
27 9
74 21
57 28
4 10
19 45
5 39
17 76
59 18
16 27
87 22
95 87
44 48
33 32
49 52
45 96
33 20
57 78
73 81
89 88
99 17
55 51
80 20
72 63
38 10
100 99
100 71
38 47
46 63
62 25
87 38
79 2
40 85
13 59
35 81
96 94
31 3
39 20
12 70
41 20
6 46
50 43
36 59
50 45
35 74
84 10
46 41
67 93
92 87
19 73
7 80
42 56
25 75
86 100
13 70
62 36
38 50
64 41
99 82
35 12
25 17
38 20
13 65
65 1
50 30
99 45
12 47
32 84
89 64
75 68
24 55
95 62
25 10
11 13
44 6
59 83
94 74
89 98
77 27
37 13
59 71
84 59
78 68
83 97
21 10
90 37
45 33
58 59
53 29
43 14
44 22
78 45
32 85
56 86
94 98
33 14
54 30
5 96
16 49
43 46
79 63
40 4
37 7
55 24
50 68
32 12
65 58
96 42
20 10
94 84
32 54
79 32
29 94
62 73
61 80
49 3
51 9
5 12
59 13
4 90
100 78
2 34
33 86
83 14
10 71
78 83
16 28
15 53
34 78
83 76
57 98
64 92
22 31
45 4
19 15
24 99
76 15
35 72
71 40
48 76
28 8
54 45
26 59
8 1
15 17
38 39
57 56
18 77
95 2
67 68
73 66
94 31
20 54
5 52
28 45
81 76
34 86
43 72
96 28
67 16
78 99
4 25
30 59
99 82
1 28
100 74
74 80
76 95
87 97
96 19
75 22
66 4
2 15
100 33
74 57
16 31
38 23
82 12
33 7
84 24
100 31
5 25
77 55
19 36
61 28
4 51
100 64
94 65
99 22
47 91
12 32
28 72
50 68
94 91
26 53
50 47
45 16
52 32
78 93
31 64
99 2
52 15
49 68
100 68
4 99
22 76
16 98
93 21
3 39
100 57
76 96
2 21
57 33
4 2
72 57
69 60
59 52
23 20
15 76
9 25
69 62
26 8
36 49
71 29
71 50
14 53
72 28
16 65
65 37
49 20
98 28
63 38
53 86
46 47
15 6
8 84
67 74
30 55
100 56
21 12
81 63
75 4
74 33
89 95
30 5
98 41
58 6
88 9
20 12
72 82
97 85
41 73
97 41
32 33
11 54
68 90
97 86
82 81
35 6
13 22
83 52
32 85
28 11
87 38
78 84
42 68
94 73
96 57
23 75
93 29
69 69
3 37
19 32
42 53
92 32
48 88
39 93
1 37
87 48
11 4
72 18
35 33
51 28
20 10
19 65
13 33
39 99
15 2
46 65
73 56
28 75
80 17
57 41
55 86
66 54
86 24
96 5
59 26
81 80
18 79
3 6
49 100
72 16
73 37
43 52
63 47
72 77
81 96
63 35
59 24
43 51
86 5
93 56
45 79
6 14
11 73
57 63
44 13
26 74
55 28
69 68
5 1
34 96
25 60
59 86
100 1
10 83
6 42
10 78
42 15
23 21
65 84
43 66
94 88
37 72
85 18
9 86
9 48
17 13
23 20
67 24
60 64
9 76
11 79
4 94
66 90
22 3
13 8
9 54
99 29
67 35
29 73
55 29
100 30
5 33
13 66
51 82
14 67
70 7
13 60
8 33
92 79
77 43
50 99
37 66
13 14
34 68
97 3
21 14
50 80
20 23
39 37
61 95
80 98
50 67
65 40
45 39
23 22
29 48
5 92
73 50
95 34
34 65
27 78
46 16
38 49
91 95
97 97
4 67
60 1
61 56
63 100
3 32
37 98
12 50
39 49
49 64
45 17
36 52
22 29
46 48
7 26
60 17
7 43
86 75
9 35
23 34
30 14
83 56
51 81
86 5
55 5
97 67
19 21
81 34
42 82
9 21
23 80
90 78
64 88
82 81
50 34
26 87
84 64
86 83
89 36
75 12
87 46
33 52
62 63
8 26
30 51
68 88
67 42
88 45
5 63
28 77
62 79
86 76
10 32
12 11
71 32
65 89
8 77
42 5
97 74
2 58
50 25
20 54
91 36
65 12
53 86
41 21
90 50
89 49
78 3
78 37
63 60
64 1
62 40
76 75
71 26
43 91
43 62
90 68
31 35
99 76
17 96
92 13
84 3
78 79
56 76
54 35
42 19
15 52
95 91
91 93
16 62
96 15
