4000 99464
18 24
39 40
59 27
32 13
8 81
34 4
44 48
40 99
28 57
64 22
64 19
9 72
77 60
65 3
42 59
59 82
24 80
38 42
43 75
57 55
84 11
66 11
95 48
59 26
84 96
59 78
83 14
48 94
12 72
54 20
86 11
81 47
44 11
45 89
64 60
3 91
78 45
8 59
42 41
57 1
23 33
58 60
17 72
100 92
22 14
59 31
58 25
45 93
48 24
52 99
53 100
83 35
17 62
47 47
41 12
100 57
58 24
76 78
100 50
21 48
81 49
37 12
1 94
77 60
81 100
17 53
79 2
11 44
24 64
73 43
19 96
98 96
30 54
36 68
97 87
3 19
94 50
6 11
99 11
93 73
57 62
51 10
75 59
26 23
50 56
67 23
77 31
59 32
42 100
76 32
79 79
75 48
13 43
31 72
51 59
45 94
47 77
81 61
55 90
22 40
53 55
26 85
20 35
34 60
61 4
68 73
88 78
6 5
74 35
86 40
98 78
82 96
89 50
24 88
7 70
90 57
90 10
84 52
48 40
84 61
11 83
26 70
58 61
23 77
56 42
60 19
20 23
55 70
92 31
26 12
76 9
97 37
51 48
95 95
82 96
63 52
63 19
70 25
68 56
88 53
7 65
17 85
21 1
47 66
92 73
28 70
36 22
82 34
63 74
35 14
17 47
73 56
60 83
26 7
48 85
68 76
37 77
19 7
22 45
28 60
44 70
49 5
24 96
47 17
96 51
6 44
9 68
10 69
27 68
29 76
97 22
33 32
97 60
69 22
80 97
89 84
96 43
67 71
70 18
10 16
2 84
86 16
35 24
13 18
63 22
34 60
80 94
99 50
52 66
53 38
26 9
95 35
2 43
2 5
41 3
97 93
59 48
2 23
6 14
85 15
30 98
54 35
69 99
26 9
22 8
100 95
14 93
70 2
67 17
35 62
79 70
20 52
72 77
65 93
32 70
34 98
98 4
64 63
32 99
49 69
16 100
10 8
96 55
69 94
11 64
36 9
17 39
21 11
89 31
22 4
5 77
18 28
27 38
25 75
96 37
1 97
25 22
61 81
70 98
43 90
96 42
100 67
62 42
19 18
65 11
45 11
5 67
62 14
60 73
88 65
63 34
76 24
97 24
58 40
96 70
59 87
45 49
13 60
31 49
34 31
86 63
35 26
3 11
65 52
12 52
98 47
65 48
36 73
59 79
34 97
30 63
6 20
85 64
91 56
76 89
49 26
87 66
80 55
63 40
47 90
68 71
77 25
74 65
16 47
34 65
21 86
27 33
30 65
33 97
57 82
15 95
71 11
44 7
18 5
35 62
55 10
67 3
51 61
42 83
25 81
84 58
71 97
82 52
20 21
13 52
58 40
69 46
51 69
89 46
83 37
97 10
8 69
59 62
22 74
24 15
44 78
43 12
2 47
73 94
27 8
10 28
88 40
97 71
53 86
57 97
83 32
59 96
23 51
33 45
52 30
100 84
68 2
74 78
81 35
88 74
38 81
38 27
8 71
89 1
79 72
42 60
37 10
86 40
52 21
59 35
61 6
95 50
1 46
62 53
19 95
79 6
72 32
58 34
76 76
76 70
14 82
10 59
87 17
37 33
95 3
90 46
36 16
14 56
64 75
68 2
53 81
1 55
58 28
60 52
41 7
36 52
53 11
78 16
21 43
4 83
36 50
82 49
50 84
88 48
95 53
69 78
66 5
66 84
26 63
93 32
94 5
92 97
55 42
32 21
28 29
49 97
21 18
15 96
62 4
36 92
82 97
15 85
89 98
91 77
26 36
29 4
26 28
79 98
6 71
47 22
34 32
93 73
28 70
84 15
80 20
22 22
52 44
98 76
40 58
29 58
42 59
85 62
20 54
96 52
16 35
99 82
96 48
88 52
65 29
10 52
76 96
99 78
24 88
64 93
89 54
1 23
92 49
15 33
31 72
98 19
61 54
65 3
90 91
40 24
100 69
22 62
13 97
3 12
19 89
4 6
31 21
12 47
88 20
3 75
8 99
55 54
1 8
55 98
95 57
18 37
64 1
70 52
16 14
39 88
33 97
4 19
40 62
24 45
70 51
22 33
73 63
30 56
86 87
15 54
21 79
37 55
36 67
34 28
39 18
6 56
89 85
22 39
17 2
77 4
24 65
76 52
83 9
76 72
31 50
77 66
93 60
94 50
98 17
8 25
33 38
30 13
64 43
24 51
6 9
33 45
45 84
30 72
15 1
83 22
44 77
35 31
19 77
79 95
20 10
10 46
36 50
9 95
83 36
53 4
37 98
6 100
80 55
71 7
33 24
62 56
100 24
26 83
8 58
97 40
85 60
40 47
79 5
48 2
15 97
84 65
33 99
11 80
13 36
47 99
93 2
9 64
33 81
64 30
87 59
5 91
25 27
23 60
13 85
7 63
27 63
1 82
64 62
58 70
71 40
96 37
20 25
70 63
73 20
27 82
19 55
58 31
18 28
97 11
57 32
32 77
32 75
89 82
42 8
96 63
35 80
87 61
4 78
68 61
50 90
91 88
72 51
26 17
65 48
36 87
32 31
43 10
88 20
95 44
100 79
10 12
90 81
19 56
32 74
63 52
97 89
50 80
72 82
14 69
46 42
28 65
97 45
29 69
17 47
39 52
24 31
3 78
77 13
28 8
70 38
78 54
70 48
93 40
3 22
86 95
80 78
34 52
28 56
67 98
80 48
79 87
29 9
69 28
50 42
60 34
83 31
46 82
9 66
6 12
12 50
6 7
34 28
8 46
34 75
2 74
98 98
9 57
4 52
74 62
36 65
26 41
51 15
5 64
70 33
53 89
90 58
50 10
38 92
69 65
68 7
17 39
48 51
96 67
38 18
49 44
7 1
20 48
94 26
67 66
26 11
5 27
24 24
11 39
65 73
57 99
12 64
62 22
66 55
15 67
36 83
53 71
40 8
86 49
10 34
10 92
91 89
51 43
11 1
28 81
20 8
78 60
45 19
19 10
26 26
82 37
67 6
84 78
53 36
12 83
51 95
30 47
69 9
74 19
40 37
33 33
83 69
51 100
46 54
100 75
18 67
81 88
52 46
9 26
19 89
61 31
70 17
9 77
12 26
80 69
36 57
83 85
10 28
32 28
1 46
87 54
13 16
19 51
70 83
18 51
82 33
20 78
47 97
2 42
46 96
39 33
86 26
28 64
41 85
32 32
27 90
58 3
64 19
30 35
67 28
82 59
91 18
88 96
42 36
54 95
68 64
30 44
36 79
29 92
61 71
88 24
15 97
26 38
58 27
36 79
95 89
91 59
8 8
41 85
93 52
53 55
79 70
30 78
32 70
20 6
61 9
10 60
29 8
77 79
39 46
47 87
58 38
81 63
35 82
52 25
86 9
54 45
81 68
73 39
82 88
41 91
60 15
48 36
18 28
69 41
35 67
12 16
60 99
42 74
5 53
4 51
46 29
35 74
33 80
29 98
6 79
46 40
38 57
35 38
22 18
29 3
33 76
31 55
61 17
67 57
82 31
47 78
20 53
14 99
19 16
53 93
7 41
31 30
52 28
24 20
51 70
87 94
88 36
62 69
80 20
92 40
65 71
26 48
26 65
50 2
54 97
32 95
47 41
44 54
18 32
20 58
72 8
50 7
2 65
84 76
69 15
84 95
30 53
40 19
97 45
1 69
93 11
3 37
83 98
96 91
79 57
33 20
82 84
66 44
95 40
62 3
9 83
11 10
87 2
86 99
60 63
92 99
69 93
58 3
35 4
86 76
77 12
58 63
88 34
79 76
42 38
56 48
14 23
23 43
95 18
62 19
23 63
39 81
17 56
57 12
35 71
95 12
90 31
68 6
12 55
36 70
29 61
20 89
46 31
67 62
57 87
58 93
59 12
26 31
67 95
45 67
63 6
44 7
3 29
50 39
74 34
96 19
57 38
87 8
18 61
4 55
48 27
93 23
94 35
16 34
49 34
80 57
10 45
90 17
48 63
73 51
25 86
76 75
92 91
23 69
95 88
1 29
32 61
5 52
26 59
98 8
49 18
88 16
93 66
3 47
90 54
66 51
50 17
98 43
4 59
68 77
53 97
4 37
60 51
47 84
19 70
60 36
78 92
29 66
50 52
25 6
1 68
26 90
53 80
45 10
100 58
47 20
45 90
31 70
51 71
22 100
81 29
51 88
61 15
73 94
6 86
2 20
39 97
55 2
52 62
94 7
74 30
4 10
97 43
85 80
2 45
16 64
45 68
80 37
96 81
46 19
56 42
48 100
23 60
8 74
92 61
23 17
6 93
88 50
5 39
8 15
61 49
85 67
59 2
22 15
58 13
16 40
75 34
48 61
70 41
26 95
41 67
44 71
82 56
90 61
28 2
83 1
5 76
24 69
14 89
52 8
69 40
70 82
99 7
92 99
29 55
43 19
66 68
35 99
30 68
70 6
42 65
91 68
7 24
52 67
64 82
16 88
67 58
38 67
15 48
89 98
16 61
7 66
32 20
97 68
96 26
11 74
79 68
52 53
35 42
45 8
3 60
55 81
66 90
2 18
46 80
94 96
44 36
63 99
28 95
25 55
33 56
22 59
67 22
91 79
25 77
30 55
6 19
44 86
20 21
20 18
32 84
87 33
26 84
15 55
83 1
22 61
25 28
13 20
73 14
59 22
57 28
76 73
66 2
22 69
29 43
11 33
68 64
72 78
26 31
47 58
96 33
58 86
20 69
15 6
48 17
45 97
44 61
5 87
88 83
15 33
24 4
19 18
1 66
49 87
33 72
35 18
22 48
9 52
100 37
47 13
20 73
8 16
74 85
85 26
82 84
2 79
47 59
49 48
25 57
72 41
95 57
72 41
81 79
15 77
86 98
80 47
11 74
30 58
84 33
98 8
96 43
7 36
68 25
49 8
8 75
52 48
35 25
29 74
60 51
34 13
75 86
79 23
42 29
48 22
63 49
23 64
1 1
62 59
71 63
25 9
33 51
17 20
97 49
14 29
31 48
82 46
93 27
93 21
63 56
77 59
90 80
11 98
35 47
9 4
11 57
42 21
60 4
45 33
23 46
20 54
79 45
49 31
50 77
72 25
49 4
65 77
94 41
49 4
26 87
16 3
26 64
58 89
32 74
22 12
23 70
15 22
55 10
16 96
7 94
70 17
44 55
49 74
80 66
30 53
57 29
90 74
24 73
17 32
86 6
46 18
36 86
64 2
46 100
37 14
35 27
94 55
1 42
80 67
95 11
26 80
95 21
20 74
84 68
27 95
41 38
58 37
93 68
47 99
25 85
99 61
16 15
20 39
99 86
95 32
50 43
56 15
36 5
25 67
72 98
22 10
22 84
59 83
37 63
67 35
95 48
24 89
13 89
48 41
3 7
7 99
73 20
98 80
26 25
8 88
76 74
18 62
66 76
68 93
64 60
90 60
18 5
80 26
10 50
17 91
26 57
11 92
24 57
14 13
35 58
95 54
87 74
8 93
5 89
23 36
74 79
51 36
98 77
86 20
98 77
1 83
92 70
71 48
50 14
69 94
78 87
25 39
86 7
95 63
44 31
50 66
37 74
13 36
81 43
98 76
81 78
58 99
8 19
4 34
71 63
94 29
50 87
9 36
1 73
54 27
32 72
26 52
5 63
29 100
64 23
2 91
81 34
7 92
24 90
30 48
76 38
54 77
6 86
61 44
48 91
1 17
62 62
36 16
14 4
42 4
33 91
46 81
100 55
92 10
50 14
22 17
37 90
99 52
31 5
89 62
5 31
14 28
15 13
61 93
94 27
78 35
62 35
75 60
84 79
38 76
4 7
11 16
91 52
62 93
72 11
90 42
62 61
33 72
26 10
27 64
27 28
58 100
73 96
78 82
50 61
22 61
99 50
38 50
72 64
81 6
27 12
76 94
46 33
41 76
88 38
40 59
70 63
50 72
14 19
5 41
39 48
69 25
16 8
29 51
82 69
87 18
70 45
44 29
71 90
95 54
70 44
97 69
5 5
94 39
26 2
6 66
15 51
77 51
43 67
39 15
57 57
69 30
66 8
3 41
61 6
54 46
94 100
30 20
55 69
59 18
87 12
93 68
79 94
2 19
73 71
61 15
40 88
94 15
56 95
62 29
41 20
25 39
59 97
45 24
71 29
84 98
2 41
37 32
60 1
44 8
75 46
69 9
65 89
93 5
23 49
25 46
46 50
16 48
7 65
52 71
74 17
45 76
96 90
52 63
46 46
20 60
64 77
37 34
13 74
19 71
98 62
53 45
96 61
8 59
49 69
66 42
92 8
50 9
2 73
3 8
94 68
29 70
23 16
10 9
21 74
45 65
86 54
18 76
12 64
92 19
69 46
37 81
88 46
16 35
41 95
33 92
35 47
4 23
69 77
47 72
75 45
19 38
52 17
70 6
26 48
100 85
87 99
69 56
50 45
40 23
24 15
95 65
68 92
46 31
4 73
88 65
43 47
89 26
57 40
54 62
33 96
77 37
91 94
20 42
92 24
83 88
5 85
26 70
86 10
25 61
25 41
60 55
43 50
76 57
81 12
21 98
75 93
67 10
89 5
24 90
7 32
12 71
70 54
26 75
10 53
73 78
66 39
52 99
14 55
22 31
57 61
98 51
99 67
99 54
69 44
90 90
81 94
73 28
68 59
67 3
50 40
92 52
78 9
92 89
67 8
11 20
64 86
41 53
29 81
53 42
17 42
35 64
64 13
86 47
13 38
73 65
11 24
78 77
76 16
76 78
99 59
33 28
73 80
49 25
31 33
41 23
91 67
64 26
14 2
58 77
82 81
15 41
49 28
59 89
58 30
67 88
21 61
22 67
59 40
50 41
74 61
27 33
84 57
89 73
13 79
96 94
14 89
75 54
25 22
89 56
50 83
24 80
21 83
22 63
24 57
4 68
14 37
14 23
67 93
79 91
71 99
48 73
93 31
71 79
58 14
51 60
89 66
79 74
72 79
48 57
28 66
97 39
74 89
63 22
85 63
38 67
11 16
98 3
12 72
35 89
87 59
13 54
10 21
59 93
86 68
86 77
14 60
100 57
99 99
32 53
30 47
22 49
31 77
23 77
44 27
89 90
25 89
33 92
19 15
96 67
32 48
98 81
44 57
5 88
60 2
28 19
43 6
22 69
78 21
6 77
9 10
16 79
71 31
18 30
26 24
56 50
55 6
40 83
7 6
54 56
23 87
37 52
27 4
54 16
59 29
70 31
42 5
35 69
54 74
12 20
82 35
85 74
9 52
25 91
42 13
20 5
52 61
84 19
42 74
81 81
41 95
50 83
96 12
11 77
19 64
22 35
19 27
74 69
13 69
25 32
79 24
35 8
13 36
5 79
88 23
23 64
26 61
81 27
57 84
80 35
92 98
38 18
16 60
52 1
62 60
57 72
72 6
66 20
92 90
13 79
46 52
33 37
14 13
94 63
95 13
32 28
67 49
65 91
57 96
79 70
42 23
35 71
65 77
54 10
39 49
53 99
29 25
17 10
85 77
85 8
96 96
29 75
75 77
63 55
80 75
36 36
20 78
3 80
53 7
11 20
15 10
51 58
95 56
80 74
96 73
42 68
64 1
62 73
6 59
20 48
40 42
47 33
55 18
4 18
53 42
45 67
8 16
81 66
13 28
45 93
17 73
60 23
73 19
91 49
23 29
52 45
79 36
42 6
55 77
83 42
4 25
21 86
33 51
99 80
53 12
80 75
40 100
16 64
41 48
97 10
35 12
32 89
96 42
41 29
88 59
48 35
38 47
95 26
80 52
50 26
91 18
96 76
10 48
63 88
39 76
84 76
67 33
69 11
25 34
73 9
51 4
28 10
45 46
36 6
78 90
97 9
15 81
69 41
12 73
56 28
66 50
99 36
39 68
61 43
39 64
26 78
60 29
28 63
73 4
39 80
30 88
63 21
86 55
91 88
26 61
76 30
74 15
92 93
44 92
98 48
16 53
95 95
77 58
60 50
82 100
7 99
57 59
96 32
75 91
20 83
3 11
40 40
18 18
42 79
52 34
9 33
67 56
11 62
36 95
39 59
1 41
65 35
2 32
87 95
55 22
79 44
14 76
80 36
22 36
58 67
29 36
37 40
4 13
58 93
48 89
85 12
64 43
4 99
80 96
90 33
24 81
35 6
82 24
41 98
76 84
33 57
1 31
42 92
44 70
37 77
33 2
44 10
53 11
86 85
82 56
60 84
64 28
48 31
39 72
37 15
5 49
68 7
25 54
60 61
25 51
72 95
44 24
40 45
76 93
75 19
29 29
51 74
9 25
10 52
43 23
84 60
43 60
44 53
78 51
38 29
32 82
10 5
33 38
84 92
47 41
67 45
95 28
62 69
14 27
34 51
98 83
18 75
53 9
22 89
77 35
29 11
93 83
72 10
68 55
20 27
98 29
48 83
70 100
7 53
58 86
13 23
42 12
52 45
8 27
71 15
89 73
39 8
32 71
73 62
22 52
78 11
39 6
17 31
39 79
52 32
2 81
36 14
21 58
6 89
9 54
49 44
34 99
2 88
20 53
53 5
73 14
18 81
100 87
43 14
76 33
57 72
7 88
17 97
60 68
14 66
88 63
48 40
52 74
19 33
21 53
25 77
49 43
11 58
93 7
87 74
63 41
46 87
75 39
83 98
51 27
83 44
84 41
36 25
36 31
3 93
88 29
9 44
72 74
88 67
3 9
99 58
96 90
61 96
68 6
56 57
26 62
55 68
55 48
29 87
25 52
75 100
53 63
25 95
38 57
98 69
12 20
100 49
43 7
86 10
34 46
46 85
20 53
17 38
81 9
8 35
72 82
69 89
68 78
95 7
56 7
70 87
94 65
3 96
30 34
61 22
58 52
7 47
67 90
13 99
35 33
43 41
39 98
87 47
68 87
76 6
36 67
79 58
27 6
31 73
16 19
61 51
76 57
87 71
29 40
56 17
94 5
100 21
24 57
61 35
47 80
31 63
82 73
40 44
86 10
63 6
52 17
43 61
69 53
70 6
7 11
3 37
12 99
98 60
42 84
79 37
73 17
77 50
9 47
52 22
7 75
76 65
12 24
34 83
15 88
92 63
90 52
60 44
92 36
65 8
73 78
90 15
48 23
54 50
29 10
33 32
17 56
32 26
27 45
37 60
1 84
86 55
40 96
12 34
83 67
33 79
43 22
7 83
61 81
3 68
58 57
20 55
31 33
21 80
53 89
45 20
13 95
42 40
4 63
4 82
59 48
76 93
45 48
6 22
82 94
73 57
90 53
50 1
56 34
68 97
86 60
56 69
53 4
77 8
19 54
87 70
61 38
13 76
94 4
22 18
16 43
51 60
41 24
46 75
72 92
93 13
42 46
84 38
87 52
97 61
39 19
45 51
25 5
83 18
2 72
6 98
7 26
43 25
7 99
14 59
10 73
44 10
69 80
15 76
73 17
39 33
1 97
33 55
52 60
94 1
6 72
19 3
97 12
46 96
16 29
20 55
91 60
57 27
55 92
29 11
53 87
45 62
25 62
29 43
79 79
26 85
34 40
37 4
20 61
92 90
50 15
29 34
36 100
70 46
95 61
8 16
8 30
96 58
92 22
11 90
41 10
98 46
29 92
37 73
95 93
44 72
8 28
37 52
52 98
62 71
65 62
5 36
6 85
89 75
33 78
84 63
66 12
19 18
20 19
85 72
62 7
21 85
66 57
97 58
90 82
60 70
56 26
50 11
7 27
100 47
60 52
48 88
97 92
41 43
36 60
43 84
84 67
44 39
80 35
36 64
57 10
44 49
92 100
63 94
85 75
76 29
98 8
50 86
46 98
70 78
87 10
8 57
90 14
4 18
56 14
32 47
63 87
64 39
81 58
22 65
63 86
92 9
21 4
11 29
32 4
56 64
53 65
68 70
51 54
32 99
55 85
8 63
28 99
46 36
22 8
64 26
73 65
19 68
65 63
71 14
40 97
51 24
30 70
30 11
6 42
85 36
61 9
69 80
100 74
93 66
42 45
62 11
84 27
62 100
72 92
68 82
69 63
25 56
35 3
20 17
8 54
89 87
27 31
87 5
86 23
48 91
50 30
10 39
18 58
67 44
80 52
58 54
69 68
9 74
39 16
75 9
46 9
51 25
95 40
45 34
43 42
36 36
7 45
78 20
97 36
30 36
45 1
65 98
6 91
31 55
36 66
14 96
19 42
62 49
52 52
56 16
61 39
54 33
66 6
31 96
20 77
45 57
88 1
88 44
6 82
78 17
62 4
51 90
28 41
56 43
47 24
70 34
43 79
5 20
99 54
39 14
35 7
96 6
56 63
92 49
26 61
91 29
57 44
97 2
5 29
9 48
52 69
17 67
62 80
17 74
99 62
33 56
62 82
38 14
20 99
19 64
15 30
34 54
21 5
42 22
41 97
67 28
63 56
84 75
24 99
62 61
74 88
10 5
9 66
81 50
1 53
34 78
24 30
58 49
30 31
80 10
66 96
82 99
48 76
79 75
98 24
47 89
11 83
11 58
84 3
82 33
29 21
99 84
15 87
1 77
40 6
8 83
68 57
3 13
91 9
43 55
16 25
16 96
52 60
24 42
97 97
52 64
9 20
20 79
61 12
39 50
51 88
78 59
20 1
98 16
56 86
69 24
44 4
18 68
32 33
80 6
100 52
12 53
78 90
66 38
13 82
69 47
25 72
32 38
23 59
15 80
74 92
38 35
83 27
77 3
13 76
79 24
28 67
22 95
50 54
41 30
60 97
52 93
18 89
31 97
49 8
74 74
51 72
45 12
91 93
82 5
24 69
42 44
46 9
1 10
60 34
58 90
69 56
84 5
89 79
92 66
51 85
14 71
81 100
33 11
90 25
94 76
63 86
69 43
67 22
64 91
9 73
78 70
15 84
27 13
60 18
63 91
52 38
10 90
7 2
94 30
44 46
30 23
36 25
89 6
82 32
95 58
98 48
3 88
30 15
86 26
46 5
80 51
99 48
26 5
12 13
40 73
71 32
74 99
8 15
37 5
37 89
69 39
66 75
3 24
95 51
25 92
66 15
46 40
87 33
24 68
39 69
30 30
6 90
26 46
70 88
87 22
72 55
67 35
41 61
2 69
4 12
86 65
81 19
54 12
12 21
45 32
93 84
34 52
70 82
52 50
23 9
59 22
20 89
88 83
61 46
66 91
65 26
78 60
11 31
51 59
2 79
2 51
32 40
59 69
79 96
1 27
97 42
3 51
19 13
38 2
4 71
22 77
23 66
36 90
27 88
86 87
80 73
71 23
72 90
50 6
22 72
94 50
8 79
42 12
33 32
20 24
7 3
97 10
98 35
70 85
47 68
51 14
23 35
30 59
9 34
53 83
82 86
57 75
55 85
100 50
94 76
58 55
73 26
69 93
46 96
51 65
54 31
25 20
21 87
77 73
26 25
43 59
70 22
85 4
36 22
3 6
5 79
94 76
51 15
54 66
15 60
50 82
56 79
37 47
79 92
64 12
42 81
61 29
20 86
96 65
12 79
66 13
6 71
85 56
34 5
51 67
35 21
39 36
27 38
8 7
16 8
5 15
50 17
37 81
89 18
85 39
91 86
45 48
30 14
42 100
50 13
45 26
91 33
5 43
33 72
21 25
20 54
74 52
81 53
92 91
22 68
93 31
57 3
27 38
29 39
42 60
77 56
15 59
80 47
55 94
22 65
47 6
59 8
23 34
36 86
48 77
59 24
26 72
44 24
89 37
67 71
94 89
33 14
9 4
50 31
17 37
30 80
70 37
43 40
62 32
61 79
64 7
6 15
17 34
90 97
86 53
10 93
18 52
1 63
41 39
72 45
74 27
88 44
31 4
97 12
23 81
30 80
55 35
100 52
25 56
43 24
19 75
70 44
27 37
79 30
20 26
96 26
60 9
89 62
38 65
22 92
1 41
1 24
79 6
69 74
90 20
65 10
78 18
59 71
65 72
18 8
30 68
38 51
57 3
12 71
86 62
31 83
93 3
41 49
83 87
70 58
35 72
1 61
39 53
62 60
79 90
10 78
57 85
39 50
50 92
94 50
12 41
50 84
94 25
90 99
18 9
35 44
54 60
47 26
93 14
70 84
17 33
74 33
60 34
25 35
86 4
45 47
56 69
30 58
85 95
38 55
99 15
20 18
90 15
90 19
33 78
68 56
99 48
41 14
58 57
49 39
34 15
69 98
50 22
79 39
11 48
68 30
65 82
64 59
66 7
57 48
86 42
82 39
82 80
45 75
7 25
19 35
89 74
14 94
49 44
26 20
51 48
99 58
97 38
92 15
88 28
29 67
59 22
39 76
21 32
69 79
87 14
6 47
37 28
36 88
36 85
99 75
55 69
100 19
63 33
21 76
8 18
100 27
54 66
89 97
44 1
60 43
8 84
84 26
73 36
8 27
61 46
75 35
6 37
57 35
66 1
46 16
37 53
77 23
84 91
57 84
45 1
22 57
14 30
33 28
9 96
49 67
32 54
16 64
48 37
46 38
88 91
55 54
45 64
41 57
96 2
40 17
1 51
3 37
75 94
25 86
62 16
88 39
52 72
19 4
44 25
69 73
64 19
33 77
97 95
99 10
41 13
41 47
72 18
55 94
26 74
33 13
3 60
9 79
48 28
3 48
6 68
35 19
9 1
2 84
75 27
4 55
41 100
27 77
58 91
67 93
4 14
19 6
54 84
55 85
38 9
50 60
75 57
53 80
34 89
72 51
4 41
26 1
64 97
75 58
80 94
89 22
7 70
35 6
49 52
6 97
89 5
54 20
40 67
97 6
55 55
67 93
1 12
47 54
45 21
10 2
14 98
48 34
29 60
19 33
54 19
18 20
68 45
29 75
22 99
53 33
100 78
25 39
79 33
15 26
52 96
10 78
56 100
10 17
44 35
4 3
16 66
84 40
58 22
7 32
81 97
64 76
73 77
33 8
11 81
18 97
42 9
24 31
17 83
70 20
94 15
71 1
39 40
14 59
51 27
61 38
66 91
50 56
85 77
44 75
64 34
88 24
6 5
19 33
98 93
1 39
75 35
13 10
85 78
32 9
71 93
65 74
47 36
44 69
97 33
57 69
13 18
38 42
32 99
81 100
60 13
26 13
51 52
98 52
39 72
1 30
10 90
56 14
2 86
47 18
52 89
18 71
34 93
57 93
88 3
31 85
57 83
62 89
95 94
41 13
45 97
66 87
5 86
92 85
61 7
53 71
48 53
25 76
43 64
32 3
5 27
2 76
57 15
56 78
51 28
47 38
8 60
61 17
2 4
10 97
7 86
5 44
79 67
92 78
61 88
66 69
23 15
18 70
80 57
17 8
58 82
24 6
34 46
15 20
67 90
94 5
19 90
67 42
18 80
61 53
98 96
23 7
62 28
6 10
30 36
65 55
4 100
37 95
77 23
57 3
98 91
83 8
62 98
76 9
26 38
22 85
94 77
48 52
39 54
73 86
17 11
49 36
48 43
50 57
15 7
67 84
96 13
33 96
33 77
65 92
94 100
82 72
39 50
7 27
39 33
68 86
71 34
94 32
57 32
47 8
50 86
54 75
81 68
11 83
82 83
7 5
33 67
75 12
6 56
23 73
99 49
22 66
23 60
98 91
24 74
37 66
64 74
71 86
22 13
48 2
35 30
15 12
81 73
74 79
21 90
71 5
93 16
44 75
64 37
49 48
42 83
14 74
55 22
75 50
24 9
36 4
33 54
8 75
62 67
38 61
83 99
12 15
12 78
57 58
9 57
87 52
94 23
73 30
57 89
15 35
72 31
43 18
81 98
53 55
16 49
53 88
23 60
9 64
96 62
87 48
9 63
90 96
100 21
63 36
64 45
75 29
50 40
96 50
35 56
11 58
85 62
69 54
74 73
96 40
25 12
83 29
34 43
70 86
55 11
90 31
84 73
26 93
85 1
16 70
30 48
100 1
69 9
53 7
60 16
16 23
91 54
69 79
5 18
42 26
83 14
20 15
16 55
33 5
67 16
2 62
95 63
52 78
70 15
69 87
99 69
47 78
51 15
85 11
16 16
57 77
74 93
52 88
34 70
10 45
67 9
64 69
10 45
35 70
68 75
21 61
3 92
58 80
41 91
59 61
99 57
24 4
79 27
66 11
56 61
97 43
68 24
2 75
100 72
89 91
70 61
99 40
35 68
20 27
83 50
51 83
28 4
8 94
2 22
62 25
18 39
20 31
77 93
79 35
7 100
44 19
51 47
9 43
53 50
92 37
67 55
51 6
67 93
97 82
68 69
74 53
94 24
87 92
75 79
93 95
76 82
45 39
43 86
62 2
16 17
77 87
64 36
44 20
37 80
17 58
5 96
6 70
37 40
81 88
84 5
43 91
76 58
86 51
3 85
28 7
29 40
69 39
78 13
95 32
18 20
97 33
68 36
63 95
84 24
95 66
7 41
59 58
39 4
2 26
72 11
54 20
78 12
36 46
49 92
14 44
52 55
53 87
71 13
40 46
85 27
6 69
34 36
60 84
92 72
36 72
39 43
20 11
57 11
16 7
67 94
26 82
13 39
86 81
88 77
96 14
80 46
94 69
6 71
70 1
47 95
77 81
24 72
25 58
64 79
24 63
90 53
68 33
77 2
61 66
7 79
13 28
66 86
41 66
25 63
9 57
28 38
63 5
29 19
84 100
31 63
47 64
9 81
95 1
32 44
48 57
90 15
64 41
94 26
47 37
33 41
40 72
75 70
8 13
64 81
39 48
32 75
6 34
6 32
60 28
18 51
64 62
72 55
83 36
56 28
96 70
92 45
84 17
59 26
72 15
19 16
89 89
70 79
28 96
83 89
53 22
27 5
24 55
16 63
20 82
22 92
1 55
60 5
96 61
8 67
75 85
86 60
91 94
80 70
43 91
50 73
97 72
7 53
22 80
32 60
14 32
69 49
75 4
97 48
79 74
98 18
16 15
67 14
19 48
95 10
1 55
71 22
21 66
76 9
87 36
41 99
97 52
87 90
100 3
45 64
46 9
26 40
82 23
37 54
58 61
77 66
86 26
54 33
35 70
59 5
37 92
48 1
80 53
63 95
45 100
58 79
12 64
12 14
77 92
30 64
6 75
77 46
1 85
26 93
5 7
39 20
18 91
53 58
77 9
17 46
97 74
22 69
95 37
31 96
10 22
52 97
7 13
48 48
57 29
41 82
6 52
94 72
88 34
85 57
8 18
84 85
95 35
20 82
95 98
71 78
49 45
52 25
47 76
1 81
78 69
3 82
39 100
47 59
56 91
15 60
64 56
52 64
89 29
10 44
34 12
98 50
61 41
40 24
45 97
17 21
32 58
51 49
62 93
72 43
87 5
22 10
7 28
81 91
41 43
54 77
3 68
41 39
5 53
2 95
42 19
34 21
4 76
80 70
81 80
59 67
47 30
96 87
63 82
35 58
5 31
96 93
32 7
65 23
88 69
77 56
33 43
19 26
79 56
47 87
42 20
17 12
68 97
49 47
50 2
8 91
2 76
52 21
100 30
58 28
53 16
41 100
92 49
57 43
73 70
72 80
15 61
19 51
67 66
77 43
53 8
23 48
25 87
36 66
39 70
12 55
64 73
71 65
82 32
42 28
69 51
76 4
11 39
36 99
76 50
60 92
95 90
77 77
11 65
95 71
86 5
64 32
87 22
77 5
72 74
59 43
100 84
38 87
29 93
18 1
15 81
81 100
40 49
91 67
69 18
78 70
54 74
32 90
1 34
87 57
26 18
69 37
62 60
36 8
57 35
37 10
95 52
51 76
65 38
57 16
45 98
51 42
72 99
32 20
79 46
43 72
42 14
79 81
81 10
71 7
96 82
47 90
3 6
36 82
37 57
71 75
65 51
42 30
55 65
17 37
28 86
80 34
86 73
90 46
15 93
42 59
78 7
9 44
44 87
43 96
65 11
89 84
45 38
37 9
72 55
23 35
31 33
65 69
53 16
11 42
35 75
49 49
9 32
38 32
36 30
97 40
60 7
52 32
38 69
14 23
69 68
66 6
93 56
6 92
7 3
7 100
47 51
36 61
67 44
42 37
30 57
32 6
30 72
74 46
20 15
53 27
49 80
50 99
18 47
1 47
13 40
4 21
1 95
21 71
41 4
36 76
18 10
53 10
88 60
7 30
18 84
8 79
24 88
11 91
13 71
30 42
69 91
11 73
18 55
36 86
52 61
47 63
19 91
34 84
21 8
90 57
86 10
21 39
39 55
55 8
21 38
3 47
59 28
74 84
76 69
51 32
9 60
93 79
3 93
48 71
51 60
21 77
55 49
75 99
83 67
19 19
56 41
51 9
29 43
73 47
38 94
81 55
20 9
8 85
14 39
92 16
97 93
51 100
12 6
88 48
6 8
84 43
90 46
64 87
9 27
65 14
14 70
70 38
9 44
17 63
17 8
12 4
89 91
24 8
86 54
71 9
94 79
93 46
73 18
23 21
18 92
11 11
3 28
89 100
18 47
68 66
80 67
15 40
18 17
43 25
54 39
23 24
78 19
43 84
38 11
87 45
60 49
52 32
56 34
20 93
20 94
24 93
31 48
8 36
99 53
16 1
30 97
93 31
61 47
2 14
15 3
78 90
64 76
69 30
66 42
34 75
36 95
97 60
100 14
53 12
39 84
53 4
28 87
68 3
47 39
65 49
54 99
6 87
16 81
9 85
26 79
87 26
33 29
56 26
46 14
31 81
24 79
27 10
23 11
36 77
29 23
89 14
13 18
44 50
57 43
30 59
77 24
92 90
78 71
76 89
97 53
68 54
80 92
76 91
35 8
27 82
40 40
89 59
84 21
8 20
49 95
9 99
94 97
33 23
17 77
92 10
64 4
92 7
18 19
38 66
27 83
98 93
79 31
91 100
42 43
35 26
72 11
70 18
79 67
49 81
98 7
75 19
16 86
77 50
2 9
50 94
3 32
41 100
90 4
87 4
48 71
39 98
47 54
94 68
71 20
15 30
37 29
86 75
6 36
54 100
24 93
84 70
4 92
54 23
74 22
45 86
88 100
45 32
66 4
66 66
45 12
63 62
92 36
60 97
92 63
93 97
62 42
46 46
86 96
51 45
84 49
85 67
89 42
83 3
30 86
60 14
97 32
66 14
45 40
3 20
20 13
20 32
86 41
23 57
73 7
12 62
19 94
13 6
8 93
36 49
30 24
53 56
51 10
74 59
64 5
42 73
18 55
25 46
39 18
3 3
76 43
23 67
88 69
64 84
5 21
17 6
75 49
1 52
35 71
20 89
55 23
54 84
91 20
93 16
28 92
16 78
4 77
46 85
28 84
63 22
33 34
57 59
15 29
83 95
82 17
79 33
24 19
100 24
3 79
63 89
54 26
30 21
37 7
41 46
46 56
41 27
10 51
20 57
93 30
44 21
91 45
100 5
49 56
34 16
92 20
28 47
49 94
47 48
73 84
76 29
9 21
5 69
84 87
76 50
40 15
66 55
54 82
63 34
17 78
8 12
77 74
70 3
38 84
13 80
63 100
35 92
5 6
24 50
54 48
98 87
19 23
97 92
97 91
67 78
30 7
40 10
94 77
78 52
86 10
18 12
5 80
46 30
74 80
40 18
21 79
13 94
57 73
74 61
28 79
73 2
34 24
4 4
43 5
23 8
69 83
5 56
57 51
73 40
28 6
62 98
22 27
46 80
58 89
18 69
64 57
39 47
9 79
9 85
68 99
94 40
26 96
24 30
40 69
51 27
64 100
60 48
16 73
72 72
86 60
43 3
45 73
71 83
98 7
39 29
93 42
66 89
95 85
49 92
91 81
22 42
62 41
12 7
19 21
20 81
30 27
34 29
10 28
90 57
42 14
78 78
84 96
19 61
1 59
75 65
69 88
16 58
86 12
84 60
88 81
23 23
26 62
32 54
93 57
76 20
70 34
85 99
41 9
64 70
85 42
31 41
37 63
47 83
43 47
7 83
18 63
