4000 60856
63 18
70 99
6 61
58 48
83 64
13 12
51 73
21 3
79 66
66 7
24 74
96 26
97 42
93 59
29 86
82 54
31 77
19 73
8 85
74 21
18 41
40 67
8 89
66 3
5 93
83 84
55 66
63 53
31 81
17 99
11 6
93 50
38 97
16 66
3 97
21 61
28 29
5 69
93 15
7 95
23 76
68 89
2 20
19 69
61 99
30 6
100 22
91 76
1 78
59 59
17 48
70 70
98 25
24 88
87 72
2 17
58 72
42 38
17 21
41 4
10 88
27 26
85 53
48 36
42 44
87 49
68 96
70 72
44 70
12 63
28 66
66 97
79 3
81 86
84 65
39 1
62 43
35 39
82 28
62 20
94 49
98 28
32 41
91 73
73 15
18 12
45 89
82 86
11 1
61 61
22 41
21 88
87 86
7 93
68 24
80 81
45 94
87 71
1 53
88 15
98 85
80 18
5 11
28 87
60 55
88 27
67 40
22 97
75 17
100 67
35 68
68 65
97 94
66 8
10 37
21 9
36 72
54 77
2 46
46 72
66 37
24 39
18 12
4 75
82 31
37 87
84 55
26 76
23 57
36 59
66 90
72 94
16 29
70 52
100 80
75 83
10 79
18 19
48 32
84 47
17 38
83 99
3 12
65 83
100 59
12 100
85 43
35 30
18 29
86 41
33 53
83 17
61 79
2 16
39 91
42 61
39 2
74 98
68 37
61 11
9 56
33 78
85 4
24 84
2 82
84 35
51 19
11 12
53 54
98 50
46 58
69 43
80 100
48 21
85 25
80 10
60 73
69 20
66 91
29 1
6 60
98 44
63 17
67 38
52 59
1 60
8 50
90 13
74 57
27 38
2 23
35 12
11 16
86 26
10 48
65 97
21 60
60 66
27 60
73 65
10 15
73 17
93 59
41 66
20 38
77 84
20 76
31 10
97 55
38 66
59 62
3 14
87 61
22 78
69 3
38 72
74 37
28 52
27 84
100 45
7 90
29 6
34 57
17 57
14 83
43 4
81 5
87 94
55 21
60 64
59 11
16 35
32 80
4 69
56 52
3 69
32 4
28 27
86 30
29 58
65 45
96 91
31 71
51 5
17 21
51 73
41 28
43 9
30 77
67 11
42 54
36 66
47 68
75 62
53 22
61 2
69 17
85 26
99 96
75 37
44 41
9 58
90 23
27 20
12 26
46 74
30 41
44 82
73 53
67 70
72 39
89 97
62 61
54 62
91 53
31 33
4 86
31 33
73 41
33 62
98 43
14 46
21 79
44 63
40 7
73 100
56 16
8 75
9 77
54 63
83 11
5 69
63 20
72 85
31 89
26 98
69 59
12 29
69 79
93 11
78 50
92 17
81 59
92 62
97 30
72 63
22 94
100 16
2 95
94 35
85 29
51 90
7 32
5 8
95 52
98 39
29 59
2 19
5 65
89 88
8 82
39 76
93 56
22 1
63 60
76 96
47 98
31 70
39 76
68 28
76 32
17 26
11 97
56 42
8 87
8 26
79 5
81 33
59 93
81 51
74 67
95 22
83 40
32 50
99 81
77 43
29 88
79 91
31 62
33 53
20 78
90 95
24 80
64 86
11 95
86 91
39 81
57 45
68 13
78 9
76 72
43 44
46 34
87 68
99 38
5 72
94 46
77 94
85 4
52 38
9 44
58 22
47 11
92 84
41 72
97 43
20 78
69 11
28 34
2 91
53 15
99 63
91 85
76 94
62 48
1 32
13 37
1 81
10 76
81 49
30 89
85 99
23 44
27 74
23 19
73 81
31 97
16 64
2 74
15 1
20 53
10 70
24 74
18 64
53 53
64 45
66 58
25 82
84 8
45 91
26 73
36 22
43 6
17 57
64 68
5 5
17 88
76 4
57 85
78 15
56 4
38 25
15 14
31 47
64 50
37 84
3 80
94 47
5 47
4 5
60 99
76 51
66 74
35 72
93 66
70 78
50 69
10 24
94 60
33 76
55 66
20 84
20 49
49 71
88 92
83 16
5 76
56 80
59 71
61 12
34 46
66 26
98 37
48 11
96 25
13 38
36 94
99 4
6 84
92 92
54 8
17 82
67 43
71 34
51 6
11 8
41 11
52 26
21 31
86 22
84 1
27 49
5 5
4 1
27 19
92 97
38 69
32 94
48 28
96 91
92 6
33 25
14 17
42 94
32 36
9 41
54 31
67 81
59 44
12 67
59 73
65 3
80 100
77 15
35 88
83 5
88 74
27 99
34 30
60 57
13 72
70 82
38 5
17 29
25 35
64 75
61 25
62 3
95 69
60 4
10 93
87 26
44 28
23 9
80 71
75 15
31 1
85 1
93 96
42 44
96 67
3 68
6 99
28 19
80 34
40 38
10 23
67 59
67 88
43 5
78 15
79 60
12 86
15 71
47 88
88 20
78 46
59 64
50 74
73 66
70 19
59 67
11 91
13 46
33 27
90 13
87 13
63 28
26 13
80 8
56 23
22 32
82 27
61 73
1 50
13 60
1 11
10 24
79 70
19 98
4 28
56 85
49 9
68 66
22 7
47 96
55 37
100 52
58 11
4 63
72 69
27 29
14 81
34 11
40 27
46 7
75 23
78 39
61 86
100 88
57 46
16 61
73 71
91 24
77 33
73 72
3 35
29 95
82 95
34 4
99 45
38 75
41 40
47 53
5 92
63 47
45 1
59 80
62 50
2 63
15 42
85 71
29 92
28 74
18 81
68 70
26 81
92 4
45 8
86 18
43 43
54 5
53 78
16 13
96 28
29 63
88 84
98 62
9 9
22 30
83 17
7 53
59 56
24 57
5 58
63 99
86 55
50 10
73 79
99 4
51 72
87 72
83 74
79 15
15 46
52 7
98 84
92 78
95 10
43 43
77 47
37 52
48 47
29 25
52 16
43 26
10 39
92 51
92 39
70 47
13 80
75 56
77 52
71 88
50 12
81 61
85 86
35 66
30 22
57 64
85 21
33 93
44 88
19 47
11 60
10 85
70 53
61 95
1 62
64 14
55 38
29 8
52 17
2 36
9 84
4 32
96 14
70 74
95 82
87 52
40 21
59 13
13 7
16 24
81 100
62 70
48 84
65 86
48 87
30 5
73 1
32 8
62 49
16 40
50 54
24 60
77 24
71 58
84 55
29 37
86 71
38 44
9 97
38 87
39 31
18 80
93 70
86 44
39 54
39 3
73 96
78 26
97 15
85 2
45 49
77 15
99 24
45 84
93 52
98 10
74 88
65 4
30 17
87 88
33 44
31 22
10 48
61 67
54 31
46 54
90 4
39 1
83 49
98 100
76 39
74 79
67 31
68 60
59 23
58 36
6 62
83 18
35 61
54 77
20 71
32 61
30 43
18 46
76 44
74 46
15 56
1 83
39 49
96 24
39 71
71 92
79 46
100 70
31 59
32 76
45 75
72 14
70 29
80 23
22 65
98 19
53 1
40 95
65 79
63 75
97 31
23 40
46 44
84 43
76 68
65 15
15 4
58 62
34 60
42 99
31 7
100 67
94 82
69 56
96 91
32 4
91 99
74 88
83 25
74 9
57 15
28 99
45 22
26 43
7 73
18 38
23 62
11 73
58 85
40 92
73 100
6 67
62 31
70 43
89 9
89 51
86 9
55 64
46 12
19 21
48 63
77 19
19 87
93 96
97 26
66 29
76 99
88 24
91 16
59 75
13 85
47 31
86 73
9 58
72 25
44 97
27 96
47 38
54 69
36 80
38 29
78 20
41 46
99 12
48 63
82 6
39 62
33 71
36 70
85 73
52 91
84 32
13 43
22 30
76 27
9 20
87 58
52 77
48 96
77 74
62 51
60 80
23 56
47 75
69 37
46 32
90 71
47 84
44 22
95 91
82 63
81 50
72 11
74 60
79 13
19 25
55 66
70 74
52 95
43 87
54 99
55 38
78 18
66 93
76 67
5 96
26 13
14 24
8 24
74 60
42 49
69 26
33 91
64 56
15 100
53 27
61 88
56 22
51 63
5 9
50 64
84 25
85 10
22 74
58 37
16 23
40 50
64 54
85 48
43 45
6 40
38 98
49 34
83 9
55 91
76 100
88 56
80 55
89 75
95 79
5 14
30 76
64 4
90 4
45 31
30 55
42 82
6 70
86 28
45 44
62 78
87 91
28 21
46 40
8 17
85 9
13 14
100 66
1 62
97 61
94 62
6 1
86 59
43 95
89 61
40 1
18 46
76 16
72 55
59 73
22 94
76 20
40 48
85 49
65 75
37 30
67 55
59 8
94 100
52 34
3 52
55 29
38 24
30 24
52 68
98 92
67 32
65 81
97 10
67 93
61 94
42 71
24 45
47 4
84 18
12 5
38 4
54 15
39 20
61 58
64 39
13 65
37 29
3 86
49 65
53 3
91 68
15 19
11 62
84 67
66 52
65 13
38 47
56 27
47 88
90 67
53 71
65 71
54 99
1 80
83 63
66 92
42 2
6 59
64 95
78 71
18 15
54 50
83 38
8 86
14 59
46 76
20 50
2 87
100 14
69 66
55 41
91 81
83 36
17 3
74 99
1 39
34 67
64 45
8 66
80 7
53 11
12 36
44 77
58 10
12 67
26 92
75 53
5 68
83 50
39 100
34 39
52 65
92 49
16 76
60 2
57 8
61 3
31 52
59 94
61 16
51 69
65 87
51 48
86 5
81 41
76 46
38 43
66 7
39 43
45 8
45 13
43 53
56 95
40 90
52 14
19 61
17 81
27 19
75 81
100 82
17 18
9 71
51 98
60 18
24 98
62 100
16 25
85 100
93 3
74 71
97 16
95 71
90 57
99 63
80 75
23 97
74 61
17 18
88 55
13 3
13 77
33 20
7 7
68 24
24 9
59 73
38 36
93 41
37 91
13 16
92 22
53 60
21 86
94 72
12 77
44 35
8 71
27 54
28 35
52 73
53 24
76 2
46 95
42 32
74 16
78 70
64 28
48 76
94 39
4 34
12 30
7 67
88 53
18 37
26 90
11 13
28 61
64 26
55 53
64 51
76 41
46 27
16 62
48 79
92 98
27 90
91 65
99 68
6 43
71 99
2 92
10 66
46 52
47 38
3 97
20 68
24 7
19 76
19 95
70 97
22 62
30 77
28 64
9 14
99 65
5 53
71 27
27 25
68 78
26 31
90 27
95 71
23 57
58 88
42 1
14 54
36 29
85 65
64 73
93 72
55 16
65 16
2 89
100 67
64 54
5 38
71 86
39 12
23 65
89 33
8 9
96 26
70 9
87 24
4 92
69 25
92 76
74 18
47 49
59 6
51 100
88 75
6 28
74 57
45 14
99 80
39 62
33 42
83 96
55 87
25 13
37 63
71 2
27 54
89 30
34 7
83 91
59 67
73 19
57 55
100 51
32 79
52 81
69 11
19 54
7 72
89 35
10 29
32 41
35 83
20 86
83 40
23 9
77 65
56 48
67 22
76 96
46 62
99 64
10 92
100 48
76 28
47 54
71 1
2 33
87 35
56 8
36 23
45 54
28 78
92 30
96 56
12 8
43 10
65 67
82 61
1 33
53 1
43 41
32 25
88 36
62 79
14 16
62 44
91 95
21 16
80 18
18 91
67 77
31 33
27 34
66 24
6 12
73 39
88 24
59 45
59 26
44 83
94 67
56 79
23 12
85 96
51 86
34 19
79 57
67 52
15 31
79 41
20 5
9 72
10 17
59 40
71 2
76 33
72 35
13 96
96 48
51 52
30 86
62 76
81 84
56 71
80 99
38 48
81 10
67 74
96 92
91 87
10 9
89 58
46 17
33 20
73 6
49 2
18 39
51 14
15 54
85 21
29 55
86 58
93 92
91 71
96 49
15 93
66 55
67 83
27 41
61 54
70 87
8 26
75 29
2 22
16 49
54 79
40 69
96 58
72 53
35 60
38 96
34 61
24 70
36 12
18 32
96 27
84 13
35 22
99 40
50 66
71 43
79 94
88 75
16 34
69 17
35 23
30 79
34 23
2 58
9 19
95 77
23 96
68 96
21 57
24 17
83 44
26 36
63 38
30 53
97 40
98 49
68 48
82 52
73 70
3 59
99 83
20 96
38 72
86 5
18 36
87 89
8 47
97 81
74 64
23 32
17 97
9 38
5 62
51 20
62 47
65 32
97 48
36 42
32 80
17 4
59 11
67 23
94 91
22 100
96 28
42 82
71 48
63 27
24 33
95 18
17 86
74 68
14 13
54 9
59 72
84 100
41 49
19 70
80 81
66 64
41 53
96 29
26 2
97 67
98 48
39 100
61 98
94 47
74 94
45 29
62 3
33 4
11 52
55 93
6 55
58 31
97 75
28 2
21 57
72 59
22 71
37 94
45 26
87 36
43 54
56 49
70 35
83 3
74 70
1 67
100 66
66 75
97 96
78 19
15 93
46 43
16 71
75 42
40 42
42 64
71 71
53 44
26 19
81 22
8 88
83 73
91 4
56 14
62 26
11 60
27 73
83 49
99 6
23 50
21 84
93 59
78 51
91 70
27 13
3 72
91 37
27 31
21 46
39 32
56 1
35 38
85 26
71 71
61 80
76 67
64 34
32 50
28 62
89 4
64 23
87 50
23 28
6 78
42 15
84 54
16 37
20 87
18 2
67 94
43 89
39 37
11 53
72 39
81 6
38 65
27 62
71 94
64 47
47 8
62 25
19 48
33 97
46 3
41 18
45 28
21 21
57 4
28 29
100 83
45 59
44 3
87 84
20 87
49 80
28 98
3 40
17 69
100 37
21 93
35 62
42 77
59 29
45 14
65 67
91 86
82 31
91 28
61 80
97 29
89 35
22 4
15 76
73 84
19 58
8 46
18 63
91 79
64 1
45 92
91 13
60 59
88 94
77 96
31 45
89 26
56 45
34 84
5 94
55 81
54 28
39 55
48 57
64 8
83 21
13 23
54 94
65 3
55 51
66 73
61 31
44 37
40 28
28 59
68 72
58 38
87 4
85 35
49 16
2 4
82 78
91 28
13 62
21 71
19 75
44 7
9 96
74 19
77 42
13 41
81 100
82 22
3 96
80 8
97 29
86 68
44 83
2 74
2 70
99 85
67 98
14 52
94 21
58 26
93 10
61 45
16 63
79 65
98 31
16 30
32 20
79 8
6 57
45 82
51 78
76 31
40 40
12 26
1 49
68 33
76 18
81 100
49 6
79 13
13 60
97 87
16 32
56 42
98 60
17 53
54 26
16 58
82 5
47 98
74 35
75 66
60 42
41 97
5 83
57 72
8 78
37 2
87 79
13 34
33 35
89 9
40 16
72 26
100 86
40 16
91 11
76 3
73 68
39 16
54 68
85 27
87 2
21 99
40 68
84 14
89 4
46 93
51 71
70 8
44 90
76 5
96 25
3 84
16 53
1 7
11 7
23 30
89 61
49 38
87 15
73 95
38 98
26 30
96 21
37 83
66 97
86 83
12 37
90 64
76 50
17 56
74 90
62 52
37 7
13 57
97 65
25 10
10 1
47 87
47 69
54 43
75 91
42 93
8 26
42 95
94 52
19 84
17 24
34 12
19 21
55 38
58 6
56 18
81 19
53 78
93 52
98 15
90 60
56 89
87 31
65 62
25 96
12 20
78 13
13 2
76 29
74 29
90 11
86 29
73 67
88 31
39 23
47 57
29 24
98 48
88 3
75 75
16 84
56 26
60 38
35 4
11 15
18 95
42 74
91 33
22 73
86 25
40 99
12 84
94 65
78 29
28 45
18 61
41 49
6 9
82 62
16 29
79 89
71 25
1 9
51 55
58 55
91 32
49 63
39 30
89 31
89 65
65 56
56 14
44 42
24 93
42 18
54 56
41 40
84 43
96 40
15 64
69 67
87 39
26 99
62 32
64 67
53 96
31 44
4 67
58 4
13 57
72 95
37 45
35 81
72 56
39 51
45 88
15 87
88 66
83 69
55 17
76 82
47 25
10 31
19 24
22 69
52 100
25 31
15 8
87 42
20 71
29 71
7 60
7 9
54 70
69 91
22 27
58 65
51 34
78 46
16 20
15 43
49 40
4 64
50 23
72 95
94 67
94 62
86 33
33 32
28 31
40 50
60 65
74 7
50 32
31 88
47 75
53 83
55 71
61 83
91 24
74 41
89 5
97 83
80 1
94 74
17 26
54 27
52 90
68 11
31 72
19 10
82 53
79 64
74 25
83 28
50 10
67 43
76 41
36 43
100 74
3 71
27 44
59 39
28 77
28 75
89 78
75 4
32 57
43 48
87 38
22 32
69 40
76 42
19 66
100 40
21 68
87 43
53 67
72 57
6 54
83 90
42 18
88 58
61 53
15 95
22 37
63 15
82 37
98 78
98 57
33 11
52 100
76 100
43 1
32 77
4 26
32 30
6 32
35 82
26 78
44 69
57 13
46 17
19 10
27 78
46 9
92 77
13 21
50 75
63 86
19 26
33 16
57 55
58 35
45 69
71 49
79 24
7 35
4 86
28 1
56 91
36 48
32 100
32 42
31 48
63 28
87 67
14 29
20 59
21 48
91 58
63 27
29 12
37 27
34 89
55 41
34 35
25 17
20 13
83 61
39 2
90 90
67 76
95 57
99 77
64 96
18 57
29 100
70 30
21 42
9 100
78 72
9 89
40 51
61 13
39 88
54 31
47 31
4 17
25 89
67 78
94 74
87 68
96 41
30 100
72 56
2 34
63 86
48 24
73 46
98 46
87 26
62 88
16 22
33 34
60 64
79 17
50 42
89 63
1 47
23 84
97 14
78 70
83 24
88 64
90 83
73 12
41 46
36 13
76 80
17 87
54 43
69 5
55 54
1 35
51 5
27 61
3 68
65 90
26 84
27 14
62 88
12 61
89 1
78 9
97 46
100 64
8 25
98 88
40 78
8 23
20 23
88 91
37 93
54 46
27 6
26 27
26 57
19 52
61 91
1 88
35 38
15 33
22 93
90 43
67 68
72 49
68 55
69 87
36 90
93 38
48 100
50 77
57 51
88 52
27 85
53 48
87 67
86 62
50 35
79 96
94 36
22 9
18 86
30 28
75 55
45 44
8 6
1 63
63 47
20 97
53 51
98 36
34 81
74 43
87 78
1 48
45 43
54 84
21 87
33 32
46 21
20 86
82 9
2 23
7 90
60 93
6 71
46 8
45 54
56 57
24 4
90 42
29 66
41 41
72 21
3 20
85 84
79 27
55 82
48 30
98 75
60 84
97 17
84 55
33 78
83 94
36 55
30 20
88 29
8 41
14 52
85 50
28 78
95 12
39 24
34 67
54 4
44 94
79 27
50 10
51 51
54 30
40 51
79 16
47 70
11 71
34 87
31 6
89 49
88 20
30 87
38 23
99 4
26 4
21 78
32 33
60 49
8 32
13 5
47 78
16 24
26 8
84 79
95 1
72 19
22 2
80 20
25 22
65 48
59 46
26 83
68 50
64 75
65 85
46 65
10 96
75 8
31 3
93 53
15 56
71 22
74 92
5 31
69 77
52 95
25 8
100 62
11 95
85 91
64 66
10 24
52 14
41 73
93 2
46 66
12 91
14 56
25 85
88 64
30 55
35 30
14 99
97 4
99 56
78 83
95 68
60 52
5 90
25 22
4 56
71 98
95 43
78 47
75 28
64 72
29 93
52 87
15 33
39 88
36 77
31 98
48 63
87 42
23 22
92 65
84 7
35 12
5 72
8 92
74 27
35 26
43 73
39 25
83 29
93 29
69 60
29 48
4 32
73 49
54 69
8 87
95 98
100 63
37 34
70 25
15 34
65 78
21 11
82 18
55 65
8 39
64 67
55 80
46 32
86 88
46 96
29 91
72 51
3 67
36 34
98 78
89 44
30 6
36 54
71 24
74 34
4 13
100 71
30 65
28 14
5 91
37 4
23 11
56 5
73 89
92 36
23 91
89 66
64 98
56 8
95 83
71 89
19 75
49 62
68 20
56 14
47 57
96 10
80 65
49 75
83 95
77 94
89 18
65 1
12 47
11 41
90 86
68 12
62 63
19 3
95 25
66 5
7 58
69 35
74 9
31 46
12 22
48 51
19 11
75 20
3 11
66 45
97 8
73 85
14 6
64 79
28 50
12 62
11 41
7 14
12 36
94 35
83 59
100 5
58 87
47 58
11 97
47 25
14 69
72 59
18 27
60 93
90 15
24 84
81 79
15 76
55 81
92 1
62 26
25 91
19 20
16 36
90 88
67 79
88 72
56 93
31 57
15 22
67 7
41 97
22 87
31 94
86 32
56 46
30 99
43 70
54 55
92 47
42 94
19 23
16 6
59 20
79 67
57 72
34 55
11 45
23 47
88 87
2 45
84 25
13 78
20 16
51 12
2 65
87 46
38 84
57 9
69 3
52 57
76 15
61 99
25 95
6 61
47 82
33 92
87 59
41 4
86 46
31 5
34 97
5 68
98 62
44 69
35 86
54 86
78 75
45 31
28 32
65 62
98 27
63 8
29 91
18 95
13 20
31 7
56 40
50 55
39 15
76 42
53 11
14 82
88 93
30 5
71 42
34 26
62 97
10 52
27 29
99 42
40 56
12 78
3 62
89 70
56 46
89 47
94 55
33 20
33 29
21 38
49 81
31 56
83 46
78 71
100 2
95 17
60 77
7 41
96 71
98 44
34 35
48 81
64 25
21 79
77 37
86 66
7 4
90 85
95 17
33 85
89 79
86 24
44 62
43 40
74 45
99 7
32 38
67 51
83 78
16 67
87 89
32 59
98 74
21 86
61 81
49 75
15 54
20 58
55 67
62 24
17 1
40 1
10 56
80 77
61 79
38 92
66 42
67 35
28 77
12 10
99 19
16 7
98 33
94 32
58 46
71 30
45 90
41 35
38 80
27 67
9 53
76 20
10 25
6 26
97 5
70 6
55 52
63 58
89 15
61 71
25 33
58 67
1 71
34 88
89 43
61 2
71 32
6 36
79 88
50 60
18 45
29 58
65 66
15 29
22 89
75 63
85 58
18 78
67 97
74 38
97 44
75 50
50 57
6 21
81 27
98 14
28 78
87 79
60 23
68 44
47 1
84 56
25 10
99 71
17 95
14 4
11 24
40 26
19 91
89 63
89 37
36 35
17 20
6 2
2 15
91 60
32 64
39 73
60 89
98 61
64 62
56 85
25 62
65 70
14 5
5 88
62 35
41 34
43 18
22 10
60 77
41 18
5 65
85 38
40 41
74 11
50 93
2 16
65 89
68 83
43 79
5 25
56 69
11 98
62 27
9 83
1 10
93 42
47 7
61 98
43 54
11 20
68 82
19 15
75 42
81 38
23 55
89 76
73 71
17 72
10 85
33 99
57 90
66 1
17 88
48 30
91 64
66 80
2 45
55 52
85 14
44 75
12 76
92 82
54 25
73 54
1 17
7 34
18 96
99 23
19 31
12 1
61 95
86 65
30 16
88 36
19 2
4 70
76 63
91 25
20 93
37 100
23 75
28 82
2 52
91 63
76 63
93 15
56 94
77 60
99 66
93 8
72 34
10 94
84 41
25 58
35 47
36 57
83 91
52 94
87 32
53 74
15 95
47 26
91 90
44 62
34 61
9 43
99 83
61 23
99 67
18 75
97 22
22 94
97 9
99 74
12 56
24 71
43 40
20 1
52 30
41 58
64 8
23 64
3 51
99 49
100 73
37 49
35 57
34 16
88 95
21 88
87 89
54 41
19 13
77 30
97 2
5 25
85 72
95 36
65 48
35 91
64 10
14 21
56 84
12 18
12 46
20 91
36 41
6 38
91 91
87 70
98 95
54 99
10 85
100 45
4 99
61 58
36 45
38 7
94 73
75 39
10 95
80 13
28 31
81 59
8 42
76 84
85 84
92 65
22 19
1 83
27 55
37 81
14 55
34 38
49 50
77 1
5 28
84 90
82 38
47 19
22 12
80 32
52 69
83 48
79 28
56 19
43 5
67 24
93 25
37 29
41 15
55 71
68 93
21 45
35 30
76 86
96 29
71 13
19 51
70 99
71 95
45 5
6 79
85 49
31 95
54 81
61 1
87 22
89 70
95 90
34 92
11 33
26 73
85 60
93 81
4 52
40 30
36 37
22 76
85 55
24 18
15 90
39 25
43 10
35 34
25 54
70 96
82 14
95 18
89 98
51 13
17 64
85 2
57 43
1 65
67 96
62 23
14 17
54 70
51 45
60 7
87 61
61 77
85 79
71 73
5 9
40 83
63 2
92 98
62 58
47 8
67 67
76 47
37 85
10 28
10 32
61 90
31 23
91 98
7 8
19 72
94 10
23 23
56 74
50 52
76 87
74 21
11 75
41 4
27 90
13 71
100 62
65 3
25 47
84 92
36 75
30 8
23 74
50 28
21 57
36 31
96 88
88 23
11 29
32 72
49 50
72 13
44 13
79 25
15 10
50 72
50 96
8 19
24 95
57 69
9 22
99 33
30 42
19 48
39 88
9 31
84 18
90 49
73 33
8 17
73 41
60 59
37 76
48 14
9 39
10 32
83 97
4 26
49 54
94 25
35 49
97 3
17 37
30 13
27 79
31 46
79 85
28 75
90 16
3 79
36 95
98 90
53 63
66 36
69 37
92 51
26 19
52 7
81 99
98 3
59 23
6 91
58 62
48 98
53 5
18 52
57 81
35 1
22 29
57 34
80 77
8 77
53 88
49 14
38 89
31 67
31 11
68 25
11 93
73 79
70 55
46 87
70 68
23 18
63 75
90 56
66 68
88 93
93 62
98 18
86 95
52 84
55 61
95 8
51 33
7 65
12 59
59 13
94 17
85 87
15 46
25 45
45 15
19 86
25 58
82 56
1 4
56 21
49 80
11 96
28 51
71 35
57 34
49 18
45 4
19 8
39 73
62 23
59 52
31 35
59 92
96 99
34 70
14 52
90 6
36 3
72 68
53 17
94 67
17 84
90 3
8 65
94 81
34 70
78 50
18 38
15 77
79 53
25 10
15 56
89 100
4 60
37 42
97 33
53 29
81 45
16 93
43 54
42 19
26 44
25 40
53 11
21 42
11 9
18 62
62 100
46 63
41 82
14 16
40 30
10 65
3 70
99 94
3 45
88 39
77 95
72 35
54 15
7 47
49 96
21 23
95 98
52 8
57 16
92 30
4 36
90 13
59 22
98 89
83 31
84 18
23 28
35 93
56 11
33 89
4 7
17 10
30 51
97 88
82 25
21 32
6 4
37 95
20 25
60 1
24 85
48 19
83 35
78 52
54 17
31 82
98 26
100 14
83 89
6 41
43 96
38 77
95 5
1 69
36 65
78 88
36 86
10 45
64 80
91 49
42 33
20 86
59 58
23 35
16 73
41 83
44 67
73 77
77 29
63 43
32 77
52 65
62 62
14 63
29 16
67 30
97 44
78 93
18 96
31 85
84 34
61 91
20 61
78 90
13 11
55 77
7 77
1 49
16 21
71 57
43 97
9 5
90 94
2 54
32 92
57 67
42 88
75 58
29 43
70 16
89 100
60 71
21 81
2 13
25 33
2 48
68 95
73 76
31 41
37 90
3 12
14 26
97 32
23 72
44 15
62 42
29 49
50 44
62 90
97 21
20 100
4 86
5 26
61 93
57 40
36 17
17 11
50 27
62 26
45 53
19 95
50 77
56 75
92 27
51 42
33 7
45 26
70 36
5 35
75 18
7 25
60 46
89 43
55 56
82 18
32 10
16 97
62 18
33 5
29 39
58 38
5 56
85 24
15 15
65 100
41 63
50 83
34 11
91 42
12 60
30 15
61 88
13 37
38 90
4 66
64 78
70 96
48 91
85 65
74 30
23 9
91 41
85 28
63 3
46 48
18 97
46 64
13 96
80 14
30 68
42 34
89 3
34 23
78 58
3 18
51 23
18 72
5 52
84 33
60 13
68 12
65 99
21 52
80 100
2 88
24 17
43 29
23 36
24 60
80 93
49 65
98 68
70 33
33 44
60 22
67 80
51 40
57 86
32 75
30 53
86 5
25 9
70 56
20 28
2 18
25 25
22 2
19 89
29 28
57 86
31 54
96 39
21 84
51 5
75 90
75 72
26 74
70 18
97 7
49 33
49 10
45 23
98 52
70 94
78 67
57 73
89 25
28 6
65 10
20 100
9 11
3 67
44 60
30 18
74 46
45 77
54 42
95 47
15 17
82 21
51 32
45 70
77 12
23 67
47 27
4 1
97 38
25 100
73 19
94 96
25 32
73 80
90 71
23 35
94 26
67 37
31 59
82 50
46 94
96 69
1 1
6 4
50 87
44 60
36 21
23 32
40 88
89 14
69 78
7 5
23 87
19 61
3 26
51 98
41 27
50 52
54 98
90 17
74 51
78 68
35 12
50 34
2 48
24 82
72 68
96 25
43 70
3 27
77 74
88 16
50 47
78 75
94 19
99 33
73 86
81 92
21 16
13 26
21 57
89 45
71 82
43 43
59 5
73 7
46 40
51 83
22 59
51 90
40 99
47 61
29 57
26 63
49 47
82 56
50 96
20 14
77 80
92 66
22 92
6 54
31 81
71 90
35 80
76 51
69 74
7 65
56 94
41 89
71 42
29 51
81 33
41 23
71 93
91 37
14 82
68 85
42 20
87 40
19 74
33 70
86 52
99 82
59 32
34 98
80 38
60 28
53 64
9 69
51 45
27 55
14 74
33 25
49 45
100 53
9 27
70 70
6 70
16 21
10 59
29 11
44 71
43 43
69 34
15 15
85 32
34 15
82 99
78 3
73 6
52 24
63 72
10 9
50 6
73 4
43 7
30 95
32 83
47 70
90 63
34 27
25 76
55 37
66 3
74 72
54 89
74 29
43 42
59 58
90 1
4 100
87 21
33 23
98 94
8 6
99 90
83 25
93 72
33 88
60 27
65 77
84 64
22 99
26 37
86 21
94 54
68 43
67 15
77 36
67 64
56 77
10 62
43 92
10 13
28 16
16 63
63 54
1 96
10 56
73 63
42 97
14 7
12 83
27 19
11 1
71 88
77 8
45 25
63 59
61 48
5 52
80 87
97 63
78 50
5 24
82 83
24 3
25 18
48 97
100 90
43 34
55 73
62 51
85 25
16 38
89 18
53 39
78 43
41 13
62 95
2 5
35 9
75 53
65 40
61 80
38 53
35 79
89 39
82 78
50 90
2 86
38 29
29 76
98 100
68 30
85 51
31 82
43 84
61 21
30 30
42 73
3 6
84 3
3 75
40 30
99 92
43 92
92 20
28 34
84 4
53 66
81 90
18 65
80 19
46 81
30 44
17 71
32 60
70 82
50 100
81 49
71 20
40 28
61 76
68 19
59 9
46 79
98 53
1 92
58 99
27 82
42 64
61 4
62 36
97 90
52 85
12 79
39 81
43 56
91 64
74 37
47 22
72 54
91 1
26 92
69 34
20 44
94 62
100 45
90 77
96 62
81 93
12 48
35 41
93 21
80 19
93 50
38 99
29 71
45 93
48 49
8 4
38 9
60 4
69 40
34 98
11 40
33 18
25 31
53 47
23 82
98 67
51 20
46 87
41 67
77 11
14 72
12 62
70 25
14 17
53 38
17 38
46 61
65 86
51 78
38 81
44 4
95 79
28 31
24 26
39 24
75 31
31 29
29 32
34 86
52 68
62 81
44 25
84 38
38 11
48 72
58 71
88 77
98 91
4 57
28 43
26 54
17 80
91 56
48 78
82 96
44 94
64 15
27 57
8 31
67 44
65 89
3 86
61 23
44 20
78 11
52 98
18 2
9 91
80 29
3 88
12 11
93 9
98 12
47 48
83 72
97 35
4 70
22 48
46 78
7 78
49 43
72 31
76 57
91 98
71 60
57 53
34 43
34 74
36 61
93 73
100 17
52 49
47 10
13 91
95 20
25 20
16 88
64 22
85 63
47 68
66 61
96 73
91 29
63 72
42 20
25 100
59 59
97 41
46 47
4 88
56 18
46 41
75 70
31 74
37 91
45 29
39 78
22 33
31 54
26 38
15 58
82 22
77 39
13 67
94 13
23 10
89 39
61 52
86 83
73 1
59 20
51 43
20 73
50 48
13 67
13 44
74 47
71 77
10 84
72 45
27 64
17 53
17 38
53 85
99 26
53 28
50 65
37 4
75 12
80 18
15 93
41 69
61 39
91 31
53 88
7 3
14 41
94 78
19 55
99 75
66 78
78 74
2 18
38 2
79 21
14 36
2 97
52 19
37 12
63 32
23 15
63 75
79 84
92 52
15 11
77 9
44 79
16 75
66 64
70 43
95 92
80 57
62 11
8 82
22 87
67 50
14 85
87 79
60 27
32 39
86 6
77 56
9 64
39 23
14 9
39 36
52 58
68 57
91 6
40 21
30 88
65 20
54 47
9 23
8 72
21 57
37 84
4 2
36 31
2 47
73 44
31 74
33 55
35 7
38 7
55 94
53 8
3 43
41 24
12 35
86 33
78 29
88 42
47 96
16 3
54 3
85 83
20 12
21 11
27 88
59 32
50 51
92 8
13 78
10 73
51 31
33 86
47 8
54 32
20 16
48 7
27 28
50 41
81 61
13 34
39 100
87 54
65 41
93 42
27 78
28 27
79 75
57 6
15 21
25 22
72 61
20 75
9 5
91 72
92 85
36 92
2 4
94 35
79 51
66 33
3 8
29 81
50 19
49 67
35 13
69 86
49 73
61 40
71 79
81 34
25 25
9 78
67 87
41 65
54 71
45 16
68 44
32 45
1 74
34 64
8 19
25 34
6 38
68 23
67 5
97 22
55 66
68 60
90 9
33 17
33 93
45 68
14 97
82 11
45 34
100 61
51 96
93 7
60 52
73 26
25 40
36 28
81 3
43 78
76 93
86 74
40 94
95 88
17 70
40 67
28 51
76 88
16 52
85 40
44 62
83 56
82 13
98 28
2 16
23 21
83 96
35 8
67 88
48 44
68 70
12 22
47 57
70 17
56 28
58 8
42 43
81 19
93 36
75 45
23 48
20 80
60 70
62 93
14 67
29 92
54 11
93 69
4 31
21 62
78 8
47 93
3 18
11 72
45 72
57 33
33 93
27 19
91 92
100 80
74 62
10 61
63 1
20 18
80 77
18 80
77 78
21 71
98 50
21 13
47 68
73 98
40 44
7 37
86 90
5 62
35 80
39 1
49 82
38 11
12 62
78 41
37 55
14 31
88 12
81 78
70 63
73 4
59 96
12 6
24 84
32 9
22 18
86 36
3 27
53 47
3 68
31 4
25 17
53 17
51 68
72 84
25 66
42 63
78 73
62 56
98 24
64 4
1 8
98 5
53 66
12 21
76 45
89 20
77 52
15 56
69 49
99 66
39 12
27 96
62 72
62 47
10 5
35 41
99 34
64 31
87 87
2 1
94 86
64 4
6 70
96 53
35 39
82 35
89 67
64 63
43 42
86 90
79 67
95 1
84 46
31 32
58 22
11 42
72 4
87 25
77 49
40 52
85 90
16 60
19 48
98 13
77 58
80 4
33 54
28 92
44 86
71 40
81 44
89 71
34 43
86 13
85 75
20 34
67 100
73 41
35 96
61 93
11 82
13 62
56 94
46 27
96 94
65 67
56 68
67 97
51 91
32 16
58 100
87 80
99 28
28 99
85 93
28 85
8 2
17 46
55 76
3 39
39 37
35 20
43 9
25 32
20 84
27 35
44 65
38 35
52 27
31 60
50 28
14 8
43 74
5 73
59 86
90 19
70 39
66 53
56 15
72 81
49 21
66 66
59 60
48 48
93 65
43 4
75 84
52 18
11 1
29 60
6 57
1 38
15 31
49 17
25 69
86 66
27 52
21 85
23 1
30 30
51 44
72 80
43 38
45 69
29 52
53 75
35 87
50 42
18 28
42 53
21 22
67 100
7 19
79 33
14 99
52 35
73 89
40 82
3 52
35 89
20 93
61 60
36 78
34 75
9 77
60 98
19 41
87 80
80 82
93 93
17 61
30 78
16 72
11 98
27 46
96 75
64 73
61 33
45 16
81 52
2 85
