4000 61026
59 4
38 65
31 55
91 8
63 88
88 4
9 90
49 82
15 31
91 8
60 46
70 88
26 24
34 17
70 76
21 98
81 17
66 19
15 72
32 91
100 4
48 9
1 47
2 22
37 28
39 22
54 44
88 54
86 87
8 46
30 57
44 91
97 10
61 63
86 98
59 50
48 67
94 40
60 83
14 49
37 99
71 29
35 88
14 22
56 97
56 16
34 20
88 13
21 34
1 43
19 55
72 37
100 51
71 53
25 10
89 31
62 27
79 54
76 84
47 13
38 51
6 40
42 3
34 61
18 55
27 53
44 10
17 21
73 92
55 92
30 21
9 90
26 72
16 8
74 12
81 69
72 23
60 31
69 33
44 8
60 25
39 40
16 97
11 76
62 92
92 6
99 6
23 18
70 11
75 41
21 83
59 62
32 32
62 85
44 74
49 86
40 37
88 83
17 58
12 80
42 26
46 78
20 70
19 50
13 38
94 81
52 18
84 12
53 63
72 2
80 72
64 39
10 41
47 68
74 14
23 85
38 25
25 71
45 2
60 36
51 63
17 84
18 97
82 95
78 21
62 22
82 80
18 9
1 56
98 90
29 89
94 81
95 19
1 58
13 30
7 8
46 90
64 99
43 20
50 4
87 1
22 91
65 42
48 93
68 10
90 8
71 77
57 34
14 30
67 31
16 69
64 93
84 66
34 17
97 87
13 86
47 38
78 18
82 95
47 45
75 7
63 35
40 26
21 78
63 44
4 7
28 85
60 33
19 58
22 4
9 88
5 10
43 46
25 29
53 54
62 55
14 88
23 31
18 41
80 18
89 61
86 61
43 62
24 78
19 78
40 48
37 64
17 67
69 17
18 10
63 12
96 24
80 96
54 89
16 1
94 39
58 47
95 37
5 23
76 56
16 41
65 10
81 65
10 38
89 90
85 71
23 45
3 78
7 1
93 85
82 47
47 13
78 45
76 8
23 90
48 74
67 7
59 5
64 93
36 23
28 66
78 56
83 98
60 61
31 96
98 50
53 51
40 42
45 87
58 73
68 50
12 27
22 82
100 66
74 16
63 24
84 36
96 60
65 53
42 36
40 96
98 99
40 100
17 93
73 58
62 42
64 66
92 16
72 46
27 10
27 38
100 64
56 65
61 36
59 76
87 60
10 85
63 27
78 54
54 71
72 51
45 3
66 49
46 85
96 68
91 65
8 8
79 4
38 76
72 60
72 91
78 72
21 10
12 91
94 64
93 19
25 32
58 81
84 34
97 29
36 91
62 71
96 44
92 7
22 58
6 72
30 67
32 43
68 50
59 72
37 65
40 100
56 26
54 14
85 84
51 45
44 30
92 43
82 48
82 57
15 2
5 91
59 80
35 63
16 33
4 95
79 81
93 16
13 76
63 66
89 96
49 18
76 37
36 40
92 24
50 94
41 63
73 42
33 88
8 12
31 13
69 5
99 11
38 90
23 70
35 47
89 35
18 99
26 89
22 34
51 7
92 43
26 24
9 87
26 5
94 56
65 81
5 38
86 23
77 8
19 3
74 19
77 25
46 91
9 10
68 1
95 37
49 72
92 42
27 24
8 35
75 7
96 80
59 45
12 96
70 49
93 43
100 30
39 99
19 32
73 64
90 6
10 26
99 39
50 44
88 82
92 47
14 24
44 71
77 69
91 84
62 74
2 39
67 60
7 16
62 48
87 60
54 52
62 71
78 2
80 28
69 5
52 8
27 7
27 2
16 3
48 56
72 44
67 85
87 54
90 27
40 48
76 11
51 4
38 86
25 54
90 86
81 84
91 30
33 56
9 53
81 13
46 81
10 91
99 72
5 97
71 91
85 32
58 100
84 61
15 85
89 79
4 66
18 44
16 38
83 67
33 98
15 93
54 62
100 82
1 98
43 41
91 81
28 61
45 44
28 19
5 14
87 29
60 2
95 95
19 37
68 54
27 59
65 17
77 97
25 83
21 65
99 87
62 66
78 17
82 47
76 50
18 95
85 64
93 93
85 32
67 82
78 90
100 76
72 44
77 24
52 26
66 84
67 4
80 86
11 27
46 74
36 51
97 8
5 76
30 98
67 44
24 81
8 56
83 60
100 77
32 38
3 77
50 63
93 55
32 93
83 62
20 4
50 87
19 25
65 48
86 71
38 59
42 90
85 46
9 2
70 13
37 71
75 37
88 68
68 8
37 15
85 42
3 11
33 22
89 17
84 8
51 65
12 49
91 63
34 77
63 26
74 53
36 5
64 40
19 7
20 97
98 53
38 63
21 35
16 30
2 62
6 5
53 88
95 51
43 3
14 41
64 15
31 25
88 29
51 83
98 33
76 43
35 76
52 43
8 17
75 44
87 50
10 33
38 92
29 64
43 61
52 69
54 68
31 65
67 9
72 75
50 13
64 13
62 89
22 48
80 42
63 50
27 4
84 29
10 1
21 58
49 21
73 67
51 83
88 49
76 49
100 67
63 92
62 76
51 9
22 8
89 19
89 10
32 40
26 63
69 25
74 53
30 31
23 93
56 17
96 91
94 19
57 30
60 4
7 7
78 29
91 97
22 56
57 84
26 78
31 8
77 42
75 98
3 75
28 76
62 47
30 75
27 42
25 90
92 51
30 2
46 49
32 21
18 11
29 40
9 35
87 87
3 92
38 18
61 79
58 9
86 8
6 49
67 90
97 63
13 55
44 70
39 12
34 63
100 53
64 89
64 70
29 46
90 38
18 96
56 21
4 84
48 71
82 62
28 25
91 73
63 63
25 73
74 45
33 25
54 13
82 80
19 64
8 56
20 49
31 94
17 16
57 56
36 43
83 5
53 71
48 49
27 74
91 34
33 11
78 79
6 22
96 33
6 24
96 59
66 80
13 97
99 95
65 2
47 58
78 19
7 74
9 73
54 44
80 71
41 49
7 8
61 2
11 12
66 63
32 50
41 58
83 79
88 57
29 100
65 35
40 79
76 48
43 61
82 12
61 11
73 91
40 85
56 95
30 66
35 44
21 74
43 62
85 90
37 76
89 72
14 60
43 1
49 96
67 3
22 71
42 44
74 10
83 24
52 8
91 25
14 73
45 65
73 55
2 30
73 16
90 41
93 8
100 15
32 53
27 72
60 77
56 43
66 56
68 23
86 9
52 51
40 97
80 22
36 40
77 24
20 93
49 100
19 76
68 88
67 54
41 99
9 84
92 16
23 22
13 43
83 40
36 95
57 59
55 46
89 76
29 74
44 86
34 35
80 40
28 91
60 6
40 17
35 33
77 62
7 39
20 93
28 12
46 87
99 15
15 52
22 62
70 7
15 3
41 38
38 47
81 8
81 88
98 30
73 23
55 9
10 24
55 14
42 55
66 82
61 59
83 82
46 7
57 97
16 17
26 46
84 87
27 22
65 14
70 71
3 35
23 5
90 64
82 47
68 43
40 78
48 50
42 5
10 36
62 4
34 94
99 82
94 11
66 33
96 63
18 34
20 93
6 86
72 47
61 100
71 19
33 58
95 81
17 25
41 6
10 49
42 23
24 44
88 71
58 88
93 66
42 57
80 44
34 29
23 3
99 87
26 58
22 4
40 43
87 94
35 7
73 88
85 27
29 18
38 20
32 42
46 3
9 64
37 79
70 1
22 63
60 98
54 58
16 44
76 74
94 15
78 44
69 48
69 10
65 66
78 88
13 76
7 23
9 31
99 56
81 25
7 69
24 14
3 29
99 11
62 59
37 35
23 50
46 37
17 4
61 21
77 78
63 6
21 85
66 57
84 7
42 47
25 6
37 16
58 42
52 79
30 83
35 86
72 79
50 92
51 51
49 66
62 19
57 73
57 96
60 75
90 50
15 17
35 40
92 30
13 27
96 50
80 16
36 29
93 38
97 20
48 49
70 16
11 77
68 85
35 24
94 83
62 32
11 29
30 51
19 25
62 59
11 33
5 62
33 37
12 24
7 13
33 54
73 95
64 37
89 50
85 69
53 38
3 18
19 60
96 67
68 96
67 61
27 35
3 24
59 98
23 54
2 25
28 13
33 82
69 9
14 88
78 65
30 92
24 16
59 15
100 17
37 27
21 47
56 78
69 15
32 22
63 42
53 69
5 68
78 31
41 70
41 36
30 20
96 87
11 47
77 87
15 82
77 7
3 73
69 58
36 5
78 78
70 82
15 69
62 59
38 90
29 57
40 23
20 34
4 24
98 89
19 2
93 2
19 87
75 31
61 17
2 61
89 73
66 85
6 28
66 55
6 6
98 16
47 74
53 92
9 62
23 12
19 73
85 21
77 84
87 82
20 77
54 61
56 63
35 45
16 20
94 5
15 53
55 94
65 38
70 29
4 35
83 39
62 30
74 73
9 69
75 46
76 33
49 93
40 82
33 13
14 47
97 87
31 28
60 73
2 78
39 41
34 36
20 3
23 13
11 20
7 84
95 89
64 32
62 99
81 34
31 3
7 3
95 38
37 49
71 92
64 66
41 83
6 30
78 96
14 7
66 50
52 93
41 40
15 43
91 75
74 52
28 41
87 61
4 31
40 65
40 91
94 23
73 1
60 45
68 36
83 72
66 28
62 24
99 3
79 78
94 9
81 58
86 80
88 99
18 6
56 71
4 64
58 40
13 52
81 59
23 46
79 2
84 52
64 37
93 44
26 78
37 40
72 36
64 38
92 70
11 1
4 80
37 45
36 1
63 24
4 80
70 72
28 52
18 55
68 26
6 29
11 16
49 83
43 61
51 14
18 40
51 83
54 29
75 79
63 35
86 88
49 77
93 36
21 91
64 13
85 79
46 68
100 53
9 66
9 57
43 74
71 66
12 37
79 18
6 66
26 60
35 49
76 89
5 63
52 4
95 67
11 44
14 71
95 49
5 4
64 84
12 41
55 86
69 12
38 71
70 72
6 51
87 47
62 7
26 93
50 60
99 37
23 12
2 64
7 3
32 69
96 37
77 68
95 57
27 7
35 86
21 16
61 55
62 26
25 31
64 58
56 92
87 26
29 28
51 93
92 29
45 63
14 33
98 66
13 27
52 3
67 38
71 29
90 2
29 96
48 22
91 13
27 33
71 33
92 76
33 35
54 53
40 64
61 54
48 9
66 70
47 39
68 77
78 25
8 65
45 59
93 34
64 56
31 84
21 14
66 100
74 64
65 76
31 32
72 81
30 54
34 87
90 70
100 83
23 88
18 66
99 56
14 100
44 98
69 40
57 27
28 84
22 45
96 90
41 89
22 5
13 12
39 28
41 81
90 36
47 44
85 91
82 69
62 51
68 74
55 82
79 51
41 37
19 10
9 34
64 70
48 15
43 20
54 39
99 49
17 7
71 4
98 4
82 58
67 53
18 96
39 36
46 88
92 40
86 78
38 77
13 44
99 89
77 56
53 77
88 24
75 99
90 67
22 44
36 1
57 93
76 78
66 51
49 81
46 39
26 85
13 50
46 53
68 56
66 89
44 2
37 15
88 44
93 57
18 72
6 49
63 52
8 60
52 36
54 43
94 37
41 64
18 39
92 25
69 19
22 15
31 100
43 69
63 33
4 95
30 70
19 25
79 72
95 72
68 58
77 10
21 8
32 7
22 15
40 64
97 47
17 16
28 78
36 91
62 24
46 1
42 39
24 28
53 60
45 26
29 70
46 96
85 90
98 60
89 72
6 8
19 26
72 71
48 29
82 59
75 66
30 98
52 35
6 89
24 21
71 92
82 51
96 81
2 99
55 17
88 44
50 45
71 32
15 73
86 87
32 7
12 25
27 77
7 34
17 37
23 3
87 56
14 84
7 92
84 15
3 56
64 51
3 41
74 78
12 31
36 51
100 95
41 80
39 85
5 84
16 1
10 29
38 86
64 81
11 79
92 2
51 76
61 23
15 85
17 100
46 62
46 91
29 76
24 38
5 77
45 12
46 40
91 32
58 96
4 83
75 46
12 3
68 86
29 38
37 80
31 16
16 88
37 27
23 96
54 73
93 62
90 48
63 1
31 47
53 80
26 31
22 100
55 7
86 53
36 84
72 6
83 66
34 26
52 81
6 4
90 2
96 45
3 95
32 33
5 92
6 30
6 31
17 94
25 15
86 68
53 25
55 82
53 56
89 51
77 29
7 80
82 12
67 28
21 32
64 10
71 7
46 62
37 9
26 13
83 66
25 44
97 70
65 32
10 70
100 3
22 87
99 23
95 99
24 81
30 8
99 90
30 10
88 38
67 35
6 76
25 57
20 59
61 58
78 64
60 62
89 38
36 95
93 25
7 66
56 78
56 87
78 72
54 39
93 47
3 37
36 57
69 91
51 58
1 40
78 12
50 60
74 26
76 86
96 58
98 58
57 93
46 99
79 20
44 82
13 33
84 95
21 91
84 44
96 4
98 54
43 5
85 42
33 1
88 81
91 7
40 78
95 19
68 30
93 69
87 66
22 66
29 77
55 56
24 24
81 16
84 19
25 35
54 93
59 4
72 45
51 2
68 49
18 43
81 21
63 30
82 76
65 68
83 20
65 19
60 23
32 26
59 75
96 64
64 26
46 7
87 22
56 55
41 26
6 52
48 23
79 91
80 69
76 99
86 98
55 44
8 66
69 16
80 79
62 10
80 71
51 23
64 12
99 19
20 17
45 84
61 1
1 92
61 3
96 20
65 62
72 26
27 97
76 88
68 41
43 74
21 95
6 63
98 29
13 72
63 66
97 3
44 14
42 34
73 2
81 11
97 78
32 19
1 78
28 8
93 29
32 100
30 82
9 92
30 19
50 98
53 75
43 19
50 42
65 78
38 90
67 3
88 55
16 39
42 43
55 95
58 12
14 89
12 57
7 40
79 60
75 22
4 43
22 73
68 56
28 96
2 35
16 85
59 66
54 12
43 44
52 94
86 11
73 25
60 85
15 81
74 22
64 12
9 51
23 63
80 41
46 93
41 18
67 95
62 31
82 60
74 89
71 42
96 100
85 46
78 34
74 59
11 19
81 28
47 83
79 26
8 75
100 17
94 10
18 40
53 80
89 5
69 34
90 90
13 29
80 70
5 23
86 3
95 33
65 25
60 17
74 73
11 17
1 34
93 67
24 99
82 45
66 56
94 93
29 44
50 53
23 26
54 54
13 71
55 5
100 36
43 49
14 79
51 52
36 10
32 18
4 31
76 15
52 3
93 73
40 43
32 73
49 47
25 45
78 5
14 71
37 62
4 30
76 88
37 47
96 96
51 38
70 44
61 3
96 30
99 87
62 55
19 7
4 93
26 78
73 11
4 28
68 78
87 89
6 32
56 87
18 7
9 62
31 1
69 9
54 86
71 96
52 33
54 32
47 92
82 90
19 3
83 53
85 19
94 42
19 52
80 14
44 31
89 95
92 69
92 61
39 33
5 23
10 67
42 25
31 52
34 78
97 53
98 81
72 18
3 84
53 68
41 24
63 97
36 20
62 85
68 83
6 67
13 69
22 66
4 59
46 58
40 20
87 63
30 76
86 61
57 14
61 42
81 92
97 8
4 10
72 4
35 93
9 84
81 70
29 17
39 36
67 99
77 21
88 68
38 17
31 56
41 35
79 92
46 5
28 7
40 76
13 39
33 73
4 45
86 4
88 31
50 54
26 24
74 94
31 30
63 36
31 7
92 71
43 79
27 67
95 80
15 82
14 59
55 63
47 4
94 27
93 50
13 2
70 100
33 18
3 70
53 55
25 4
81 62
98 59
52 10
72 89
10 97
36 35
27 85
96 53
23 65
76 39
73 76
97 10
59 68
35 63
79 69
50 90
29 42
57 35
96 21
43 75
70 45
51 35
42 78
63 23
95 37
6 32
85 22
27 6
8 1
37 77
3 9
40 14
34 87
54 71
63 3
95 36
41 5
90 87
42 88
64 21
17 25
14 15
12 31
75 44
100 77
90 99
24 85
29 18
46 85
20 5
23 45
68 29
22 92
64 22
30 51
16 28
22 5
66 73
95 33
29 6
2 1
97 93
21 71
87 39
3 15
83 73
82 74
43 71
72 12
75 61
6 44
89 36
41 27
69 74
63 32
40 4
58 24
39 16
20 73
56 8
10 73
43 17
23 88
31 64
58 91
4 90
98 43
79 95
70 14
44 27
60 52
23 66
41 71
80 23
10 5
95 38
62 47
43 78
37 8
86 58
69 91
95 3
26 46
9 17
63 76
40 77
49 72
73 51
78 44
68 45
80 10
87 68
62 61
54 49
69 31
20 3
57 91
19 25
98 50
78 4
62 51
57 1
53 22
2 22
88 75
14 26
48 59
2 74
8 55
85 18
87 31
76 45
79 21
12 76
85 14
93 48
51 4
85 85
17 51
81 48
4 81
96 60
19 15
66 42
49 61
88 98
85 96
58 51
58 22
34 45
87 6
19 25
43 98
39 27
73 46
82 72
4 52
20 56
83 45
11 59
56 25
69 28
87 55
34 97
32 3
23 68
79 97
35 7
7 5
95 47
15 6
10 85
43 58
33 20
75 78
43 18
72 69
11 74
100 68
81 91
97 70
39 74
100 15
91 67
29 100
24 12
72 91
33 4
43 19
55 87
43 62
99 43
75 14
81 16
84 92
7 69
3 36
14 88
93 27
9 92
61 34
59 32
19 76
3 91
91 3
45 54
45 61
15 72
8 79
97 28
47 14
4 48
87 53
46 80
94 15
15 5
69 91
17 57
99 60
64 61
71 43
42 21
62 55
98 9
74 88
97 46
56 77
29 75
11 33
48 3
37 66
71 18
6 34
7 42
73 61
48 88
4 47
69 21
14 59
11 77
17 100
61 24
66 24
3 53
6 3
11 90
18 9
27 45
27 98
16 68
90 5
50 41
9 40
3 60
47 49
35 27
99 57
2 25
63 2
9 90
49 79
51 19
79 59
54 64
10 60
3 19
53 51
13 58
72 91
67 62
75 34
88 91
27 85
92 10
43 95
84 88
2 51
60 55
62 84
28 49
27 22
51 89
77 41
88 61
5 100
23 89
22 39
4 56
76 65
36 92
12 97
24 43
86 11
43 56
29 58
95 22
45 26
34 8
59 80
68 69
100 69
85 65
8 59
78 6
76 26
50 5
13 45
77 29
61 59
75 28
57 77
39 32
77 68
85 17
26 44
82 67
60 57
99 82
85 23
35 73
34 26
48 71
11 67
72 36
90 78
91 24
18 9
87 4
24 31
29 40
6 72
23 52
13 5
13 82
100 57
41 82
14 38
65 53
69 10
74 48
39 80
25 38
65 79
15 48
10 54
42 74
48 14
21 62
41 7
32 88
55 34
26 32
32 59
65 52
97 19
73 88
56 75
15 28
59 91
31 58
95 67
17 14
54 61
7 23
29 47
5 17
99 5
43 84
69 69
68 66
68 31
59 100
44 4
84 61
74 47
5 9
26 34
73 13
25 71
18 93
57 52
32 56
43 24
88 10
48 8
92 43
60 50
55 34
58 70
71 40
86 91
52 36
87 6
39 51
10 11
67 52
95 19
9 15
61 88
64 39
76 32
81 70
74 39
71 35
64 83
99 37
76 44
89 68
72 1
52 66
58 60
28 53
83 73
1 84
15 14
31 32
92 26
26 63
85 66
49 47
96 3
70 8
52 34
34 60
60 11
61 44
1 63
55 81
69 10
61 50
70 72
96 42
41 20
43 62
67 76
57 2
42 98
94 71
97 69
13 99
45 88
55 29
40 51
28 61
55 64
6 64
10 92
98 41
31 27
94 9
98 87
79 81
16 69
49 20
12 92
75 79
9 64
64 54
29 11
30 25
77 4
98 82
77 66
69 75
93 43
95 94
25 28
34 93
88 16
74 48
98 91
85 4
28 28
89 93
12 64
34 91
46 8
21 7
31 31
28 86
66 68
80 17
6 18
81 36
80 89
70 9
56 14
40 4
85 63
36 24
69 28
61 66
86 6
46 46
30 40
78 100
40 91
6 19
63 92
80 58
79 66
12 82
64 61
6 94
100 26
27 76
91 84
45 86
47 35
73 15
24 71
64 2
52 83
30 89
45 37
31 71
51 97
52 2
71 26
35 59
87 25
91 54
48 76
24 82
88 51
77 67
1 82
80 93
34 85
15 25
59 50
13 51
26 59
22 11
70 44
77 84
48 38
61 27
73 69
46 72
85 93
97 92
61 73
37 28
26 80
5 61
19 50
28 28
8 62
41 76
62 87
47 39
84 29
61 14
70 20
71 31
37 81
71 53
50 23
23 65
85 78
8 72
87 67
63 36
81 34
56 10
39 71
80 72
68 89
12 92
25 95
5 81
8 83
86 68
41 60
85 62
42 80
11 10
12 41
50 42
52 85
25 27
96 80
87 65
86 93
65 51
57 95
74 73
87 4
7 69
96 89
24 33
66 40
34 56
86 68
47 74
42 17
76 90
26 97
9 5
87 81
3 91
13 38
46 63
40 10
5 97
30 76
81 90
68 6
93 17
82 83
71 90
70 95
29 62
57 6
7 87
46 12
13 52
80 59
84 67
71 20
28 100
7 99
37 60
61 55
44 18
35 85
2 71
20 8
12 33
63 76
58 88
14 75
27 65
4 51
5 85
84 61
85 26
86 26
51 19
30 94
19 8
21 60
99 89
100 69
77 66
5 75
45 32
41 17
36 86
28 99
12 37
63 85
87 49
100 48
76 91
82 67
86 84
29 61
1 74
49 68
91 88
11 13
63 42
70 52
66 63
19 26
53 65
50 41
56 3
3 35
79 86
75 10
75 94
29 74
26 30
3 11
33 49
70 62
43 28
69 86
49 12
6 16
83 70
87 60
57 15
10 60
69 26
94 50
39 72
21 51
43 17
29 60
31 64
57 58
98 63
96 78
75 36
2 79
98 70
31 38
4 13
76 56
57 100
30 59
57 29
82 29
32 69
41 29
51 42
27 96
61 14
51 53
32 63
44 35
38 65
41 77
53 94
58 42
34 26
43 66
78 93
28 94
72 77
9 8
84 52
21 91
56 85
59 39
23 22
53 7
41 76
78 86
81 14
97 27
8 44
37 94
78 56
91 13
77 23
80 97
17 60
38 88
30 2
1 23
33 23
19 66
93 51
37 68
76 7
78 29
80 85
6 51
6 22
3 13
66 58
89 25
23 56
21 95
99 63
97 29
26 53
39 91
27 14
58 66
35 17
34 58
94 59
64 72
24 22
22 33
43 21
93 81
11 73
25 74
93 55
95 47
43 91
37 6
84 66
71 49
14 34
63 51
76 100
19 7
17 15
93 9
60 32
91 22
13 55
58 94
88 50
90 59
49 84
14 64
47 24
83 1
99 73
92 35
99 24
74 94
66 19
41 96
66 26
28 91
65 69
10 81
23 89
60 11
98 86
6 55
30 60
12 71
20 57
57 11
30 77
88 71
1 71
89 8
78 93
13 78
99 54
65 94
55 36
47 37
30 57
1 60
81 89
80 81
93 46
79 13
54 74
10 64
72 8
71 100
37 7
36 29
33 32
11 95
95 39
30 69
16 49
76 50
93 39
87 57
84 60
23 15
74 80
84 83
63 75
52 24
49 60
13 28
68 17
3 95
11 16
50 74
55 6
92 5
29 6
99 51
22 69
34 80
8 15
93 28
57 31
45 73
81 56
89 14
55 67
27 47
70 82
23 68
3 96
63 20
61 24
38 8
37 86
87 3
22 42
99 60
90 78
70 1
64 39
9 95
24 47
74 55
58 20
78 53
65 59
39 25
77 3
39 27
24 4
36 69
83 54
80 86
32 41
63 62
20 99
39 60
90 60
90 80
13 27
44 7
4 51
73 2
81 66
40 37
11 57
54 7
90 48
100 34
23 7
53 39
61 28
98 6
27 93
18 47
76 58
43 3
8 72
4 12
33 81
32 27
91 81
16 86
11 65
23 73
30 99
31 15
61 32
71 58
72 95
73 58
66 65
75 97
97 12
47 30
14 85
60 68
100 37
3 85
11 1
75 95
8 23
71 81
72 100
34 67
41 79
99 9
28 69
48 50
54 21
61 1
31 29
45 53
76 86
94 93
19 25
57 85
76 7
79 57
28 42
47 53
3 14
93 58
73 2
51 25
91 88
38 86
10 44
43 76
92 22
21 97
17 22
99 44
43 77
40 74
84 62
83 55
39 82
12 30
31 57
44 2
72 82
13 85
88 54
99 68
6 29
6 31
7 4
81 87
36 87
34 45
79 92
90 52
79 55
51 93
41 77
21 42
88 30
2 72
63 69
80 52
74 68
79 90
30 47
17 96
71 63
14 9
99 51
9 45
25 38
81 59
4 98
48 20
94 95
92 4
46 39
99 23
49 34
4 42
32 61
37 72
38 38
10 52
26 23
68 92
13 96
18 51
88 85
100 26
20 23
51 53
31 29
45 90
81 95
61 75
61 86
51 57
74 83
12 88
11 53
50 21
92 46
15 3
97 92
85 40
58 6
94 82
36 14
58 91
97 23
67 26
94 62
86 12
28 30
72 84
53 56
40 25
89 87
93 40
92 2
60 9
95 45
22 30
5 50
27 39
34 5
17 87
78 47
7 87
28 74
40 100
56 59
72 71
6 54
52 2
8 62
63 11
97 83
95 27
73 1
94 57
61 53
18 14
79 69
89 82
89 49
32 76
80 58
78 35
76 15
71 60
89 95
70 11
45 89
93 45
96 1
78 93
62 31
25 48
85 80
89 57
65 99
92 38
12 79
22 52
96 92
20 93
37 62
92 74
14 19
9 14
85 31
27 23
26 79
64 51
67 56
15 27
47 26
46 14
44 14
22 92
69 73
32 8
43 55
13 13
77 4
38 55
90 6
38 35
15 2
26 37
78 43
31 52
18 26
90 21
52 3
13 17
61 13
88 64
56 43
26 84
48 29
41 25
4 6
74 7
56 75
70 14
40 34
2 52
68 27
35 99
75 95
36 51
18 6
17 49
100 15
94 10
6 4
89 72
83 96
20 57
15 60
61 38
50 9
84 86
2 10
54 11
48 54
14 75
93 27
3 96
39 10
41 55
43 20
43 67
66 62
50 46
64 80
57 47
51 49
83 58
91 45
77 44
18 60
8 2
93 92
17 75
54 63
99 95
58 98
36 58
70 52
24 58
96 47
72 60
7 95
49 9
25 22
54 48
62 35
69 48
56 96
53 44
9 55
51 67
47 10
74 68
100 65
10 42
30 14
3 13
45 99
72 10
79 56
62 11
80 63
24 48
31 85
33 26
74 94
40 34
20 35
43 97
63 91
68 34
14 56
69 85
16 42
90 30
22 85
30 76
59 77
29 80
82 71
19 31
31 98
80 32
45 98
31 62
41 73
26 63
85 27
85 24
98 24
63 82
99 34
29 87
86 81
29 70
13 12
59 75
20 3
32 98
54 71
82 46
99 31
19 79
2 30
67 72
9 8
23 14
96 99
19 36
3 45
29 21
37 19
34 95
8 53
33 16
16 56
48 77
59 31
100 82
33 100
8 54
62 16
31 85
36 40
100 96
11 6
100 3
10 22
30 61
31 1
15 45
63 6
82 83
34 75
64 35
48 55
94 34
38 1
95 5
12 69
40 97
23 78
100 87
25 91
30 30
33 55
40 47
77 58
43 37
39 80
61 10
50 90
53 95
43 94
85 82
4 43
53 52
84 36
65 64
34 12
66 88
80 60
96 17
99 71
13 34
59 3
98 77
6 67
48 3
92 81
17 88
88 100
14 58
68 74
64 90
43 39
52 80
4 88
72 97
94 68
42 20
84 58
43 58
46 14
27 51
79 91
49 8
31 54
14 26
14 72
65 65
32 14
93 31
12 33
30 36
57 17
23 36
28 12
62 83
70 90
19 92
30 22
9 41
33 2
97 48
73 83
27 92
49 27
76 22
50 88
94 95
69 41
34 45
37 4
67 7
60 48
67 46
15 14
42 53
81 71
80 37
6 18
12 36
24 20
70 2
93 71
80 36
92 89
20 82
93 70
61 79
91 26
22 92
22 71
75 27
71 39
94 53
1 18
19 17
69 27
3 58
64 63
89 67
36 54
52 18
55 25
47 53
19 63
22 39
88 6
51 34
53 27
46 75
14 21
77 46
15 28
6 44
8 33
58 17
78 25
1 55
70 47
68 2
74 46
91 17
42 80
44 36
84 22
94 50
14 4
4 48
96 7
78 67
45 66
83 12
29 84
99 91
29 17
99 47
72 81
69 74
49 32
25 7
14 100
14 4
53 5
80 27
20 47
12 37
37 43
97 24
12 43
6 89
64 25
86 40
97 58
57 5
81 75
32 79
50 54
95 31
36 26
46 12
72 49
80 43
28 75
52 32
30 33
9 91
51 30
2 13
77 64
51 13
78 72
42 63
17 17
30 76
21 42
36 15
41 64
57 84
84 38
5 7
62 25
47 63
42 46
10 82
55 19
22 73
42 60
4 24
16 3
29 37
1 35
39 3
60 79
81 9
91 34
89 64
89 100
93 16
42 28
17 15
95 80
19 51
58 30
11 48
100 78
78 71
98 15
41 42
86 6
81 52
97 100
99 82
79 66
38 97
9 63
33 36
11 21
2 74
37 59
79 23
30 62
89 93
17 77
89 93
69 54
7 63
29 56
57 5
51 78
23 35
25 19
46 9
41 86
82 100
8 9
41 63
59 70
6 23
33 56
44 28
86 74
81 55
43 9
65 92
70 52
3 24
97 27
80 24
4 97
85 86
58 99
85 59
26 30
75 75
25 51
94 83
33 37
5 58
3 87
84 66
27 92
27 58
81 75
20 29
9 57
88 35
60 92
19 79
93 57
44 47
15 6
31 82
24 54
57 66
95 73
45 57
11 89
43 52
24 80
66 38
80 89
34 78
50 48
5 18
8 53
74 50
98 53
92 89
30 7
52 39
27 55
57 50
79 48
7 81
76 79
39 5
47 15
87 22
9 35
91 71
82 20
23 92
21 4
5 73
31 57
67 29
49 29
41 98
62 80
24 61
6 35
41 68
57 38
55 82
45 37
16 42
80 31
94 89
8 31
10 89
98 80
34 37
18 90
28 79
93 17
93 20
66 35
91 31
79 41
74 69
81 53
60 61
97 60
54 56
16 85
27 69
72 84
16 14
20 66
33 63
39 26
25 52
25 82
48 63
32 85
69 71
63 5
63 15
15 11
22 87
24 55
12 90
56 23
41 44
39 21
100 91
33 64
56 55
90 73
63 56
81 24
22 25
74 16
29 35
27 80
89 1
8 3
99 16
56 66
27 20
83 30
47 43
3 71
8 12
94 5
86 55
28 34
8 61
49 21
94 44
30 99
72 27
57 86
37 73
65 23
47 6
88 63
97 38
54 60
29 35
12 93
35 83
50 59
85 61
15 70
29 91
74 61
22 72
79 6
81 78
100 44
61 35
27 20
3 14
20 98
20 76
40 21
100 83
80 89
88 93
93 27
9 87
12 72
2 12
45 60
76 94
48 17
84 74
24 31
2 28
12 9
35 23
36 63
61 19
72 83
2 32
41 61
45 95
24 3
19 18
77 24
75 98
32 53
4 95
29 64
3 2
75 71
69 84
2 85
54 11
56 28
47 63
62 97
19 51
48 74
58 8
94 44
95 42
41 34
70 26
48 21
52 42
4 1
35 83
65 12
75 35
37 14
5 73
71 30
60 69
76 90
48 5
34 66
59 94
3 100
63 29
61 48
77 22
83 64
63 84
31 84
38 44
61 46
44 80
57 94
8 71
2 40
2 90
54 64
94 73
71 15
2 84
98 66
27 67
36 19
14 29
1 2
72 32
18 53
24 83
83 52
45 95
23 87
17 70
3 40
25 38
31 98
64 87
1 11
13 14
78 22
83 94
2 57
38 67
27 26
10 2
45 89
80 65
12 91
98 52
25 89
34 58
51 88
22 6
60 24
87 6
35 34
13 25
58 89
5 87
36 7
41 41
1 33
10 46
9 10
4 72
86 35
91 59
19 11
86 46
55 72
48 32
21 39
56 80
85 51
47 16
18 34
81 39
78 80
29 24
30 43
2 20
14 33
81 30
76 25
74 57
67 87
62 11
86 33
76 75
66 49
73 92
16 67
19 81
34 89
76 28
22 4
19 23
66 39
92 14
56 68
20 62
39 46
76 59
28 94
75 96
22 74
45 27
55 86
51 6
25 50
84 28
53 77
38 35
16 9
28 2
63 91
82 47
89 64
48 75
58 74
7 12
72 18
25 40
25 44
5 6
1 20
98 47
75 29
18 10
41 61
31 48
90 71
31 58
6 58
69 64
5 5
80 84
13 42
59 90
30 41
89 44
94 70
34 17
78 78
10 30
61 70
41 20
43 77
2 33
40 94
52 50
60 96
12 12
29 41
36 39
68 69
81 60
85 86
43 97
98 21
77 98
73 97
39 92
7 55
78 6
7 7
11 11
9 89
71 49
21 100
39 29
59 92
14 21
72 46
37 21
75 51
85 67
29 40
70 27
38 100
68 33
21 28
97 95
79 96
49 68
84 86
99 65
29 80
20 71
93 13
79 100
96 68
65 61
17 91
2 74
94 67
76 50
12 84
3 55
46 50
32 35
41 36
5 41
97 56
64 33
93 61
24 58
48 99
21 52
93 36
37 50
88 36
13 63
85 97
19 32
14 30
68 82
69 48
94 9
87 52
61 12
72 9
82 71
77 73
41 51
83 96
70 39
16 52
46 31
24 45
61 1
29 65
16 32
17 93
26 72
80 64
61 5
49 81
79 15
81 56
93 16
16 16
21 92
5 30
100 12
91 75
70 60
20 93
11 74
64 20
6 96
71 85
35 80
40 18
47 57
27 83
74 13
68 47
42 34
20 95
92 92
55 87
48 60
7 75
23 79
25 83
38 91
84 36
25 64
69 57
16 91
17 31
84 72
88 34
74 61
35 84
78 8
43 72
6 28
88 33
6 43
64 24
10 18
93 23
3 41
56 74
71 5
28 6
76 73
65 90
47 100
67 16
19 76
47 11
25 90
93 7
23 46
15 80
76 42
48 61
83 36
92 32
16 91
18 60
31 18
89 3
4 43
9 77
84 26
10 70
48 10
41 69
73 45
58 27
85 91
27 86
65 52
56 47
54 43
92 24
20 88
1 42
58 39
90 64
99 5
35 81
82 70
73 50
1 12
10 63
72 10
35 100
1 46
88 52
52 59
31 63
28 55
7 1
91 40
63 80
16 22
91 1
4 48
40 67
100 27
88 90
66 4
16 30
95 88
20 46
8 6
14 76
72 39
17 96
55 91
70 43
3 76
89 12
94 44
3 88
98 74
66 53
37 87
50 19
53 5
40 97
32 82
32 11
47 97
23 73
95 42
62 70
65 73
98 42
2 36
64 51
37 83
67 91
31 80
32 71
38 88
38 85
97 46
9 27
7 81
4 88
30 21
9 8
92 99
24 65
12 47
89 72
89 69
100 85
90 90
93 25
40 81
21 23
24 35
86 77
95 47
18 29
99 99
59 19
67 70
52 86
74 69
56 52
71 77
5 1
39 22
8 64
42 85
87 19
69 42
100 17
90 6
98 63
9 77
33 56
73 79
72 23
73 27
13 99
71 8
62 69
5 76
62 88
83 43
29 62
99 17
77 90
98 90
50 15
36 8
17 59
1 100
9 29
72 63
23 28
65 29
10 84
83 92
59 65
48 55
51 85
58 34
38 12
100 47
66 10
22 68
25 77
89 32
95 46
37 28
60 91
56 66
42 3
73 79
90 9
22 64
72 47
67 98
71 54
21 13
54 57
87 64
73 64
62 85
10 26
96 92
79 65
71 62
78 35
37 82
19 68
80 19
94 15
8 31
79 66
12 76
29 98
55 94
100 59
23 96
92 73
11 50
31 61
33 75
84 80
20 21
6 91
7 78
86 70
76 44
79 90
91 27
15 59
51 53
5 63
24 37
98 44
83 80
95 98
27 78
19 61
13 17
6 97
64 27
20 47
37 14
75 2
100 97
91 59
75 60
75 92
34 32
85 61
5 4
18 58
68 92
76 25
23 48
26 69
14 46
51 43
4 58
