4000 59807
47 87
27 40
35 23
92 19
30 37
67 87
33 49
19 18
78 34
15 100
83 7
16 44
57 58
31 81
97 79
83 53
27 81
70 97
26 33
4 73
55 84
28 58
36 67
38 63
30 51
81 52
85 99
68 36
64 89
63 64
48 81
11 75
89 3
82 55
2 94
18 39
49 93
86 94
88 57
78 26
53 45
71 15
93 22
61 55
1 47
42 100
95 7
27 27
63 49
20 40
82 100
17 32
47 97
17 18
6 95
28 100
49 69
90 45
47 87
13 57
4 8
94 67
75 84
92 11
28 21
28 29
10 1
76 14
65 74
97 9
5 39
17 71
19 24
49 12
29 25
71 70
90 12
23 31
97 97
4 60
95 22
30 48
73 43
41 19
99 65
78 89
21 70
47 33
20 34
67 56
11 42
23 93
61 23
85 77
15 3
88 95
64 5
76 56
15 60
29 30
24 64
71 51
45 100
43 87
19 62
26 24
13 57
61 73
48 7
62 5
64 84
42 28
43 52
88 27
35 46
41 16
66 67
7 67
40 48
85 100
73 23
50 41
59 93
85 97
87 17
73 47
24 91
50 73
100 2
90 51
78 55
24 66
60 53
75 54
18 52
79 14
100 30
82 60
91 39
99 36
95 64
6 22
41 63
38 15
94 100
27 61
78 30
59 67
85 27
69 30
95 18
9 1
19 22
5 62
94 97
5 91
30 9
69 88
6 15
29 10
59 90
84 69
4 27
70 42
10 75
73 31
100 55
9 56
7 90
90 45
7 91
1 6
96 67
99 5
38 20
41 18
77 17
68 2
51 36
61 96
36 83
97 6
70 96
6 56
1 67
15 93
62 46
30 75
35 32
68 13
11 37
45 73
3 81
66 63
15 14
12 7
39 45
66 20
72 62
45 35
8 65
78 4
97 92
55 83
29 9
87 11
95 52
57 77
54 64
45 88
18 72
41 98
41 93
39 68
47 54
41 59
5 12
8 51
71 86
91 43
27 63
33 22
36 15
29 96
98 36
2 80
92 2
88 81
67 51
63 16
84 67
26 15
93 19
81 58
80 49
73 79
67 20
74 1
29 56
72 84
18 88
98 79
12 33
58 32
88 46
10 38
99 42
92 9
70 41
21 27
35 51
96 3
5 100
70 17
77 50
2 36
71 48
20 4
90 68
89 99
35 19
73 34
15 13
27 89
5 91
94 62
99 68
71 62
20 62
79 75
42 97
37 1
77 53
6 30
95 84
64 51
15 67
45 25
8 59
36 59
17 4
42 62
84 14
21 3
63 30
12 63
74 90
85 78
31 18
15 57
73 76
65 36
88 42
39 40
43 77
44 32
85 53
93 96
15 94
4 14
72 70
8 42
40 66
48 74
13 71
86 49
63 24
80 90
82 26
70 35
15 48
98 29
63 96
50 61
70 31
25 77
61 76
44 73
9 54
92 93
58 29
34 81
8 29
97 71
24 21
51 57
41 54
8 73
43 52
7 99
63 39
14 21
14 41
55 56
13 94
79 63
40 5
76 70
10 52
22 82
97 4
76 52
71 10
60 99
26 12
41 92
36 27
86 87
84 64
45 81
29 80
93 45
78 61
37 60
90 67
53 33
39 16
82 20
61 58
81 67
88 71
75 48
47 39
53 63
29 3
59 84
83 25
69 59
86 53
92 29
42 40
83 56
68 80
64 1
94 6
93 91
4 93
29 33
30 78
39 8
25 65
59 9
32 52
54 77
47 68
73 18
7 10
85 35
6 90
67 19
17 53
45 12
41 66
63 43
97 74
70 68
74 26
32 50
90 27
59 79
23 78
83 18
93 86
42 57
46 19
38 92
86 48
2 11
67 76
16 77
40 70
91 40
26 37
71 74
45 16
72 56
95 43
51 77
56 90
100 32
69 95
24 94
44 95
61 60
87 36
93 68
82 80
12 61
24 18
23 6
70 91
98 47
5 75
15 77
40 4
3 93
52 20
77 51
4 55
70 95
92 79
43 25
13 86
69 15
66 98
9 1
40 70
12 40
11 30
47 11
64 24
79 76
71 4
7 18
91 36
9 91
51 38
73 15
20 51
26 7
95 72
41 94
76 53
52 46
7 70
15 56
54 91
11 89
43 58
9 45
80 35
87 88
3 21
44 20
55 54
68 18
52 72
47 23
32 10
14 1
45 85
95 85
92 29
67 40
53 54
83 64
75 30
4 43
7 30
46 33
81 49
1 53
87 26
56 54
4 50
45 95
22 61
57 40
55 35
65 71
17 85
87 21
51 58
20 5
82 40
5 64
39 75
34 63
51 86
70 36
47 16
48 23
64 72
91 44
14 62
69 25
25 59
41 92
24 68
83 88
86 24
4 68
83 92
24 49
60 73
87 41
69 95
81 86
95 81
75 81
97 56
64 65
61 53
47 65
83 21
43 44
4 28
21 47
28 6
6 66
43 82
26 73
53 88
58 53
68 16
19 49
26 30
44 74
59 92
49 49
26 13
44 15
5 16
61 4
20 15
64 41
99 45
88 61
96 26
45 77
62 93
93 33
8 41
75 45
91 97
90 13
69 88
46 77
63 60
48 46
52 42
5 93
73 18
56 81
14 46
93 34
74 81
40 27
36 59
32 73
40 75
62 72
28 39
44 90
22 27
47 54
59 82
72 23
86 66
55 7
16 99
99 59
99 39
24 91
73 55
41 88
65 56
93 95
87 64
27 15
40 40
38 57
83 7
13 9
45 89
97 4
57 42
19 69
88 82
92 53
50 41
79 56
5 76
77 32
23 98
78 2
75 37
33 79
49 77
60 2
87 38
65 75
59 12
37 76
40 18
83 19
30 15
4 73
76 13
16 30
31 87
15 4
5 38
13 45
79 12
49 26
61 1
35 6
67 47
48 82
79 58
69 39
79 90
83 33
97 70
1 87
61 86
72 6
33 65
61 62
83 60
72 2
25 89
41 23
60 30
16 6
24 41
89 96
20 78
51 5
56 26
50 16
65 8
60 15
14 12
96 20
61 41
27 64
30 25
79 87
26 98
60 34
47 77
4 87
43 66
96 47
56 73
55 3
19 4
89 89
15 65
1 63
12 43
92 53
94 86
23 72
7 58
69 78
12 19
26 87
19 83
67 44
27 2
35 90
79 59
93 65
30 61
39 51
19 29
12 37
17 89
44 26
71 70
16 65
48 12
65 87
63 63
3 84
19 42
81 67
43 72
86 6
33 81
6 14
77 10
26 66
29 37
35 19
46 44
92 56
13 5
64 78
58 51
39 58
51 67
88 61
83 22
32 80
26 63
1 2
95 68
95 3
97 27
18 90
62 20
44 90
82 28
24 82
98 73
53 69
4 100
41 97
38 26
88 81
46 62
66 35
14 46
26 51
100 53
11 41
17 58
12 9
75 18
27 60
3 18
77 37
14 73
85 40
60 68
92 35
38 41
55 35
38 38
34 20
72 24
99 57
29 9
5 52
22 90
26 34
57 72
77 90
18 82
94 98
64 70
64 43
59 32
29 67
41 45
11 37
40 60
58 2
74 97
66 29
84 14
76 15
42 17
49 86
13 54
1 84
40 20
2 46
7 71
77 9
35 17
78 94
27 17
15 26
83 97
48 59
40 11
91 69
76 48
58 92
85 18
40 69
73 86
95 1
68 87
13 31
5 37
59 46
22 84
79 34
24 27
5 49
6 100
65 43
54 34
70 53
18 27
45 6
71 50
76 49
74 14
57 19
54 94
100 83
71 96
88 43
100 41
63 6
78 63
75 40
20 97
14 80
66 60
44 34
9 80
86 46
56 16
65 17
44 44
78 52
43 2
68 70
34 100
1 1
84 12
39 34
70 5
53 90
36 39
41 6
29 38
9 4
49 24
34 32
60 38
20 71
73 74
11 78
82 76
50 36
38 69
53 24
16 15
3 28
96 58
76 46
40 26
3 25
40 14
84 69
80 76
35 67
3 38
66 76
35 67
86 49
4 61
56 23
39 39
39 51
96 81
19 28
99 6
97 56
52 59
59 44
68 27
24 84
69 73
1 54
25 71
6 42
53 78
92 37
61 21
100 87
67 83
100 46
2 11
59 96
83 14
34 87
93 63
37 51
99 14
79 81
23 52
54 26
34 56
13 90
45 76
82 36
31 17
43 81
78 43
34 28
53 76
45 69
57 11
22 49
45 23
33 34
79 42
49 52
25 70
91 14
48 38
91 52
91 60
49 48
1 100
25 25
34 86
93 14
62 28
32 51
23 94
36 79
38 76
57 1
48 20
82 3
90 36
30 36
24 84
67 31
15 15
77 11
63 51
23 78
50 59
59 73
55 11
80 52
7 76
31 80
71 66
6 13
74 84
13 77
54 13
74 35
37 53
40 50
19 48
50 80
71 1
41 93
37 10
60 76
97 94
84 29
41 79
86 81
65 65
17 14
4 11
31 31
93 24
18 62
53 8
94 35
76 86
8 18
73 38
34 62
38 50
95 55
39 74
11 85
7 31
93 38
37 19
96 36
32 88
55 18
97 15
54 88
95 10
34 77
14 15
44 3
69 5
6 45
81 84
34 21
22 10
85 46
16 52
66 34
54 7
69 59
59 20
30 93
76 29
84 57
63 6
65 30
78 12
2 31
28 66
37 94
46 69
64 84
32 29
29 8
18 53
28 96
34 95
12 62
61 72
99 61
55 17
82 76
5 58
88 52
67 49
26 67
24 97
82 100
44 100
77 56
50 10
2 71
6 48
77 90
37 28
21 5
42 19
15 91
22 35
21 84
51 84
19 3
84 19
34 65
47 10
53 23
13 60
32 56
64 85
26 83
31 69
71 53
7 10
87 26
58 56
73 58
64 92
81 52
54 57
7 44
9 7
4 19
9 14
15 6
80 8
45 93
35 10
73 79
11 83
8 97
93 62
13 19
26 99
28 33
46 35
24 61
80 55
11 94
55 16
44 91
36 28
37 36
66 95
42 37
23 61
75 50
66 95
87 53
7 54
19 3
45 96
15 60
74 21
5 61
81 18
6 81
2 54
15 79
78 59
12 88
74 75
23 72
77 58
99 26
50 4
74 92
74 86
30 11
84 37
81 53
25 53
71 64
69 89
90 100
12 53
92 1
16 49
29 99
30 53
22 2
100 1
26 100
88 14
73 74
31 13
69 83
78 54
32 18
35 13
8 12
95 57
9 88
30 35
71 15
59 65
79 91
45 58
33 2
60 1
80 95
65 54
84 5
51 10
33 94
73 4
14 62
76 95
88 5
43 60
57 99
61 6
42 13
83 51
49 71
14 38
13 63
17 53
44 91
44 80
51 66
3 54
90 36
11 5
32 88
61 2
70 21
62 78
57 60
54 22
22 30
36 6
18 75
5 87
86 15
2 21
30 42
100 29
78 67
69 46
94 40
34 17
30 4
35 52
16 67
30 74
100 89
80 29
98 79
95 31
75 60
48 96
97 36
65 96
11 52
80 24
25 97
80 72
94 53
33 8
85 93
67 35
68 13
54 19
71 21
6 80
55 39
52 62
5 8
84 57
21 60
50 47
70 74
50 63
84 51
85 40
31 88
35 91
17 21
28 66
30 74
91 80
27 61
78 9
55 75
37 64
58 84
31 24
68 35
3 89
63 31
52 27
69 23
83 44
57 46
39 95
88 75
12 36
43 56
44 82
47 45
63 67
93 80
16 18
64 29
76 82
53 9
94 17
62 25
69 29
21 82
91 98
59 9
47 95
21 58
66 35
36 10
78 42
48 10
3 45
80 30
11 93
7 23
100 4
45 88
63 68
90 98
32 62
26 56
32 5
75 43
73 100
94 72
19 74
88 69
9 52
94 56
40 77
2 68
7 80
60 6
74 2
98 29
71 66
73 48
18 86
36 52
8 57
47 27
83 62
10 53
78 8
45 54
68 76
77 63
89 41
31 95
18 60
72 2
56 50
50 17
98 96
80 1
95 40
16 69
68 69
4 91
61 24
59 46
57 59
68 55
19 3
31 12
17 83
89 68
3 59
86 69
76 19
62 67
32 47
10 32
71 20
61 55
7 85
39 95
89 17
47 77
21 89
6 29
19 30
28 91
55 45
16 25
8 43
2 36
32 94
75 12
5 26
92 69
85 9
61 36
59 76
3 11
43 47
27 58
43 30
45 57
12 26
18 48
6 24
95 25
80 80
29 43
55 79
86 16
19 89
95 47
32 93
39 29
53 27
2 74
18 71
59 23
18 99
25 14
60 58
1 44
99 77
64 84
92 12
84 85
77 19
3 87
38 95
19 18
29 97
81 76
16 74
41 74
50 23
73 97
87 98
29 54
1 91
94 28
14 22
71 31
88 27
98 66
61 60
92 53
99 39
79 82
51 76
68 37
3 95
62 85
68 32
54 71
26 20
12 44
89 7
54 39
14 82
26 53
72 8
94 30
58 28
39 81
86 4
8 3
12 78
73 1
88 56
64 20
66 29
54 29
87 51
5 55
51 94
47 62
97 59
1 85
77 43
99 86
69 21
80 90
60 71
36 53
85 60
37 90
47 48
73 67
90 80
12 81
50 19
14 87
58 11
60 99
4 68
43 14
19 1
15 97
67 66
6 56
31 68
32 94
59 37
17 70
89 100
61 30
15 31
37 59
62 14
92 26
87 44
30 87
23 15
46 14
17 91
59 26
35 56
16 90
83 44
24 35
27 22
32 15
89 74
84 32
43 13
45 93
79 97
61 13
59 41
45 63
67 20
41 60
29 8
77 56
9 30
17 60
90 38
24 12
5 18
51 3
15 37
91 13
32 41
89 3
88 27
48 31
47 81
22 34
63 72
29 24
98 20
42 94
12 38
86 45
77 77
55 2
30 37
55 26
15 14
41 29
100 40
33 86
33 89
80 47
62 41
42 18
48 58
51 30
65 29
52 75
1 33
31 18
94 88
84 25
71 72
81 66
83 8
17 52
3 51
98 79
97 28
100 70
39 24
8 17
37 15
15 1
14 19
19 3
22 78
81 84
59 32
21 17
65 69
43 20
100 15
26 62
84 89
47 73
76 91
100 69
50 99
28 75
82 38
43 86
63 52
52 10
23 3
46 59
20 13
25 53
43 89
68 40
76 75
33 13
28 57
13 89
47 65
41 27
31 91
68 42
73 10
41 22
40 10
38 31
83 93
91 24
63 92
19 81
89 48
91 34
18 50
38 47
70 61
52 87
32 84
33 12
55 48
55 39
78 22
75 13
31 91
72 10
94 52
7 17
4 22
21 60
19 5
2 38
14 38
1 48
70 31
86 48
41 21
61 40
23 78
75 14
4 16
86 21
93 46
92 63
28 54
63 47
82 61
97 66
14 86
13 45
81 77
20 33
67 35
10 50
94 45
50 77
81 60
88 49
8 94
84 33
60 60
78 98
86 71
73 98
78 97
7 53
59 97
70 18
19 93
81 26
44 83
22 8
18 46
89 80
14 22
97 51
51 27
95 35
94 17
16 64
59 31
26 45
35 96
78 65
36 95
81 93
27 41
16 54
20 93
34 34
52 38
79 4
11 84
89 8
52 1
40 80
95 61
10 49
9 49
65 5
42 74
52 83
87 64
12 19
40 63
52 37
8 70
42 41
98 71
1 86
57 4
56 1
79 82
44 51
33 65
14 76
24 95
11 6
29 81
95 87
96 91
32 19
73 43
6 26
20 78
76 43
97 58
14 90
37 92
5 6
31 94
79 65
9 41
17 9
90 36
48 55
68 46
97 5
42 95
65 16
50 42
98 98
72 69
28 23
93 48
5 33
93 51
68 95
15 90
73 31
62 33
11 33
5 1
87 75
68 58
24 79
62 70
65 15
90 20
99 61
21 73
20 66
77 77
29 13
36 74
18 64
29 67
55 71
66 68
70 13
71 87
15 61
19 10
42 55
94 84
12 9
46 39
86 34
31 3
13 29
59 16
93 88
75 61
63 17
31 62
42 70
38 47
92 31
58 85
79 66
42 43
79 57
98 31
18 72
59 21
85 57
87 35
87 39
91 27
53 3
56 51
61 65
19 63
75 60
3 71
13 98
38 20
100 10
50 83
68 75
12 90
60 99
12 62
86 2
74 67
42 23
80 71
12 13
34 6
37 7
90 30
75 48
67 15
40 13
45 19
26 35
24 21
83 54
12 73
15 47
35 8
68 75
27 64
6 22
94 86
29 34
70 20
31 6
81 95
19 2
98 32
92 36
31 52
10 45
30 89
4 18
3 19
9 12
67 82
36 24
97 18
57 64
63 24
64 33
48 76
59 94
41 19
71 96
41 47
52 44
37 94
28 6
71 18
64 57
33 28
16 56
44 43
2 99
46 13
24 89
72 52
96 44
68 25
2 4
57 88
49 13
6 73
59 58
9 24
72 7
47 82
5 94
80 70
61 57
20 78
27 97
19 50
60 96
50 44
11 49
64 91
38 89
38 54
86 61
53 46
22 33
2 16
49 40
23 83
99 28
72 28
47 35
94 23
91 4
100 90
2 62
39 17
57 62
13 19
99 92
81 20
59 52
4 37
60 89
19 8
75 14
39 37
89 58
87 62
88 80
99 6
50 4
77 69
37 11
87 64
30 66
58 96
88 31
78 5
33 78
87 58
1 84
31 12
32 32
44 88
30 53
34 93
34 56
87 67
46 12
33 99
67 86
56 63
36 36
78 27
26 71
62 1
16 63
14 80
48 14
55 95
12 37
49 70
84 63
100 99
36 33
13 80
10 94
75 16
42 36
94 72
61 25
42 19
24 35
45 57
85 58
5 88
78 49
19 13
91 54
75 60
51 12
9 91
30 75
38 99
87 17
7 97
51 51
54 80
20 76
99 17
61 74
83 64
99 86
44 88
83 62
86 18
56 67
44 8
61 85
97 2
37 31
21 10
90 72
12 65
65 66
27 30
16 4
94 14
97 94
59 9
20 26
99 57
67 100
1 100
36 55
5 16
7 96
38 58
59 47
26 23
88 74
19 72
9 86
87 59
14 59
43 99
72 28
69 77
86 6
32 13
17 78
22 36
5 74
58 2
33 53
21 39
84 31
100 56
67 4
80 24
58 65
86 29
78 81
25 16
39 28
65 87
29 31
45 23
55 44
39 30
71 45
42 69
9 1
31 82
80 79
22 12
73 81
52 7
42 88
10 86
35 71
10 66
83 74
91 44
68 19
15 26
64 34
3 49
66 81
30 37
35 24
24 97
67 66
64 4
100 12
5 93
81 43
28 95
50 68
35 38
19 76
72 64
28 7
27 76
54 46
8 85
49 87
78 26
11 43
42 75
87 63
97 13
52 92
69 88
88 8
19 10
35 13
51 41
73 10
100 46
32 78
7 33
23 94
50 95
23 89
22 58
55 39
3 31
2 52
56 6
89 68
20 27
79 70
16 74
98 54
32 67
23 11
46 41
9 44
85 53
88 67
47 58
82 18
91 10
15 46
21 25
61 71
49 10
71 18
33 80
100 55
54 47
92 12
75 1
3 41
14 100
96 58
57 79
68 82
49 61
64 85
8 50
20 87
42 6
23 75
18 92
25 72
98 85
15 84
33 15
82 90
54 50
79 72
15 7
44 11
45 69
35 83
4 81
45 79
5 100
89 60
45 85
10 98
32 24
19 85
13 38
97 75
66 42
21 69
64 57
67 2
37 5
71 58
86 40
78 10
45 32
55 32
3 33
42 69
22 67
87 99
76 10
75 69
18 22
90 68
71 79
14 91
25 50
26 60
59 69
81 2
14 71
55 53
91 99
97 94
25 90
55 89
93 69
90 31
27 57
8 77
8 85
63 61
78 34
46 24
93 70
75 17
100 7
47 54
68 37
21 74
33 52
43 98
48 42
2 73
85 65
18 20
16 15
61 67
95 31
26 35
41 68
61 2
80 40
83 18
57 47
4 29
89 6
50 67
45 11
16 62
57 43
5 95
30 74
87 28
50 19
22 95
13 97
1 77
68 48
80 85
74 2
53 51
23 83
21 43
6 76
59 47
90 15
73 90
19 13
36 97
98 25
59 32
96 98
29 64
94 2
53 97
32 44
82 7
54 63
29 54
49 21
62 6
33 49
79 46
100 85
34 19
52 41
12 33
34 95
20 88
92 18
7 97
24 91
66 100
79 91
29 66
24 98
20 57
2 7
94 63
56 54
51 31
52 46
3 3
80 46
97 47
7 99
11 89
31 54
60 62
91 95
79 26
74 19
23 43
9 71
25 3
56 13
61 11
37 36
42 7
32 51
80 5
48 55
55 93
97 56
79 98
83 58
72 53
98 6
36 64
65 67
5 59
87 47
68 13
8 14
66 44
65 59
14 12
28 85
47 64
26 25
19 79
25 41
99 43
93 21
86 64
23 98
1 85
46 74
11 85
42 43
77 76
42 89
41 50
83 68
38 96
71 47
17 77
61 100
21 52
5 41
25 67
25 63
91 39
45 31
84 76
8 82
61 41
98 39
35 66
7 57
23 64
5 44
31 97
73 6
50 16
68 60
47 55
50 100
13 86
58 39
43 43
41 13
51 79
35 92
75 33
41 74
58 90
92 9
1 74
78 93
96 1
78 92
54 55
38 39
22 22
38 30
45 21
82 62
35 69
31 86
88 18
9 84
36 30
70 67
81 89
37 97
38 78
79 44
38 97
2 63
88 34
32 91
43 76
39 65
66 34
69 60
79 38
75 23
60 68
31 63
52 15
7 69
8 54
6 70
44 7
81 27
95 51
40 79
62 89
81 71
71 65
1 58
89 54
58 46
71 76
21 95
94 42
8 54
99 90
83 90
9 68
87 23
14 32
3 95
77 39
31 65
72 54
7 77
6 87
83 22
37 91
9 54
42 90
97 45
66 23
37 48
77 71
60 25
77 27
39 11
40 48
99 43
39 21
28 1
8 40
61 48
100 47
53 33
20 1
99 36
35 23
81 69
37 11
48 54
83 15
65 49
78 71
6 69
71 25
83 57
41 90
7 68
92 10
34 31
3 12
57 84
70 30
80 34
69 61
98 8
70 97
8 8
96 50
60 69
88 8
55 89
21 16
87 7
7 22
40 69
37 42
41 96
20 89
25 52
40 1
55 3
89 1
18 71
12 71
59 77
52 80
4 12
18 44
95 41
37 94
72 7
4 77
7 24
3 93
72 37
56 83
24 41
79 44
52 85
84 9
66 3
58 73
56 76
5 9
65 46
47 44
41 3
5 93
19 32
66 54
97 46
25 87
6 6
14 16
36 9
17 35
17 47
92 21
34 30
12 40
28 66
57 37
15 16
86 41
12 81
38 52
94 24
35 21
16 47
45 8
70 29
34 49
2 32
25 4
90 10
18 30
24 100
30 12
75 22
42 83
47 17
71 67
66 69
53 23
36 35
53 78
21 57
52 81
44 50
6 86
15 72
24 67
62 74
81 87
61 8
73 6
18 38
54 31
60 26
86 36
50 90
29 6
71 85
4 21
6 10
60 46
21 50
29 61
41 57
95 24
22 43
40 25
17 90
87 64
44 47
52 76
39 93
64 55
56 9
35 94
69 93
70 80
58 60
82 18
3 67
18 67
55 24
72 56
24 49
66 49
9 92
73 38
94 55
79 28
76 11
51 16
90 73
49 12
31 76
83 81
95 35
52 70
22 5
12 77
38 33
17 52
63 52
29 25
80 58
70 60
63 18
100 50
92 40
72 78
81 68
94 58
41 96
87 91
17 13
64 45
52 91
26 4
89 34
98 97
56 31
16 44
48 12
46 55
64 56
79 39
80 35
59 42
30 9
1 92
70 18
20 93
17 43
84 70
100 18
48 52
6 29
62 87
47 2
97 20
85 64
27 21
42 77
25 12
14 63
58 90
41 56
17 53
35 45
29 41
14 50
91 28
44 85
14 13
88 82
60 92
92 52
19 17
18 33
73 12
71 8
39 51
44 4
39 2
74 72
43 73
86 5
79 100
56 60
84 58
75 72
40 23
10 78
68 48
17 34
75 92
78 89
9 41
92 97
12 34
89 82
57 46
54 61
84 18
70 10
93 42
43 61
13 13
11 10
12 45
38 24
81 69
50 47
81 80
19 22
24 18
76 52
56 79
2 70
31 11
39 36
29 41
23 86
49 66
48 88
39 71
75 57
25 77
47 12
18 53
89 10
87 45
75 50
42 22
70 14
44 60
87 15
13 74
57 72
97 25
24 70
94 48
78 45
74 17
74 79
48 19
49 34
1 30
4 97
2 3
32 93
42 32
30 43
54 78
42 97
78 83
44 48
69 54
54 59
42 11
86 58
42 20
28 7
60 8
84 41
97 20
4 67
70 55
61 45
12 90
18 31
37 15
5 89
47 28
10 83
30 67
95 46
10 16
31 49
50 42
11 71
14 41
43 25
93 65
67 70
37 22
22 47
62 69
5 27
75 5
55 80
90 84
17 76
82 38
2 91
52 68
30 58
5 9
73 75
43 2
68 51
90 5
79 68
72 91
89 32
40 50
1 10
83 29
49 18
83 58
84 22
11 88
96 50
26 47
3 4
14 71
62 20
24 51
75 39
18 46
51 7
29 70
8 81
67 83
62 8
61 24
70 50
44 65
17 84
42 24
86 18
84 34
83 81
64 38
55 77
71 64
3 39
7 86
5 93
3 56
42 95
88 14
13 95
37 96
66 12
68 51
51 66
79 31
43 1
77 56
97 76
93 7
58 26
56 9
11 41
19 85
68 32
32 43
14 1
84 15
25 66
99 70
67 1
8 98
14 7
73 77
30 62
68 98
31 14
35 6
70 53
72 60
74 71
35 100
61 55
91 83
2 50
11 72
70 65
96 2
39 79
18 93
41 8
96 4
25 1
3 1
67 40
92 32
35 43
80 40
27 98
59 60
31 10
93 98
66 58
44 16
17 26
96 71
12 65
47 39
82 76
33 18
19 50
55 98
67 69
31 56
98 80
20 70
41 27
19 97
68 71
31 58
88 89
8 30
27 13
12 89
10 30
45 53
55 20
44 24
76 92
33 69
55 84
6 1
25 67
72 41
2 69
93 92
19 11
13 33
39 83
100 38
97 2
9 32
7 35
16 22
39 88
4 67
87 43
31 66
22 63
54 13
62 23
9 51
61 95
40 36
72 91
23 76
36 88
78 62
18 100
11 31
10 30
72 83
17 84
86 96
44 75
18 52
30 40
14 37
82 36
68 22
14 74
78 90
29 5
72 60
45 11
19 44
75 78
32 6
50 10
48 92
85 18
63 84
8 94
98 64
54 19
31 84
20 40
89 58
60 45
89 91
99 89
21 75
13 73
67 24
6 22
8 99
36 75
35 13
21 35
69 62
54 34
34 8
99 3
34 91
5 19
43 66
53 34
31 97
74 71
2 43
30 88
59 88
16 79
37 82
8 4
69 97
19 17
79 95
9 7
78 62
67 85
59 47
98 88
79 9
78 70
3 61
86 7
13 96
89 74
7 41
82 9
95 7
92 100
80 12
28 49
49 18
22 77
80 83
31 14
48 47
33 77
61 54
6 86
100 55
49 87
65 89
68 4
68 3
43 35
28 10
45 16
9 19
87 8
43 3
40 27
64 77
97 64
25 33
28 72
38 89
83 25
61 80
32 47
27 24
92 43
59 96
75 42
66 19
91 78
57 7
13 17
23 6
17 12
70 3
23 13
66 98
34 43
42 16
33 53
76 78
22 25
77 20
36 48
8 84
71 23
75 75
23 60
68 38
52 59
2 83
5 78
34 84
63 14
36 24
12 7
6 57
46 19
38 100
71 75
88 48
95 7
83 44
63 54
11 18
4 46
37 66
76 68
37 40
78 33
60 72
64 17
51 9
89 91
100 65
10 92
59 65
74 91
32 51
26 54
77 49
86 33
30 31
63 84
100 98
17 55
74 43
5 54
15 73
12 42
28 81
2 73
6 100
62 24
16 26
68 70
66 21
52 43
96 37
2 60
82 27
55 8
18 77
32 35
43 98
17 93
42 26
2 15
42 83
25 28
79 68
19 83
10 60
61 99
81 19
61 57
29 53
6 61
18 63
95 77
17 54
45 43
49 49
74 54
6 18
64 26
42 23
23 38
16 20
37 11
77 97
97 46
43 18
94 25
80 80
38 67
10 17
21 5
91 81
3 51
46 32
69 1
21 86
7 43
81 99
53 4
20 52
10 3
59 16
37 14
4 79
27 69
81 8
52 28
1 74
38 25
68 53
94 96
61 14
83 25
30 6
37 10
31 70
24 75
30 87
10 50
61 94
91 3
83 6
51 26
93 6
80 38
72 78
66 91
38 32
52 76
70 46
57 83
13 78
80 61
93 48
69 9
7 29
25 7
20 36
59 55
63 83
39 40
52 50
75 96
21 64
33 8
11 58
3 86
56 34
92 44
13 35
69 79
82 98
47 40
71 57
26 55
26 29
94 34
91 97
63 61
46 62
13 42
20 95
10 39
92 2
64 95
78 47
98 83
89 1
50 34
56 37
3 36
88 26
59 38
77 31
61 41
91 97
39 40
63 26
99 83
30 35
27 12
19 13
63 85
73 52
89 69
88 91
98 80
83 55
31 88
13 92
80 16
43 29
32 87
41 54
34 83
47 81
19 53
84 17
87 33
68 38
39 5
41 68
7 15
50 42
17 51
67 8
40 91
7 42
30 85
90 73
88 77
56 97
8 85
50 13
81 100
49 6
90 3
78 31
31 60
72 90
90 23
62 75
14 71
73 61
2 80
99 53
72 41
72 84
82 69
58 25
91 22
73 73
99 93
98 88
22 66
67 43
64 95
13 56
26 36
45 32
55 80
13 12
53 28
14 17
15 76
33 27
62 22
4 79
62 57
44 33
75 20
4 31
5 7
40 90
76 91
59 86
38 94
47 83
30 70
72 62
57 8
21 43
96 86
7 100
70 30
69 4
73 94
85 77
33 11
98 29
82 8
87 91
11 93
34 87
1 59
25 68
18 65
14 80
80 98
79 21
58 12
6 18
82 4
14 70
45 59
10 94
24 55
34 53
8 77
54 76
57 66
16 36
26 18
52 4
22 35
47 100
20 7
95 80
31 28
5 17
44 60
12 87
91 59
6 4
97 73
43 17
82 24
14 37
57 48
13 21
45 9
14 11
18 90
26 12
79 80
62 1
87 58
3 87
48 5
95 86
8 62
4 22
10 21
85 32
8 25
84 55
31 83
79 83
78 86
61 62
83 52
73 97
25 48
26 62
31 1
21 20
68 31
12 76
35 8
24 78
25 48
79 16
89 89
42 90
56 80
20 20
56 90
43 37
22 6
55 94
89 22
81 20
10 67
50 42
65 3
17 92
33 48
95 37
96 26
62 85
7 98
30 29
35 81
31 45
55 91
65 33
52 16
23 21
28 8
38 23
98 98
52 56
16 90
39 38
46 45
23 21
58 10
53 86
17 9
31 15
7 31
57 82
11 86
68 97
7 75
27 40
85 40
39 22
73 76
32 66
53 58
79 73
61 94
39 91
10 69
16 36
3 75
13 36
90 56
82 35
50 10
39 6
86 90
17 52
77 43
31 86
91 72
86 52
35 23
8 81
16 19
93 53
64 14
78 56
60 1
70 89
56 96
96 41
61 62
28 23
27 58
65 20
7 48
40 3
3 10
68 68
7 39
5 36
80 4
96 94
38 70
81 13
86 99
23 11
97 16
63 94
5 96
87 88
48 97
39 70
46 20
16 67
83 22
10 33
45 23
43 75
31 21
1 70
38 15
43 83
80 92
17 72
7 54
86 91
56 26
9 15
5 59
62 64
65 50
84 62
9 58
3 20
16 26
94 8
25 30
12 42
8 1
30 78
51 81
8 50
20 47
96 52
23 16
3 21
57 36
19 90
45 95
88 9
71 59
34 61
82 43
51 3
50 84
89 96
88 93
5 9
97 62
93 3
18 73
14 11
28 16
26 82
16 82
44 42
20 89
92 12
7 35
79 90
21 41
9 67
86 39
41 39
57 18
60 6
95 59
13 53
79 96
39 5
52 13
1 6
24 65
34 55
51 8
74 48
74 2
39 53
30 9
22 63
83 7
48 81
35 74
10 23
25 62
2 55
5 64
44 50
94 18
64 50
75 91
14 58
72 16
60 81
6 97
28 33
20 87
52 7
93 37
50 34
90 12
96 2
50 39
66 28
81 56
53 99
39 28
54 58
91 51
20 36
76 20
25 9
67 16
62 45
34 31
92 29
64 52
91 94
87 78
57 69
54 43
61 21
22 79
77 10
73 53
80 75
57 94
92 91
31 33
49 83
41 24
73 96
96 84
42 63
38 24
77 39
94 61
28 51
82 96
36 63
47 86
9 68
60 71
66 53
71 12
46 2
9 81
34 63
36 47
95 10
42 84
41 42
8 82
63 62
17 51
80 35
42 88
73 97
23 25
25 20
73 79
15 49
97 16
69 62
56 63
86 91
97 100
2 75
13 41
78 48
37 89
11 78
87 67
97 59
76 82
57 30
94 12
84 14
42 45
81 11
31 23
83 28
21 4
90 5
45 89
89 6
21 91
39 28
14 2
43 15
63 47
86 80
9 63
11 14
6 41
64 77
96 4
2 93
65 51
60 96
80 92
54 39
70 25
66 58
2 50
98 58
74 87
95 13
33 71
15 31
27 75
15 46
97 10
99 78
4 2
93 50
87 84
76 92
83 77
100 85
18 6
45 76
86 65
26 21
7 41
91 57
42 97
2 45
45 1
58 100
13 92
24 92
11 38
83 69
41 1
12 39
32 26
14 40
58 52
64 49
80 70
84 26
31 94
28 32
82 4
34 95
72 81
21 39
10 86
55 10
20 23
79 43
51 85
57 39
57 63
58 25
100 48
98 12
11 21
44 48
7 11
24 65
19 92
18 48
58 33
59 92
81 39
89 10
24 31
91 90
4 58
55 53
26 15
34 3
82 84
60 70
20 97
5 16
80 8
29 34
59 25
51 83
59 29
10 9
8 21
15 91
19 86
59 20
64 54
29 6
2 68
71 64
52 22
20 59
40 64
9 54
30 2
20 2
97 16
53 33
62 91
53 25
59 85
88 57
86 28
40 20
47 79
5 76
44 35
78 86
85 62
55 12
28 20
44 90
16 20
87 41
10 32
34 5
45 12
74 86
62 63
98 79
96 49
66 84
69 89
35 12
26 90
98 91
6 65
75 57
2 75
68 7
27 81
60 11
7 64
12 8
51 30
53 94
17 36
47 16
82 31
1 97
1 27
9 51
96 86
68 99
96 43
6 17
1 55
92 54
31 2
14 17
90 85
26 3
79 53
58 73
60 66
5 94
8 15
65 31
79 50
9 89
84 37
5 30
69 99
90 52
68 90
71 80
94 45
36 25
17 96
75 76
89 73
69 74
84 26
84 58
36 72
31 20
89 26
36 27
74 73
19 80
50 95
63 57
96 82
80 99
73 82
55 47
36 92
80 96
72 77
66 93
88 85
55 66
22 75
8 35
45 17
90 64
79 15
38 62
25 40
95 10
65 89
65 12
16 83
100 66
49 69
51 55
30 85
89 46
87 33
3 9
60 25
88 79
18 66
55 6
19 78
90 47
10 5
55 21
21 94
81 33
72 14
8 30
87 98
94 88
68 65
31 15
35 51
46 79
21 28
11 90
92 88
37 68
76 1
7 22
36 33
24 21
10 28
17 17
12 66
48 12
19 25
23 43
87 91
88 42
78 48
5 68
29 40
39 4
11 88
49 34
71 37
83 1
9 15
57 34
28 40
76 79
40 100
62 42
73 57
12 79
72 83
64 96
48 46
47 35
23 70
83 78
70 55
84 97
99 46
34 73
31 9
69 23
8 15
17 99
57 64
85 14
73 18
37 56
23 70
84 5
86 41
93 6
18 58
94 55
2 91
45 49
69 34
41 91
6 91
41 42
52 21
77 73
56 90
99 67
76 8
30 59
33 96
97 14
13 7
31 42
82 86
95 15
99 64
90 52
11 65
7 79
74 18
84 34
44 86
49 87
19 91
81 26
93 44
36 100
74 81
94 34
80 48
94 66
34 76
85 38
86 7
37 97
13 63
93 96
