4000 122522
95 64
74 84
9 62
9 36
17 52
2 47
61 100
46 39
43 60
86 80
15 24
74 22
82 59
14 58
8 56
28 17
42 71
27 82
99 63
87 95
62 66
97 5
29 76
93 89
59 71
37 84
12 97
82 46
1 92
53 11
28 82
95 8
26 46
36 43
55 95
42 97
37 41
15 46
88 87
79 100
52 26
54 10
4 73
33 36
67 19
11 80
13 53
61 90
38 61
63 67
99 84
99 78
59 71
28 12
43 67
17 93
16 95
55 15
98 39
16 39
59 25
25 72
10 98
85 70
60 14
16 44
78 18
48 54
30 89
17 4
78 5
33 66
22 65
81 77
65 2
41 84
44 56
29 54
1 73
33 69
91 72
51 8
83 46
49 94
78 71
26 64
17 87
45 66
32 79
15 77
60 56
90 55
91 48
21 5
26 77
3 13
36 48
4 94
50 18
17 88
72 50
80 22
49 54
94 14
12 50
66 55
34 97
55 57
94 60
86 21
39 77
37 31
36 81
22 23
85 76
14 51
99 38
54 62
10 68
30 16
68 90
22 75
19 23
10 37
94 79
97 99
12 1
30 78
100 92
14 18
98 66
71 41
45 91
99 71
16 7
56 40
16 25
49 55
11 49
61 36
34 28
1 25
97 18
22 60
22 99
82 93
35 62
72 37
87 55
96 30
1 4
6 96
17 56
72 26
15 33
11 35
68 24
79 33
92 64
19 68
92 3
41 29
41 60
36 93
39 99
57 66
43 85
6 75
57 73
5 33
67 10
43 100
6 57
63 27
64 59
79 8
96 72
98 20
51 44
82 78
45 1
51 47
87 73
62 57
74 25
54 57
24 43
41 48
32 42
15 6
59 15
75 44
55 87
52 27
62 36
46 37
8 92
4 20
51 12
64 16
9 4
17 73
6 15
14 13
32 52
69 25
92 20
27 23
18 97
42 63
9 100
63 49
45 61
47 72
76 57
18 85
100 29
99 99
11 85
31 70
13 57
21 51
5 65
19 95
72 77
66 52
16 31
31 21
22 72
67 42
95 36
30 27
35 15
52 3
43 39
66 18
73 79
86 58
45 40
90 75
80 72
5 91
4 76
76 33
51 14
79 32
45 69
51 94
29 83
55 5
33 15
93 39
28 56
90 79
12 85
51 32
55 31
79 15
82 4
76 54
97 57
28 40
57 80
32 23
79 42
51 19
49 92
51 20
89 28
93 31
93 47
68 100
97 21
96 22
95 84
100 86
27 5
39 4
50 80
55 87
46 9
82 94
100 77
73 64
71 73
63 61
75 47
78 3
41 76
56 51
5 8
38 84
83 90
14 87
21 58
62 83
64 57
69 49
64 54
52 85
14 31
56 52
71 36
62 3
4 25
65 19
61 88
30 30
4 22
62 67
36 68
1 30
96 61
35 45
25 45
18 33
97 57
99 92
95 87
90 32
55 94
52 94
27 67
89 35
65 32
47 76
2 69
80 89
67 24
66 22
84 73
80 54
73 26
54 60
42 8
76 50
19 78
54 96
5 79
74 51
16 62
93 99
74 33
11 74
27 43
98 77
28 6
76 99
96 20
75 44
65 83
2 13
78 89
43 1
91 99
94 21
89 77
92 67
73 61
55 52
9 89
56 33
87 6
82 66
10 44
80 13
57 15
80 21
33 60
14 46
53 71
100 22
6 44
78 3
10 95
84 38
75 32
38 53
11 88
22 51
64 48
75 22
24 16
41 37
17 23
66 14
34 9
57 51
9 81
58 69
64 2
18 21
14 53
50 59
51 86
75 96
81 24
59 52
6 16
65 83
72 49
58 38
65 56
29 92
87 93
74 51
65 81
61 24
63 55
75 69
82 26
26 54
50 90
57 93
18 90
18 12
22 7
51 50
27 14
31 39
9 18
90 16
48 59
74 70
91 74
98 96
100 17
71 97
56 99
5 84
35 80
80 48
14 74
99 87
60 91
100 66
25 89
24 72
60 41
87 43
99 40
93 18
65 97
100 29
50 11
82 38
69 93
71 17
33 88
95 6
1 7
93 57
84 21
100 65
66 79
26 47
49 12
65 95
96 95
57 10
21 31
83 26
36 9
34 4
81 13
47 100
33 21
5 1
71 71
44 61
44 44
21 10
36 78
8 92
72 90
85 40
89 81
40 82
8 56
21 20
87 40
60 14
65 77
22 12
60 78
30 7
48 58
8 41
46 53
95 53
64 3
66 83
77 78
51 11
51 86
58 42
98 62
83 6
14 43
20 32
26 18
57 86
40 93
14 48
64 29
11 83
50 87
53 9
2 16
57 95
25 29
40 55
17 8
42 57
62 19
28 38
23 63
61 28
35 30
69 15
55 32
51 32
86 98
32 62
1 95
37 35
41 3
50 56
71 93
54 45
69 88
97 10
63 82
8 80
62 57
26 10
70 14
11 96
30 71
24 30
20 42
7 51
63 36
88 49
48 59
76 54
15 86
70 21
36 82
1 68
90 87
91 13
51 99
28 36
22 74
4 45
64 71
14 77
53 1
34 15
67 73
74 40
82 24
81 55
33 71
43 33
59 16
3 85
6 80
40 86
78 66
77 21
46 88
92 1
64 69
45 46
68 7
30 7
67 18
3 88
82 74
8 5
93 52
85 24
35 40
66 78
88 69
98 62
79 6
92 21
84 76
98 78
65 60
17 52
78 32
98 82
12 36
36 48
52 18
17 15
76 85
81 83
45 35
73 73
72 36
60 55
70 70
39 42
89 61
36 88
42 81
22 86
43 92
86 32
6 10
78 83
52 61
93 30
27 97
30 66
37 50
62 72
79 96
1 61
79 75
57 27
50 94
90 10
44 26
53 12
58 24
71 63
33 46
2 10
96 87
5 81
61 65
65 56
43 74
1 77
100 43
36 54
22 15
94 86
22 38
80 76
23 69
73 98
24 5
2 65
54 16
60 6
63 88
33 11
13 18
93 15
41 89
62 11
82 24
36 67
67 74
91 100
7 29
99 20
44 61
2 67
55 52
56 25
66 22
98 78
56 54
17 17
85 31
30 68
62 2
6 20
9 43
85 70
78 70
32 99
38 86
84 85
44 4
100 26
16 47
56 21
93 40
8 87
69 83
26 15
43 53
35 57
69 66
49 33
86 28
12 79
2 99
40 31
68 3
19 73
89 8
75 8
35 89
74 91
4 75
49 90
79 10
64 69
33 12
9 79
48 67
70 49
92 15
91 22
21 26
59 61
98 94
65 65
66 48
66 77
91 32
60 52
53 85
59 49
61 85
38 64
22 27
62 35
77 46
89 82
81 7
66 6
64 89
67 47
39 96
19 16
15 89
69 57
35 36
99 100
77 36
82 55
20 100
68 2
24 76
93 26
26 63
21 70
57 42
43 62
38 98
99 25
3 13
90 34
9 74
63 49
27 49
31 52
76 36
56 94
19 33
56 42
73 99
34 74
75 41
11 46
53 41
89 29
31 3
87 76
40 80
8 90
20 30
59 79
27 91
43 6
51 56
53 5
15 27
8 50
47 66
52 76
58 74
1 31
42 61
67 99
15 31
20 9
97 51
91 66
75 2
67 35
46 60
47 53
1 8
20 100
9 98
5 48
61 28
40 100
43 24
100 59
47 89
62 5
10 89
73 32
56 62
61 45
77 36
70 88
20 94
76 54
21 15
29 19
76 84
14 75
95 70
91 14
34 83
91 20
81 32
8 37
10 54
78 91
7 41
10 14
50 42
15 38
14 61
62 69
54 90
56 36
13 79
52 30
69 41
22 67
77 61
24 54
34 63
5 97
45 94
5 56
80 50
17 8
34 27
8 85
31 83
28 96
50 50
64 17
71 67
82 81
23 5
80 72
11 23
29 45
41 85
60 64
44 35
6 46
73 84
49 24
13 33
85 62
53 5
81 25
7 29
81 66
56 79
40 91
85 14
52 72
97 99
17 63
68 31
30 77
76 99
98 65
57 24
25 48
13 82
79 90
58 81
36 38
10 61
68 3
16 83
50 46
80 19
11 17
55 43
52 2
12 92
19 75
89 16
64 96
99 52
95 96
44 13
6 30
86 38
80 26
57 53
82 88
96 40
25 83
11 64
23 38
74 48
20 39
99 38
87 81
50 28
56 18
74 18
60 41
76 72
41 100
61 86
55 90
52 68
68 80
58 44
15 11
86 6
46 59
30 7
37 57
92 54
73 19
42 38
30 91
4 97
51 90
63 79
52 36
75 25
26 94
74 74
100 72
45 33
73 11
86 52
46 12
80 80
11 69
57 52
55 51
4 21
18 89
61 93
7 40
85 68
19 36
21 51
22 26
16 94
50 9
58 34
60 47
74 79
52 72
89 89
77 75
2 13
51 19
28 11
76 37
76 65
54 36
27 60
72 49
78 98
65 11
18 60
57 29
75 32
74 12
12 79
30 4
43 52
72 71
36 95
27 20
42 58
56 97
1 97
58 51
57 5
58 30
17 49
30 36
9 1
57 90
59 10
62 66
7 8
38 72
89 2
35 24
91 59
16 62
6 72
68 56
80 24
75 32
77 36
6 7
1 95
88 15
36 62
43 46
11 37
71 57
22 65
53 95
79 53
22 13
62 97
35 10
31 43
30 46
17 45
92 43
86 35
75 54
53 60
44 94
12 78
42 62
78 18
55 36
57 75
84 89
74 44
36 50
10 72
50 79
41 9
10 66
89 45
76 70
53 12
52 34
99 78
74 28
4 80
77 31
47 41
17 76
63 92
77 83
46 73
79 36
68 77
83 59
5 41
21 89
26 5
17 18
14 50
4 22
23 6
70 76
39 62
96 1
57 77
100 86
98 31
49 85
10 51
86 28
77 7
14 14
37 61
75 84
39 94
92 40
3 66
85 34
60 67
17 57
13 68
57 92
96 92
33 96
39 50
52 33
5 84
17 54
20 2
18 85
72 27
42 59
39 12
62 41
90 59
95 89
61 26
87 42
43 25
22 28
24 69
19 31
35 94
61 81
45 67
73 87
4 72
99 32
9 72
16 38
16 41
22 91
72 81
63 32
54 86
63 31
14 16
58 22
79 36
34 70
27 58
2 15
27 28
65 22
63 7
16 39
59 62
23 84
2 32
53 86
45 11
26 100
24 69
31 56
38 80
68 35
4 42
93 51
19 18
64 13
8 40
34 58
37 3
32 21
48 42
90 41
94 3
61 9
99 62
24 90
46 78
25 71
25 4
73 58
41 92
87 10
88 48
99 53
61 45
42 79
4 91
57 8
19 30
27 59
88 63
8 61
46 45
43 5
100 11
64 14
58 17
60 2
49 72
95 72
91 22
96 65
36 12
84 24
57 73
35 25
59 14
54 51
11 95
83 69
26 60
52 39
69 31
66 7
2 91
81 75
59 37
5 33
38 82
29 66
83 91
77 97
36 26
81 87
71 1
35 88
44 1
28 69
46 89
45 24
22 40
36 63
40 88
58 51
71 38
48 60
44 27
29 3
2 62
54 22
11 72
79 21
57 12
31 54
96 79
11 54
12 80
6 15
67 87
1 14
34 32
50 29
29 10
69 57
30 16
99 62
56 96
25 68
26 30
53 37
69 91
100 70
89 99
61 30
57 72
11 36
8 89
100 99
92 91
61 3
5 72
54 62
92 23
14 83
37 67
87 54
24 36
100 46
45 68
42 74
100 59
78 52
91 3
28 20
99 60
72 18
78 81
54 56
97 37
55 11
6 92
17 27
54 32
46 90
77 8
10 55
9 77
85 48
61 5
100 67
97 50
18 28
5 80
88 25
83 62
41 98
27 78
58 98
40 44
71 97
99 71
91 54
100 48
42 25
70 26
98 8
13 42
47 6
3 15
61 30
2 68
61 6
78 56
55 51
58 47
6 63
17 6
66 75
42 11
29 62
17 94
39 12
98 90
22 73
26 36
80 51
14 23
4 65
37 100
54 18
74 62
88 23
96 71
74 61
29 47
66 48
71 20
41 41
64 6
26 34
54 70
65 73
86 91
83 78
72 24
43 37
88 92
40 81
61 64
30 54
68 42
77 57
20 66
66 83
50 81
97 53
97 34
64 3
1 18
86 33
69 20
74 31
73 55
16 43
99 91
1 54
81 90
22 11
93 94
45 95
47 96
46 63
61 20
84 87
28 40
32 95
26 23
16 32
23 27
38 86
97 85
91 68
15 94
16 50
8 3
16 75
12 3
56 36
31 77
64 72
41 20
51 49
90 2
13 75
67 91
88 44
65 28
47 32
61 6
58 21
43 79
59 2
3 35
4 98
42 88
31 75
87 44
20 62
98 58
10 70
57 100
46 42
52 89
23 93
61 44
11 91
91 19
24 98
66 26
21 48
88 69
59 46
72 96
29 22
71 72
38 38
16 65
88 51
84 21
29 71
45 23
79 99
87 72
47 57
34 48
81 11
29 83
20 91
52 72
78 40
81 60
60 23
23 34
84 1
83 68
83 29
94 91
73 86
59 26
12 69
45 33
98 46
70 66
16 80
26 67
92 89
53 17
93 31
79 39
89 38
21 1
23 13
19 88
60 24
22 69
52 36
92 34
2 4
71 78
43 58
80 95
4 38
2 32
2 28
87 90
36 99
37 56
81 80
60 37
47 33
44 100
5 69
44 78
13 65
72 1
21 44
56 53
77 17
13 27
87 43
65 6
86 27
61 55
83 94
97 3
82 76
34 81
88 88
36 31
56 58
30 97
15 25
59 47
83 29
68 5
98 36
71 79
4 12
30 68
82 15
50 45
73 67
38 36
45 74
37 84
10 36
65 70
44 88
86 4
78 96
30 31
2 62
15 74
91 37
84 55
11 76
24 64
69 87
98 16
59 94
76 44
79 12
25 71
87 91
13 92
93 75
84 78
83 71
48 38
65 45
17 37
50 34
37 12
54 72
94 8
25 47
63 59
59 77
68 34
100 15
88 24
98 16
1 76
2 97
40 53
36 82
64 25
63 68
56 68
61 40
74 62
84 11
91 3
50 32
70 53
3 95
94 58
5 31
38 17
42 95
69 75
54 53
43 29
57 38
7 77
36 88
81 84
22 87
46 64
48 18
73 1
85 39
45 33
26 76
86 35
36 37
61 57
49 59
51 5
69 24
61 50
76 66
52 35
51 53
25 49
73 39
6 99
19 58
29 69
43 15
12 52
97 44
96 19
54 32
53 81
54 95
41 19
33 65
75 82
87 34
32 34
100 34
71 72
29 18
25 10
9 7
64 55
37 66
9 17
14 59
5 42
22 19
89 76
8 28
24 23
66 76
32 66
29 21
84 33
60 35
71 87
47 36
8 30
18 5
52 68
60 10
72 52
92 86
44 26
98 33
30 72
28 11
97 66
53 43
56 29
21 27
13 1
19 83
10 45
73 70
85 93
14 86
94 40
25 68
74 65
18 62
90 95
57 30
98 82
25 27
17 16
21 68
71 62
24 45
38 72
22 81
36 7
9 23
66 19
31 84
59 7
95 90
58 95
7 25
99 84
65 23
28 3
11 37
36 5
37 47
84 58
20 97
2 84
29 97
44 16
27 48
98 58
86 62
84 30
96 91
10 88
52 97
16 58
81 1
75 42
5 81
54 34
62 100
66 56
71 52
45 83
24 14
18 93
2 77
30 90
16 28
19 99
9 93
27 64
54 55
97 39
62 73
25 3
99 23
90 69
68 70
77 22
88 78
53 31
12 3
83 68
15 70
63 100
50 77
47 71
90 93
54 58
52 56
51 44
19 65
23 7
47 26
94 78
40 99
49 55
24 68
7 78
19 53
84 12
33 42
72 60
81 50
94 66
96 62
31 24
36 35
15 32
7 98
23 12
20 14
19 100
57 32
34 84
33 51
6 8
80 6
22 95
11 65
31 61
25 38
82 81
5 19
71 64
75 11
96 69
71 18
98 30
3 46
89 22
82 41
35 39
60 33
14 42
81 5
7 47
44 66
16 91
22 30
2 15
90 2
93 43
72 66
46 85
26 26
5 17
3 93
57 83
26 63
65 9
39 43
2 1
46 90
44 13
25 16
21 52
39 81
95 85
70 81
41 27
36 58
3 21
28 65
47 91
68 62
60 69
54 37
11 79
27 59
27 66
13 93
16 13
19 60
84 59
13 49
96 86
88 27
67 41
52 20
66 89
83 2
90 15
19 89
29 91
85 27
43 56
1 42
76 8
38 40
22 74
16 86
73 98
77 94
95 50
19 88
44 55
6 71
24 76
55 34
32 81
50 93
19 78
99 45
20 52
54 36
63 94
15 89
94 14
29 86
66 9
59 3
12 87
8 23
29 43
92 29
92 49
72 99
44 22
67 56
61 38
65 95
35 41
85 35
93 40
81 43
3 74
37 95
87 65
79 49
43 80
70 97
80 41
13 9
69 42
100 45
66 97
31 87
14 33
59 10
12 72
32 41
69 12
75 11
39 63
98 7
66 39
30 12
21 5
9 13
49 19
81 94
25 59
35 12
65 81
18 99
15 6
19 54
54 45
1 70
97 55
48 24
71 66
77 47
60 84
91 59
28 91
25 80
21 45
41 24
36 90
84 69
24 16
56 53
58 31
62 79
53 59
23 69
44 42
73 15
83 33
44 12
5 9
60 92
78 75
69 89
77 90
92 80
88 94
82 34
45 1
36 48
29 9
15 19
64 47
40 92
57 77
91 89
16 72
77 74
84 64
51 61
13 94
7 80
59 65
70 24
21 10
11 24
45 44
64 51
36 38
79 77
7 14
92 98
38 68
84 89
61 86
14 9
27 20
100 32
47 42
71 21
35 31
27 50
37 91
51 77
66 93
93 19
93 18
34 64
22 92
76 81
36 76
34 85
35 60
94 93
3 60
55 69
57 16
99 4
70 71
92 5
78 32
76 37
83 55
15 99
11 25
95 92
81 59
37 96
94 23
27 100
60 68
81 54
54 1
96 58
83 82
71 45
89 77
75 99
4 61
10 20
51 80
40 88
95 57
37 91
33 80
97 16
91 12
89 47
96 71
12 82
32 4
25 2
87 70
67 58
39 52
49 94
61 49
19 10
37 42
7 72
98 61
96 9
39 77
51 61
92 67
21 58
73 58
32 95
95 57
77 18
93 14
97 88
68 5
87 70
33 78
100 85
83 86
75 41
41 31
30 56
86 75
72 86
54 10
24 44
90 43
45 61
24 90
51 44
63 71
61 31
9 67
12 31
8 39
47 43
14 44
51 57
19 52
87 1
82 51
65 60
63 18
74 65
62 47
82 74
60 34
46 77
81 58
95 71
73 17
21 41
76 79
10 43
45 78
82 88
34 87
34 21
26 48
9 76
36 16
40 70
69 6
96 82
52 1
29 96
42 76
65 96
79 53
12 27
3 96
61 3
77 87
17 65
86 19
90 85
98 90
46 5
35 13
79 100
92 75
59 82
51 92
67 5
69 24
47 69
48 44
54 10
33 41
25 92
62 85
68 56
65 13
83 42
64 37
68 13
11 38
57 64
32 60
89 42
69 91
35 7
1 44
97 29
3 23
87 15
86 65
1 13
84 19
20 78
31 12
27 45
79 11
81 3
45 50
99 34
80 71
45 93
52 44
12 12
69 36
13 80
31 67
33 49
47 74
94 56
100 13
57 11
3 19
84 73
98 52
23 61
70 31
50 47
19 41
72 54
88 61
4 58
72 66
23 79
75 87
2 77
49 76
53 97
35 31
94 25
51 30
14 1
38 69
54 25
77 64
58 57
67 5
7 83
43 57
65 78
53 38
42 21
22 40
55 8
77 45
71 43
77 21
98 76
72 41
95 13
22 29
60 2
98 22
45 94
82 32
72 8
99 22
83 59
77 4
33 52
28 83
79 86
98 4
65 4
33 10
26 68
74 12
51 66
32 2
16 68
15 95
84 39
58 88
88 86
38 98
86 33
10 28
66 70
36 8
82 21
60 35
57 36
41 74
9 56
1 81
74 57
33 64
99 54
56 16
61 19
83 57
35 98
39 4
32 60
99 53
23 66
57 79
73 64
25 83
89 80
88 31
92 78
24 70
97 71
79 15
62 20
35 3
41 95
27 89
70 62
22 15
39 75
78 49
14 88
47 31
78 29
39 44
31 46
29 34
47 59
91 64
11 90
81 9
82 20
43 1
80 13
56 85
51 80
4 77
81 19
39 11
43 59
72 48
63 81
92 29
2 63
76 52
78 83
94 57
54 92
99 44
15 23
92 67
76 92
80 10
91 97
53 72
19 5
73 42
81 5
65 16
64 57
44 46
45 76
97 76
38 47
76 88
52 12
88 78
31 16
32 31
79 88
26 27
55 78
41 20
69 7
9 40
68 71
46 90
2 48
21 63
44 85
69 70
65 81
19 29
48 31
7 77
23 100
66 36
31 70
56 57
82 3
46 26
51 54
27 78
42 2
88 52
54 17
94 13
75 29
85 33
77 95
53 69
10 11
84 25
45 40
78 17
92 16
64 63
75 58
45 64
37 77
18 43
13 85
1 57
88 71
13 16
59 85
62 22
30 3
41 54
69 30
12 5
87 79
19 36
90 34
28 80
58 87
43 50
21 45
33 68
79 34
98 91
37 36
88 44
33 15
34 27
17 61
24 31
97 89
43 18
20 94
33 17
12 12
85 78
85 73
99 34
97 45
43 57
13 8
78 47
84 10
33 89
89 3
22 89
52 24
30 36
49 20
9 11
73 86
70 16
93 30
51 71
19 7
30 65
91 15
51 21
63 43
59 27
26 51
11 32
2 96
45 96
44 100
13 8
81 26
28 73
64 93
77 70
23 81
28 52
55 69
58 91
60 41
95 71
79 31
11 16
25 59
27 2
72 78
49 96
48 70
16 7
99 66
18 76
97 23
41 32
20 96
11 66
52 58
45 99
22 49
53 54
42 46
65 48
17 13
22 71
92 72
80 57
51 93
14 53
7 9
57 61
23 95
19 1
51 83
1 77
29 16
27 41
80 30
52 46
75 88
27 99
68 52
74 54
97 74
64 75
66 85
16 22
75 92
17 95
13 72
48 40
21 48
6 17
12 39
38 12
79 88
55 11
69 20
29 80
21 63
28 28
37 40
43 9
46 80
88 74
44 85
74 48
66 15
75 14
78 93
41 2
1 13
97 44
66 7
97 38
60 70
31 44
65 59
86 13
100 38
77 30
33 52
20 37
82 47
96 43
57 100
60 86
51 53
26 19
41 65
71 67
53 99
77 56
13 75
98 78
16 29
8 11
23 25
82 95
82 76
52 69
22 49
35 88
48 65
39 7
83 78
60 34
69 2
47 88
97 99
20 39
23 18
30 2
40 27
56 16
77 44
48 26
16 53
27 96
73 97
8 17
97 14
77 95
84 24
62 40
26 24
52 4
21 50
1 49
33 51
55 26
52 17
6 51
41 65
52 81
44 57
23 42
11 67
64 59
22 30
7 65
84 49
44 99
88 18
75 28
52 66
65 62
22 5
19 18
43 9
47 1
26 86
92 23
75 95
9 9
53 62
1 19
12 64
25 12
53 19
44 14
79 89
56 87
1 64
71 53
7 20
96 73
94 47
69 38
12 83
15 28
76 54
47 83
10 26
15 71
21 10
61 91
31 32
94 15
79 60
74 41
40 15
56 45
65 63
15 62
17 5
69 76
67 32
28 68
93 39
19 2
24 82
24 27
26 88
24 97
46 32
33 7
72 21
39 78
1 44
83 55
5 5
28 49
81 38
67 82
43 20
1 99
79 24
25 51
46 13
10 83
98 91
38 80
65 79
14 5
52 93
81 83
82 33
70 76
9 50
27 71
40 77
32 83
2 98
65 64
7 32
47 29
49 23
30 52
38 58
50 18
64 7
94 14
29 67
44 96
60 47
23 86
96 94
39 70
48 88
42 59
48 4
97 31
79 90
64 34
11 35
82 34
45 16
44 67
3 9
5 65
22 90
42 37
36 100
75 87
58 52
94 31
22 67
7 74
76 34
11 24
8 44
39 40
4 37
88 10
83 87
16 83
11 47
78 33
6 4
58 34
71 43
5 59
6 64
49 84
68 92
16 51
82 17
12 7
12 69
84 77
16 23
33 58
77 13
3 22
8 96
87 64
49 4
81 62
93 90
24 38
43 37
52 33
62 29
46 73
39 94
96 16
13 7
49 92
74 100
18 62
58 77
44 42
22 72
64 93
45 25
42 63
31 43
78 93
53 21
94 63
62 21
21 96
27 73
38 85
75 69
86 68
76 100
23 73
66 30
68 89
98 10
8 66
71 73
60 38
5 91
62 18
7 5
70 49
62 61
80 4
39 63
72 38
76 97
61 34
87 30
72 73
2 49
17 24
49 17
6 69
11 86
62 37
78 64
89 10
100 21
53 85
74 78
27 73
27 57
91 59
47 13
25 18
50 76
17 86
36 7
6 18
78 55
42 12
27 19
92 16
74 67
66 81
63 53
1 16
78 66
49 34
72 88
79 14
17 57
72 57
36 35
79 94
34 93
66 50
67 4
85 66
18 34
92 33
11 38
96 90
34 91
57 50
72 7
35 18
74 87
7 66
93 36
3 94
1 77
19 54
46 61
26 95
84 86
8 65
26 62
61 51
8 98
49 2
91 17
25 54
20 58
79 51
3 99
5 2
44 52
22 2
89 19
61 86
65 34
100 56
8 27
51 76
8 58
80 86
37 94
81 96
38 51
29 29
36 41
90 79
48 34
33 1
15 73
83 71
41 65
92 87
44 73
48 14
40 88
86 89
24 19
12 45
64 91
79 18
68 98
7 43
52 71
57 17
19 80
68 5
8 24
79 6
18 80
15 33
58 91
55 25
48 81
95 41
83 5
35 21
85 19
82 38
67 74
51 44
65 60
59 90
43 30
60 33
59 4
34 17
97 73
82 22
97 13
61 16
12 91
65 10
19 10
63 62
21 26
90 89
31 18
80 2
68 94
100 97
94 34
77 85
54 22
41 14
71 25
89 78
75 87
7 44
22 16
42 60
10 87
38 27
100 49
52 16
97 11
58 4
37 84
46 84
92 78
34 96
6 99
3 68
50 57
76 8
66 81
22 35
17 96
48 98
1 36
36 41
47 47
94 69
12 25
53 20
87 35
35 50
41 97
61 21
93 45
14 64
54 80
2 31
52 91
6 80
5 98
100 1
15 84
42 81
45 84
58 13
27 28
2 34
61 32
28 36
78 93
78 13
49 70
46 40
77 10
1 5
82 81
23 56
46 26
93 57
75 75
32 60
79 6
67 72
45 80
72 50
81 35
50 11
73 32
32 77
7 42
78 81
31 78
22 25
71 13
28 13
31 89
49 40
29 99
43 21
76 28
6 43
72 33
24 97
4 35
48 94
76 54
85 67
71 2
21 31
77 23
97 76
53 90
8 29
16 99
49 21
79 30
96 86
98 83
3 14
79 62
5 24
80 94
61 91
78 1
2 7
88 56
8 89
50 98
17 54
51 61
25 25
74 96
22 93
100 74
77 82
22 87
75 27
61 48
44 88
96 57
90 71
40 15
100 98
49 51
7 66
48 70
27 80
54 3
97 4
29 93
32 16
1 27
61 39
45 7
78 79
62 45
84 14
38 20
64 94
52 67
40 80
40 19
26 14
13 73
92 92
54 96
34 11
66 70
67 43
77 50
13 78
8 65
69 16
64 27
56 15
75 33
63 48
82 95
81 35
60 51
62 39
64 51
60 29
22 77
8 9
90 8
36 73
92 22
79 27
51 67
43 40
18 58
90 37
20 53
82 30
81 80
26 100
16 92
99 49
92 95
44 93
63 78
99 59
12 61
79 56
6 74
39 93
41 3
87 20
19 28
100 5
100 10
82 30
12 33
74 39
42 90
53 92
61 11
85 11
31 18
11 29
79 2
100 28
52 65
99 54
33 9
85 44
24 6
48 1
35 44
67 100
44 45
49 73
17 10
7 5
27 28
22 83
45 50
20 30
60 2
15 29
19 34
59 12
49 58
82 19
32 50
90 99
86 10
92 12
26 9
16 80
54 41
4 62
67 7
6 57
54 15
100 15
90 53
29 72
99 67
76 48
95 23
42 12
24 21
11 33
1 68
51 100
32 15
45 17
70 30
43 69
12 45
40 15
2 32
12 54
74 85
85 33
1 52
59 95
77 44
78 12
27 26
30 36
81 73
93 32
87 45
35 40
44 98
28 97
63 11
95 65
3 96
10 86
88 28
27 16
72 18
88 95
29 16
56 32
85 64
98 97
98 52
48 60
89 63
99 83
59 14
62 48
36 15
11 17
21 94
12 11
88 81
47 19
93 46
68 53
91 2
32 42
54 44
87 51
59 90
69 7
33 67
62 86
30 92
20 94
40 1
1 9
60 41
68 68
56 92
44 56
17 64
54 44
91 15
57 79
4 26
49 80
19 78
39 93
59 49
91 71
2 3
98 29
89 41
47 100
17 81
31 94
78 94
71 77
69 44
88 83
91 83
1 63
1 68
20 26
21 56
40 21
20 34
32 48
59 88
28 25
75 3
27 4
81 20
17 70
84 82
36 98
17 49
54 59
75 42
27 97
96 81
28 44
24 25
84 73
74 95
40 58
66 66
3 88
62 86
35 61
91 23
52 68
35 23
91 90
23 93
7 31
83 10
95 78
90 78
41 50
22 54
64 33
68 53
54 74
32 2
3 34
89 23
48 50
56 44
15 64
26 99
3 24
43 59
49 75
38 96
16 53
41 84
3 13
19 93
54 69
89 25
61 67
58 36
76 48
51 8
80 80
34 78
85 70
74 9
24 7
26 19
47 63
39 39
45 71
100 88
71 40
99 56
41 10
70 42
54 51
55 73
96 92
8 26
97 31
96 66
45 21
65 35
36 50
47 85
35 79
90 18
36 9
95 45
99 6
63 56
97 53
78 37
96 85
82 22
4 46
19 44
59 92
50 60
58 34
55 14
2 47
80 26
53 69
42 56
49 67
58 71
96 80
96 10
65 96
45 62
92 27
9 68
9 96
79 76
7 52
95 27
20 46
94 12
41 71
18 3
56 20
37 75
48 91
52 56
70 48
51 88
22 99
80 39
52 47
31 33
34 52
53 45
10 58
38 72
46 52
11 76
95 42
94 31
58 85
11 89
38 92
49 11
71 56
98 40
80 39
78 59
92 66
51 36
71 23
84 88
69 90
79 42
72 15
68 80
82 97
42 62
18 68
3 96
73 1
21 66
86 80
59 4
26 11
95 37
96 76
71 62
57 64
43 69
64 45
15 48
53 58
53 36
15 10
24 65
50 27
94 100
53 76
93 44
45 35
75 98
76 32
65 24
53 39
100 98
32 56
34 87
93 59
1 75
89 34
65 11
21 40
74 13
23 67
98 50
20 1
19 42
21 64
77 64
13 62
84 8
43 63
65 19
37 95
57 25
40 36
38 22
3 24
92 11
83 65
99 11
67 60
10 48
63 86
71 50
9 97
46 41
57 36
1 8
46 15
45 70
66 18
18 55
70 82
40 84
16 56
41 83
10 77
36 19
69 98
22 39
71 78
11 61
39 9
59 73
20 85
78 96
49 46
22 60
22 58
31 62
20 70
40 17
40 62
34 56
62 66
1 58
79 96
18 2
1 65
76 63
14 23
18 35
93 17
83 4
58 70
60 24
24 38
19 47
47 95
44 36
93 37
18 72
55 48
31 97
28 44
74 84
60 93
76 41
47 43
33 2
58 3
66 13
24 19
98 64
51 20
86 36
98 21
29 67
3 89
50 86
4 29
17 11
68 20
48 45
51 67
77 89
8 21
26 4
47 87
54 15
70 91
39 75
23 86
76 90
21 72
3 82
1 73
81 16
30 22
47 16
65 17
88 24
64 80
89 87
37 87
14 51
74 23
34 60
94 17
76 63
35 45
49 46
44 74
2 16
96 42
47 92
30 56
55 62
24 95
77 95
61 76
45 38
67 69
83 62
20 79
88 92
37 95
20 52
20 59
67 16
18 19
84 28
54 40
81 50
72 14
90 78
46 100
45 88
75 89
39 68
73 51
9 85
87 13
68 76
63 100
83 7
14 67
44 8
37 68
38 13
72 2
97 96
34 2
39 22
32 57
54 81
26 66
20 51
25 32
97 24
86 18
43 2
80 51
39 9
23 51
52 17
80 87
69 2
48 4
54 75
59 69
20 6
15 60
46 34
88 81
77 11
80 40
53 99
72 70
68 59
42 12
44 23
17 54
76 13
82 45
100 62
81 93
59 10
19 64
5 76
55 85
5 82
47 77
34 36
95 90
22 79
37 4
27 28
42 32
85 59
32 55
100 1
56 65
46 66
97 86
95 97
74 28
76 25
48 96
46 98
96 83
41 59
89 20
12 89
16 71
22 16
11 50
48 16
80 77
81 66
53 91
86 62
85 47
51 20
71 49
32 88
72 50
8 52
58 68
13 82
44 10
41 74
13 34
99 26
39 91
9 19
94 75
12 18
37 43
93 70
9 67
32 77
33 28
49 39
95 65
1 50
22 6
5 67
48 65
1 83
85 32
100 8
38 44
22 30
51 79
9 92
5 17
74 28
16 95
14 36
87 9
59 56
54 9
51 42
9 34
92 51
11 12
54 8
56 21
99 54
46 77
64 39
82 83
31 56
65 77
76 99
31 57
86 83
80 65
78 22
39 17
17 48
30 81
76 60
90 77
32 59
84 3
94 46
57 38
51 49
7 33
95 47
61 4
12 94
45 40
70 37
4 44
8 4
23 44
11 64
6 57
21 72
74 3
88 91
51 79
90 31
15 90
81 36
76 65
47 6
10 9
66 81
63 54
91 41
41 92
4 82
74 99
77 94
97 27
31 36
79 42
55 60
25 34
40 98
66 53
22 26
61 86
21 48
81 29
35 82
31 12
86 37
55 5
57 66
25 28
5 84
46 48
40 69
37 71
73 13
86 74
99 31
38 45
100 27
41 71
31 37
3 61
67 21
7 82
51 87
49 8
37 76
57 98
73 94
76 73
74 2
46 71
36 58
95 50
26 99
23 91
77 61
64 87
77 96
85 78
40 66
34 31
83 25
31 34
22 1
55 89
68 60
72 83
45 34
67 38
13 5
27 70
21 98
31 25
85 51
23 85
79 84
21 26
79 34
3 77
97 50
53 36
49 47
84 60
99 85
26 97
6 50
75 97
89 84
35 45
60 74
29 1
68 27
42 50
11 35
89 27
48 39
79 46
13 61
44 24
45 83
77 65
70 45
18 81
7 41
54 95
92 17
85 25
75 73
71 50
39 1
23 74
75 85
39 48
6 33
73 21
65 96
64 83
99 17
5 79
98 79
58 42
85 80
17 6
51 44
96 66
57 84
51 34
74 11
69 97
46 57
70 45
45 61
16 1
87 25
3 54
69 47
79 93
39 78
95 71
1 43
78 78
17 45
75 79
16 77
75 77
47 52
32 73
90 11
45 68
37 3
87 42
55 62
21 34
55 99
57 5
16 99
11 82
59 90
89 61
80 30
5 46
59 6
76 91
20 98
97 82
79 44
40 96
27 75
17 73
87 67
27 69
94 2
55 63
53 99
62 79
29 39
99 50
93 3
70 2
96 70
29 57
8 43
2 83
2 91
62 93
58 87
17 41
73 74
69 28
58 54
4 4
73 73
68 11
31 46
44 22
64 92
9 41
35 17
91 18
78 13
21 35
69 38
23 66
76 97
22 37
84 96
56 88
72 38
29 98
26 89
67 7
57 7
33 83
20 89
10 49
95 75
78 27
27 89
19 100
98 54
84 94
74 55
70 78
51 4
4 52
13 51
66 48
65 44
99 20
8 65
42 8
20 6
77 3
64 74
95 3
50 91
100 69
2 42
21 80
28 19
27 82
40 39
36 25
12 64
59 79
46 73
58 90
88 6
24 13
76 41
85 11
59 7
1 48
6 41
61 10
56 99
70 43
26 57
20 43
69 62
34 74
13 2
88 68
62 28
29 75
34 22
63 18
80 44
35 15
35 97
59 14
62 96
74 35
94 38
73 11
85 14
91 62
82 100
72 71
66 26
57 92
9 33
24 32
9 39
14 25
84 94
