4000 122911
36 94
97 97
17 90
33 66
51 91
48 16
13 23
47 54
33 75
39 60
54 63
69 86
94 81
27 52
89 96
73 55
25 96
24 19
81 85
80 7
84 37
47 37
6 6
8 64
85 78
72 65
39 20
44 27
68 57
95 58
53 32
3 2
91 54
69 73
87 67
93 96
68 88
99 41
39 49
53 15
38 100
44 63
21 52
83 32
22 14
62 47
56 86
99 10
85 65
88 22
78 68
20 54
87 10
83 25
28 17
71 88
6 89
18 36
67 14
74 97
12 93
71 97
76 98
54 98
92 70
63 64
46 93
59 9
61 4
36 93
11 23
50 55
32 56
84 75
85 86
53 69
45 73
92 71
51 30
29 90
31 93
80 97
48 43
17 2
15 21
27 59
40 41
20 61
44 46
6 6
93 57
7 90
76 55
21 54
60 39
67 24
83 69
57 83
78 84
95 72
93 75
88 7
97 78
24 82
71 33
33 63
28 3
15 57
24 86
31 84
95 46
54 30
10 33
95 40
23 83
24 53
21 50
62 24
96 66
17 47
67 81
88 74
75 36
94 35
8 80
35 74
13 10
42 48
43 56
90 94
89 72
35 83
77 52
37 49
10 16
100 36
69 12
90 18
66 92
92 49
20 2
61 90
97 78
29 34
7 29
19 60
5 38
27 31
80 35
52 55
95 77
98 16
39 29
70 13
44 2
99 8
56 38
56 12
92 7
98 46
45 57
32 78
85 80
73 8
68 79
94 95
24 95
88 42
83 13
90 86
31 90
54 66
2 27
28 67
35 51
8 8
98 78
91 88
86 38
78 13
42 43
81 14
27 80
32 23
2 78
70 81
30 82
57 68
77 44
74 88
6 13
73 52
57 18
90 44
98 11
77 96
36 38
21 5
64 37
70 2
10 43
95 78
24 67
63 69
74 96
58 17
70 28
71 73
48 57
8 65
100 85
41 51
40 79
27 64
72 25
41 8
48 97
54 6
49 75
77 92
27 93
6 39
49 96
35 62
96 82
46 6
11 57
83 72
19 63
75 45
4 73
28 5
21 74
27 40
43 25
94 69
36 8
12 5
16 42
35 16
19 69
16 26
27 66
10 99
42 42
99 90
50 7
41 90
52 47
50 33
17 33
30 92
56 24
18 28
64 53
3 57
63 86
75 62
85 28
81 48
1 58
88 1
61 4
21 32
67 92
3 80
66 100
54 51
66 84
81 41
41 67
37 5
96 19
67 84
46 3
89 12
65 26
48 61
82 53
68 72
97 46
98 85
97 63
52 69
15 65
13 68
6 25
30 2
87 29
90 53
62 49
39 38
30 5
74 4
59 69
48 96
28 83
76 21
1 46
46 19
56 13
93 64
82 23
52 83
60 100
79 77
92 46
76 25
26 38
73 98
96 48
75 83
23 35
92 63
26 3
89 51
56 30
32 27
70 52
42 10
73 31
32 100
80 47
54 35
57 55
90 68
1 82
85 89
65 40
54 80
30 7
21 52
46 95
63 81
24 87
57 94
41 58
67 32
85 18
19 95
92 82
80 18
93 29
14 16
23 80
70 83
54 66
79 9
53 61
24 69
20 70
26 44
55 20
52 68
79 78
11 74
93 87
32 12
47 62
10 26
37 43
28 69
30 30
34 37
90 1
5 16
91 31
83 58
23 47
27 100
1 4
14 28
6 17
93 84
79 95
28 96
14 66
33 12
6 56
67 79
56 80
78 77
92 22
10 99
81 45
22 51
72 72
73 31
5 62
71 86
82 57
41 4
98 6
63 38
75 93
40 6
19 53
17 23
22 64
94 51
43 74
74 67
7 31
48 43
66 3
86 25
27 90
31 68
18 89
33 46
97 46
73 68
62 74
40 19
34 67
94 18
14 70
57 90
18 1
18 83
27 75
52 57
11 87
77 80
66 94
37 31
16 86
85 98
53 53
37 1
78 48
47 78
10 19
36 30
46 20
27 21
73 7
72 10
57 41
90 95
56 7
6 38
14 62
69 80
45 57
99 80
62 50
58 26
8 22
80 50
28 8
86 96
31 58
90 46
62 28
96 3
78 76
77 65
32 100
30 80
65 65
61 99
28 10
26 83
97 29
73 29
4 56
69 87
44 90
61 96
11 81
52 96
18 33
76 94
20 28
62 89
75 26
82 77
72 66
34 47
13 26
51 26
19 42
43 83
92 23
33 21
90 85
69 99
61 85
22 36
50 30
26 1
82 34
77 91
3 36
30 14
49 20
7 91
99 100
44 61
67 86
9 32
47 9
36 70
36 26
67 36
97 11
10 51
100 64
20 76
95 97
12 41
70 53
14 90
6 75
13 76
46 63
95 11
81 26
58 47
68 46
30 7
83 48
50 31
58 98
86 83
79 97
58 69
44 25
29 48
2 29
62 10
89 80
100 37
97 31
25 57
66 72
93 41
86 59
17 87
65 69
81 7
80 27
86 21
46 96
85 1
99 96
43 58
32 11
79 21
100 57
99 56
61 28
83 56
100 39
18 77
20 90
31 35
76 45
63 14
59 82
29 73
24 75
48 13
28 62
20 5
24 69
46 85
64 46
9 27
62 72
28 14
89 33
94 98
14 34
34 81
30 51
64 82
76 90
61 61
42 54
76 46
12 69
54 81
10 53
63 7
72 9
81 42
93 93
99 53
95 55
52 26
27 78
70 29
51 39
6 39
41 34
74 7
51 23
56 31
34 34
65 94
84 44
23 18
58 44
49 29
8 98
87 94
64 10
36 88
100 54
5 64
63 85
63 74
11 96
24 38
25 80
34 57
4 31
18 24
32 9
50 86
21 50
10 86
19 66
23 88
15 76
59 51
96 94
66 99
66 81
81 79
82 44
1 76
3 49
39 87
49 5
63 98
77 80
64 66
98 37
28 86
21 81
12 22
90 59
31 29
35 11
15 91
64 85
90 41
84 66
95 45
39 78
4 15
4 83
57 44
26 2
70 58
67 94
73 48
87 8
32 27
53 78
68 52
33 2
8 78
58 38
33 58
70 76
87 70
97 76
19 12
14 7
17 8
30 85
4 17
47 88
16 95
70 7
62 24
5 88
53 73
8 69
43 65
8 39
11 3
51 60
33 93
32 60
17 6
57 92
19 68
100 32
61 21
86 19
84 85
68 99
96 8
17 95
89 74
82 29
65 22
7 85
47 35
33 29
88 70
2 52
31 69
3 16
71 10
92 92
7 3
75 34
99 60
1 20
82 73
61 14
51 79
66 17
92 74
67 36
22 8
62 93
19 19
83 28
100 11
2 56
2 26
95 70
70 50
91 51
28 99
34 23
49 88
74 85
66 3
37 9
76 36
96 71
91 24
98 98
39 63
50 79
73 31
37 74
50 98
6 55
49 88
1 28
72 71
93 13
19 16
45 78
54 5
37 34
27 58
53 67
39 89
81 35
47 36
8 90
71 86
26 86
94 12
71 73
100 71
11 15
7 81
75 58
59 37
50 56
24 55
97 99
99 34
96 86
86 25
100 83
2 40
34 12
100 63
25 63
26 76
19 78
69 92
32 80
7 11
48 49
84 46
45 52
28 84
83 33
5 41
50 69
8 71
50 5
20 93
7 93
60 71
79 25
33 50
18 7
28 32
57 5
67 58
78 66
4 42
4 82
77 100
5 33
89 45
29 62
29 95
15 20
99 39
50 87
98 51
5 2
97 87
81 48
2 53
24 70
63 80
58 45
73 90
23 2
7 49
92 34
81 94
18 19
70 58
66 44
88 78
49 90
22 100
6 35
78 7
77 41
9 68
7 58
82 25
97 64
35 20
62 20
63 83
33 10
63 58
60 85
89 11
59 44
41 32
42 15
34 14
55 63
99 60
6 55
29 65
57 60
50 89
10 58
75 31
71 98
75 53
14 8
72 39
48 52
19 94
49 97
24 44
27 61
55 55
57 69
75 24
41 26
71 40
38 58
25 35
33 97
97 42
14 98
92 92
89 25
7 64
25 57
96 87
6 23
83 12
24 3
14 83
84 52
33 13
40 13
6 49
59 65
53 72
77 88
6 69
23 65
78 36
30 12
1 77
84 90
38 80
76 52
25 67
8 19
13 61
49 54
41 67
61 54
14 3
84 59
2 78
21 66
60 15
97 16
78 89
94 78
20 19
43 23
77 29
5 31
83 87
83 78
63 95
87 10
11 17
21 63
10 74
88 52
50 27
10 2
72 94
39 6
37 53
48 12
47 77
49 13
48 65
39 95
62 66
62 67
22 53
63 95
34 33
81 20
11 10
63 73
27 97
82 28
5 47
3 26
86 10
87 85
37 55
1 5
74 94
48 71
21 19
35 19
87 74
22 97
44 72
10 19
60 3
81 24
9 31
6 31
81 88
57 47
44 25
94 5
70 14
17 30
8 99
3 98
50 1
18 60
17 70
76 97
100 88
73 68
30 74
37 49
60 52
67 28
37 5
85 97
66 50
57 24
71 15
4 76
78 20
14 86
14 94
38 74
46 61
74 76
95 56
79 100
30 75
91 33
72 4
99 88
7 14
32 54
53 85
8 14
49 13
69 6
83 10
100 52
42 73
13 84
37 1
53 76
31 11
25 5
89 72
96 13
34 80
59 38
99 88
63 52
24 75
64 33
100 77
22 87
38 61
47 33
100 86
19 35
37 17
23 41
18 22
95 30
54 46
70 58
3 43
55 58
91 15
85 4
6 62
84 39
49 87
94 14
36 14
79 50
71 70
76 37
26 62
4 50
86 26
77 1
66 53
9 52
92 33
18 29
30 38
81 93
64 13
81 23
100 27
52 29
56 15
17 100
46 10
61 60
38 57
48 52
67 69
28 23
85 8
73 82
11 61
85 94
18 95
98 26
64 95
88 17
25 14
41 8
91 66
10 39
17 8
57 70
19 90
9 41
26 50
100 79
89 85
89 63
81 53
88 12
40 43
88 67
56 63
37 5
48 78
94 72
85 8
15 47
73 94
21 15
39 80
36 55
5 9
56 75
33 32
68 55
96 91
10 46
9 63
86 8
19 36
77 70
94 29
37 78
85 62
19 78
89 56
26 47
59 92
21 9
65 10
50 87
8 27
21 72
87 91
55 5
14 43
71 98
21 3
38 37
43 13
59 82
73 43
47 73
67 56
58 74
67 79
62 98
67 71
27 41
99 57
85 7
3 63
93 85
74 84
40 24
63 15
62 91
65 70
22 6
82 99
29 31
71 92
41 26
49 3
57 34
47 82
14 45
79 32
68 84
4 33
21 96
78 65
76 27
20 20
44 73
33 53
86 98
57 70
51 23
12 39
56 79
36 81
66 1
100 15
61 16
5 76
14 29
22 7
21 98
35 87
55 57
50 28
58 78
47 82
50 30
66 12
93 15
16 27
97 95
60 98
19 11
17 90
90 63
46 38
88 9
85 87
31 90
73 6
42 8
81 12
36 96
49 86
68 45
2 48
100 1
28 60
6 24
13 81
1 66
27 21
100 67
7 23
28 48
9 97
53 56
29 30
74 8
46 71
44 8
22 54
57 20
14 18
39 95
98 34
12 7
78 55
83 20
42 96
51 60
76 28
22 60
86 8
76 65
42 56
87 55
27 17
69 15
45 78
39 98
22 81
23 98
90 64
28 55
50 98
98 60
81 10
30 79
24 19
78 32
26 86
45 72
86 52
39 55
35 18
84 37
2 62
13 72
18 57
43 9
15 84
93 36
17 20
100 91
20 100
58 75
39 45
46 17
78 90
83 23
36 14
99 22
57 72
26 29
27 76
6 21
75 41
59 37
87 99
98 59
88 69
12 36
95 83
73 72
3 91
29 100
8 8
4 4
93 24
25 16
47 64
7 7
69 51
15 36
7 97
88 3
72 10
97 93
85 19
1 51
31 15
21 84
100 72
87 39
46 64
78 99
44 59
72 4
36 36
30 10
70 63
23 56
42 45
64 97
47 79
44 87
44 48
55 86
47 42
37 71
31 2
45 58
43 77
100 4
11 93
1 25
39 6
82 2
49 18
24 76
83 5
79 84
44 11
34 28
65 22
41 75
11 27
8 33
12 30
98 14
90 94
33 44
20 21
31 90
48 40
18 99
26 77
44 40
72 84
24 70
80 10
3 37
69 27
74 39
54 93
31 71
27 63
92 50
13 25
75 32
67 78
47 29
6 16
62 88
32 56
70 89
54 14
42 34
30 73
18 44
39 99
19 66
50 87
10 19
49 56
50 79
27 17
26 84
93 18
51 53
49 5
72 79
5 41
69 84
97 69
58 33
100 54
75 84
1 35
64 78
2 15
68 12
62 6
7 82
81 51
93 14
76 71
35 65
86 47
57 43
52 60
24 98
75 61
53 98
85 16
75 68
2 28
11 33
100 51
94 45
61 37
1 55
17 76
17 77
69 38
66 44
74 62
68 44
40 79
27 96
83 21
41 94
46 59
44 27
99 75
26 9
36 92
75 97
60 25
21 90
31 92
63 84
96 87
58 4
16 34
80 3
84 71
69 61
43 87
84 21
63 6
55 75
84 27
31 33
72 51
4 17
96 28
97 64
24 60
88 7
23 11
6 80
80 100
20 69
2 58
79 26
46 78
89 49
5 75
57 2
62 91
87 18
72 38
57 77
44 21
87 71
89 31
28 91
55 31
31 17
63 11
69 88
85 43
98 89
52 20
8 94
1 5
47 48
5 57
76 16
86 6
79 68
34 48
66 5
99 88
35 5
96 82
96 65
23 6
100 8
4 19
84 96
86 25
75 8
93 24
82 45
13 78
81 55
9 35
20 8
63 23
23 97
40 48
47 66
20 38
91 67
7 11
72 94
38 66
63 19
100 10
75 71
41 38
33 57
92 27
91 26
67 13
87 61
38 42
41 70
86 68
42 12
77 17
24 93
68 19
69 41
5 89
33 96
49 47
65 76
52 56
63 21
87 72
91 3
9 86
58 9
82 21
67 48
81 3
71 87
29 67
32 64
97 9
70 4
64 72
89 36
12 81
82 84
75 48
50 75
75 6
61 15
43 86
51 22
84 59
62 5
19 14
40 48
94 52
19 60
4 23
45 7
81 81
42 46
88 61
41 18
51 7
21 82
8 66
83 9
43 20
36 32
15 72
39 28
57 87
78 95
27 15
21 20
12 78
2 14
70 94
86 83
14 29
64 79
36 57
97 39
25 35
6 70
88 38
71 87
76 30
91 12
67 45
8 62
84 58
54 6
100 79
86 64
74 87
59 44
68 24
68 58
47 27
82 47
7 37
3 66
12 41
33 52
23 85
23 70
34 65
44 30
8 5
47 45
59 60
95 61
95 84
36 95
52 30
82 73
6 81
27 11
24 85
72 25
86 72
59 94
78 30
85 51
44 57
3 68
44 94
64 32
71 25
90 21
45 30
77 62
44 86
56 70
9 65
19 22
30 91
95 81
14 51
89 95
41 78
73 10
83 55
88 13
8 4
86 85
21 85
65 36
12 47
97 21
88 13
49 19
7 14
65 94
34 69
51 22
68 14
29 14
14 53
38 90
70 86
10 82
14 3
13 23
18 3
74 19
31 44
47 94
68 100
97 46
36 88
61 29
69 56
70 95
48 93
28 11
56 31
20 77
44 99
19 77
16 50
31 63
68 95
23 63
96 56
53 15
25 85
63 21
81 29
90 37
100 11
2 14
99 71
65 13
14 37
16 73
38 32
97 32
15 18
6 83
93 78
50 6
18 63
13 85
19 100
65 55
92 47
26 30
36 83
35 45
45 58
52 32
65 7
12 53
26 95
60 15
16 67
2 79
22 35
48 95
91 67
73 45
49 61
89 89
89 10
14 49
57 62
27 41
10 80
71 31
84 75
54 57
72 88
1 37
18 93
42 87
17 91
9 40
68 68
4 73
43 84
12 26
55 5
8 43
75 30
32 51
19 9
42 96
33 81
93 43
89 43
75 47
65 40
37 55
64 36
6 49
50 3
72 49
84 41
12 82
94 79
67 15
65 91
65 67
19 51
35 83
6 5
87 93
43 22
73 25
90 17
86 58
36 2
97 21
45 52
62 83
80 23
63 60
3 30
65 3
55 54
91 72
39 2
72 45
27 26
54 89
77 45
29 28
25 37
60 37
40 62
18 67
78 51
56 52
82 85
48 53
90 86
40 42
86 97
85 60
12 18
75 14
70 69
100 71
23 86
66 20
61 53
3 9
28 31
64 82
67 63
35 36
54 6
57 64
6 81
33 83
11 52
34 77
13 63
35 40
93 14
4 76
5 7
22 16
59 27
38 43
21 69
1 64
77 36
6 17
85 23
41 53
80 30
6 91
40 75
55 16
23 10
100 27
9 76
50 92
63 61
27 38
84 28
69 18
83 2
41 60
53 52
93 53
74 88
17 14
80 93
18 1
20 89
84 51
91 17
78 67
21 45
11 37
30 31
50 81
16 5
66 5
90 85
48 35
71 96
29 60
2 50
45 57
80 38
62 77
95 49
95 50
88 14
30 28
15 67
70 15
23 39
67 71
63 20
48 78
83 84
94 64
18 79
2 25
77 66
8 47
31 43
49 10
19 35
13 25
50 42
86 39
78 30
39 27
33 25
1 25
19 38
86 26
45 81
99 27
47 2
91 81
93 77
86 16
21 60
59 95
56 82
95 50
25 65
70 1
42 28
59 1
63 64
59 58
12 77
91 81
67 56
94 19
91 91
37 42
6 96
41 84
74 80
36 25
31 10
59 57
88 49
50 99
44 82
32 81
100 26
43 84
75 14
44 54
80 51
47 73
2 100
87 32
41 75
78 17
56 85
82 2
36 69
70 100
93 59
99 45
12 81
11 66
44 15
3 23
47 7
2 10
95 6
72 38
37 34
25 68
30 94
76 34
74 66
26 76
7 67
73 43
20 11
81 80
16 48
99 13
27 4
17 48
86 44
19 78
94 64
93 80
53 31
81 84
15 80
45 89
31 28
26 60
55 6
75 94
80 82
53 12
28 56
74 39
24 50
16 41
99 6
6 43
91 75
24 24
31 70
49 93
49 66
2 32
82 72
16 14
100 44
60 27
33 13
37 40
79 57
78 28
30 19
31 87
11 11
96 98
27 28
41 90
21 9
81 33
67 83
53 42
85 45
46 90
26 81
8 94
61 31
76 38
65 88
3 57
52 61
95 58
52 49
100 27
48 89
33 72
15 92
48 33
44 98
99 56
36 72
22 54
29 35
17 42
4 93
39 45
12 40
30 20
31 86
33 100
62 52
50 68
85 42
46 48
95 58
62 74
6 41
8 40
90 11
70 29
10 96
41 72
17 38
13 44
40 50
64 26
97 15
6 93
63 10
41 64
5 48
99 33
14 70
33 82
15 75
18 62
23 78
27 66
99 33
5 63
11 65
61 84
54 82
47 58
58 32
1 91
8 31
63 24
8 30
49 42
85 4
69 25
89 13
1 41
82 20
80 14
16 19
78 86
86 6
79 80
18 50
42 5
29 13
32 71
26 86
95 39
1 84
100 15
21 4
99 16
4 77
83 20
11 51
58 10
29 78
69 34
10 1
89 60
83 10
17 82
37 1
67 13
37 7
78 65
19 6
18 26
57 78
35 76
48 12
94 35
65 55
65 13
87 39
45 19
48 35
64 76
39 57
48 18
63 90
12 12
99 33
67 18
94 84
9 35
76 28
75 61
29 69
85 80
15 20
12 78
53 61
51 73
30 42
41 19
28 89
49 47
59 97
37 67
35 22
58 60
30 53
51 29
22 72
69 92
95 47
22 58
32 19
85 4
21 75
95 9
96 67
19 59
13 78
42 50
80 93
40 57
68 62
60 13
76 36
82 34
23 42
80 49
84 6
53 84
20 19
12 94
1 82
30 15
100 12
87 4
87 74
81 65
37 84
61 97
49 8
83 30
34 54
33 26
19 85
54 28
79 86
67 52
25 38
91 16
8 53
56 31
82 72
27 15
15 43
57 60
8 48
38 85
36 60
91 5
42 20
7 78
54 98
42 1
37 93
53 62
80 56
75 18
34 78
68 39
87 15
34 85
50 69
20 20
66 62
68 5
74 100
44 100
34 8
50 37
86 15
93 61
5 19
67 38
71 27
71 14
23 49
78 74
8 50
10 8
21 78
49 69
69 86
74 27
42 21
57 30
79 40
73 77
31 47
64 17
40 67
18 13
97 53
41 87
89 85
63 15
9 92
62 84
58 66
94 99
63 72
44 32
39 11
67 91
10 69
9 37
38 56
85 18
39 10
97 5
46 25
59 39
98 25
14 62
84 18
91 45
70 91
14 57
64 73
53 90
77 74
55 40
22 2
74 26
96 78
10 38
88 92
56 69
72 21
45 57
49 20
86 45
88 88
39 30
53 87
98 9
100 67
42 42
34 26
38 28
90 46
79 2
48 19
39 70
45 16
31 36
30 66
14 6
45 44
45 39
18 95
21 17
51 30
39 49
46 95
46 7
49 86
33 38
1 76
72 59
30 47
2 95
57 55
17 86
92 76
9 41
66 94
91 42
2 82
99 71
28 70
92 79
30 25
75 40
82 100
26 40
58 75
63 65
91 97
54 18
59 55
9 92
74 87
10 84
47 92
72 33
55 91
95 29
56 22
8 18
18 39
85 68
9 64
75 93
2 54
100 39
35 33
19 99
91 81
37 66
70 22
70 2
80 96
99 46
45 41
13 47
24 85
54 67
76 64
66 81
7 36
34 18
74 24
32 74
43 2
21 67
3 58
98 44
67 48
59 80
57 61
85 86
43 47
65 24
11 79
96 52
16 14
45 63
15 51
58 46
33 29
84 72
28 99
64 76
34 17
24 91
77 23
57 53
77 57
52 86
74 85
83 45
37 3
48 61
14 18
80 56
20 27
69 76
29 99
38 74
27 55
85 11
74 12
21 53
1 86
84 90
17 5
16 100
81 4
31 55
26 97
13 84
66 78
53 96
29 60
99 46
76 86
57 82
7 50
4 95
60 67
80 34
38 39
96 69
27 94
51 8
27 77
46 73
19 35
55 27
36 98
97 41
91 38
9 9
18 94
91 75
93 50
86 50
59 26
73 54
68 56
84 23
37 37
33 33
88 18
17 48
31 30
15 3
73 29
37 79
18 97
32 95
68 12
7 87
80 16
95 58
57 95
6 92
92 30
28 81
13 18
27 79
76 22
3 7
88 40
45 67
46 34
80 41
30 16
4 59
4 46
49 71
39 81
92 35
81 55
78 98
61 82
63 84
92 53
33 11
51 62
61 1
17 5
19 73
67 88
96 72
65 82
75 34
1 63
56 63
54 14
65 33
35 42
30 87
68 91
22 33
26 53
13 24
53 73
8 68
68 83
8 19
56 90
58 15
99 53
89 44
35 65
59 34
51 79
78 69
44 44
54 40
90 69
60 1
72 65
56 8
7 72
36 46
82 93
59 87
43 9
36 59
24 71
29 2
17 45
43 61
50 34
42 50
55 37
54 6
49 69
74 19
61 76
57 59
31 85
12 28
45 54
17 49
70 14
95 33
94 17
65 9
48 72
35 38
76 9
71 88
90 97
34 33
58 34
23 90
93 71
1 94
58 48
68 41
81 47
26 44
10 53
31 80
68 93
16 89
84 37
68 62
89 59
97 13
24 20
71 44
8 92
68 25
87 44
29 5
15 57
32 13
94 66
14 81
66 50
21 74
37 68
7 46
55 58
94 53
29 87
47 80
46 98
39 34
66 72
27 44
64 78
75 25
9 75
83 22
90 13
92 12
51 83
78 24
40 76
26 54
48 67
47 19
94 31
86 62
76 76
60 87
69 74
21 41
73 19
34 75
41 66
9 39
40 73
95 24
3 91
20 59
41 55
100 89
58 45
6 27
26 84
74 74
32 51
34 59
8 95
21 15
78 70
58 30
50 90
17 97
84 35
49 56
64 15
29 65
86 70
39 42
88 52
54 95
11 82
60 22
87 70
51 48
21 60
78 42
46 23
75 3
50 52
38 77
74 43
59 48
96 55
100 26
84 21
27 57
85 84
92 68
100 72
62 5
49 97
1 61
79 53
84 31
50 69
94 20
64 48
87 90
84 61
51 51
41 84
94 43
63 72
79 53
44 42
83 84
9 46
89 64
9 86
58 50
79 92
82 80
68 97
74 47
33 5
52 18
100 3
70 41
43 37
51 26
31 97
43 33
52 39
61 50
27 15
53 59
54 21
42 14
39 48
89 81
93 64
79 31
82 23
55 36
10 84
26 16
89 19
18 81
66 79
49 56
75 30
44 23
82 35
94 27
69 69
67 91
45 96
21 23
36 83
87 32
71 1
66 80
82 16
74 39
79 81
60 82
26 97
32 1
1 96
65 44
21 81
93 11
95 74
54 56
99 46
4 9
31 71
39 16
21 42
49 2
39 23
47 71
44 24
21 9
93 49
13 44
87 100
37 96
33 18
22 82
76 79
55 18
39 13
57 46
29 56
17 93
68 80
6 4
1 93
68 27
22 47
73 26
13 37
17 73
26 81
63 35
72 81
9 3
2 50
45 22
57 56
92 25
43 45
100 31
12 33
35 45
12 74
50 32
24 41
96 44
71 66
99 71
3 61
62 78
7 17
31 69
78 71
26 96
88 72
30 15
93 74
10 71
2 40
5 10
78 43
80 72
20 44
1 75
88 75
73 46
45 49
44 30
64 70
40 45
95 61
76 2
26 89
7 86
77 86
49 81
54 81
48 51
99 52
56 42
61 80
57 20
38 62
90 2
82 15
26 85
20 17
27 40
87 55
73 8
83 49
64 49
52 80
2 45
64 24
39 6
74 90
61 24
34 87
38 11
52 68
29 99
65 12
77 56
87 85
41 49
78 89
40 17
40 51
76 40
48 10
100 31
85 59
85 71
42 32
66 25
62 56
61 100
92 64
48 62
33 8
75 64
63 11
37 39
76 8
79 34
75 44
2 49
91 9
61 30
39 59
42 76
89 81
55 23
18 83
27 17
95 71
47 71
66 33
87 74
23 62
65 43
86 4
7 72
2 13
27 87
24 96
63 20
39 87
16 11
63 82
24 46
42 27
77 92
60 84
69 34
55 77
86 79
70 35
97 85
46 60
8 93
38 12
86 40
62 15
8 46
12 56
9 38
54 69
30 89
95 11
28 30
94 83
32 66
86 2
47 95
11 52
10 49
62 67
49 90
25 12
24 48
72 87
18 38
52 91
83 22
86 23
59 19
69 100
56 57
55 55
66 12
15 50
93 66
52 51
29 16
52 63
15 59
37 5
57 31
44 99
31 15
85 61
90 81
62 32
70 14
36 27
24 84
79 62
97 45
73 25
55 25
72 92
96 12
72 62
76 34
31 33
10 37
34 4
99 85
65 93
88 58
16 96
31 94
32 75
67 98
59 62
83 38
34 8
95 66
40 68
29 58
77 33
76 28
18 90
91 64
45 93
6 17
14 99
76 7
54 13
38 24
30 31
78 57
34 87
54 45
53 90
64 19
63 81
86 94
14 55
79 25
25 51
29 2
9 19
57 78
48 52
20 32
91 15
33 11
14 97
82 82
61 69
43 81
57 62
79 58
33 45
2 54
36 26
98 43
29 12
89 39
36 18
58 43
66 95
21 4
63 87
18 36
84 75
77 19
55 29
49 29
55 43
80 32
29 83
16 13
36 61
76 34
35 44
78 75
60 44
100 93
60 8
21 64
94 73
16 69
99 22
78 69
69 75
86 99
76 12
97 86
74 89
11 81
7 80
92 83
83 85
69 18
9 71
66 11
46 36
16 51
66 91
52 31
95 82
94 73
19 43
82 42
22 58
5 39
59 68
81 54
57 31
18 76
1 17
50 55
34 96
51 90
28 24
2 70
36 41
55 87
99 8
62 29
65 67
57 87
53 64
47 3
25 5
13 34
64 13
22 92
28 84
81 4
26 22
74 18
26 28
44 17
55 11
47 86
49 7
14 79
80 39
5 37
83 6
32 7
6 43
16 1
83 49
33 66
70 23
70 89
87 4
20 82
31 17
3 71
76 68
35 80
1 25
52 24
48 13
16 38
74 68
75 97
48 93
99 89
1 14
74 20
94 57
55 24
20 57
42 63
20 54
99 47
98 51
3 59
83 54
56 94
70 60
65 2
40 11
91 34
86 90
79 15
10 15
17 58
81 37
37 34
3 38
34 61
89 10
50 2
1 50
14 77
77 98
49 94
64 17
77 63
22 66
57 74
83 39
93 22
51 88
3 92
44 69
48 39
57 51
26 74
55 84
26 62
90 75
95 94
17 95
27 16
73 8
78 61
95 73
5 96
67 94
98 62
38 57
7 3
47 64
91 58
20 31
75 13
39 52
83 48
3 28
12 17
91 21
86 66
4 90
41 8
40 57
47 58
41 98
96 59
72 31
95 81
21 72
13 57
89 75
89 66
40 24
61 34
19 78
34 49
66 30
85 72
83 10
55 38
91 26
82 25
97 47
62 57
56 38
35 98
96 4
11 17
98 66
86 76
96 82
2 56
27 35
87 90
100 65
67 85
82 49
24 48
61 65
54 72
36 4
2 91
95 38
27 28
14 77
13 67
13 28
31 6
97 90
95 37
38 95
39 16
76 62
34 41
100 24
84 51
21 91
95 79
94 19
18 8
32 6
41 100
19 15
58 40
27 89
71 80
76 24
8 89
94 27
89 41
61 61
81 82
90 31
7 50
8 61
55 7
19 68
72 88
86 64
67 58
66 77
23 10
5 25
94 90
56 3
56 48
77 92
76 45
2 26
22 10
94 52
34 83
62 9
64 67
43 22
88 49
34 98
19 98
47 90
79 76
7 38
59 2
60 9
48 20
66 3
19 70
2 79
84 70
90 9
39 42
3 27
7 85
61 4
7 51
100 74
69 6
15 50
28 65
44 50
16 27
1 74
89 53
1 9
62 34
53 71
44 31
1 35
38 68
14 80
99 24
17 95
72 69
58 77
28 4
71 88
75 79
46 25
24 18
10 48
35 33
63 12
12 75
93 70
23 15
71 77
93 95
43 20
37 27
72 12
87 21
4 53
73 37
27 73
5 62
86 71
31 44
100 44
39 57
69 63
65 75
37 80
37 10
36 43
46 8
16 13
58 82
72 86
61 89
81 100
82 33
47 73
43 11
45 59
39 42
18 25
67 88
31 37
60 96
3 14
55 48
98 68
7 18
79 84
25 40
63 31
64 6
55 35
14 74
2 62
75 50
30 48
91 93
11 59
65 42
36 100
78 23
22 24
8 37
38 11
54 23
41 70
84 83
97 33
37 80
23 77
14 9
4 67
5 13
25 56
6 32
11 12
23 23
64 50
89 47
47 14
78 80
5 5
1 1
43 6
6 18
76 50
72 53
48 11
38 8
36 47
84 62
68 30
9 70
43 51
5 92
15 92
35 72
89 74
11 76
71 51
63 50
76 84
26 70
19 14
100 91
84 1
30 77
22 13
47 50
70 76
20 26
77 82
74 80
73 78
19 87
80 97
100 27
91 91
79 59
89 86
78 37
62 73
56 15
39 6
56 23
61 58
53 49
42 94
1 32
15 24
13 96
15 33
90 59
90 65
33 99
41 49
73 66
14 75
15 61
20 67
84 2
34 39
48 48
57 81
58 16
66 86
88 30
57 95
8 77
67 40
46 80
86 65
80 12
1 47
76 23
88 86
13 4
80 71
29 31
65 87
94 95
93 27
79 20
35 53
83 43
64 18
75 54
55 60
77 44
89 14
26 79
12 46
75 4
73 26
69 78
32 72
91 64
8 59
41 66
50 92
74 99
86 45
87 56
54 62
38 43
62 78
93 100
3 47
41 1
21 30
67 85
86 95
14 8
98 4
20 99
48 51
61 73
95 52
2 62
89 69
35 18
80 40
53 66
9 73
52 66
21 95
93 44
94 81
80 54
33 9
44 72
54 52
18 6
30 79
59 13
7 48
44 9
51 64
9 46
36 9
23 94
28 31
22 55
88 1
25 86
41 53
35 3
37 11
35 57
89 65
77 31
70 74
68 4
29 96
30 46
71 21
1 90
22 42
65 53
81 95
54 50
60 24
86 46
23 7
41 55
96 11
82 7
84 63
98 74
42 4
20 71
20 19
69 86
41 25
8 72
45 24
81 29
94 74
81 34
68 85
82 90
10 16
89 10
49 46
38 63
18 8
72 66
39 4
92 1
36 19
71 99
97 50
95 94
56 44
72 9
35 48
51 6
53 67
71 10
100 32
46 70
90 32
19 50
15 56
82 56
78 21
59 79
14 37
24 47
92 64
81 21
5 36
1 79
21 83
6 81
90 93
39 42
77 99
80 96
82 42
64 69
50 94
78 43
10 62
57 90
49 3
96 62
59 95
53 69
66 71
58 26
99 39
7 3
29 28
65 46
88 10
6 100
75 76
54 46
81 46
66 39
34 19
38 34
18 69
7 53
95 14
8 61
45 94
23 64
87 8
26 87
86 32
89 2
55 29
47 46
45 91
56 32
42 7
4 37
60 52
60 29
13 15
10 90
18 83
41 42
74 87
58 93
99 93
1 62
11 90
79 39
18 52
96 60
16 72
36 72
2 12
10 37
95 84
46 57
84 53
33 92
23 95
69 84
21 93
30 24
67 29
18 35
37 7
9 87
73 23
96 58
20 16
85 89
6 100
37 98
26 82
31 86
94 42
76 75
31 100
4 32
54 13
49 51
100 43
22 36
36 23
53 7
83 72
30 6
51 63
67 24
14 97
25 58
87 60
87 41
54 33
54 40
4 27
90 91
14 27
76 2
38 100
33 94
12 90
43 51
69 91
89 72
73 89
15 33
64 46
56 88
70 16
70 58
4 38
21 58
43 93
39 12
74 16
25 16
20 18
24 79
43 92
33 66
48 88
30 51
19 59
54 72
35 42
74 85
43 62
48 68
49 86
80 61
80 61
13 76
74 64
100 4
1 47
99 52
66 88
17 44
54 39
36 55
86 53
9 28
56 64
80 45
47 40
81 80
4 12
66 9
4 58
99 3
50 74
4 97
80 5
69 32
57 68
14 47
94 69
51 29
61 66
43 6
83 41
92 79
7 81
8 4
43 34
59 79
6 55
9 21
75 74
11 45
96 75
12 26
19 73
3 38
91 22
65 12
84 69
47 34
82 20
39 26
45 88
84 45
42 74
76 45
4 29
50 41
89 43
97 97
53 21
1 8
91 2
87 62
92 38
97 35
94 17
86 71
56 65
100 24
46 43
82 39
62 20
41 17
94 64
81 92
96 7
36 38
97 55
79 75
82 71
31 26
17 53
78 10
14 71
11 26
53 54
69 51
12 19
93 96
65 47
64 39
93 56
8 100
50 52
36 45
4 86
44 69
74 16
11 51
95 44
19 58
45 41
8 63
12 27
38 56
88 55
7 85
25 93
37 61
37 59
7 15
67 87
5 63
36 77
32 9
15 89
41 30
100 59
79 7
33 78
16 57
42 97
78 85
23 56
44 49
13 29
79 42
39 69
86 96
89 44
85 12
57 54
33 36
92 74
68 32
22 91
32 80
74 16
47 36
68 41
62 74
5 50
34 79
66 89
92 26
17 39
33 29
32 8
16 97
11 87
17 37
31 53
4 83
94 21
6 60
47 31
6 1
84 53
37 99
44 97
24 96
21 62
100 2
9 31
65 36
67 33
30 74
96 67
92 48
28 9
63 59
5 73
84 10
48 37
70 13
76 88
16 75
2 41
59 95
31 23
64 27
75 83
13 27
68 10
68 55
18 39
66 92
26 55
53 91
3 43
69 3
77 39
75 4
68 4
85 21
39 91
86 88
66 46
86 58
29 87
46 6
100 16
33 12
29 16
99 5
54 24
56 3
14 31
56 65
15 49
44 54
71 43
89 83
9 32
38 4
9 37
78 70
56 96
34 91
31 13
10 38
2 46
59 3
84 41
21 49
95 75
75 32
58 89
12 21
60 41
38 75
57 26
60 56
70 86
38 41
58 12
23 62
45 95
72 43
30 26
59 95
67 48
1 20
100 77
27 31
90 24
8 13
5 53
97 19
41 56
87 17
6 8
