500 7610
43 100
68 74
82 30
54 92
82 14
39 86
51 17
70 63
50 59
50 36
31 58
37 2
47 84
56 87
45 39
81 92
38 97
19 30
54 43
27 61
28 78
64 60
71 84
20 36
12 38
2 60
4 72
8 49
78 82
69 7
80 88
73 81
88 80
61 70
26 72
22 45
52 55
28 40
91 59
1 65
30 28
73 16
90 67
76 11
80 55
34 57
9 54
17 51
52 86
14 96
96 11
79 15
77 7
66 47
51 51
41 44
19 6
6 22
100 92
96 87
26 80
79 32
20 19
14 11
92 53
97 43
35 7
43 7
25 34
77 66
95 72
6 61
49 81
84 90
33 23
29 35
69 46
41 28
45 85
20 84
54 23
40 96
51 98
83 30
57 42
1 100
23 25
27 99
58 73
74 69
75 38
84 52
4 100
94 56
97 14
95 52
91 50
83 21
89 10
67 36
59 86
36 33
72 48
59 18
71 74
4 23
87 53
40 20
45 50
84 89
59 55
98 73
75 36
61 4
32 54
32 29
61 56
6 30
10 28
19 28
79 98
84 65
54 32
83 49
78 72
50 45
29 100
20 22
84 17
70 62
86 57
42 2
5 94
57 56
52 72
75 68
12 78
39 24
66 39
56 28
74 64
25 45
6 52
48 100
85 100
37 5
31 28
98 55
43 86
41 7
68 83
21 84
24 71
73 66
55 32
53 43
22 62
84 84
72 16
57 79
5 45
9 24
50 32
9 90
65 79
1 3
35 9
77 57
91 78
1 99
84 84
64 94
77 95
41 87
12 93
13 95
78 43
94 72
10 49
72 28
34 31
29 83
44 11
10 1
1 48
99 43
62 95
74 62
34 78
86 10
30 40
38 22
94 33
31 23
98 63
11 64
32 78
32 72
39 20
22 55
84 22
22 55
86 100
60 17
63 41
49 44
73 11
92 83
42 16
34 11
63 10
28 98
15 94
6 73
89 98
15 93
56 15
50 93
41 54
41 92
87 54
22 45
78 65
33 39
53 20
75 79
43 2
36 97
59 50
81 21
9 3
42 72
54 27
46 3
2 40
16 67
94 46
26 50
7 1
88 13
59 12
21 62
67 10
73 57
79 34
55 60
40 50
34 100
56 4
32 55
75 43
43 57
53 52
4 7
27 95
57 71
31 86
69 96
44 19
89 87
1 68
53 21
82 10
54 94
98 23
35 49
22 60
44 21
60 50
28 12
83 33
19 62
1 74
49 95
43 18
79 7
3 54
82 19
64 7
10 57
65 26
90 49
4 65
70 29
94 8
30 60
26 99
76 45
50 7
22 69
16 83
50 75
74 89
97 93
56 20
23 64
84 93
77 80
66 84
43 95
4 43
48 68
13 8
56 16
48 62
8 77
34 23
2 67
41 96
98 81
12 75
6 73
39 29
15 40
75 1
84 88
45 51
52 51
59 32
46 57
73 19
74 15
96 83
46 7
23 59
51 3
69 22
6 3
27 34
86 5
100 97
82 76
86 25
65 4
38 92
33 38
72 81
23 66
35 5
12 28
72 46
46 79
17 100
11 74
12 70
91 52
94 62
8 20
43 2
5 45
54 29
67 20
30 59
49 11
13 78
52 69
51 13
33 100
9 72
29 98
70 56
61 68
10 74
55 80
25 24
99 65
40 18
96 56
74 30
74 74
7 35
45 27
71 4
76 34
55 100
34 74
66 85
1 13
42 45
60 38
5 58
95 73
79 9
34 68
95 84
43 86
38 37
97 48
75 37
46 8
25 46
96 93
6 27
86 71
51 24
82 2
37 87
90 93
77 9
10 68
15 18
36 43
54 94
37 22
11 28
61 45
70 47
28 64
13 58
11 43
40 1
17 67
57 16
18 9
2 34
3 51
60 47
39 22
99 50
86 83
37 81
75 47
81 27
94 60
61 17
83 3
76 13
49 3
24 95
4 22
58 70
90 65
39 64
63 63
26 86
49 92
75 60
96 84
77 55
87 17
58 78
16 8
3 35
15 93
33 16
57 20
69 95
92 62
47 42
68 97
29 97
83 74
94 43
9 75
29 33
6 12
44 77
56 98
54 14
67 24
59 19
63 36
57 88
50 82
26 50
34 25
98 25
100 9
81 8
26 32
87 77
39 85
41 39
41 11
5 30
25 54
97 31
73 76
68 68
96 24
92 24
96 16
78 97
86 67
57 90
58 82
91 30
100 67
65 79
97 43
18 90
24 97
59 30
26 77
25 30
84 32
60 1
22 7
36 92
40 60
