500 7678
81 89
60 92
26 53
86 79
39 36
24 90
50 32
90 98
12 16
98 92
17 18
9 61
71 100
64 41
88 73
44 55
12 97
26 55
50 87
60 30
23 29
55 96
64 68
2 25
75 48
62 73
68 25
69 30
31 66
29 72
19 63
11 55
89 63
96 67
96 33
79 50
20 56
97 17
68 100
83 71
94 8
85 17
43 32
16 7
100 57
30 56
11 14
11 5
7 10
13 52
23 34
30 90
67 47
86 1
83 66
41 46
47 74
2 90
61 76
78 39
31 13
32 38
40 45
71 75
27 4
88 78
49 24
46 12
84 94
69 23
80 82
30 53
5 92
74 65
97 11
56 100
55 20
8 24
66 5
62 81
20 75
88 38
43 22
38 73
73 91
77 87
79 19
72 16
78 76
39 94
1 54
8 88
22 83
92 99
78 14
49 38
79 28
79 90
46 49
63 73
99 12
78 31
92 25
55 3
51 95
40 87
10 55
6 67
47 63
27 59
67 47
18 37
15 48
61 69
56 62
39 38
37 55
86 80
62 53
14 83
76 25
14 59
74 22
98 59
6 9
3 88
98 96
84 36
33 77
95 45
46 60
31 88
72 27
89 84
37 43
23 73
29 22
46 97
80 39
27 84
73 7
98 38
97 73
39 54
58 58
52 34
29 44
94 64
89 65
43 48
59 46
64 89
56 6
84 20
13 47
61 66
87 7
62 42
45 1
71 35
57 38
90 12
54 22
80 16
31 95
90 16
2 89
59 69
36 64
81 79
37 52
60 22
78 16
33 24
50 76
87 73
36 9
78 71
32 37
24 73
20 18
43 34
40 61
28 76
26 5
4 59
88 41
64 63
66 53
32 94
35 97
74 42
74 5
88 71
53 58
56 52
77 38
7 46
14 20
64 2
87 24
50 71
75 75
17 92
35 47
24 2
55 16
70 55
54 72
87 4
46 28
25 90
29 38
85 40
52 17
54 94
40 99
92 57
70 57
5 3
23 50
4 5
30 44
48 55
91 75
83 1
3 6
19 13
89 98
68 25
35 66
27 74
70 47
9 40
95 65
4 93
85 42
50 80
73 100
90 65
36 84
18 79
14 6
16 73
54 70
18 22
21 18
94 68
9 79
90 74
50 22
83 28
93 31
80 66
31 34
35 57
14 18
85 39
6 21
2 16
53 63
40 86
80 89
22 62
100 78
27 5
77 6
36 71
76 84
1 5
25 35
63 19
71 35
91 93
78 43
24 5
8 14
98 61
69 24
68 44
88 86
71 46
50 72
32 16
50 63
32 5
67 73
15 80
17 96
24 93
68 95
21 10
15 31
47 35
94 71
14 60
73 39
70 77
2 30
100 75
70 33
26 16
62 93
92 68
16 8
91 88
68 72
75 74
41 48
36 95
42 17
28 85
6 40
44 40
11 1
7 54
75 97
77 25
73 34
43 92
52 69
40 80
63 1
66 99
39 15
56 24
32 10
63 5
77 100
33 39
63 79
99 84
10 7
76 24
90 51
26 14
19 11
57 74
52 39
59 10
45 69
46 56
86 94
2 60
89 95
48 46
61 14
15 91
25 70
33 99
58 34
28 39
73 78
72 35
94 89
63 44
28 58
25 99
25 49
56 9
9 89
39 27
54 44
18 95
15 2
44 95
95 61
33 64
100 68
47 99
91 73
44 88
92 6
28 19
98 100
32 53
75 64
58 65
46 95
51 34
90 63
55 29
79 24
14 40
27 63
24 64
76 84
6 72
100 14
1 84
61 32
8 55
91 62
15 75
77 49
5 64
10 21
72 61
89 79
61 41
70 12
31 52
57 80
13 69
10 70
54 79
44 21
37 85
11 95
41 16
87 70
100 57
48 44
17 93
66 49
74 58
92 9
41 84
31 81
91 74
93 67
43 64
50 28
84 28
9 90
27 77
40 43
18 11
50 89
29 22
79 3
19 52
11 25
35 82
31 21
21 46
40 13
26 41
57 30
50 7
18 8
95 100
1 16
65 51
64 44
66 64
90 60
55 4
7 47
20 92
98 78
51 13
63 55
99 5
86 92
23 45
25 33
26 35
41 7
26 22
6 8
71 61
44 73
16 32
57 94
26 93
88 77
96 58
3 86
44 58
45 17
21 93
91 57
45 32
85 96
54 1
63 95
75 55
8 4
69 41
46 99
57 81
71 5
60 53
56 38
57 48
83 49
32 70
82 82
75 7
58 43
39 41
45 19
53 16
54 24
1 13
31 60
94 100
96 70
33 45
