1000 25554
43 74
91 109
90 132
64 88
85 106
51 66
27 45
15 21
81 89
34 52
26 45
91 107
98 116
13 31
36 47
14 43
42 85
60 79
36 50
17 51
69 102
75 95
69 80
25 56
64 94
20 69
13 38
3 23
43 73
74 115
21 33
85 97
16 26
10 14
100 138
100 131
61 79
78 83
15 53
93 121
11 35
92 98
83 128
61 103
57 83
18 23
74 96
98 116
30 56
9 44
66 67
98 106
83 89
34 48
74 114
98 136
5 17
39 56
52 59
99 142
64 71
72 91
84 88
80 98
82 106
35 78
79 129
94 137
13 60
45 82
86 108
75 98
37 82
68 85
35 51
93 113
37 60
60 99
42 81
66 114
68 93
8 50
15 23
2 35
93 98
89 136
99 119
98 116
79 92
3 31
96 106
42 63
74 122
31 46
21 60
55 78
66 74
52 90
48 64
30 36
48 75
33 72
4 32
84 105
52 57
39 84
28 70
89 117
98 131
22 52
6 31
18 26
81 102
21 53
71 113
73 98
61 92
22 35
70 114
39 82
24 64
18 21
32 46
97 137
100 120
53 57
52 64
65 92
56 99
51 80
94 126
3 22
36 54
50 62
39 80
87 111
88 94
66 98
27 28
37 78
87 101
85 113
54 104
19 53
5 16
77 118
92 103
17 58
98 101
13 17
7 41
21 65
30 39
38 87
17 50
82 110
42 46
20 67
46 50
97 143
23 48
92 129
100 117
58 102
41 89
38 45
96 114
80 86
55 96
75 95
16 64
94 98
59 106
22 69
12 51
15 25
50 87
3 52
83 133
47 88
68 73
89 124
67 101
49 62
26 61
35 54
30 72
20 58
7 22
28 73
16 50
81 122
71 104
67 117
38 75
63 94
56 64
85 91
42 80
11 61
59 84
9 44
56 61
17 41
82 115
67 111
83 116
31 52
22 66
65 99
77 88
89 139
53 72
95 141
89 103
31 34
82 98
19 24
50 91
40 72
46 95
17 43
20 43
16 48
84 111
57 68
78 92
39 73
93 109
71 74
1 35
52 92
79 118
8 46
20 35
61 82
75 108
3 50
43 84
48 75
19 50
20 21
88 116
24 25
66 114
76 118
6 11
99 113
94 140
7 54
38 85
91 138
23 45
9 28
6 36
58 106
17 48
35 78
49 83
10 56
5 52
49 68
61 97
84 119
9 15
32 82
96 101
83 124
86 135
38 83
82 101
5 36
9 56
21 67
80 111
27 73
48 85
85 122
25 36
94 127
91 125
15 23
84 113
13 18
23 51
42 50
71 76
40 49
76 78
71 109
49 53
81 131
71 77
61 102
16 50
79 92
92 135
11 51
13 18
78 121
100 136
94 117
34 57
9 41
66 85
13 18
87 116
14 19
97 138
11 51
7 46
39 63
77 126
90 109
51 82
52 78
31 57
73 108
91 127
59 88
43 67
91 131
39 67
66 97
3 35
54 67
44 89
46 72
64 66
57 107
75 93
15 52
2 24
8 48
23 43
68 110
72 118
61 62
33 80
20 57
72 112
39 76
58 70
100 140
80 86
61 103
51 66
11 44
85 113
93 94
69 83
80 83
35 77
59 100
45 78
37 62
12 18
88 116
83 84
27 34
96 125
9 29
41 87
98 148
69 81
16 33
17 59
40 47
76 93
49 89
12 57
99 105
87 115
69 76
99 144
18 51
81 129
1 13
80 98
66 94
94 108
100 131
45 75
28 35
58 81
89 102
17 48
21 49
28 70
51 84
47 84
24 44
59 62
40 72
73 94
27 41
7 55
41 55
19 41
82 97
89 94
30 47
33 55
27 60
50 73
83 102
44 61
31 53
83 115
24 58
96 145
28 73
23 39
92 121
8 9
33 72
80 123
24 57
53 71
59 93
74 90
52 56
34 39
84 102
91 128
58 85
11 44
49 86
98 139
81 85
30 33
38 83
10 30
14 38
64 93
59 103
96 140
60 106
89 105
31 56
35 66
36 50
58 77
57 106
27 69
65 86
41 80
58 92
40 44
94 100
17 36
65 84
45 57
2 25
49 87
87 137
60 110
11 33
35 71
9 51
43 68
16 54
47 85
52 99
30 44
10 27
62 102
77 84
21 35
3 8
7 41
55 101
38 57
65 67
64 108
17 29
81 106
4 36
74 122
73 101
97 137
42 58
37 85
93 96
96 137
37 72
31 33
55 97
99 105
17 57
15 48
41 73
85 114
61 81
44 72
66 108
23 59
6 24
42 43
43 44
60 84
49 85
98 145
97 141
65 104
61 101
65 71
97 110
16 38
39 44
69 109
65 78
32 52
58 95
9 24
27 39
46 69
40 56
33 36
45 73
8 13
48 83
37 47
92 128
8 13
81 120
57 86
30 72
38 44
99 130
25 68
97 129
99 115
74 113
45 70
63 68
86 116
10 42
11 28
1 4
100 136
32 39
65 80
31 39
89 134
74 103
58 77
86 104
65 112
42 64
82 129
72 75
89 95
19 25
16 54
97 109
51 96
72 89
78 84
40 42
22 69
54 104
36 71
20 33
27 67
32 42
34 53
12 31
93 136
45 80
13 35
92 121
28 71
77 113
75 111
16 56
2 19
84 90
53 60
66 81
25 52
35 38
38 55
14 49
5 16
53 60
62 110
7 14
76 99
91 94
46 56
98 119
45 49
81 126
69 104
71 114
64 68
55 58
83 95
57 103
51 91
47 80
100 126
78 110
75 95
74 87
45 66
77 115
57 76
97 126
42 44
82 129
83 115
31 52
47 80
39 83
35 62
8 39
45 95
11 12
98 133
90 99
60 81
42 81
22 27
80 86
13 46
86 96
34 44
47 91
94 102
36 85
93 121
93 126
13 46
67 117
67 115
9 14
95 132
75 91
6 40
37 78
56 70
40 57
19 30
2 49
79 89
54 91
61 90
23 34
64 101
59 72
13 34
75 84
52 55
86 112
54 70
16 52
71 106
40 66
62 93
64 106
75 101
6 15
9 36
40 48
25 33
75 99
48 61
19 65
49 90
5 53
7 43
57 61
45 59
26 74
10 60
23 48
31 67
71 101
97 132
46 70
29 74
61 68
20 53
32 79
47 79
73 121
48 82
69 88
64 89
61 76
85 95
39 40
67 92
93 129
78 88
43 77
67 78
25 49
13 44
67 68
30 51
20 39
23 28
26 62
97 113
85 91
100 112
79 83
55 91
96 144
24 51
35 65
9 14
43 54
66 94
55 91
67 76
13 27
23 29
31 66
74 104
7 23
21 58
92 96
99 102
50 97
34 73
17 31
74 96
98 117
84 100
55 98
69 106
58 78
80 110
65 70
94 122
31 73
43 51
48 61
27 66
18 52
82 126
35 78
60 105
100 123
41 72
79 84
64 100
63 99
61 102
89 104
22 25
81 109
80 100
72 80
30 56
65 73
89 112
55 102
63 92
24 62
62 103
31 46
33 43
93 114
48 69
27 64
24 36
42 70
26 27
2 4
60 74
60 104
88 133
71 79
59 75
28 55
49 63
22 26
42 56
9 13
11 29
63 80
41 72
42 82
87 113
70 78
7 56
27 75
77 82
21 48
50 85
90 135
51 95
34 78
82 97
50 64
12 42
5 33
92 134
38 68
58 88
3 8
97 122
45 71
73 87
7 50
72 76
22 49
80 126
14 31
82 114
42 57
28 63
23 36
84 88
14 24
44 66
42 45
40 47
72 98
62 93
41 83
61 84
64 88
75 112
43 82
14 52
38 57
99 116
57 88
75 125
57 105
59 96
71 96
1 26
31 81
29 48
25 53
4 32
9 23
38 82
38 47
50 80
17 46
60 83
33 67
31 69
55 100
26 64
22 69
27 49
87 105
15 53
87 131
3 45
89 115
81 114
16 47
78 122
32 33
72 85
53 99
88 136
82 131
75 97
40 62
12 62
4 44
16 17
68 95
12 15
53 97
5 42
13 47
22 46
16 26
46 63
4 18
70 76
23 29
25 35
48 75
10 34
39 88
87 108
12 29
79 103
67 70
79 128
57 77
50 53
2 13
61 76
89 91
83 94
35 71
29 54
46 56
90 117
44 69
65 103
53 84
49 69
69 93
66 80
22 66
36 71
63 94
25 32
58 98
85 123
1 19
5 24
46 57
92 108
43 84
9 38
22 63
62 105
87 116
30 40
11 58
40 79
90 116
100 150
74 123
77 90
80 104
20 30
66 105
75 125
36 83
19 38
75 94
57 80
36 69
96 110
92 99
98 113
20 42
49 98
82 84
73 112
6 25
28 43
64 70
100 109
36 81
85 132
61 64
75 99
15 23
72 121
14 26
56 90
23 73
88 101
32 78
54 79
59 81
50 87
28 52
94 115
20 25
3 47
50 93
55 92
50 60
94 95
52 55
22 55
42 43
85 90
94 118
99 118
12 31
9 38
99 126
100 115
93 118
11 40
74 112
59 92
34 63
39 89
15 33
56 84
78 92
46 59
9 13
36 73
95 144
89 116
82 89
14 20
43 66
