500 17714
93 85
99 37
33 94
54 54
44 95
68 5
13 22
100 63
68 88
69 78
1 61
61 73
63 19
10 17
21 88
100 64
79 100
2 72
83 75
58 48
65 92
55 73
55 26
99 19
50 69
7 41
51 47
94 70
30 29
45 93
54 39
23 66
44 82
86 85
28 71
87 76
54 41
40 93
38 90
73 28
60 22
38 50
33 100
23 92
48 18
53 87
74 55
78 17
6 11
56 81
36 16
23 2
10 53
90 94
21 72
11 74
96 86
23 70
56 95
26 66
19 63
9 85
100 31
62 96
95 21
27 54
100 71
100 61
67 46
37 60
72 89
78 19
27 61
5 40
52 10
26 78
9 79
25 64
3 46
67 89
80 96
90 62
89 42
90 1
79 55
61 65
52 74
27 92
83 34
8 20
4 57
1 48
16 4
3 88
15 43
62 25
29 93
66 65
61 85
47 38
55 24
85 25
25 8
81 36
89 65
76 17
58 13
49 43
1 32
12 11
15 83
80 27
2 24
55 76
21 79
32 30
15 40
73 52
58 21
49 25
32 23
61 77
2 73
47 27
63 16
16 67
61 3
44 8
33 32
73 87
90 97
87 7
57 12
66 4
19 43
97 28
94 20
28 7
46 70
94 3
40 69
12 4
25 30
93 92
19 79
98 8
24 21
85 18
22 12
34 93
34 94
53 34
46 70
87 66
51 12
61 37
54 33
11 14
4 45
86 16
84 53
45 41
25 74
92 16
11 97
95 16
89 95
56 68
23 75
86 64
49 71
14 95
97 19
25 100
6 87
67 97
22 59
29 59
52 66
43 22
14 52
37 59
95 8
60 73
23 25
46 71
20 9
76 9
8 85
23 5
13 76
43 89
19 98
37 49
35 56
81 94
32 17
23 50
36 61
6 43
8 65
36 83
19 37
56 83
61 82
24 75
75 79
82 93
4 34
78 44
77 66
18 37
14 54
23 73
29 61
88 78
20 44
48 21
15 38
28 80
22 26
79 65
22 20
92 75
68 14
56 75
73 20
51 82
30 76
8 32
56 24
89 40
44 15
26 60
97 22
56 48
49 35
71 52
89 40
4 20
100 47
65 6
73 8
13 100
40 30
1 68
52 30
59 25
100 88
18 19
38 4
73 65
96 84
60 75
65 39
63 49
67 49
37 58
13 30
97 76
96 90
20 53
37 15
91 56
45 64
33 88
46 3
45 98
55 39
35 43
49 69
54 37
51 100
73 76
18 37
90 81
26 43
69 66
49 6
25 83
38 84
38 61
50 99
86 19
97 36
14 90
48 67
64 36
2 99
13 96
12 12
97 40
32 100
48 78
40 95
29 64
33 66
85 98
73 13
87 56
71 92
73 82
93 93
22 91
46 57
10 81
63 71
71 52
31 98
63 28
47 86
68 81
1 89
96 84
53 52
49 24
61 73
53 18
64 59
62 72
17 66
27 22
11 11
100 65
27 100
50 6
28 80
59 65
86 3
53 93
97 72
9 94
25 74
89 16
30 36
22 82
99 96
44 58
44 85
29 93
59 86
91 70
48 26
59 26
38 54
53 77
59 49
99 26
57 46
75 59
12 49
73 11
1 81
74 60
24 76
27 80
75 17
4 7
85 96
61 19
56 99
82 19
69 64
80 24
70 35
50 51
54 58
20 30
45 8
97 42
100 75
3 45
87 12
100 100
13 70
77 65
52 28
72 70
27 42
60 73
46 81
38 91
84 84
46 13
12 2
7 11
25 44
86 18
10 17
9 39
98 88
17 16
42 57
18 51
49 91
64 91
67 1
2 48
83 73
64 60
98 90
35 47
66 57
37 1
34 98
79 26
13 17
37 25
50 48
39 58
96 97
47 28
28 100
79 32
44 40
91 1
37 42
68 83
77 18
99 11
29 73
26 5
15 26
70 81
44 7
15 68
85 24
62 59
16 16
20 96
25 19
66 5
54 94
91 75
2 57
87 43
69 52
66 25
75 19
70 51
56 82
70 67
68 78
83 34
100 99
11 69
74 34
36 92
79 3
2 52
86 2
7 75
27 8
53 27
28 8
22 15
67 95
13 31
84 73
35 62
32 78
8 91
100 18
85 23
50 17
53 74
23 65
70 21
70 98
97 83
39 71
25 31
18 49
6 49
59 64
69 47
69 69
84 50
4 39
99 72
85 53
42 40
5 98
64 60
94 19
84 5
85 74
12 65
96 87
68 99
46 26
79 64
28 41
97 95
15 86
77 58
49 68
37 2
47 78
70 17
