500 17381
37 1
12 77
45 87
100 34
13 61
35 74
10 38
75 27
15 32
76 61
57 33
42 93
84 15
81 43
81 10
35 75
17 64
57 82
17 24
32 79
17 19
37 65
97 5
70 80
49 20
95 49
16 25
79 49
35 94
29 45
65 82
71 46
41 73
9 68
22 79
5 85
43 41
32 68
32 11
9 25
59 29
40 96
3 69
42 95
72 90
83 31
28 21
89 53
91 12
96 45
20 84
60 30
32 61
69 88
29 9
81 32
15 88
96 86
59 80
49 33
25 82
75 61
19 79
17 55
83 81
93 9
73 39
77 73
24 77
4 2
86 97
82 57
44 49
88 18
75 3
15 38
22 48
2 23
55 43
12 59
97 19
27 78
71 40
80 79
95 17
99 100
60 10
9 5
95 85
71 89
57 89
71 67
45 2
27 67
87 21
80 82
19 76
59 11
56 6
94 4
63 64
41 3
27 60
58 12
80 20
1 62
72 2
1 19
54 84
79 96
65 77
2 3
5 73
35 16
82 33
99 89
86 15
93 43
59 45
32 100
15 83
15 34
2 66
60 36
93 52
88 38
91 69
64 27
98 100
46 75
57 82
60 16
39 77
36 41
69 79
70 48
88 2
41 80
23 66
42 38
71 75
87 94
95 92
75 99
21 9
28 24
25 88
6 75
21 18
83 84
37 26
35 53
97 17
90 43
46 88
41 69
77 32
36 57
4 47
27 32
34 83
13 29
86 99
72 11
48 21
55 77
93 58
87 75
47 57
15 75
28 12
69 83
1 20
75 55
43 82
74 80
2 30
67 21
31 54
74 100
1 4
20 32
61 52
49 21
9 74
6 91
89 41
38 6
94 99
45 87
64 89
79 81
57 67
1 87
2 43
56 88
7 63
94 100
42 62
5 71
9 26
22 25
73 54
61 45
48 79
67 87
86 24
1 8
85 7
69 30
75 59
85 62
88 61
35 62
33 34
48 86
92 5
22 74
37 91
37 55
66 13
100 31
15 36
74 79
53 69
16 30
81 66
59 32
10 30
74 79
16 54
70 7
47 3
88 7
82 4
94 33
55 45
20 79
95 93
39 51
88 60
69 51
76 65
27 20
55 13
8 98
74 58
98 69
29 72
11 100
35 23
46 84
62 31
1 10
71 14
14 99
17 40
51 32
25 82
78 69
77 10
40 36
99 27
23 65
79 94
80 82
17 97
85 39
99 61
11 89
76 41
86 20
31 92
51 5
12 92
37 56
58 3
38 49
34 24
39 26
100 48
20 46
84 9
61 30
21 56
7 74
27 81
89 95
57 5
3 62
18 15
85 15
42 49
16 93
8 31
72 43
47 75
24 27
57 33
46 35
86 68
32 73
83 6
68 11
34 30
47 49
4 66
91 84
36 97
89 41
29 9
35 97
9 86
65 69
47 78
81 93
71 42
25 58
21 87
79 47
27 72
38 53
64 13
20 20
5 46
71 43
92 14
51 20
46 21
100 46
96 6
83 40
31 71
31 11
50 50
16 100
29 60
5 67
6 35
64 8
93 7
87 43
98 56
53 93
3 63
96 86
85 85
25 4
21 95
5 24
3 2
47 66
94 76
18 66
67 38
98 73
40 8
10 3
49 92
37 81
9 49
96 49
19 20
91 71
26 12
20 70
6 22
54 71
24 88
63 56
69 30
69 95
1 98
18 38
21 39
3 60
14 23
6 23
27 15
86 17
62 98
82 17
32 35
56 26
99 34
50 72
53 98
39 42
59 26
1 42
75 74
67 74
49 90
46 93
57 96
74 1
65 14
14 17
80 23
89 2
77 72
48 5
9 48
77 21
66 42
29 86
32 32
31 16
86 60
58 47
16 84
48 58
39 15
47 18
55 35
38 48
49 41
59 84
28 41
7 67
12 25
54 14
26 92
60 67
99 59
34 88
33 19
64 24
100 4
64 94
4 77
76 28
12 98
12 24
4 48
29 91
92 9
35 80
59 58
78 69
45 78
74 41
77 78
35 44
72 59
83 12
72 91
20 99
41 95
51 84
79 17
52 72
5 49
56 9
11 38
3 7
41 96
96 8
18 83
40 99
59 1
21 59
15 78
70 50
84 83
71 26
98 92
76 43
57 57
8 49
5 11
1 86
81 90
33 88
36 29
53 100
67 99
59 71
24 50
7 46
62 54
54 67
59 17
66 55
9 75
21 6
20 61
50 70
16 13
38 95
89 20
75 14
10 54
56 98
44 15
94 88
78 75
94 7
21 30
34 83
