1000 24837
91 66
66 94
70 93
21 134
61 92
67 95
8 163
91 62
15 153
94 85
47 120
62 95
93 59
25 149
7 152
81 73
72 106
85 66
67 85
32 139
90 79
48 124
20 146
7 167
40 123
59 93
9 143
68 92
63 99
46 132
3 155
6 163
64 115
25 137
26 147
24 128
91 83
85 70
14 162
58 95
31 123
13 141
71 89
23 154
37 140
77 91
3 169
8 159
13 147
21 144
91 66
3 175
20 136
10 154
61 110
60 100
20 137
69 96
79 90
83 86
15 139
33 135
40 117
30 144
9 171
65 106
53 114
52 113
1 175
18 136
9 158
31 140
30 128
79 89
53 106
18 158
8 148
7 173
26 136
20 137
79 85
68 100
74 103
99 62
78 96
86 73
10 160
97 83
55 110
40 140
31 137
21 147
72 95
22 144
50 104
81 77
38 119
54 116
32 140
39 135
23 151
92 59
21 135
53 120
70 98
26 138
22 146
29 136
84 79
47 125
49 115
63 105
15 136
74 86
61 117
44 130
60 100
22 137
92 74
66 109
61 119
75 78
38 116
84 74
96 65
39 118
16 150
34 125
92 77
99 80
24 128
66 88
90 81
44 113
70 106
12 139
21 141
92 63
40 125
5 161
38 138
40 138
67 86
4 165
66 113
79 93
47 107
77 82
52 120
91 78
42 133
12 151
65 99
31 147
47 123
60 114
69 86
63 114
45 129
12 161
13 155
20 147
77 99
3 155
64 101
47 116
66 92
84 92
38 129
5 160
40 121
27 128
97 57
6 149
83 82
62 91
36 132
29 139
38 115
87 72
71 86
31 146
50 121
35 135
61 105
97 55
47 108
81 89
11 168
43 135
92 62
23 143
63 93
20 151
77 88
26 144
18 157
42 123
61 104
7 147
99 80
53 114
34 124
95 79
10 161
16 156
56 112
46 112
96 55
93 77
84 74
19 138
23 135
86 92
53 115
35 139
82 89
51 121
15 140
44 125
94 67
6 145
66 110
56 110
77 94
43 118
33 122
95 71
36 131
45 116
1 160
34 123
97 80
86 82
28 152
7 152
53 98
83 85
4 162
49 102
27 152
39 126
19 161
49 108
24 130
71 96
83 89
5 170
74 77
97 79
100 63
67 86
54 122
66 85
22 147
31 128
60 93
6 159
25 141
95 74
50 118
77 99
29 146
47 109
63 92
8 166
5 160
15 162
91 62
8 164
15 154
17 135
46 111
33 135
18 162
70 90
56 99
52 119
26 150
29 148
49 109
26 133
95 84
54 122
43 108
68 91
84 70
2 151
73 93
60 109
48 123
74 79
37 119
28 129
72 86
51 109
36 144
76 88
65 113
26 149
35 143
32 134
94 74
33 143
64 90
11 156
54 123
71 109
15 164
31 142
99 69
63 93
8 165
45 121
68 83
50 123
64 111
4 172
3 172
88 64
15 141
3 162
62 92
51 110
30 133
33 120
53 109
65 89
61 98
70 89
42 136
95 61
1 166
88 77
79 72
16 146
50 101
32 145
87 66
64 107
63 106
37 133
78 99
70 83
34 121
46 123
72 103
97 74
49 116
26 143
85 87
63 107
28 147
98 69
66 107
58 99
30 132
70 106
74 87
90 80
39 138
16 164
37 130
39 124
3 162
15 152
7 167
52 105
99 56
45 123
16 162
61 105
33 124
93 73
82 86
66 87
90 86
5 158
15 151
90 70
31 142
99 80
53 119
58 102
48 118
70 86
15 151
77 92
39 112
89 79
19 161
78 99
56 104
7 159
68 83
10 164
21 131
26 140
61 111
19 159
70 83
28 141
31 132
55 104
73 103
65 86
20 134
14 158
69 86
34 135
4 169
99 78
84 83
8 148
9 147
31 143
77 84
23 141
60 102
67 95
63 110
30 131
44 136
18 134
36 132
64 109
27 148
56 105
41 117
40 119
27 132
63 90
19 150
9 162
17 136
43 122
73 90
88 68
57 121
94 73
22 144
60 110
44 120
57 118
67 109
52 117
40 128
95 61
27 147
99 73
61 98
89 78
28 146
57 94
59 109
63 99
72 101
37 118
70 102
12 160
28 135
48 124
26 140
99 52
57 106
42 127
41 116
81 94
30 136
49 105
74 88
3 149
60 106
18 157
59 117
78 83
21 134
98 57
72 86
47 124
48 120
33 126
36 121
27 135
41 118
46 120
89 76
12 161
82 88
11 167
75 89
62 112
10 160
1 171
60 107
18 156
94 66
100 65
99 69
23 144
1 160
24 147
25 143
60 116
93 64
36 119
38 140
14 140
85 67
9 146
60 114
85 84
93 70
47 133
11 161
85 78
44 113
100 56
48 107
78 91
62 114
23 138
39 123
71 86
75 77
98 72
41 139
68 93
49 106
39 120
43 126
49 108
14 158
19 138
61 91
7 171
54 99
98 81
72 101
91 63
58 95
83 83
75 98
51 107
30 127
85 79
35 135
25 139
36 126
83 84
2 150
49 130
57 120
92 63
72 83
83 95
41 134
12 164
50 130
42 129
50 104
92 76
42 135
15 160
11 155
2 168
21 144
16 145
99 69
44 113
58 106
57 105
27 146
32 146
59 102
8 163
69 85
45 128
32 122
4 153
79 80
86 91
53 102
35 142
77 75
24 135
69 97
18 150
87 67
19 138
59 121
36 143
62 104
100 68
2 164
24 128
2 155
23 157
40 114
52 114
66 90
97 70
60 117
44 126
81 76
18 162
51 110
49 111
63 109
83 73
4 162
93 87
68 85
8 154
80 88
96 80
83 79
48 105
13 150
69 88
66 93
23 139
56 99
28 146
23 156
58 112
3 172
76 101
32 129
42 128
79 83
97 62
91 66
39 141
93 85
23 132
8 171
43 137
23 141
70 92
77 101
26 145
15 138
44 136
34 118
94 76
92 83
68 95
41 131
4 175
37 124
59 121
27 133
92 73
38 136
1 179
49 128
40 120
28 148
80 77
34 146
6 151
29 128
76 102
96 60
21 134
98 54
4 173
15 161
20 137
25 133
92 81
97 80
39 122
87 77
82 88
32 140
78 102
50 124
25 139
82 96
86 68
83 80
60 119
77 83
20 158
12 166
78 78
59 121
91 82
9 146
92 87
48 123
89 72
67 101
44 125
9 148
16 145
99 66
24 151
35 132
23 141
67 92
84 71
14 152
53 120
65 101
45 113
31 141
14 145
69 102
64 98
51 103
3 172
75 85
80 83
22 143
38 120
57 104
81 83
28 144
17 140
24 130
27 136
6 161
43 120
22 129
14 152
58 115
20 137
89 71
45 114
95 75
55 113
28 127
8 170
60 92
92 78
52 103
90 76
58 112
73 94
5 172
8 165
75 78
79 77
87 68
49 118
68 87
43 122
81 91
95 82
60 111
4 163
73 78
65 115
46 133
95 78
30 127
56 107
14 165
71 95
100 63
8 152
77 98
27 140
67 90
36 141
18 138
71 82
77 77
75 100
43 118
81 99
83 84
69 95
11 166
21 143
69 103
78 96
16 154
49 107
72 90
75 78
5 167
97 65
91 83
50 113
91 63
72 108
5 170
56 118
94 63
4 154
16 137
71 80
82 84
82 70
58 111
100 72
52 124
35 129
26 132
46 111
15 148
60 107
67 95
26 126
81 91
35 140
3 172
96 65
84 96
27 129
22 133
88 76
23 136
64 114
89 79
65 89
87 90
46 116
20 157
81 72
1 160
35 136
3 173
83 94
17 155
60 96
34 126
68 92
94 76
11 148
14 152
9 165
71 104
80 97
86 81
3 155
14 149
88 73
98 63
49 114
66 92
19 146
88 80
40 118
34 129
29 126
4 157
20 131
26 132
24 133
100 54
26 143
58 120
2 169
60 97
74 87
62 106
45 121
94 76
7 150
56 118
59 118
15 158
78 83
38 127
52 107
80 88
3 175
40 122
77 101
4 148
57 104
47 108
91 78
97 72
80 87
19 154
100 79
51 116
44 136
23 155
51 111
22 138
33 134
4 148
33 133
58 119
17 153
78 73
51 108
24 144
85 82
9 146
90 62
62 107
98 64
42 119
93 85
53 106
33 131
69 107
56 104
89 85
67 113
46 124
37 117
98 60
17 145
37 138
48 126
12 141
11 161
50 128
85 70
43 115
6 173
18 152
53 123
22 138
47 116
55 99
97 73
31 140
16 135
87 76
44 115
13 141
28 145
36 120
65 97
12 166
56 117
72 91
52 112
22 142
70 104
89 78
71 100
86 69
25 136
70 87
49 130
87 65
20 134
34 119
82 69
25 149
51 114
34 135
98 78
97 80
88 76
95 62
79 80
55 109
33 136
74 93
68 91
12 142
9 163
84 86
23 128
64 93
56 118
74 82
37 133
25 142
62 111
7 146
62 101
38 115
76 83
10 144
77 100
47 107
43 135
58 111
23 146
45 117
43 114
21 135
93 87
82 89
67 95
23 135
37 139
51 122
96 70
56 99
62 114
4 176
39 127
36 132
19 137
46 106
9 165
