500 7507
58 82
86 48
90 12
66 77
69 85
85 48
18 68
63 61
91 71
74 12
55 30
89 56
6 87
11 23
42 78
43 46
59 18
42 41
13 52
40 88
1 39
55 36
33 25
19 18
22 60
56 50
31 37
34 67
8 42
53 90
30 1
17 23
90 37
19 65
82 100
59 73
3 64
100 19
73 34
46 34
73 82
28 15
34 89
30 68
38 38
27 18
73 65
96 55
69 10
37 17
88 95
21 48
43 52
20 71
39 66
65 63
27 20
22 54
50 29
34 61
26 43
79 81
50 36
15 31
98 45
32 87
25 4
52 8
83 5
98 89
97 41
7 86
25 3
83 29
36 53
14 92
9 47
60 18
62 99
29 8
96 34
49 45
49 56
39 37
20 15
88 73
55 99
46 86
61 26
4 27
32 46
86 21
34 59
81 81
52 3
31 4
64 67
77 58
35 11
98 23
74 46
83 4
56 8
50 1
65 84
92 13
15 44
74 82
51 30
76 42
2 90
99 15
24 38
3 45
37 3
95 52
42 69
43 1
93 37
2 46
46 79
24 35
39 18
31 37
56 67
42 21
62 92
20 34
18 78
48 3
69 8
43 76
30 58
25 16
44 28
47 41
68 28
59 23
72 23
70 9
34 65
25 12
68 23
10 54
27 8
56 25
4 6
68 76
98 77
48 94
21 21
95 55
71 80
11 39
26 43
27 47
53 11
39 35
98 32
22 40
86 89
66 39
65 15
67 46
42 54
8 94
65 86
9 33
18 17
36 8
79 41
52 33
61 19
46 15
13 86
39 26
54 91
68 43
59 53
51 19
16 89
79 74
46 25
86 68
42 64
23 68
64 66
94 74
61 2
61 97
15 13
98 42
79 36
31 80
16 87
20 41
91 25
81 24
29 26
8 93
68 32
7 18
11 25
28 2
4 85
23 63
67 80
57 75
91 57
25 32
60 46
58 45
55 57
57 70
43 65
96 72
79 37
7 30
41 45
39 90
19 27
8 10
88 31
97 14
90 41
55 69
69 6
80 17
35 93
97 31
40 10
3 76
55 1
2 34
82 77
10 85
77 48
100 8
19 11
19 5
24 40
78 56
76 1
31 48
34 26
18 65
78 20
12 14
76 95
71 16
2 4
47 73
78 77
41 86
43 86
19 17
95 55
63 43
99 34
30 99
59 26
90 43
84 74
65 26
91 28
17 2
75 10
19 76
17 10
93 20
37 32
92 49
70 28
12 32
22 48
3 53
82 97
52 67
66 66
9 43
22 83
19 21
55 15
51 59
59 7
50 52
69 28
53 13
12 94
19 13
34 11
71 19
8 55
69 36
35 44
51 34
86 37
61 53
69 61
2 98
53 25
58 92
45 46
74 52
69 24
67 94
28 56
2 20
18 12
93 21
11 62
91 94
63 94
65 28
41 5
21 100
14 79
9 32
26 64
78 72
80 96
59 26
48 91
39 2
80 61
34 86
89 35
65 49
47 91
10 96
18 47
99 15
67 39
62 44
73 18
87 62
80 89
52 73
89 33
49 1
45 45
99 46
91 46
7 38
15 73
31 2
80 89
81 51
92 85
5 4
58 75
71 80
15 29
57 17
9 81
94 41
90 2
50 68
10 90
36 92
11 63
79 88
87 58
29 53
41 83
11 27
15 15
72 72
62 51
55 99
73 24
58 96
5 45
63 21
17 85
20 69
94 23
96 26
100 72
37 7
52 29
57 98
7 39
66 10
13 14
67 19
12 50
54 67
68 86
21 91
42 11
78 100
100 30
80 68
6 53
92 13
42 47
73 19
15 36
3 97
27 17
87 59
13 44
32 13
2 31
29 81
3 34
95 53
76 6
54 5
83 12
27 86
10 2
41 50
44 95
74 15
7 20
7 97
79 33
27 6
80 39
72 43
4 57
31 69
3 11
62 9
22 81
44 9
34 79
88 16
47 5
60 96
27 26
11 49
43 60
28 56
39 29
45 93
22 61
14 86
98 97
56 24
92 23
59 50
96 25
87 70
84 16
54 44
94 66
15 49
80 1
73 4
86 91
84 58
3 24
41 53
45 18
76 4
84 61
30 49
63 71
82 18
89 96
89 48
92 66
32 55
16 56
30 46
28 48
89 16
95 83
78 96
44 91
38 5
36 98
91 15
25 74
72 13
45 58
70 91
86 13
24 11
42 47
23 56
59 20
96 70
63 8
55 37
71 26
47 21
84 37
85 48
28 38
25 32
26 96
20 55
56 87
41 51
1 52
35 86
