500 16937
37 46
69 4
42 35
17 78
85 29
94 74
42 20
5 43
9 77
23 22
85 77
25 42
65 14
21 79
74 55
68 69
23 55
59 91
47 83
31 6
37 98
60 51
60 94
41 49
50 17
75 36
42 36
94 49
22 80
35 65
70 80
11 78
55 20
11 66
79 55
40 100
4 92
21 74
96 42
65 68
95 48
32 19
89 62
11 13
52 49
62 16
78 81
27 55
20 59
25 16
57 13
57 56
84 66
69 6
97 4
85 82
95 93
90 91
79 30
68 25
76 55
48 61
78 2
30 26
10 27
57 8
21 25
14 18
29 33
16 67
78 37
23 80
48 37
66 98
34 92
51 85
79 14
11 73
77 40
98 24
87 40
86 52
6 79
23 5
6 9
2 35
7 38
100 2
91 77
85 67
67 26
66 84
84 79
97 27
48 9
94 5
5 34
68 34
59 74
33 66
84 52
88 11
7 98
83 88
53 8
40 89
85 72
83 73
3 13
62 63
80 96
41 4
99 66
86 27
63 8
4 75
39 61
70 97
55 28
82 89
6 15
21 53
99 72
90 94
17 31
46 81
35 98
21 16
14 66
93 24
5 33
49 17
80 34
12 30
83 56
84 93
3 71
67 27
66 66
5 35
80 42
97 13
46 91
78 7
34 39
8 50
33 33
73 51
29 47
87 60
6 40
35 61
8 64
4 63
76 54
76 46
50 43
62 4
97 13
15 60
54 27
53 46
63 28
85 12
64 27
97 83
68 4
67 49
63 62
85 21
23 36
43 3
33 34
68 26
72 61
67 24
28 75
5 94
91 27
8 21
43 5
96 18
94 34
50 21
99 80
69 39
26 66
100 75
30 94
74 79
14 34
35 20
78 76
28 62
71 83
42 2
24 44
90 87
8 3
87 5
74 59
30 38
81 59
7 44
50 15
4 20
25 68
29 89
8 65
15 46
36 62
3 69
10 63
30 47
52 89
8 94
50 85
29 7
60 68
32 79
54 85
73 2
18 50
32 60
53 15
89 33
25 13
76 10
78 71
32 67
14 67
4 29
13 56
46 25
62 73
14 70
50 44
86 92
42 11
9 8
52 89
30 24
11 29
61 51
11 70
15 69
20 96
12 6
43 75
79 64
43 84
49 11
4 17
13 34
32 22
56 31
1 18
56 35
83 92
30 88
39 53
97 58
33 68
3 9
42 83
94 92
17 30
43 78
31 35
10 92
52 38
82 23
91 15
62 66
94 25
1 36
76 86
66 21
65 42
71 61
44 84
7 77
71 71
99 52
71 62
2 93
6 34
71 79
57 79
89 25
53 66
95 83
85 83
85 86
97 91
78 65
31 77
65 73
21 94
13 12
27 16
24 31
95 86
17 83
85 48
40 11
70 18
13 34
5 83
34 11
35 46
1 18
92 88
5 16
99 69
63 49
58 60
5 2
85 28
14 90
45 26
37 45
60 73
29 60
22 82
8 15
58 76
4 59
25 39
30 70
16 22
51 55
53 52
62 7
67 37
90 100
2 69
36 6
2 85
6 51
21 17
88 30
6 68
13 56
44 97
57 36
75 4
1 9
13 89
59 83
66 98
57 15
96 80
25 22
37 26
69 13
84 37
94 2
72 71
8 75
24 71
87 44
58 81
76 22
49 3
77 17
65 73
2 71
12 23
18 57
7 22
33 91
57 86
65 41
97 46
100 35
73 29
71 1
100 43
85 17
29 36
65 92
41 83
76 67
41 14
77 9
44 79
25 2
22 10
15 2
32 28
97 32
54 45
42 9
25 53
2 47
18 77
41 26
3 70
81 99
11 34
61 43
65 89
67 72
77 83
61 86
67 6
49 63
83 87
18 100
85 80
12 22
35 91
25 14
39 40
75 56
53 74
83 18
51 57
27 83
49 19
35 37
23 66
2 16
76 45
47 19
55 14
45 73
40 96
57 83
25 72
50 29
70 25
42 12
16 100
98 8
2 98
34 57
47 70
37 36
52 56
31 1
48 9
86 99
8 67
38 48
12 6
12 40
20 17
63 15
38 75
69 36
97 51
13 40
22 51
24 47
11 10
77 16
68 19
50 57
85 99
44 42
99 38
54 23
37 54
67 89
4 82
91 3
100 46
50 4
27 90
3 53
32 56
26 50
40 3
91 22
63 97
52 9
3 62
83 65
66 23
92 36
3 100
62 25
4 27
24 2
37 71
15 37
52 18
56 41
16 93
37 68
51 83
15 30
42 90
88 88
33 19
45 24
78 42
32 16
