1000 25248
32 35
75 83
42 87
66 90
59 71
16 26
86 91
73 77
13 53
100 135
9 32
65 74
98 140
95 134
81 130
79 129
24 43
11 42
95 97
14 58
49 88
25 61
54 74
40 73
54 92
62 66
31 56
93 110
60 79
63 67
11 31
92 115
37 50
52 69
9 58
48 72
19 45
94 99
72 99
84 101
93 132
80 130
48 76
42 74
26 66
81 109
20 52
49 59
91 100
67 100
14 19
92 141
91 111
67 92
83 114
97 106
80 110
13 21
89 114
40 90
28 39
99 144
83 106
16 40
3 14
91 114
63 112
21 59
84 111
34 62
56 63
28 45
65 94
4 38
21 69
90 110
36 49
41 70
91 120
78 99
7 20
56 89
69 88
49 84
75 84
52 54
45 88
54 93
64 73
33 51
45 83
43 64
84 98
27 39
59 105
86 112
69 105
21 66
58 73
4 18
7 31
14 35
31 61
71 73
69 75
52 82
13 34
4 23
44 52
3 4
33 74
2 25
10 43
2 14
50 57
84 126
5 18
47 96
38 70
20 41
79 97
82 103
63 106
14 47
61 94
21 60
99 107
29 49
93 128
9 34
33 67
99 107
74 119
15 28
70 81
42 45
18 60
34 65
97 120
13 15
36 67
81 94
14 40
45 60
82 106
16 50
81 89
38 76
14 46
18 57
58 68
92 94
51 61
72 75
58 92
11 55
92 133
56 100
92 105
36 63
16 34
24 72
35 69
89 103
38 51
56 100
82 98
8 12
89 115
30 68
20 27
76 84
11 14
86 118
72 94
44 72
1 16
52 82
82 98
14 63
21 41
91 118
57 59
72 103
14 43
66 103
34 58
57 78
74 104
25 64
92 139
89 138
48 84
26 58
30 45
38 86
81 108
63 93
97 101
21 23
93 113
16 28
96 107
55 79
1 47
68 101
98 99
53 65
71 85
31 49
18 30
92 127
73 118
27 40
63 79
86 111
92 142
96 137
42 88
65 96
21 50
34 78
6 38
20 37
11 39
35 81
9 25
44 48
49 76
5 26
64 72
41 87
73 106
60 78
47 66
25 55
79 81
97 119
78 119
49 66
27 66
47 50
40 42
52 85
73 90
54 73
37 45
17 35
50 59
31 36
33 34
22 60
16 66
38 70
93 99
26 53
24 51
54 75
21 54
73 76
10 52
85 125
65 66
34 60
96 105
64 85
59 64
74 87
60 102
88 135
22 51
38 71
34 35
14 46
89 106
59 77
67 117
26 52
75 112
68 77
8 40
59 96
41 89
23 55
49 67
86 91
100 108
72 118
39 64
21 63
96 145
100 118
57 88
13 14
34 79
52 94
76 97
92 141
77 81
35 50
79 127
50 84
72 121
64 112
63 79
13 28
22 37
82 99
38 81
48 50
1 28
97 121
7 47
42 68
71 76
55 63
27 57
70 85
78 81
17 24
42 48
26 29
68 92
50 89
38 41
1 22
1 31
65 91
44 65
29 64
51 91
74 92
79 97
22 62
38 54
93 126
34 38
59 91
74 76
23 69
59 92
75 103
71 93
65 88
68 72
41 67
71 103
46 79
11 53
100 136
14 53
4 54
25 64
81 96
54 94
14 57
82 117
6 27
78 98
77 82
35 40
28 39
51 74
65 87
2 52
88 128
57 64
87 91
98 119
83 91
62 63
56 62
9 44
32 54
20 48
76 116
73 123
42 53
73 96
35 78
42 88
86 99
90 132
18 54
66 93
95 128
84 115
99 112
1 4
13 63
76 94
87 94
93 104
78 120
51 82
94 104
65 96
59 98
32 47
62 65
41 87
93 111
18 26
49 81
25 66
89 126
76 98
49 89
83 130
48 94
83 118
76 121
85 93
24 50
93 125
51 86
19 30
28 40
1 48
19 32
41 53
28 44
57 79
33 57
5 14
59 61
78 111
21 62
69 109
9 59
35 79
10 47
2 19
4 5
10 30
78 85
92 130
38 79
26 75
74 110
37 73
60 93
1 33
22 68
83 93
94 108
24 56
1 21
73 98
24 54
71 104
13 51
4 50
79 83
97 110
60 66
37 44
74 122
81 128
6 54
83 130
15 55
67 103
36 51
18 60
28 33
13 36
61 92
65 111
90 111
87 106
54 87
1 6
87 137
75 105
83 98
32 47
98 109
36 70
5 47
73 114
58 76
69 98
28 66
37 60
66 110
88 131
73 104
39 80
20 61
30 58
21 58
86 118
48 61
8 11
3 27
76 94
20 45
15 21
92 107
61 107
53 77
45 94
61 111
40 66
19 48
96 112
23 63
68 107
31 33
27 58
93 124
88 109
48 60
72 90
76 120
13 18
59 72
49 75
3 50
78 81
30 36
76 111
63 98
78 98
83 120
17 27
53 92
55 66
84 99
44 47
15 23
36 77
41 45
28 38
75 93
11 43
23 50
50 57
79 101
5 33
76 116
23 26
44 93
75 76
94 114
20 64
87 94
5 39
20 39
90 93
34 71
1 25
65 102
49 72
78 122
99 122
17 49
82 114
53 88
100 148
78 115
68 113
36 76
18 58
47 53
62 69
28 51
21 53
11 27
58 102
77 87
39 44
32 80
20 30
13 20
78 98
91 94
52 65
82 85
62 83
93 110
67 108
63 110
57 60
15 28
92 134
55 82
32 78
74 97
60 73
83 127
3 14
79 88
18 53
20 22
25 39
32 76
99 125
45 91
94 103
9 31
21 28
32 47
40 59
92 108
97 118
69 107
35 53
48 83
2 45
96 136
92 95
69 102
10 46
48 55
35 81
54 81
54 89
18 61
79 81
65 112
1 37
81 95
43 49
70 93
52 70
67 88
1 17
2 45
63 79
95 121
10 24
35 57
78 120
2 35
27 64
26 38
70 92
13 19
73 121
72 86
8 54
64 66
40 89
70 103
63 71
74 120
75 87
69 111
92 130
53 68
85 125
92 118
33 61
28 75
13 61
36 81
46 64
14 29
37 77
9 42
60 102
47 50
43 50
89 122
48 85
21 66
15 61
17 28
33 34
39 82
40 66
93 141
55 99
79 103
14 44
17 20
5 24
88 131
37 81
48 57
40 47
22 57
39 73
24 61
1 33
3 34
59 90
46 95
16 63
47 69
54 87
27 65
45 70
49 88
16 36
44 57
69 105
82 99
61 84
2 38
20 31
52 53
46 81
74 80
31 55
59 75
43 51
35 80
46 55
79 82
82 85
85 100
52 89
72 108
60 61
52 70
74 92
70 104
98 114
42 58
16 21
3 4
20 25
61 92
51 92
87 113
4 48
72 98
68 110
16 34
25 36
88 90
68 86
70 117
13 20
50 94
80 93
55 69
36 76
25 46
86 104
69 111
61 96
89 93
92 121
20 58
41 63
17 65
89 112
90 129
10 25
56 83
44 83
30 49
16 24
47 77
16 60
72 75
70 77
36 73
87 109
94 114
75 113
6 48
15 31
87 133
55 90
94 122
94 105
42 66
18 66
79 107
10 27
30 65
67 98
1 48
49 73
59 63
18 64
89 135
100 143
27 37
44 66
44 77
8 38
12 43
42 56
76 101
83 118
11 32
11 22
21 28
4 44
37 87
79 129
18 23
23 68
33 67
63 98
68 73
27 36
80 112
46 80
36 63
61 79
65 79
37 60
9 50
23 41
6 26
49 85
23 35
84 115
44 54
18 64
92 102
55 95
59 71
19 53
89 116
69 101
29 75
62 97
24 47
17 62
40 74
93 122
91 132
24 41
55 68
59 106
50 77
86 133
4 34
86 89
46 62
68 113
74 101
6 13
43 57
31 77
54 98
65 92
14 40
49 52
34 57
57 94
4 47
92 126
75 95
44 65
12 29
55 72
5 10
87 126
71 82
96 134
79 98
62 65
20 26
33 67
72 121
69 101
70 102
27 57
6 40
67 114
95 119
79 91
72 75
89 129
61 68
77 124
5 21
75 109
25 26
38 76
31 51
80 125
81 104
58 99
76 91
92 131
12 19
32 51
78 107
35 54
28 34
8 56
48 69
47 58
92 125
19 40
67 111
61 75
45 95
73 100
27 37
91 116
3 41
50 65
79 93
64 110
78 91
35 65
38 69
2 15
72 91
20 70
34 42
52 94
77 119
61 83
95 125
41 89
92 135
72 81
27 45
19 67
31 39
74 112
65 76
22 64
44 52
32 36
34 39
40 49
56 89
60 76
31 65
58 80
61 91
61 108
21 41
38 80
96 124
10 60
92 99
19 66
30 32
77 91
71 109
58 101
37 74
65 84
50 91
28 57
89 118
76 86
47 76
19 55
1 49
63 102
93 122
44 51
94 138
26 59
84 102
1 29
38 87
66 67
59 109
98 128
78 127
79 100
36 60
73 100
89 109
79 109
44 67
70 91
55 98
14 26
79 93
91 122
30 60
81 87
18 28
18 27
56 71
16 54
89 135
57 71
79 107
81 106
52 73
24 47
6 13
35 75
25 26
43 50
100 140
35 37
93 130
78 116
13 35
80 90
2 18
