1000 25523
77 91
10 29
87 134
12 14
25 51
17 66
93 118
35 71
28 43
79 106
94 124
17 27
76 109
48 59
15 45
83 96
54 82
40 62
4 39
35 46
36 54
3 22
48 63
99 113
23 34
61 103
70 112
54 103
49 84
91 104
16 25
25 73
52 85
54 62
88 137
29 37
70 78
80 103
15 58
49 71
10 59
9 34
66 97
86 120
8 45
32 44
68 116
13 27
71 106
23 57
48 73
6 9
26 28
47 86
4 20
100 115
7 40
25 33
5 18
55 72
15 37
20 43
32 46
67 71
73 103
19 33
47 60
95 132
99 137
61 68
95 105
60 99
21 52
60 101
45 67
28 46
91 95
64 85
41 74
13 52
87 91
40 49
18 59
64 72
86 136
21 29
63 85
44 76
98 115
68 102
99 149
12 50
87 93
82 97
30 73
12 50
100 128
76 81
58 82
50 67
89 101
52 88
62 67
9 53
64 92
6 34
37 50
6 37
22 70
29 77
19 38
60 64
68 74
88 99
23 34
5 12
61 82
85 119
48 86
58 95
52 71
98 137
69 96
91 115
31 34
51 70
54 67
31 63
78 102
11 50
32 33
66 103
14 38
93 98
75 107
29 30
51 84
63 108
35 68
72 104
91 133
53 57
83 120
10 59
92 108
5 54
66 72
52 88
89 121
65 110
9 34
41 91
15 49
30 31
83 109
45 83
80 99
36 74
27 49
57 101
98 126
59 81
75 105
63 64
3 31
1 15
92 95
5 17
63 71
26 62
28 74
5 6
30 69
10 42
66 115
21 25
14 45
31 35
73 115
3 17
47 48
33 49
95 109
61 95
62 78
29 68
6 29
41 75
64 92
84 128
50 78
13 19
94 111
76 85
75 83
97 142
76 98
66 77
1 7
90 121
43 89
81 82
46 77
24 60
90 125
11 43
45 86
4 21
93 130
69 101
58 88
39 76
1 48
4 47
52 72
15 27
32 65
9 52
7 55
47 60
92 130
8 33
59 77
86 91
83 118
85 112
34 35
10 19
51 88
86 92
99 138
45 79
66 75
44 66
69 90
56 101
6 9
65 77
59 70
98 137
85 128
68 108
89 117
37 77
71 106
40 87
51 54
2 21
100 141
58 108
48 79
91 122
17 43
58 108
28 65
100 113
42 69
61 98
61 82
44 59
47 89
12 21
89 90
64 66
55 87
9 30
19 65
13 47
73 107
29 35
10 35
57 84
96 144
50 52
45 63
66 98
41 91
96 118
19 21
40 83
5 27
66 99
83 108
21 68
23 57
62 73
72 83
17 29
23 70
33 64
60 87
21 61
44 86
48 77
84 126
50 73
8 9
55 94
62 71
80 115
83 128
24 59
88 101
79 123
73 109
33 65
96 123
66 103
80 83
15 43
5 36
84 108
32 42
39 44
4 27
7 51
1 18
28 61
23 28
75 88
60 76
34 67
47 52
3 10
34 45
82 128
4 33
41 55
36 72
66 103
73 121
19 51
41 64
60 72
49 74
65 75
44 87
44 45
30 77
23 68
10 39
87 116
58 77
94 134
77 113
62 105
52 87
77 79
89 116
74 114
3 20
100 142
59 83
49 70
54 102
92 129
83 101
57 86
33 83
18 21
74 91
5 54
88 125
14 54
16 26
36 47
31 80
12 14
32 44
60 107
34 80
93 135
98 124
92 108
86 117
75 88
5 15
37 53
3 17
45 82
62 69
58 90
44 72
21 51
58 62
49 77
64 82
40 61
5 11
96 113
58 84
79 103
52 69
45 57
44 57
20 46
33 57
74 86
31 58
64 99
86 94
16 41
8 36
35 70
59 99
46 55
61 108
63 113
82 106
64 77
59 97
96 128
73 119
54 71
68 79
30 80
2 48
31 62
70 92
7 8
79 126
27 76
37 62
82 96
23 33
32 71
53 94
55 89
6 56
83 101
70 90
43 53
99 143
30 78
77 123
57 90
75 83
38 83
72 106
8 39
53 60
30 53
55 67
77 81
36 76
22 46
6 9
37 72
5 9
75 100
95 133
35 38
53 76
83 97
16 34
76 111
15 17
69 77
82 102
72 76
3 30
4 45
14 29
53 73
33 73
42 52
62 67
7 54
31 35
85 125
66 95
35 47
66 79
21 61
11 27
1 5
42 58
17 37
38 78
98 119
91 137
84 111
32 57
44 65
67 109
100 142
71 76
81 127
68 70
52 78
4 53
22 52
7 23
17 32
75 77
39 45
10 34
88 96
97 99
41 69
72 119
63 94
75 116
37 48
83 105
86 92
38 52
76 115
54 80
27 31
74 84
96 119
62 92
5 39
91 134
28 52
4 32
61 108
60 79
23 54
65 89
63 82
97 109
71 111
31 64
23 38
10 57
41 47
10 32
58 108
33 68
81 100
20 50
59 85
17 46
2 6
44 77
6 51
78 120
49 59
84 132
3 6
45 78
46 75
59 98
35 60
25 27
63 81
48 72
37 59
37 87
12 59
99 139
85 96
82 120
82 104
7 33
43 77
74 104
16 65
1 35
6 20
48 67
72 87
64 105
17 67
74 94
60 86
22 66
3 15
60 97
58 99
5 21
4 25
3 24
63 67
91 139
27 50
77 98
38 59
15 59
66 86
49 68
66 102
50 83
82 91
47 56
57 67
77 121
72 110
24 32
29 56
29 33
72 99
100 144
92 138
88 114
25 38
3 26
61 80
79 105
63 73
18 29
35 77
18 48
72 103
50 97
8 35
51 56
78 98
97 146
65 66
43 82
97 117
30 66
45 68
79 107
76 120
53 85
7 28
99 133
76 118
35 85
27 64
99 119
86 131
71 103
86 131
63 72
73 80
47 62
41 76
87 103
16 43
76 104
57 104
88 95
77 101
16 42
38 52
54 97
13 37
2 16
97 131
9 54
32 33
93 99
39 63
59 105
97 137
97 144
58 87
24 57
83 129
84 101
23 25
69 111
54 55
60 106
83 133
79 86
58 70
23 59
17 39
74 112
50 63
73 91
61 107
26 63
89 134
50 59
80 111
53 74
51 75
28 42
61 76
82 106
72 94
52 91
93 113
68 81
48 85
50 100
91 136
31 65
85 102
13 59
51 76
91 108
73 116
33 59
69 92
82 88
7 19
85 131
55 98
57 81
58 73
67 107
34 46
98 108
16 17
65 108
50 80
67 91
92 98
62 108
100 148
15 44
13 47
92 111
82 123
13 35
93 111
25 62
43 48
30 66
89 121
93 122
20 22
13 39
77 82
88 114
95 126
83 99
24 45
49 74
39 80
33 69
16 33
73 76
30 77
31 48
89 134
31 57
49 89
81 83
93 114
1 40
47 78
57 64
92 99
81 104
69 97
37 64
5 15
63 96
18 30
93 136
7 20
37 51
6 25
83 100
76 117
52 53
66 100
99 111
100 128
4 31
84 133
67 111
28 57
65 110
50 60
17 42
96 118
98 147
49 75
40 84
98 138
47 55
48 50
42 88
27 60
69 99
30 52
31 75
31 45
47 83
76 112
90 118
35 36
33 39
72 119
10 51
84 93
37 67
60 64
83 119
93 99
43 45
2 31
20 56
60 108
51 91
88 98
55 74
100 140
88 126
46 59
50 79
35 82
45 61
43 68
61 92
13 58
72 120
92 116
96 106
70 105
19 29
85 123
4 39
51 68
56 90
65 91
34 59
45 60
76 105
68 78
37 60
71 104
69 109
8 16
30 60
19 50
96 116
36 37
71 92
35 42
81 96
20 69
69 74
77 107
62 87
30 66
90 117
85 110
73 82
37 73
6 15
43 63
73 98
61 107
93 130
28 38
25 46
26 39
72 97
100 101
93 118
60 109
70 103
62 76
68 74
51 66
32 79
63 88
86 101
54 71
97 130
18 49
73 90
18 56
95 105
86 130
99 124
36 72
22 42
23 56
72 96
27 55
65 68
44 92
39 62
57 98
23 33
63 108
34 37
47 81
15 63
26 53
6 38
36 68
39 82
73 112
87 133
23 62
87 103
24 36
76 83
36 86
42 84
1 26
53 92
36 40
38 56
3 16
23 62
60 97
25 71
46 60
38 55
89 139
41 55
77 118
97 139
63 86
91 127
30 74
61 69
57 92
55 78
67 108
93 109
46 61
91 120
31 45
68 73
30 76
54 79
95 106
65 111
95 114
95 132
69 105
82 104
33 38
71 120
4 16
44 87
47 93
1 29
33 42
35 82
41 82
61 111
31 69
56 69
4 41
60 93
16 36
60 81
66 71
34 46
52 88
11 32
77 117
34 83
30 55
6 44
88 114
25 62
22 57
34 78
71 95
42 62
16 33
55 85
12 30
71 101
98 120
58 73
24 31
83 114
44 55
64 113
43 73
26 76
71 84
46 62
85 118
39 73
6 42
2 39
24 69
9 32
65 73
100 137
95 117
94 128
57 81
82 129
70 91
30 38
15 57
41 87
71 100
82 90
95 120
34 83
5 44
45 91
43 56
28 76
27 55
86 110
91 137
21 28
11 34
