500 12706
57 90
51 89
52 87
61 42
76 26
30 47
23 42
54 24
71 14
17 61
15 71
13 92
90 44
78 50
13 97
41 24
59 51
73 60
91 32
63 62
64 42
15 58
96 36
77 63
45 65
95 3
58 70
89 37
41 70
56 17
64 2
49 11
6 57
67 40
9 52
33 82
49 86
31 93
38 57
71 52
99 5
53 80
35 95
89 100
82 29
47 91
81 76
40 79
19 51
23 59
54 93
35 92
38 17
49 80
63 6
34 33
44 82
20 27
22 69
36 51
75 96
37 22
84 13
32 52
4 61
92 64
64 86
4 99
75 9
2 42
74 2
25 65
6 21
9 96
65 65
87 49
7 39
45 92
78 80
78 89
20 50
31 72
12 32
57 18
32 51
74 89
42 50
27 33
45 16
63 71
62 35
71 63
51 92
97 48
2 14
54 5
40 63
65 99
9 55
66 23
18 41
83 56
91 88
23 13
91 3
7 4
61 14
97 41
4 47
38 93
74 81
23 96
21 64
37 12
31 66
52 66
62 53
72 67
78 98
58 68
34 37
91 85
28 30
84 29
39 84
81 95
90 85
78 46
46 94
98 39
44 21
15 86
32 94
86 8
38 50
74 96
92 63
50 63
23 89
95 9
88 55
48 69
69 56
60 70
37 33
99 73
11 36
50 85
70 40
40 85
8 4
3 76
30 21
87 85
39 56
20 4
68 79
80 40
97 50
65 24
29 78
92 22
79 61
61 23
29 29
68 11
34 71
73 43
18 25
8 59
19 3
57 32
56 79
88 10
16 1
92 11
86 83
78 88
41 47
56 22
17 73
100 50
10 97
98 93
87 34
100 5
17 49
54 65
31 44
65 50
70 88
60 74
57 71
48 49
72 48
37 99
16 11
57 18
9 93
85 35
65 28
28 95
93 18
20 59
15 4
60 19
63 21
52 86
37 58
3 68
59 59
53 82
55 17
69 8
2 75
41 3
20 12
18 75
46 67
51 7
34 24
15 54
10 80
42 94
62 54
33 80
79 44
29 16
89 49
87 36
65 3
53 29
66 82
9 20
24 87
32 37
68 90
86 7
84 23
4 48
41 74
42 33
8 29
95 43
62 40
9 55
87 45
82 51
78 29
32 63
84 10
12 52
98 16
45 41
53 45
11 22
77 20
31 40
92 37
65 69
70 27
56 39
70 97
35 8
65 11
93 35
19 45
32 100
31 93
2 19
88 47
23 19
95 51
95 28
69 61
57 91
4 82
55 57
90 93
81 11
38 19
25 2
92 14
35 86
69 43
97 11
45 59
97 14
27 50
36 96
13 34
48 77
44 86
82 30
83 36
60 48
27 16
1 80
43 48
57 9
54 50
30 46
79 27
48 1
25 73
99 39
56 43
80 55
53 95
97 87
60 17
42 65
21 41
4 82
76 2
41 35
100 92
72 61
37 48
78 94
60 8
50 82
26 70
3 93
83 63
60 5
14 93
9 79
12 37
56 40
65 39
17 86
86 37
95 65
64 38
10 10
93 55
72 32
89 16
97 49
68 19
100 84
38 65
41 11
55 65
65 66
33 45
6 9
37 78
70 44
84 2
48 85
71 25
61 71
2 30
53 40
20 27
15 22
62 70
83 15
70 13
78 8
99 53
55 49
25 24
14 90
16 10
69 78
85 74
56 77
66 78
5 92
8 12
55 94
97 54
62 77
20 59
29 98
68 85
8 89
50 41
51 38
55 73
20 18
63 60
56 54
25 9
82 86
70 75
38 78
16 53
39 39
67 37
14 5
46 88
43 60
27 46
13 49
12 89
64 19
69 78
29 66
68 62
76 89
83 59
16 15
37 17
54 69
44 64
56 53
61 57
94 57
6 90
67 82
65 74
68 49
22 35
89 82
1 87
43 62
78 11
68 39
34 100
45 47
81 95
79 87
87 6
60 92
91 88
50 94
23 63
11 65
78 11
42 24
86 5
13 21
57 91
75 22
18 89
100 6
30 26
31 98
45 62
88 16
97 79
10 87
7 16
71 65
50 20
60 2
13 26
28 30
27 92
46 26
24 76
8 38
76 64
62 33
19 30
19 51
12 78
41 44
29 67
89 88
34 67
67 72
53 8
90 9
41 45
71 49
41 15
22 70
53 46
38 28
9 37
49 76
47 15
68 53
19 40
48 34
27 6
84 18
27 64
53 50
81 43
50 91
12 87
57 58
12 24
30 68
27 9
75 1
22 11
55 27
15 41
7 30
73 50
68 48
96 90
65 46
