500 7527
96 45
41 96
53 33
47 56
74 31
50 15
45 4
77 35
97 5
13 44
74 85
38 14
27 40
10 56
29 28
33 33
20 2
73 37
95 67
8 83
56 21
5 30
87 37
68 57
98 10
24 39
5 12
2 52
82 77
52 95
71 94
77 21
45 90
75 79
75 28
70 73
24 93
19 31
47 59
72 49
84 26
20 95
10 14
10 65
81 50
90 41
94 49
52 4
14 78
40 67
59 38
69 98
44 49
46 75
37 6
41 58
69 65
93 69
94 61
50 41
96 63
64 54
27 61
40 5
38 32
1 40
10 29
13 76
72 22
56 87
37 24
55 47
27 82
98 37
16 63
60 31
87 78
61 64
11 86
100 7
100 30
70 24
21 56
43 78
15 98
57 13
35 87
83 14
1 82
28 47
85 7
96 96
44 53
11 19
36 100
81 36
63 59
97 28
46 12
86 80
4 67
82 87
92 79
30 48
79 76
59 41
89 30
17 53
19 4
100 16
68 11
18 86
21 91
88 18
12 63
35 40
96 30
46 2
69 53
96 11
26 48
53 59
44 7
21 52
15 78
79 58
53 88
30 88
27 38
98 51
15 67
30 4
31 37
59 97
11 3
9 12
17 38
52 84
77 16
36 93
51 51
45 78
5 78
23 41
84 95
69 93
57 80
80 25
14 94
77 85
27 87
91 93
82 95
70 45
63 45
96 24
100 55
16 84
25 11
26 92
65 34
92 30
7 47
96 70
2 26
18 1
56 34
18 15
69 84
85 49
5 8
71 87
29 27
10 85
93 27
64 21
78 29
1 59
95 97
43 22
77 95
22 36
86 67
10 89
43 80
100 63
6 65
43 86
15 46
82 75
20 77
32 31
25 4
27 75
79 100
26 82
96 27
86 85
96 96
64 11
70 34
100 55
86 49
50 12
61 92
78 75
14 84
38 20
30 85
60 81
33 94
58 79
81 68
70 60
68 20
76 99
69 74
25 84
70 85
36 19
6 10
89 61
19 49
83 66
67 88
97 100
8 47
62 14
34 85
3 94
77 76
4 70
55 49
62 24
5 81
15 40
39 51
70 64
5 11
20 35
30 96
37 4
78 66
62 63
58 15
45 37
37 62
26 88
69 72
6 46
13 58
26 81
95 58
31 58
8 98
13 45
79 10
68 96
27 11
13 94
70 90
3 86
16 15
24 90
17 10
72 95
39 81
7 12
42 10
95 91
27 98
71 6
31 47
4 63
32 68
40 61
48 51
69 81
17 1
68 22
26 26
30 58
93 55
72 36
12 68
1 4
85 80
91 77
68 100
11 42
3 70
89 41
65 28
70 36
65 82
81 89
93 30
55 62
40 52
34 39
49 4
66 49
56 96
31 50
69 12
88 64
70 63
68 14
8 96
86 63
35 88
33 74
67 72
27 94
5 9
79 39
79 97
41 40
21 15
98 48
3 82
75 36
87 40
19 61
44 71
3 21
100 1
88 100
57 34
39 52
22 91
5 38
56 100
77 86
35 87
24 63
16 1
56 1
43 77
75 97
41 63
29 16
60 22
8 35
55 9
16 30
38 73
86 57
56 69
58 40
83 57
10 2
32 75
21 96
28 62
27 46
23 17
79 14
14 97
31 50
69 65
87 39
35 39
24 65
16 77
21 78
99 79
31 77
76 78
41 7
58 25
69 41
69 22
17 46
76 27
76 82
84 27
65 51
13 39
91 48
22 90
47 47
100 49
5 17
68 42
27 63
31 14
42 58
6 76
96 62
73 60
26 41
83 1
59 50
50 57
50 77
32 27
100 35
80 5
7 5
93 94
89 82
27 97
13 15
57 79
54 75
40 49
40 58
18 77
52 39
30 5
91 19
99 85
29 53
95 35
18 26
8 15
77 100
11 36
65 43
73 61
83 47
90 35
7 13
94 96
91 91
56 89
25 23
91 77
87 46
83 79
35 70
28 79
10 27
47 37
84 9
63 53
87 37
24 66
33 29
90 75
5 70
23 47
40 59
34 75
18 33
9 36
93 41
46 32
20 71
57 83
70 45
54 17
98 17
76 57
47 65
89 59
83 98
71 39
31 36
22 43
6 69
65 57
49 73
15 47
63 45
84 81
29 99
1 81
7 47
61 79
91 7
12 68
36 78
82 65
97 42
5 10
91 1
89 35
50 94
10 23
97 17
20 38
63 92
94 86
47 94
10 56
82 44
82 91
32 46
64 31
3 85
37 14
28 40
3 57
3 60
91 36
86 90
84 10
91 17
