1000 25522
70 97
52 71
13 1
44 3
41 93
80 43
35 28
40 96
84 7
31 16
81 29
69 77
30 25
22 64
24 35
67 66
94 3
89 27
75 99
35 10
25 40
59 5
24 97
36 43
43 64
17 43
24 44
39 73
95 12
68 33
66 56
64 60
19 55
30 56
7 63
12 99
9 51
94 90
3 47
44 57
76 5
35 27
12 33
5 81
57 90
35 19
23 99
50 45
75 45
50 97
85 6
51 36
60 1
60 2
87 78
2 17
76 44
62 21
93 89
70 8
29 5
10 45
86 67
48 59
39 52
44 29
59 10
47 2
37 70
13 56
91 58
64 27
47 34
54 42
69 59
3 24
41 61
43 57
53 68
15 5
44 53
37 25
66 93
56 6
48 26
4 70
57 74
23 21
65 91
1 62
44 28
93 95
10 58
81 95
40 6
48 62
25 75
50 67
47 63
13 97
62 74
37 73
77 75
61 7
42 14
97 33
63 82
82 74
39 90
67 1
49 31
35 94
55 25
66 23
90 51
2 2
69 92
98 24
76 23
33 34
99 86
72 50
25 81
60 95
52 96
17 38
8 56
76 23
18 4
54 71
89 71
32 29
42 43
65 45
92 87
83 56
13 77
6 69
17 30
51 18
73 21
17 12
37 64
27 46
82 34
78 14
81 47
2 77
76 38
56 69
34 11
26 75
27 71
10 91
85 69
79 18
26 80
44 77
6 40
44 35
97 47
94 62
75 63
90 89
10 6
18 49
73 96
22 35
23 17
41 77
25 4
95 38
9 88
13 67
74 35
42 73
91 81
54 33
43 50
18 70
9 54
76 12
43 44
88 76
85 54
79 64
66 93
63 33
23 92
71 85
58 67
71 38
17 46
84 29
61 78
78 52
1 29
85 26
100 38
23 46
25 2
76 41
70 35
85 90
88 8
95 21
26 14
78 40
48 5
68 63
47 61
8 58
95 74
89 4
95 33
79 27
68 19
12 78
93 59
42 11
35 62
50 77
12 100
51 7
33 5
72 30
28 10
85 34
56 55
79 47
60 31
32 56
6 40
81 17
16 97
94 99
75 89
41 11
23 90
22 93
8 25
70 50
81 3
2 51
10 5
76 35
33 77
29 23
87 12
77 88
70 85
21 25
27 16
82 85
23 32
11 73
53 14
3 93
96 58
61 68
33 92
7 40
92 75
39 31
87 8
8 24
84 81
61 96
100 86
6 70
34 40
8 10
27 19
14 42
61 60
89 23
89 29
45 89
17 97
28 92
22 28
87 82
100 17
48 95
20 66
75 100
10 67
24 31
77 92
57 24
84 50
9 35
63 63
76 76
99 65
49 70
35 99
82 45
9 17
34 84
40 66
42 57
93 46
66 84
8 50
6 57
6 58
96 78
50 45
23 55
75 70
71 24
61 36
27 38
70 19
80 53
1 37
32 37
3 83
29 28
88 61
87 84
37 15
51 23
14 59
36 79
51 45
48 58
69 76
12 61
33 41
8 93
5 69
26 38
26 77
12 19
83 95
31 86
60 48
32 91
5 40
86 17
55 15
65 27
12 6
76 85
96 79
64 42
7 21
51 13
92 22
95 81
89 96
81 36
97 56
2 55
68 66
99 52
1 64
36 93
10 64
33 56
44 86
67 33
10 94
69 14
78 3
92 88
51 99
89 50
76 78
56 91
75 19
82 44
72 17
38 24
57 80
68 48
2 66
64 1
18 12
93 39
10 33
6 60
73 26
58 40
59 14
92 91
56 91
59 29
28 84
18 7
43 84
71 69
36 39
5 29
91 34
65 93
48 68
93 32
54 42
75 46
48 74
80 60
56 41
20 91
17 36
13 21
39 90
70 53
28 21
8 1
63 91
37 5
13 60
87 16
46 45
23 25
79 58
53 87
33 5
58 41
70 93
27 89
28 61
5 83
83 69
70 94
70 75
83 37
62 78
75 69
57 34
62 51
54 28
65 74
33 93
22 63
77 94
71 34
92 15
56 66
30 87
6 57
92 23
94 98
92 72
89 67
16 23
22 30
41 5
100 79
79 22
63 50
26 19
58 35
67 84
9 88
79 80
88 59
91 24
93 57
62 27
99 57
54 60
67 6
63 82
38 4
89 21
91 28
60 90
80 87
46 93
89 76
37 44
89 67
82 73
28 67
77 85
97 47
2 48
18 90
96 26
80 70
80 91
73 44
90 4
98 74
33 83
68 35
86 84
23 6
60 44
99 62
74 14
65 3
66 20
36 48
2 58
6 40
27 75
61 47
37 26
72 19
49 22
73 69
61 86
82 47
52 36
89 70
30 93
53 83
6 11
77 70
85 4
37 1
50 14
74 59
35 75
82 96
41 94
72 10
57 54
53 37
22 72
30 19
17 91
39 91
65 66
71 100
44 82
43 40
31 47
32 7
67 11
32 20
4 28
27 96
13 66
8 63
15 17
95 59
60 97
73 28
71 28
96 53
61 80
20 93
69 63
47 54
54 41
62 56
18 16
10 46
14 44
92 87
39 64
82 86
30 29
55 82
52 86
26 10
98 73
35 32
57 16
64 83
66 51
13 95
42 30
30 69
20 9
8 47
24 27
31 6
32 26
95 6
79 10
93 5
66 51
47 72
39 11
19 91
60 80
9 26
28 36
25 75
100 64
18 51
7 61
29 92
25 32
58 98
54 53
22 5
92 81
63 20
37 39
9 83
75 15
30 69
91 51
46 23
89 67
14 29
76 80
21 92
60 35
54 89
13 96
26 37
53 13
3 6
96 27
12 44
11 31
76 14
89 18
62 46
93 16
95 30
91 37
17 48
4 27
96 41
90 4
48 59
58 61
78 94
56 42
84 75
59 62
46 92
29 97
48 28
12 21
57 77
68 71
71 7
62 17
32 67
48 43
14 29
86 24
44 21
78 72
97 55
71 86
66 42
58 52
63 1
12 23
100 89
32 100
15 2
48 29
21 3
62 60
5 41
51 49
70 1
89 15
9 10
15 45
69 12
56 90
26 17
25 40
75 60
49 23
87 56
6 26
48 17
52 37
44 50
43 37
81 60
40 56
13 22
98 53
49 7
76 22
61 76
1 47
59 22
76 77
48 28
31 76
89 36
4 68
81 24
58 89
44 83
90 86
25 33
13 46
97 75
2 49
89 37
72 86
50 71
75 44
29 64
98 39
79 32
72 13
92 75
11 92
63 20
5 48
61 44
64 78
32 21
21 19
16 77
90 94
96 95
15 4
20 22
37 83
70 23
1 97
94 71
14 57
42 82
18 3
78 2
90 8
20 3
66 90
13 94
21 73
93 34
94 57
70 63
23 65
17 21
62 37
85 8
32 92
18 36
45 52
47 21
49 56
66 22
62 97
38 2
13 69
28 52
9 23
49 51
97 75
61 19
95 73
62 31
54 53
12 27
39 85
44 60
83 29
57 26
56 5
4 53
1 59
1 13
25 15
23 76
18 85
86 3
7 83
49 28
3 38
4 86
95 49
3 45
69 60
8 97
92 46
33 80
35 1
1 20
82 82
83 27
61 39
76 54
45 57
15 91
39 80
35 93
10 2
74 8
91 19
17 59
77 60
43 29
18 23
53 74
17 4
35 60
91 28
76 39
35 87
45 65
79 76
81 87
48 61
47 35
88 36
39 7
79 14
74 36
39 26
12 47
56 62
52 16
39 100
52 70
66 58
78 31
87 63
27 12
51 38
29 33
43 22
79 49
72 61
60 44
31 74
88 17
46 3
73 1
63 7
80 42
18 65
41 82
12 28
65 78
39 69
51 15
55 84
70 34
24 50
46 61
81 81
32 63
97 29
20 32
83 33
14 38
49 63
69 47
40 49
51 52
98 31
34 70
29 1
69 43
94 66
11 74
56 59
91 68
36 27
71 17
71 9
53 43
11 99
34 89
69 20
2 67
85 3
23 55
71 52
8 5
20 68
51 32
91 67
16 96
22 64
74 51
81 33
22 78
42 97
72 34
72 29
91 79
6 55
52 81
11 22
99 20
15 7
19 80
89 88
50 33
89 49
11 48
2 75
51 47
97 88
22 47
52 65
81 43
96 1
22 16
40 99
16 68
25 100
31 65
83 15
98 15
4 68
64 100
20 92
97 16
35 33
91 72
40 95
40 87
95 53
50 16
90 59
9 59
68 47
31 46
58 43
8 95
93 45
11 17
59 41
89 85
32 63
10 57
69 79
79 16
84 25
9 77
94 83
60 24
39 93
77 50
57 90
94 60
92 49
76 33
90 76
26 33
19 4
29 70
18 71
13 8
31 37
7 29
73 66
50 83
89 26
30 8
58 30
82 23
92 77
16 22
70 59
75 91
77 79
91 37
53 6
12 3
99 13
47 41
71 78
89 5
75 90
28 19
82 17
66 90
55 51
23 44
43 74
25 54
52 65
12 44
37 14
34 1
71 25
9 79
83 35
59 50
90 39
40 64
40 24
81 67
7 86
62 82
7 57
36 16
52 18
60 15
47 70
2 82
58 55
18 99
90 39
84 96
