500 7567
56 96
14 70
1 17
54 10
16 16
62 79
18 40
82 89
46 2
89 13
18 16
97 48
45 53
15 53
80 42
5 66
40 45
10 28
70 35
8 17
84 1
51 63
11 84
29 30
92 19
85 49
30 45
45 35
89 74
86 13
31 57
44 69
52 82
31 74
50 30
19 49
44 4
19 70
100 37
89 57
8 34
69 52
38 5
52 86
35 4
69 98
9 3
75 100
78 26
30 37
34 16
61 26
80 52
44 51
42 7
72 22
81 51
71 4
68 57
69 24
9 68
98 13
65 45
60 1
80 38
66 74
78 49
23 93
84 43
30 85
63 50
43 28
50 88
52 6
47 65
85 43
20 3
55 67
11 43
50 80
84 56
44 10
62 57
64 59
40 61
3 16
87 80
72 11
74 19
54 88
92 87
34 86
3 53
8 31
93 86
34 42
25 4
22 86
8 35
9 99
3 70
70 36
3 26
5 9
74 93
49 43
41 51
93 47
3 9
51 45
42 27
39 16
46 55
4 35
54 74
37 67
6 50
40 6
8 29
31 68
45 93
52 15
64 5
99 45
59 97
8 42
32 87
84 1
82 27
39 73
44 51
36 48
60 8
46 28
40 56
85 52
47 70
80 59
78 98
49 31
82 55
71 24
39 98
80 61
26 59
92 72
16 27
84 8
83 29
76 8
14 28
27 21
27 74
30 32
25 18
37 71
89 74
8 56
20 23
22 52
98 28
15 73
58 100
10 87
61 52
49 7
94 38
7 74
81 17
23 35
7 4
14 72
94 11
98 1
93 32
71 21
89 24
61 11
54 80
72 4
36 18
20 7
50 25
14 91
1 91
27 94
50 13
89 16
34 49
22 35
63 67
84 28
36 59
72 18
45 66
48 11
20 77
38 3
6 84
52 93
61 89
65 39
66 64
6 51
62 91
10 48
76 71
50 15
70 58
82 3
73 70
57 27
1 61
23 46
70 17
53 3
49 39
72 30
41 18
34 39
93 16
55 37
69 66
80 75
26 6
13 31
80 37
46 82
3 85
85 72
49 27
15 26
49 10
14 42
20 76
10 100
76 89
47 99
12 66
45 98
80 1
84 36
2 24
32 13
58 81
23 93
84 16
58 72
46 74
77 33
92 10
90 89
31 21
12 28
70 15
57 27
25 10
49 51
54 60
27 47
85 22
2 38
41 72
34 83
68 80
12 47
95 83
43 20
10 97
58 100
39 18
90 97
94 87
92 93
21 10
51 20
15 85
57 77
9 91
60 58
33 9
52 52
2 99
63 82
63 79
71 13
71 8
87 41
71 16
76 19
65 87
55 89
78 57
5 58
40 72
97 88
68 56
87 6
91 7
78 53
96 57
81 76
67 49
89 44
73 21
39 10
40 63
39 5
95 86
48 5
50 15
79 47
99 56
51 13
94 28
13 87
73 77
64 87
100 27
43 44
40 5
64 13
50 33
69 13
21 70
41 56
17 100
88 25
79 61
59 59
17 77
75 69
39 34
83 78
63 12
11 54
74 39
2 26
1 11
20 77
1 30
51 25
99 23
51 86
1 89
44 2
64 72
74 17
59 88
15 50
68 61
98 44
30 62
69 93
18 57
50 83
10 48
86 8
90 7
88 60
44 66
6 36
62 28
35 52
41 65
25 92
97 57
66 3
78 69
98 67
85 79
31 99
48 43
35 53
81 36
100 83
78 54
44 59
73 100
89 41
10 8
93 12
38 85
40 21
61 4
56 93
41 3
70 3
93 100
30 61
10 14
89 18
88 48
23 93
23 69
80 12
47 36
19 77
45 67
77 5
16 96
29 97
7 3
15 90
16 50
87 90
15 73
45 3
83 48
39 24
33 96
44 7
31 35
71 32
83 27
92 90
78 76
76 29
13 44
70 75
57 89
22 57
10 44
44 89
45 1
32 64
23 100
43 37
51 41
67 66
71 41
18 88
48 63
77 95
33 77
15 64
16 84
47 1
59 18
50 83
37 24
44 13
93 41
68 10
66 44
28 67
11 99
43 19
3 47
23 42
64 46
59 87
97 50
74 41
55 75
93 3
57 5
29 75
87 39
7 97
48 92
58 31
77 84
95 6
86 25
9 12
61 21
1 60
7 13
71 39
2 94
43 36
14 51
95 34
62 46
79 47
74 52
72 96
73 17
76 98
47 90
89 14
86 84
43 91
14 7
92 11
35 93
70 11
21 37
21 31
29 59
68 80
30 61
5 94
14 86
16 37
65 5
74 58
16 48
23 17
