1000 25053
49 127
94 65
32 138
52 118
47 122
64 93
2 177
1 150
87 87
21 145
21 152
66 110
49 114
85 83
92 73
78 91
73 106
26 137
58 114
24 154
43 131
38 115
89 87
58 94
91 72
25 145
8 163
18 145
32 138
13 165
90 63
32 125
7 171
73 100
83 93
53 105
36 135
85 82
5 153
75 89
57 117
77 95
40 111
5 173
13 147
83 82
34 125
37 143
9 160
92 88
12 166
51 112
29 123
100 65
60 104
19 145
25 129
68 108
88 80
8 157
80 85
77 94
91 80
38 124
1 162
74 85
42 127
37 116
10 157
98 71
11 147
18 142
74 86
2 156
22 136
87 74
84 80
56 110
75 86
44 109
47 118
87 93
47 110
27 131
86 78
6 156
45 127
62 98
73 107
33 118
21 153
5 159
61 110
12 145
42 126
62 91
85 80
84 94
50 127
46 105
33 133
12 164
63 97
7 161
13 140
36 123
45 133
48 111
91 75
19 161
44 109
89 83
5 174
90 61
15 165
43 120
95 67
12 151
56 108
68 85
96 67
77 80
24 135
8 146
88 75
65 111
21 157
24 145
100 65
70 97
69 100
33 118
33 129
83 88
91 69
97 68
18 161
35 122
45 120
61 96
5 152
88 79
1 177
62 93
29 138
68 101
4 155
23 147
79 72
11 161
42 123
26 130
87 84
65 108
33 126
74 101
82 78
6 172
49 115
81 93
27 137
17 135
13 153
60 116
51 113
55 120
56 96
21 142
89 85
52 114
81 88
46 126
91 83
81 77
7 161
19 133
48 129
62 107
42 121
78 99
72 80
35 142
55 97
59 113
100 61
88 64
84 75
81 89
45 127
33 139
13 143
71 106
1 164
78 85
30 142
4 175
32 148
38 127
24 129
73 100
89 83
56 107
18 146
80 85
88 82
24 149
98 60
88 70
37 124
91 80
17 138
8 155
78 89
72 106
18 158
77 101
11 161
54 100
9 150
55 100
86 81
73 83
25 126
38 114
50 119
7 158
41 131
82 86
44 135
16 150
54 98
84 79
71 107
23 134
63 106
59 100
46 133
13 164
98 69
82 70
55 112
14 149
41 123
32 143
85 67
11 148
60 104
95 70
64 91
20 145
49 120
1 170
93 77
26 136
38 126
94 86
32 144
31 124
27 140
27 147
46 124
32 128
10 146
69 90
54 112
25 142
79 89
51 106
89 74
76 100
84 74
43 128
89 69
25 146
27 138
74 77
35 136
38 133
20 146
98 77
58 97
69 107
98 60
2 172
46 111
87 84
95 79
77 75
17 151
74 78
3 165
15 142
5 157
64 101
83 75
59 118
88 63
61 106
61 92
28 135
36 126
45 107
71 104
24 137
69 103
49 111
49 112
55 100
86 94
21 147
52 119
95 59
89 75
1 177
48 121
86 76
39 122
95 67
62 94
56 122
68 88
16 157
70 106
72 95
79 100
4 149
82 73
19 161
64 105
43 137
46 108
99 73
87 64
68 111
74 78
7 158
68 112
75 80
61 100
6 173
95 69
64 87
100 74
35 134
64 107
100 62
20 131
54 97
94 72
33 123
9 169
61 110
48 122
30 143
84 95
78 90
33 135
66 87
48 119
96 60
60 114
46 117
46 124
46 129
13 148
72 99
52 107
33 127
46 121
64 105
38 142
92 59
27 134
89 76
26 135
42 109
88 80
97 64
95 56
81 94
29 129
56 114
93 64
28 149
85 70
77 78
57 100
70 102
94 86
5 160
65 104
53 120
50 127
63 95
98 69
14 165
34 137
1 166
98 60
31 126
64 113
35 144
22 157
42 116
24 139
99 53
83 97
63 110
95 67
77 96
96 71
75 87
32 122
88 86
2 178
69 89
16 162
58 98
38 141
9 160
14 157
54 114
61 101
15 144
68 99
10 160
81 77
1 156
62 117
78 79
83 73
77 98
13 143
4 172
18 156
88 72
2 175
52 114
2 150
48 103
81 77
97 72
22 140
64 97
37 117
23 130
32 137
4 147
33 118
21 138
13 149
98 65
27 141
25 148
13 158
94 61
87 67
45 133
95 66
48 104
22 133
29 129
77 92
86 66
33 121
94 60
25 128
86 94
98 71
27 128
34 138
78 90
75 90
55 120
41 138
63 105
30 148
25 134
67 93
14 164
45 114
31 140
11 149
71 106
55 100
75 97
65 108
41 118
19 151
11 164
41 119
93 73
39 114
17 153
78 81
23 155
62 112
3 158
9 160
59 103
81 76
94 67
36 144
55 116
48 107
77 93
18 162
29 145
1 169
36 124
94 69
97 81
66 114
5 159
20 146
20 157
31 125
84 74
13 142
2 165
46 129
53 103
94 80
36 141
69 107
71 103
59 115
30 131
25 129
19 135
89 83
5 156
12 152
76 87
60 113
11 150
4 170
29 144
92 84
56 107
64 110
85 74
53 100
29 136
41 123
72 96
100 61
72 89
7 161
12 145
73 96
4 158
16 147
66 96
39 119
84 96
88 67
97 76
66 94
13 138
67 101
6 167
17 136
78 74
81 97
28 139
41 113
37 134
8 151
32 147
92 84
71 103
16 163
96 82
51 108
57 98
67 98
3 158
80 85
25 127
66 102
52 102
28 127
82 90
69 88
67 87
17 154
56 98
15 161
82 90
20 134
82 74
39 117
89 89
11 146
72 81
16 148
51 101
8 158
24 141
82 90
99 62
46 112
50 113
47 111
49 109
6 161
13 151
3 166
85 88
90 76
68 110
88 88
17 153
1 168
8 167
35 131
18 133
15 163
2 159
51 121
35 138
35 123
90 87
23 139
45 119
13 159
90 85
48 109
20 159
65 86
81 98
70 89
11 140
30 131
16 142
11 147
87 82
81 90
13 155
23 138
70 108
32 125
62 95
38 122
33 142
69 104
25 150
2 173
84 78
26 151
4 154
70 106
60 95
93 84
92 65
56 104
5 163
33 140
55 112
76 90
98 68
88 69
46 120
60 106
17 150
13 160
70 95
56 99
93 70
34 141
30 127
14 139
17 134
92 71
52 110
1 167
12 165
76 80
2 152
95 63
53 99
6 156
16 137
64 114
50 108
59 92
71 87
7 160
92 74
26 148
34 140
89 62
65 115
79 72
100 66
81 77
44 129
21 159
88 66
36 141
54 112
18 142
50 129
22 145
61 104
53 99
23 131
72 81
80 77
76 81
67 94
32 119
33 127
34 121
47 131
83 76
93 85
17 160
41 126
84 79
94 76
74 86
24 139
58 103
5 147
23 155
91 69
48 126
43 126
78 77
83 80
48 107
47 110
84 69
69 94
7 164
36 119
91 67
31 142
67 86
19 137
49 126
98 77
51 115
82 90
44 121
33 141
74 95
13 148
25 136
57 94
6 167
99 63
80 83
64 111
3 161
2 150
54 101
2 177
44 118
83 68
36 117
91 67
82 75
20 136
12 158
88 89
7 145
54 123
18 144
74 80
72 81
66 112
23 148
23 137
48 121
67 88
7 168
21 136
79 86
32 123
30 149
36 121
82 77
9 144
99 75
36 128
63 91
4 174
37 117
58 100
87 91
72 85
1 164
68 109
91 63
12 165
7 158
50 105
65 100
77 99
23 157
37 130
94 72
45 125
11 157
93 61
63 103
17 146
66 95
93 58
100 67
95 64
29 150
81 86
55 99
27 145
16 156
17 140
83 78
52 124
27 129
69 82
24 128
27 136
88 89
66 89
90 69
46 115
67 92
54 119
22 157
89 91
42 110
68 96
86 84
52 117
60 107
48 129
21 130
25 144
93 76
20 140
19 151
21 139
1 167
74 99
99 52
16 144
42 129
81 73
20 135
68 101
1 175
95 61
46 105
40 124
12 140
35 116
86 88
79 81
41 132
59 105
67 84
82 84
26 143
4 158
86 91
86 70
4 155
58 119
10 156
96 81
77 101
81 96
68 88
29 137
6 155
66 113
45 130
47 127
99 75
16 155
67 95
99 70
10 166
64 90
39 113
21 156
99 55
76 91
99 79
91 77
86 65
18 152
24 152
12 157
21 131
9 163
49 117
76 84
18 150
10 164
71 85
95 63
90 72
38 116
23 150
95 78
56 96
19 140
94 64
54 121
86 93
12 157
52 111
95 71
75 89
42 114
68 86
25 142
69 103
18 155
15 161
55 117
35 127
39 132
66 87
8 155
99 63
66 94
35 129
17 155
75 78
6 156
63 116
17 148
95 70
37 126
11 168
50 116
56 107
56 100
3 157
41 112
19 147
7 157
88 80
94 85
100 69
55 108
70 87
69 91
24 131
85 89
75 99
59 99
75 90
92 76
18 153
25 143
57 120
52 124
93 58
31 141
9 148
55 116
47 109
4 167
44 131
10 166
5 151
51 106
17 156
60 97
91 68
36 122
66 96
30 138
81 97
17 163
36 144
50 126
85 67
60 116
86 83
11 156
70 84
12 163
2 152
39 127
37 118
58 114
42 119
29 126
41 122
51 117
36 132
39 121
