1000 24760
24 133
49 130
45 119
32 128
83 89
24 149
48 126
32 131
51 112
16 154
47 108
53 115
27 148
90 67
41 123
25 129
1 167
52 119
18 151
27 131
96 60
81 84
79 100
84 85
3 150
52 113
20 158
23 139
99 70
7 155
92 63
74 93
7 145
36 132
5 171
41 124
60 92
4 166
72 97
62 94
19 132
70 104
14 160
46 130
59 113
54 103
22 157
59 101
57 121
40 119
38 121
52 123
72 94
16 164
88 75
74 86
67 97
59 93
48 124
18 134
65 99
40 136
91 78
23 134
27 128
96 68
63 109
38 118
99 76
86 74
99 55
70 106
55 120
12 165
15 148
66 101
18 157
88 65
76 92
26 138
27 134
13 163
30 128
50 126
81 94
17 145
24 132
99 52
75 89
23 146
16 136
91 78
62 94
59 103
13 162
89 71
6 162
75 83
26 131
56 98
12 156
77 75
25 146
66 88
40 138
91 62
83 87
57 108
79 76
59 98
35 143
57 101
71 104
64 114
7 146
3 158
80 79
82 98
2 159
6 158
4 156
17 138
96 56
18 147
75 91
8 161
58 108
32 143
34 142
35 130
88 91
45 110
11 155
12 157
62 97
51 105
3 169
45 133
59 103
33 135
55 122
93 66
89 86
77 94
56 122
95 75
80 71
87 92
28 133
81 73
92 70
32 139
49 109
87 69
1 176
24 141
46 128
58 97
55 105
31 130
92 69
42 138
75 91
3 173
6 162
89 85
5 168
60 91
85 78
63 91
92 77
91 60
8 147
80 75
67 104
63 111
27 147
46 118
50 122
54 101
78 81
41 135
37 130
27 131
80 71
37 118
2 162
25 141
46 105
56 109
56 120
38 123
50 114
82 71
92 87
7 145
22 146
96 75
66 108
58 93
10 157
57 97
48 103
69 94
36 123
15 149
32 124
14 138
12 157
33 145
20 158
90 79
25 140
56 100
16 160
56 101
45 116
17 142
81 83
42 119
24 150
88 63
31 141
25 154
21 133
22 148
83 89
43 128
69 83
48 118
100 63
31 129
56 113
48 116
99 73
44 125
14 155
82 96
57 106
25 154
66 101
76 84
66 101
91 82
84 82
33 121
98 81
80 88
1 153
78 84
21 157
77 92
17 145
52 109
1 167
38 127
25 147
36 123
32 146
46 120
83 83
31 129
76 99
39 116
30 135
26 141
34 131
95 58
8 148
90 87
72 101
73 91
18 139
37 114
15 141
1 163
70 84
13 141
32 119
22 158
42 115
52 118
98 70
11 157
55 118
51 104
48 127
32 132
86 70
31 141
77 102
68 103
13 138
52 114
58 109
43 115
77 75
91 61
37 115
36 143
33 145
8 167
9 153
50 126
97 70
75 92
2 157
18 153
87 75
33 118
39 123
81 87
36 127
37 142
91 86
91 64
87 89
90 81
22 146
72 79
20 134
98 61
91 80
32 123
1 173
1 157
74 80
29 138
91 60
63 92
65 100
75 103
22 157
25 143
24 150
70 96
99 77
25 149
87 91
38 119
57 118
78 81
18 148
93 64
66 113
8 154
35 118
4 170
49 104
8 162
27 139
68 88
57 121
17 162
99 53
9 154
69 109
25 130
37 142
12 166
39 121
53 102
86 89
60 120
77 95
10 158
82 75
76 91
34 120
20 134
65 100
43 127
97 57
34 146
87 81
62 113
93 69
73 97
17 143
41 115
80 79
43 133
8 145
36 143
12 162
6 171
44 117
80 83
30 121
32 120
91 69
68 84
85 71
77 77
80 94
61 117
38 126
61 119
88 68
71 96
32 144
52 111
65 91
29 142
85 77
51 122
42 123
29 136
23 131
59 116
69 93
54 108
53 109
76 89
41 111
64 113
82 79
36 119
96 63
63 90
68 88
38 130
83 94
52 101
66 97
14 156
64 108
3 173
26 143
52 126
26 128
57 99
55 97
90 61
85 92
92 63
93 72
79 74
20 150
67 101
89 80
89 84
21 151
41 139
64 115
13 152
57 111
97 62
49 120
4 164
12 142
16 150
41 136
94 86
67 102
7 153
7 162
82 78
9 168
32 147
33 146
86 65
88 67
40 132
76 75
25 126
31 146
20 138
3 172
2 156
38 137
43 121
42 138
10 156
83 80
58 121
23 128
91 82
54 125
71 90
94 66
65 87
86 91
87 92
10 141
4 153
45 113
16 145
85 73
53 101
99 61
70 87
39 137
39 117
9 169
66 103
63 115
91 75
37 139
17 155
44 129
74 96
59 96
86 87
84 94
93 67
43 128
6 164
36 138
48 113
76 104
81 72
65 98
13 155
67 106
74 81
68 106
11 169
42 116
52 122
16 160
40 119
73 99
6 165
78 86
33 128
23 136
92 61
23 154
59 95
8 166
19 150
32 134
18 153
4 157
15 140
11 169
98 75
20 154
46 127
97 79
47 118
26 141
61 97
59 116
45 115
35 119
26 134
55 96
76 77
30 123
22 154
67 94
54 120
27 140
45 121
87 68
1 166
88 80
61 90
59 104
96 58
79 82
91 79
13 161
34 138
57 117
75 98
83 73
77 90
72 85
80 71
75 98
98 67
40 140
34 133
94 80
26 150
11 166
48 119
1 177
92 87
22 140
20 139
46 119
100 70
64 110
84 85
1 156
3 151
44 117
59 102
98 59
75 96
1 179
63 117
60 94
58 115
37 127
43 117
34 117
9 153
22 130
60 113
58 118
13 161
45 107
51 111
39 130
56 122
50 128
91 75
99 69
71 88
10 164
96 56
23 156
25 135
31 131
23 154
28 135
75 97
33 124
25 136
1 162
34 144
39 121
60 106
91 79
28 137
54 113
76 94
36 140
75 94
35 119
45 126
88 74
80 75
95 57
78 94
87 87
96 75
68 89
37 117
19 161
78 95
85 70
41 129
2 150
15 152
15 151
29 127
41 139
47 117
6 160
41 121
32 129
44 123
53 117
22 150
71 80
6 150
49 104
58 110
81 85
84 94
2 156
20 149
15 138
48 104
49 111
53 115
96 76
16 143
89 82
14 149
93 58
73 95
6 146
47 105
88 88
20 139
27 152
28 147
18 146
32 132
21 136
50 116
28 144
73 95
23 134
50 122
78 95
72 79
60 91
10 141
7 172
13 167
81 80
21 152
61 90
29 134
25 135
8 157
45 126
13 160
21 148
89 82
38 122
26 137
35 129
25 152
97 74
14 148
4 167
14 163
45 122
24 145
63 99
24 134
48 108
86 75
26 145
26 145
9 152
85 86
87 84
15 136
97 73
68 105
87 86
9 154
96 59
11 142
16 153
92 83
75 92
88 69
81 76
12 156
13 156
67 103
88 76
9 143
80 71
92 62
75 103
77 90
67 106
89 62
52 114
15 163
74 79
77 79
92 68
34 122
61 107
78 94
48 108
10 148
45 120
86 93
18 144
41 128
96 77
86 94
84 72
71 88
73 83
16 146
34 142
38 137
35 139
22 137
46 122
66 108
13 141
72 93
42 111
31 145
61 96
46 114
45 121
86 66
22 144
36 139
20 137
35 118
14 145
67 87
44 108
10 163
5 147
13 150
2 151
100 66
98 56
86 94
22 152
23 137
1 161
8 153
60 116
87 68
29 132
57 106
53 117
93 72
29 140
46 118
23 129
89 78
91 83
20 147
74 94
13 138
55 99
93 73
99 76
20 142
12 158
42 135
82 94
16 147
54 97
83 87
67 112
4 151
68 102
41 123
26 130
21 152
100 75
85 66
7 170
28 149
41 114
11 147
20 141
69 104
57 107
94 69
9 150
47 110
13 158
35 134
11 146
68 98
79 97
9 142
39 138
42 115
2 167
20 144
57 113
8 162
3 151
76 84
11 155
22 151
68 97
88 83
94 71
67 84
72 91
53 100
46 132
64 103
63 89
17 141
85 74
19 146
10 152
93 66
18 153
23 130
79 90
80 89
42 126
58 107
89 73
80 77
99 72
42 138
52 118
8 144
49 112
6 159
35 118
11 165
79 78
54 114
98 60
25 138
20 140
69 101
77 80
17 140
85 71
91 68
33 124
69 87
62 103
42 126
13 152
79 99
16 154
92 83
58 108
57 101
49 110
98 79
89 67
47 125
92 77
40 135
6 159
40 139
97 63
40 120
51 116
75 83
93 84
48 126
99 64
64 114
69 87
27 134
80 75
53 108
18 143
64 89
21 138
79 97
58 112
85 80
9 164
73 79
76 83
18 162
30 121
76 84
68 109
18 138
75 98
59 98
9 171
80 77
50 105
5 146
20 146
100 63
31 120
12 142
100 79
82 73
28 124
68 86
8 157
59 119
72 84
77 99
23 149
44 120
7 156
80 81
28 150
15 140
52 102
56 123
85 69
81 73
31 127
52 120
50 109
5 175
62 116
58 93
85 93
11 164
14 159
56 108
63 116
45 128
19 140
62 115
26 143
46 106
29 151
85 69
5 166
52 126
62 109
79 83
95 58
68 85
58 107
22 129
35 144
61 99
