1000 24758
94 51
75 10
75 75
6 10
36 28
48 80
52 92
42 64
68 77
61 9
98 93
84 98
67 21
73 34
9 55
44 83
24 27
97 78
39 30
27 94
34 88
19 63
3 45
17 94
71 30
63 2
61 70
75 33
35 99
60 19
67 23
28 1
34 28
41 49
33 62
69 7
40 29
85 53
62 70
7 57
97 61
11 14
91 54
15 33
84 47
99 61
11 15
59 25
48 90
49 97
86 18
33 29
19 59
40 62
49 22
89 89
2 63
62 44
63 73
37 13
21 62
29 95
16 14
6 89
21 43
1 27
75 48
60 23
37 80
88 17
19 79
33 92
99 31
9 85
48 77
82 29
59 97
10 43
92 54
58 38
58 39
77 23
91 66
76 50
16 85
91 40
17 38
70 99
52 83
79 10
58 12
72 96
60 56
25 77
78 36
32 50
25 3
4 83
92 73
61 34
43 52
10 3
46 78
41 34
70 39
45 54
74 62
80 35
54 96
18 67
90 72
11 87
94 90
80 38
38 36
62 26
22 29
54 25
83 76
74 11
85 86
40 87
97 6
44 41
64 63
26 41
75 90
41 18
81 76
18 14
1 51
76 27
79 69
98 28
68 60
100 59
42 33
94 73
80 94
95 81
11 92
69 17
57 67
56 33
100 6
95 54
17 10
73 34
48 78
51 85
46 96
32 63
90 72
95 1
27 55
6 86
72 94
54 96
46 55
5 21
23 62
98 6
80 47
2 82
96 85
47 58
53 40
37 18
40 30
32 33
84 50
50 73
52 2
92 16
58 5
3 59
38 21
26 14
76 93
86 98
77 99
73 88
69 12
66 22
19 41
48 18
23 59
91 86
1 13
68 14
95 6
75 26
66 19
26 4
28 7
13 55
72 61
81 47
1 24
64 42
64 31
36 73
65 67
16 32
28 40
22 71
70 91
65 60
48 37
45 35
2 9
24 35
70 22
71 72
41 8
88 14
70 89
64 66
78 51
22 54
83 79
24 56
96 79
100 49
1 11
24 86
12 56
25 23
4 32
13 79
88 65
67 62
100 52
4 31
34 46
27 43
26 53
4 36
44 55
25 89
100 22
45 15
48 75
69 95
67 87
40 34
9 9
36 27
55 100
38 59
57 80
90 30
62 67
5 11
89 79
14 29
28 96
53 34
38 52
83 79
17 64
25 16
1 92
16 67
29 98
87 37
43 10
6 2
90 24
86 64
30 91
41 45
82 30
29 17
62 40
49 16
20 51
70 100
84 95
75 2
7 10
93 74
64 31
20 28
97 36
4 61
34 57
76 31
56 46
23 8
10 61
24 10
100 75
10 53
40 76
80 24
96 89
34 37
85 25
37 65
19 52
66 67
30 9
52 82
94 36
91 100
100 49
65 38
12 51
36 43
91 39
18 13
28 69
54 69
90 40
76 4
10 82
75 48
3 87
17 27
97 7
12 47
41 88
96 81
21 99
80 16
75 56
69 88
13 52
11 33
5 4
83 56
76 99
34 64
34 89
21 86
76 64
86 37
38 23
87 66
21 80
28 61
57 78
100 48
34 82
98 70
27 3
43 63
72 17
29 89
59 41
20 24
40 36
51 29
68 56
12 34
30 44
94 64
80 73
94 47
5 96
85 76
28 54
32 46
70 40
62 42
5 32
46 55
47 79
42 54
84 20
19 10
69 67
40 50
18 9
2 100
37 19
44 11
96 62
60 87
72 100
7 54
32 62
63 35
57 34
99 70
74 20
39 29
92 33
54 45
32 76
48 28
90 20
60 81
32 73
11 11
73 23
88 56
56 17
19 53
81 62
92 89
89 62
49 28
31 38
6 70
3 27
20 8
49 80
50 40
31 94
72 31
56 45
62 8
34 17
13 79
12 77
59 89
51 7
56 61
64 33
82 34
55 88
53 4
93 15
38 12
16 15
65 37
25 20
23 83
35 89
5 81
14 71
23 50
6 60
97 8
80 71
60 86
16 67
80 2
9 77
98 13
51 33
65 21
12 20
36 1
29 99
23 48
47 89
79 58
78 8
10 21
12 91
85 47
15 77
5 5
22 10
30 43
21 41
47 29
52 25
8 81
3 9
18 96
30 82
60 68
14 55
10 52
19 5
81 22
41 6
80 33
78 86
44 38
44 6
89 5
31 90
72 4
64 4
77 31
2 13
93 63
39 3
13 4
77 9
53 79
69 8
99 18
34 21
90 1
97 47
37 98
49 81
99 7
54 93
78 15
59 75
67 99
39 66
29 31
47 72
80 71
8 64
77 57
75 60
3 69
17 13
5 2
26 24
32 68
82 32
27 37
25 30
20 34
92 40
1 38
24 13
60 99
51 8
9 85
1 99
47 6
45 82
49 32
46 12
51 26
79 46
56 86
69 77
69 63
84 69
68 48
100 86
92 32
44 57
74 97
46 100
12 69
79 98
72 23
44 89
12 81
98 11
68 18
83 15
89 50
20 8
58 79
1 49
71 15
66 63
53 99
17 20
62 97
54 30
14 83
12 22
32 27
21 21
33 50
52 90
5 89
100 98
52 27
48 20
95 54
25 23
93 19
6 74
55 73
16 93
1 62
66 53
14 4
68 32
100 19
54 5
40 39
57 97
6 5
10 53
22 12
11 4
78 24
36 8
64 85
44 6
99 81
47 12
64 26
31 31
98 53
20 14
30 80
1 31
19 85
24 85
26 53
64 55
82 10
32 77
79 48
82 24
50 30
44 3
2 55
49 100
50 7
41 93
6 97
55 12
2 97
27 60
65 67
31 72
14 19
80 51
74 29
13 51
26 14
90 7
43 33
76 18
61 20
25 12
76 48
80 57
100 96
53 53
95 11
81 58
85 29
73 10
15 81
34 10
69 64
16 35
34 10
18 71
8 79
39 58
24 34
61 27
18 17
41 52
91 98
31 35
20 54
17 26
43 85
98 68
6 32
86 18
73 37
18 4
62 81
100 37
49 12
61 29
53 89
43 22
94 86
89 69
68 84
60 66
74 31
36 47
27 52
7 92
53 69
34 30
46 49
76 2
94 56
63 17
16 5
84 53
93 3
88 59
52 30
88 39
85 78
57 14
25 56
9 14
27 17
86 89
8 50
75 28
98 17
60 90
18 1
91 54
100 11
85 84
50 19
73 41
20 31
76 70
80 32
24 99
61 51
25 32
51 53
54 6
39 100
19 9
90 10
83 2
6 67
41 39
70 40
42 96
50 52
94 48
2 10
76 20
31 36
9 11
2 99
29 4
21 53
19 52
71 57
20 63
55 87
21 27
93 3
26 69
48 96
72 86
49 20
9 46
48 69
52 72
14 3
38 20
70 32
3 12
20 21
27 99
96 2
42 12
68 94
97 6
87 11
69 55
24 77
18 98
29 18
25 28
98 1
49 70
96 79
68 9
21 32
2 65
88 35
13 86
28 86
36 82
36 23
28 5
96 79
35 43
79 28
9 81
72 62
48 59
64 92
43 34
26 57
11 46
84 97
45 3
7 51
23 8
13 9
82 27
40 5
94 26
6 54
37 58
94 95
53 84
56 66
14 78
55 49
96 1
78 15
34 86
31 34
65 89
61 90
78 13
99 31
40 17
86 93
22 44
39 75
1 37
17 29
65 84
11 82
100 26
9 38
69 32
22 85
74 46
50 10
13 41
19 24
8 64
1 98
12 18
60 47
57 16
78 48
66 47
52 16
55 62
99 84
34 1
72 3
12 73
63 13
70 85
51 89
48 58
44 29
41 16
1 94
60 9
57 51
11 27
11 86
66 40
80 10
85 70
91 85
29 19
97 11
9 8
36 34
50 60
72 78
48 33
58 75
49 77
65 31
9 42
56 90
64 15
94 43
27 92
75 87
56 7
48 77
77 28
55 64
91 57
69 95
55 9
2 65
26 97
66 87
65 51
43 36
97 96
49 72
85 72
25 67
97 34
45 32
13 52
46 94
16 61
12 84
3 20
17 37
76 67
63 62
72 26
91 81
8 56
98 70
17 19
63 62
97 98
45 98
70 78
88 54
14 44
24 86
41 70
39 40
41 73
5 20
33 27
37 20
53 44
17 99
14 86
2 77
61 30
78 38
47 22
76 90
89 73
2 94
44 78
16 39
16 55
15 3
59 71
24 62
64 24
75 90
86 23
61 21
72 39
55 100
100 74
85 83
31 38
40 44
75 22
71 10
97 15
7 49
60 29
49 10
75 47
73 67
2 39
35 28
2 4
49 12
62 69
90 76
2 5
6 46
57 67
17 11
72 100
15 37
40 72
36 24
42 26
78 95
48 96
65 65
84 46
47 70
49 99
14 83
38 65
75 20
37 44
34 31
33 20
96 73
35 41
7 18
20 39
36 31
41 45
21 94
36 42
2 13
62 21
37 47
59 10
18 87
54 57
31 10
85 24
45 29
66 85
78 1
22 75
13 80
42 17
58 72
11 1
42 67
71 55
48 17
68 87
59 98
82 48
100 6
6 22
68 40
6 76
25 12
3 70
98 20
97 57
39 11
