500 18448
27 52
31 36
68 12
34 32
80 2
23 33
56 51
28 68
31 94
69 57
44 24
5 2
4 55
44 24
29 89
82 55
97 6
51 16
18 67
66 5
91 3
63 29
33 53
73 49
44 21
75 8
60 50
62 8
98 13
53 93
29 52
76 16
83 80
49 15
9 47
14 81
71 47
16 49
93 1
1 40
84 6
37 76
57 93
39 12
32 99
85 81
21 66
80 4
35 96
90 32
46 60
77 51
4 60
30 64
50 51
48 33
4 72
61 100
9 92
53 36
14 45
90 43
80 4
48 76
38 57
41 50
62 9
8 56
56 51
6 9
60 95
92 8
42 84
16 88
82 19
25 35
52 20
54 84
5 38
86 16
44 68
2 98
62 18
47 79
31 13
63 68
94 11
87 84
76 20
55 2
91 72
89 64
96 96
71 75
88 39
33 5
11 76
1 47
40 60
18 78
7 7
99 6
61 85
100 43
66 45
43 3
25 77
17 65
96 39
81 66
54 32
91 6
82 15
67 49
90 84
64 28
30 68
35 47
50 63
5 87
89 100
41 34
45 50
36 96
63 60
32 41
68 52
73 88
33 39
59 63
42 65
39 46
9 68
3 2
90 88
74 13
45 56
66 16
90 29
92 94
46 81
95 60
83 51
27 96
62 60
72 87
91 23
91 27
6 33
92 85
47 14
47 32
84 71
91 15
82 79
46 82
74 7
2 82
70 21
6 46
60 44
12 38
96 91
69 12
66 39
86 30
42 76
62 94
3 45
84 4
53 88
49 25
78 15
35 90
27 72
39 26
58 76
69 94
81 52
16 60
61 31
27 17
14 92
96 53
69 84
95 22
42 86
43 90
96 56
11 7
100 35
8 99
74 44
48 25
76 62
39 82
85 6
69 89
52 27
87 50
52 44
5 66
35 27
82 10
91 56
14 98
72 35
49 31
82 44
53 39
16 91
94 26
31 7
29 34
90 78
100 90
75 7
31 15
94 80
23 14
93 21
45 66
30 65
19 64
92 43
5 26
9 97
76 48
73 67
61 76
63 98
77 10
65 41
49 76
58 72
7 96
62 73
81 6
7 79
44 68
33 96
22 21
89 93
64 3
50 6
78 22
15 92
77 64
60 37
60 23
99 78
5 57
56 41
28 42
23 73
48 83
84 19
83 21
23 82
8 37
43 96
37 31
84 99
59 37
86 6
93 70
18 84
99 31
74 27
24 14
94 98
58 23
98 86
83 91
73 25
99 43
12 64
39 68
75 7
24 100
98 43
73 36
28 9
54 83
100 29
2 33
53 17
35 99
36 53
27 98
43 36
79 1
64 29
26 34
89 89
1 34
71 3
58 24
99 16
96 29
82 38
93 14
53 3
79 75
27 56
26 27
77 18
38 19
64 47
4 24
13 19
14 89
76 11
40 79
19 23
28 39
93 11
71 39
62 37
29 15
49 88
56 72
59 15
12 16
34 57
99 55
64 2
4 59
57 79
15 17
99 40
90 16
7 82
3 94
68 90
85 37
80 73
96 7
74 56
44 19
51 82
87 26
9 59
27 92
78 4
79 81
6 30
71 14
49 71
19 19
51 80
49 58
75 90
9 95
61 26
8 99
59 1
76 79
63 9
15 79
90 47
13 48
4 94
48 29
15 94
23 36
32 65
95 66
71 94
6 72
90 84
21 28
44 97
98 42
99 19
21 100
76 74
4 1
43 65
76 44
75 71
93 45
24 53
49 12
53 91
36 78
8 10
12 91
12 8
70 19
78 70
1 55
82 18
82 15
49 35
48 11
56 2
32 51
42 76
26 48
89 23
31 11
99 75
32 19
80 52
97 45
53 71
7 77
53 97
95 87
34 20
79 67
40 31
58 73
27 79
92 73
45 2
86 88
3 16
56 10
7 6
81 37
9 64
88 24
14 51
9 98
35 86
69 5
40 48
29 62
47 52
29 22
11 72
45 78
12 93
91 76
93 22
64 63
97 52
45 19
11 49
31 24
23 37
50 32
40 48
1 15
93 56
36 49
38 55
96 71
92 10
44 12
28 7
52 25
83 87
41 10
60 74
18 73
61 66
51 74
98 86
7 17
31 95
8 9
3 46
43 87
98 84
96 67
58 1
47 88
92 37
68 2
29 11
15 74
69 85
20 10
67 40
62 40
55 58
5 46
9 63
98 20
48 58
36 21
49 44
31 44
28 82
60 18
100 68
88 47
63 91
97 53
47 15
93 37
56 62
49 60
35 76
54 45
44 79
93 76
