500 7530
88 21
88 45
23 64
55 34
65 33
40 75
49 72
27 100
92 26
83 65
20 34
66 72
51 8
57 3
57 2
36 7
2 73
64 74
32 15
45 70
61 11
14 30
29 20
74 82
53 93
38 72
85 91
89 8
27 76
94 54
57 73
14 96
82 50
31 88
20 81
98 82
22 62
68 52
24 34
13 88
2 68
43 19
79 11
53 28
51 73
87 64
88 34
5 45
3 38
71 49
49 14
63 48
85 30
29 85
89 30
37 75
66 8
73 72
77 34
44 83
67 77
33 6
9 30
100 27
16 45
29 10
97 60
37 7
48 14
21 93
2 46
50 33
15 64
80 56
2 60
18 36
18 72
41 46
22 81
72 9
12 46
70 46
35 8
48 75
98 83
23 37
84 1
16 42
47 61
13 34
59 25
65 89
97 91
68 6
64 15
12 36
48 16
13 27
49 94
95 29
85 71
50 39
44 13
99 34
81 46
97 73
68 70
50 17
38 18
89 2
22 77
1 63
10 47
8 85
48 89
60 81
30 73
83 90
75 23
28 85
95 75
85 99
93 74
92 66
4 4
8 40
3 53
51 19
20 18
3 46
98 99
4 89
4 36
41 12
55 22
84 33
90 36
74 43
34 2
79 5
63 44
7 78
79 67
24 91
14 62
78 7
83 23
95 87
12 48
57 45
22 71
7 75
94 43
14 96
50 40
97 47
22 36
4 92
48 17
93 53
59 89
45 16
49 41
62 24
37 27
55 15
46 8
78 14
28 57
31 9
56 18
42 1
37 87
86 36
66 43
50 100
15 42
48 65
44 86
27 42
57 62
17 9
85 16
50 4
83 4
34 7
98 2
4 91
89 50
45 19
48 44
47 38
41 86
96 36
9 13
30 64
50 2
6 20
7 77
78 11
88 29
63 94
71 11
24 67
100 29
36 5
25 66
15 22
84 21
20 4
41 63
92 82
36 64
25 30
93 38
18 67
10 36
90 91
73 10
50 85
87 9
21 53
97 74
79 94
68 40
57 86
8 57
18 94
14 6
67 33
47 4
1 34
81 78
17 66
76 100
80 6
5 70
100 17
94 28
40 42
71 72
34 90
31 76
58 35
10 72
75 13
28 54
19 59
64 3
100 63
69 44
2 64
72 67
17 69
81 9
40 6
25 55
40 18
9 51
90 60
6 2
55 54
90 45
86 80
23 19
65 44
18 85
27 40
16 12
11 12
66 82
38 84
97 54
48 9
95 18
6 25
22 21
22 71
77 83
38 75
22 85
97 78
91 90
45 51
65 99
71 99
84 57
89 53
63 68
92 59
30 12
20 69
98 13
19 56
58 48
73 83
35 51
75 33
51 23
2 62
37 96
69 56
39 97
33 49
16 64
33 15
91 25
90 36
55 37
67 60
79 62
28 22
15 89
69 52
72 72
79 87
92 2
8 80
19 39
54 69
51 39
48 2
73 37
1 3
18 9
82 37
73 85
52 59
56 69
75 59
5 73
93 64
43 14
43 69
77 65
11 29
27 35
67 89
100 16
81 72
85 100
78 78
60 45
99 89
98 81
84 16
29 75
89 82
43 48
47 14
42 2
93 38
46 67
67 90
45 40
63 76
48 26
69 24
14 86
56 46
44 83
18 58
100 10
86 48
12 27
76 26
96 77
39 13
95 66
47 92
71 84
79 66
76 69
31 80
30 54
74 1
66 48
58 28
62 82
8 95
5 93
56 35
52 32
50 60
74 25
49 71
13 87
73 50
17 46
78 72
28 96
60 28
48 30
79 57
98 76
11 8
7 34
93 4
49 20
1 99
92 95
20 56
31 64
67 16
2 35
60 69
40 16
19 82
18 49
54 50
78 28
74 93
9 84
29 59
23 4
82 60
29 81
87 90
54 10
46 27
17 62
34 57
5 6
16 43
12 65
54 81
26 50
70 98
47 84
27 21
22 48
90 31
98 28
53 64
56 98
99 15
12 32
96 13
17 48
81 80
1 14
46 76
54 25
9 98
74 86
29 28
42 9
3 67
67 18
47 18
100 45
83 31
80 26
56 50
50 73
44 42
10 31
28 74
13 39
8 66
54 94
35 87
97 48
51 74
39 50
52 45
1 88
2 33
99 10
69 35
83 65
99 23
14 10
88 89
59 72
39 96
16 16
100 81
93 14
35 85
47 50
92 58
69 15
78 28
48 7
19 87
21 69
9 89
46 60
86 60
16 7
51 6
72 46
12 6
1 31
10 47
15 51
53 18
11 31
14 12
