1000 25382
31 125
82 87
64 97
68 105
76 78
64 101
39 114
25 137
64 100
6 158
51 118
97 75
91 72
60 95
31 135
60 106
6 164
42 112
53 110
28 141
37 136
54 105
97 73
17 143
97 75
99 77
41 135
93 64
21 135
39 137
53 114
51 102
72 85
68 101
18 150
47 113
31 144
56 114
24 147
47 112
62 113
74 86
43 129
4 154
85 79
25 133
63 102
91 84
66 87
68 110
70 93
2 174
73 83
66 108
70 85
21 149
64 98
10 141
14 162
85 82
100 68
18 136
87 74
72 102
85 87
5 173
70 83
67 100
12 156
93 81
13 162
25 137
19 134
7 151
29 132
3 155
84 81
43 133
45 130
49 119
10 155
66 91
3 160
82 80
31 120
24 135
3 148
47 115
86 65
68 109
83 87
85 84
85 87
69 111
56 106
21 143
73 97
26 139
39 133
37 120
70 110
52 106
61 99
88 86
10 155
89 82
43 108
93 79
32 126
39 136
94 65
93 71
5 169
48 115
27 148
87 79
71 92
29 147
33 136
56 108
48 116
15 143
41 111
84 93
84 95
48 107
56 104
8 160
73 88
94 79
44 122
95 65
97 75
57 119
34 141
7 150
45 113
76 100
51 127
28 129
67 95
44 134
73 97
71 106
91 69
99 65
9 153
14 150
79 72
42 138
21 156
26 130
56 123
13 157
9 144
91 79
61 114
16 138
51 106
85 92
9 160
94 71
31 148
6 154
50 110
65 108
64 102
47 112
92 68
14 141
26 139
58 114
10 142
98 56
80 88
52 101
96 63
89 83
65 102
26 126
82 89
38 125
51 106
89 73
50 125
11 140
80 71
62 99
26 129
82 75
99 58
87 86
27 136
29 126
92 60
77 95
93 77
7 153
75 97
85 94
72 92
52 104
94 76
81 85
50 101
74 106
33 127
97 55
14 157
49 127
23 130
95 58
86 65
25 134
83 81
88 79
88 72
14 150
49 128
13 143
95 68
99 76
99 79
22 153
28 144
42 129
50 109
20 141
100 80
76 104
56 103
72 84
27 151
50 121
52 111
28 142
75 87
36 136
77 94
40 112
37 123
51 122
86 90
22 130
75 99
20 140
61 107
14 161
34 131
62 94
27 153
80 97
60 120
77 92
53 111
87 84
71 80
54 110
59 114
70 81
29 126
14 138
41 137
8 144
15 149
45 115
35 129
41 134
32 141
63 91
80 88
68 84
13 156
17 146
42 133
40 122
37 127
2 152
53 103
70 109
63 96
79 98
1 166
23 136
8 149
54 126
9 162
78 79
7 156
67 97
47 132
88 80
33 124
40 136
95 66
99 63
84 71
81 93
40 116
67 103
44 126
71 94
35 128
8 150
88 81
76 82
47 114
24 129
77 84
100 58
45 128
92 78
30 124
97 62
14 156
37 123
50 101
74 78
66 92
9 146
93 72
13 144
48 116
25 138
52 100
42 133
75 99
87 92
74 86
14 157
53 115
17 154
37 118
39 141
25 145
24 150
14 165
23 157
99 69
43 117
22 157
43 117
34 137
4 148
39 121
99 61
92 61
41 119
72 81
58 103
1 164
16 152
70 89
48 130
92 80
73 87
41 123
67 99
59 121
14 152
32 124
63 96
83 95
68 85
2 149
59 109
91 77
67 112
81 78
41 114
9 171
55 103
35 129
94 76
58 93
74 99
44 127
49 127
66 109
16 158
6 172
18 141
83 70
27 129
65 113
75 99
99 58
57 97
41 110
9 170
22 139
72 107
72 85
4 154
40 111
25 132
14 153
82 86
91 87
47 129
23 141
52 125
53 122
57 112
45 122
10 157
82 79
89 90
10 152
99 78
56 116
68 83
16 139
38 136
46 110
32 143
64 96
97 58
40 138
4 156
5 148
62 96
28 152
28 131
17 140
19 161
52 106
31 143
52 107
95 82
29 140
26 138
46 127
81 74
83 69
42 109
42 129
16 139
30 150
3 172
67 84
37 126
70 105
34 122
27 152
68 83
18 154
90 90
64 113
57 104
46 113
20 159
18 150
73 78
48 131
87 79
91 89
51 105
17 142
94 57
97 77
97 72
20 144
42 125
77 96
54 112
84 75
18 146
69 101
65 115
20 138
87 83
2 161
42 110
21 146
80 73
9 165
38 142
69 83
24 146
46 114
14 138
43 117
64 105
38 114
42 117
2 153
28 146
45 111
70 93
74 92
41 139
66 86
93 78
83 75
42 124
46 132
18 148
11 168
66 101
82 76
82 96
53 126
35 127
75 97
25 132
14 150
35 122
14 165
35 122
58 111
59 99
48 110
53 125
74 95
38 114
94 84
75 98
65 102
38 116
44 133
90 62
79 96
61 109
82 90
13 139
2 154
27 143
30 129
64 90
45 133
63 103
98 76
49 119
98 79
72 93
73 94
63 89
7 164
38 127
97 61
64 95
96 68
97 61
68 111
22 130
34 125
62 114
48 118
50 125
51 120
92 63
40 128
29 136
52 122
73 86
41 117
6 173
100 70
22 137
21 154
96 64
85 89
18 150
44 125
82 81
90 84
68 87
96 68
48 116
5 156
45 119
63 102
52 115
41 130
31 132
73 87
26 145
92 66
21 155
27 138
42 129
64 116
66 108
23 132
67 106
39 135
15 140
72 92
90 74
37 126
45 113
37 136
73 105
62 105
80 81
6 146
3 157
47 111
1 157
50 115
51 109
45 126
13 166
2 174
37 116
43 110
27 129
62 111
86 67
99 52
89 90
27 146
62 110
6 166
1 168
28 128
96 69
16 157
52 117
37 133
52 103
48 120
73 81
24 151
9 145
4 153
29 147
12 143
50 114
81 72
61 109
52 121
26 139
25 135
6 155
14 153
67 96
84 82
76 83
52 113
82 76
16 141
31 126
95 76
73 97
31 144
74 102
21 134
46 114
77 80
9 157
49 107
24 150
82 88
24 156
33 137
85 91
4 172
96 70
87 72
85 85
8 147
90 83
62 93
33 132
95 58
27 144
51 118
30 130
54 126
55 98
11 156
69 109
85 66
5 152
94 66
67 100
79 96
14 142
65 111
55 96
74 97
65 87
79 87
55 105
89 84
63 114
92 63
44 124
58 105
30 125
80 78
17 142
19 151
93 69
49 116
66 106
20 154
52 101
95 79
73 92
6 171
58 94
94 69
42 127
14 145
87 77
8 148
92 83
52 117
24 149
99 68
25 134
89 77
29 123
32 137
29 130
43 128
75 90
72 96
52 123
4 166
4 171
68 107
74 85
96 82
69 91
91 81
15 157
20 134
38 127
40 116
25 148
95 72
33 127
66 95
8 159
71 102
25 133
52 101
74 79
49 124
2 167
50 112
89 69
30 132
81 91
17 149
24 128
7 149
40 114
75 93
62 105
43 127
42 121
36 131
39 121
10 154
78 73
5 168
29 130
15 142
44 126
5 146
61 112
28 144
22 132
69 82
98 66
99 54
72 81
71 96
99 76
73 90
21 149
87 88
54 121
53 108
3 149
77 99
60 98
42 113
51 105
21 146
85 82
44 124
8 145
75 93
6 167
86 67
31 129
86 65
52 108
75 104
91 83
13 161
2 168
64 105
81 86
52 124
62 109
4 157
74 80
60 98
76 98
94 79
98 54
29 139
99 76
52 101
57 98
10 164
94 86
7 153
30 130
30 128
2 167
90 73
56 119
7 146
27 130
86 68
93 83
78 80
12 162
35 134
90 62
66 90
50 129
22 138
17 134
12 157
25 145
90 86
23 145
52 111
36 132
73 88
80 100
86 68
24 140
36 141
95 82
69 86
94 62
76 81
50 112
48 119
65 96
5 173
54 115
43 124
43 130
98 66
21 154
54 112
84 90
62 106
71 92
34 138
36 133
87 76
97 56
12 146
29 129
71 91
64 99
16 151
43 130
95 59
53 109
67 111
31 149
47 112
35 117
76 102
22 135
37 118
23 141
39 128
93 59
29 145
81 94
35 131
78 102
53 108
41 110
62 103
15 163
63 101
47 132
2 164
2 166
95 78
13 153
30 138
65 89
76 102
97 79
8 160
71 80
49 109
26 139
53 98
47 111
12 154
80 90
20 144
48 114
3 172
58 114
41 114
83 85
91 75
27 143
60 99
43 134
19 144
73 93
9 157
82 86
19 145
10 164
83 94
13 143
23 136
64 100
30 121
50 128
60 92
37 132
72 106
60 91
14 139
76 94
6 152
25 136
56 103
25 138
73 91
10 143
35 119
65 104
92 71
25 136
43 137
3 160
19 138
62 100
76 102
28 145
43 136
46 115
89 77
25 151
11 147
63 103
40 111
40 111
13 150
99 75
28 141
36 116
58 116
41 122
12 152
15 158
65 100
67 105
39 116
89 90
28 139
73 107
5 154
19 152
97 64
48 110
21 132
68 91
9 153
48 103
47 104
3 157
94 59
35 123
79 98
56 105
98 67
18 152
95 66
62 115
68 95
74 97
97 74
77 102
14 161
8 146
91 80
30 122
