1000 25779
25 150
94 84
3 151
87 75
76 103
32 136
79 72
37 125
71 99
44 122
88 73
66 105
57 114
55 112
77 101
47 130
100 75
46 133
73 102
15 165
78 86
16 136
92 72
39 119
39 139
2 174
10 165
71 106
60 99
41 131
48 113
84 92
86 75
50 114
23 134
61 90
33 141
1 178
50 113
4 159
96 68
37 136
21 132
52 124
43 108
49 123
51 121
94 74
46 124
75 83
8 151
24 152
90 69
99 65
14 139
81 97
52 99
75 95
3 171
11 149
68 85
50 105
46 109
53 111
52 108
20 141
14 150
84 69
72 79
63 105
39 118
68 88
51 109
12 147
19 132
45 108
60 113
21 143
38 124
58 96
96 75
97 65
33 146
37 143
47 129
46 128
69 108
98 78
20 135
71 92
60 95
87 70
21 138
57 102
92 70
24 144
77 84
5 171
7 156
48 105
19 144
46 123
15 143
21 144
9 161
86 94
65 94
20 142
58 97
54 108
77 80
5 171
50 123
9 169
42 125
96 72
54 117
62 101
45 119
26 141
33 142
4 156
64 101
5 148
60 101
55 122
28 135
88 83
59 105
86 89
88 78
29 139
83 72
2 163
49 125
91 83
39 126
65 109
11 166
97 64
18 137
87 89
53 103
19 151
96 77
94 78
66 91
1 154
8 169
10 152
26 145
92 71
65 99
90 87
96 70
77 97
96 77
75 95
64 92
7 171
12 144
51 120
35 131
95 65
5 151
36 123
85 91
95 67
100 75
47 117
43 129
70 109
86 73
96 74
88 72
81 92
41 112
54 113
33 144
48 131
15 155
11 148
39 123
80 73
100 56
86 83
56 112
95 75
12 168
71 103
1 167
24 131
74 90
88 65
70 86
30 131
23 130
54 97
24 148
74 95
53 104
19 137
43 117
38 119
14 161
83 86
70 110
6 171
36 141
2 174
54 114
50 117
12 165
44 127
81 80
63 111
82 69
88 91
10 153
93 87
59 105
62 118
68 108
84 93
49 125
37 114
13 145
23 146
43 131
88 83
97 60
95 85
6 170
91 75
32 124
71 99
73 82
53 124
77 82
60 91
54 111
30 138
62 97
18 143
25 155
42 120
32 122
6 174
30 122
41 125
51 120
40 125
3 155
18 148
23 138
51 122
55 111
35 125
74 87
97 62
74 77
22 138
43 137
80 96
12 155
26 152
50 108
37 134
78 96
78 80
96 68
83 75
7 160
9 155
100 60
84 82
3 172
32 123
89 76
32 144
24 139
39 116
23 129
26 144
57 105
45 118
29 133
63 114
31 133
54 111
59 119
56 108
75 91
1 168
35 117
38 114
26 140
37 114
26 139
55 97
14 144
74 104
37 114
73 93
82 71
89 72
56 95
84 86
72 93
96 61
67 98
95 82
35 118
89 70
21 137
43 121
85 78
1 161
5 155
67 109
54 114
15 164
23 129
80 73
67 101
9 144
69 85
92 83
97 78
95 73
98 78
11 163
68 89
34 143
35 124
1 159
22 135
90 69
85 94
93 70
85 80
3 152
40 112
71 96
44 119
60 91
65 115
80 87
12 150
69 82
99 64
65 114
83 89
73 91
44 129
49 110
81 77
12 165
92 61
78 74
58 98
89 90
40 135
25 130
75 92
74 101
26 138
48 117
15 138
62 92
41 136
51 108
16 164
80 90
74 93
59 96
91 80
38 120
39 132
2 172
7 151
37 116
18 147
41 138
9 149
13 144
42 137
41 116
24 151
85 89
70 110
82 69
26 146
9 165
58 97
100 80
34 126
35 125
47 117
100 62
48 107
39 121
3 159
64 112
70 102
76 102
22 158
12 150
13 142
12 151
65 90
71 84
100 65
82 87
12 141
60 105
94 74
5 169
1 170
70 92
89 78
70 93
3 151
66 114
31 125
12 168
65 114
16 142
47 104
64 98
68 101
94 61
2 161
70 81
57 94
24 130
45 125
31 141
35 130
9 166
42 112
52 110
80 99
94 67
85 87
43 130
53 122
79 80
47 119
53 104
100 71
87 87
75 94
54 112
53 120
57 110
65 101
69 102
72 102
11 155
32 142
91 63
57 106
86 71
60 116
13 142
61 99
56 110
95 81
47 120
65 87
89 91
98 80
44 136
82 70
83 86
38 126
34 142
13 165
36 144
87 87
12 148
22 143
13 142
65 102
26 132
69 94
81 71
47 123
92 86
92 68
30 134
83 68
48 124
67 95
42 127
12 156
27 136
98 56
7 156
74 105
14 163
95 59
71 105
57 119
28 127
5 152
46 113
61 111
17 159
81 99
99 59
80 97
54 111
11 151
96 67
80 84
79 87
77 88
78 97
71 92
68 98
7 173
5 150
67 112
74 87
46 127
30 136
100 74
95 73
36 134
25 147
8 156
82 92
96 64
16 143
9 161
52 106
13 147
22 140
69 84
93 58
20 149
100 79
47 110
31 141
96 57
78 92
9 148
72 87
55 110
31 138
91 83
13 143
35 138
9 163
86 81
33 125
38 141
38 114
79 96
26 143
62 111
39 120
7 147
9 165
6 153
68 105
61 90
19 141
89 87
81 94
11 150
8 148
80 85
9 158
90 87
75 93
86 93
51 124
98 78
92 63
81 82
40 130
5 155
68 110
100 53
90 78
52 125
38 136
79 90
30 141
63 91
41 113
68 103
21 136
49 128
26 154
40 131
9 161
44 115
80 79
89 75
54 107
40 124
69 110
63 107
29 124
95 63
100 68
79 98
45 108
44 120
12 140
84 80
48 117
79 92
84 83
89 64
30 137
73 79
68 103
11 146
87 68
8 158
31 147
7 146
8 155
56 113
99 66
69 105
99 70
78 95
57 122
4 176
69 110
77 92
18 151
98 53
24 152
18 160
76 93
68 111
61 92
39 131
51 111
60 107
17 143
86 84
48 113
98 70
58 113
67 107
61 106
44 131
26 133
43 121
3 166
34 129
98 76
53 101
2 154
48 114
30 138
10 167
3 158
51 115
87 78
21 150
48 118
62 99
90 70
75 102
29 130
2 152
14 152
31 131
61 110
82 86
17 135
60 113
80 75
26 138
27 139
92 79
70 81
4 163
34 142
24 145
37 134
31 138
76 96
90 87
30 143
57 103
100 73
32 143
7 160
38 141
52 106
6 147
99 60
41 126
81 98
79 88
42 129
94 62
9 162
54 99
27 138
25 147
14 161
6 164
3 152
92 61
49 103
24 131
95 66
82 88
47 119
84 67
64 116
74 83
73 96
93 79
30 128
72 81
77 82
89 86
61 91
28 138
94 75
11 149
21 131
26 133
89 80
14 150
71 85
98 61
68 90
98 73
74 98
33 142
55 97
76 92
24 153
4 171
99 66
70 109
85 79
97 83
53 118
1 163
70 108
26 134
93 84
52 126
49 105
69 86
92 72
10 145
49 113
85 67
20 137
21 143
63 89
61 114
34 135
33 124
58 117
53 124
82 95
31 127
85 86
37 141
7 168
60 99
92 73
57 94
82 75
28 150
54 126
34 143
28 125
75 95
11 167
21 151
26 141
60 92
41 127
17 163
21 157
41 139
54 119
92 62
61 94
16 158
52 118
47 126
100 72
9 147
99 62
82 87
92 71
36 115
70 88
50 130
47 112
61 111
6 174
28 129
40 122
11 161
62 114
68 96
86 75
72 93
40 137
63 106
83 83
80 85
32 128
3 161
73 91
85 67
47 112
33 127
52 115
98 81
79 73
3 155
59 95
30 133
36 132
2 157
65 90
5 163
51 107
63 93
17 134
8 149
91 63
57 105
19 151
4 175
76 92
56 124
75 89
15 149
70 90
10 161
46 124
1 168
64 112
18 157
85 77
10 145
3 151
88 90
60 115
33 145
91 87
70 108
62 90
78 87
71 85
78 78
35 117
73 82
41 120
3 172
80 74
31 134
59 97
50 123
34 121
86 79
57 108
60 100
100 79
27 139
21 152
98 62
27 128
85 83
15 140
64 94
46 118
69 89
3 153
57 101
2 153
93 82
26 152
63 115
23 136
48 105
41 113
57 96
20 160
81 75
59 118
100 53
63 99
70 104
1 166
48 119
55 104
58 115
59 109
7 172
84 75
80 80
4 154
62 93
64 106
18 136
77 85
61 92
87 67
80 79
18 143
40 118
24 129
95 63
2 154
46 108
43 109
94 57
2 176
14 137
74 82
61 105
13 162
88 72
30 129
66 88
35 141
84 75
23 153
94 61
90 89
58 96
73 92
93 86
71 87
88 88
63 89
48 114
48 130
1 154
27 143
17 141
40 115
50 123
12 145
93 59
96 80
6 153
87 87
49 124
19 132
12 167
9 149
84 84
100 58
38 120
49 122
86 89
74 85
23 135
79 93
15 142
80 82
3 153
60 95
2 159
42 109
74 105
49 123
42 128
26 127
27 135
58 120
65 114
77 99
69 107
9 171
24 139
74 80
95 78
72 83
45 132
7 157
33 121
28 136
58 105
22 131
76 100
43 137
