500 12690
61 36
10 96
47 32
5 1
63 65
11 50
46 67
76 88
78 84
63 56
11 49
91 73
34 99
59 18
11 32
77 68
65 59
11 61
99 49
92 96
6 27
66 19
61 48
22 12
21 74
55 33
44 31
63 63
84 90
49 8
88 47
96 77
58 3
86 30
100 77
20 67
97 80
97 44
48 54
26 15
60 51
10 54
68 87
45 1
20 71
30 18
21 69
36 81
41 79
20 69
79 28
46 5
37 88
39 76
20 69
57 13
46 60
63 99
19 27
81 49
12 6
59 73
77 26
21 8
44 55
28 54
93 26
40 34
77 49
92 31
17 100
36 99
1 84
84 87
32 100
20 55
14 4
52 20
7 87
54 34
23 40
85 15
51 91
60 79
75 90
70 59
68 44
20 49
85 57
87 70
1 50
48 14
97 95
29 27
68 21
92 49
8 32
60 98
84 34
84 81
3 28
100 33
71 79
3 11
84 19
2 30
74 65
97 75
6 1
80 52
2 60
28 41
16 18
4 50
39 19
91 59
74 60
7 14
10 59
10 68
45 84
62 8
57 81
41 78
42 86
76 53
32 78
50 70
88 50
67 11
85 50
90 77
67 43
56 80
45 88
50 14
57 62
70 4
98 88
62 62
2 7
51 99
42 54
17 76
54 1
80 25
7 34
79 60
38 38
69 93
88 80
82 21
30 52
96 60
74 50
24 90
24 65
58 27
73 59
63 14
24 89
9 8
52 43
90 84
64 39
48 82
91 97
73 100
18 37
40 36
86 62
71 44
90 34
79 67
87 19
44 34
11 91
46 53
74 46
48 29
14 97
14 25
82 1
95 48
61 36
55 3
18 37
84 100
64 81
42 95
46 66
88 70
51 54
50 8
29 53
66 93
49 41
72 1
90 92
18 77
11 36
28 5
88 20
53 69
6 72
27 91
48 55
16 14
24 95
21 100
16 42
37 91
34 76
97 95
83 90
95 11
3 97
53 79
30 11
67 77
94 73
28 76
6 98
96 79
29 35
34 2
14 71
77 75
5 2
55 14
47 51
68 37
82 71
34 23
20 58
40 42
12 65
67 64
7 55
35 59
87 15
22 49
23 1
73 90
70 43
58 42
67 100
73 91
10 20
48 62
91 19
55 93
75 89
96 17
3 71
3 23
81 70
68 93
32 49
86 72
22 6
78 100
5 60
56 76
63 74
24 69
47 69
27 38
90 32
53 76
13 48
76 98
27 76
36 48
48 87
96 18
93 41
66 39
20 60
2 61
14 100
10 78
8 5
40 41
5 46
10 75
95 63
86 16
77 19
78 12
23 87
51 76
55 63
27 98
6 4
69 36
50 67
52 24
47 25
91 50
56 99
60 72
18 48
82 26
95 71
18 86
78 95
39 11
83 24
49 54
92 71
48 76
59 32
99 75
40 16
63 29
61 1
34 78
100 44
37 19
11 41
74 82
87 95
17 55
100 80
44 50
37 42
1 98
47 73
84 66
91 99
3 24
43 37
9 46
36 49
89 59
78 32
13 44
27 70
60 7
62 49
70 40
60 82
72 32
68 15
51 97
86 61
80 67
84 27
86 4
17 86
46 19
59 86
55 32
14 74
11 17
99 33
50 67
11 66
97 5
33 85
54 64
99 28
27 73
14 62
35 29
15 32
91 93
99 72
93 1
2 51
12 72
62 40
13 33
83 4
82 6
63 29
69 64
61 73
46 7
6 67
29 10
43 26
16 4
36 93
56 51
26 72
86 25
6 69
89 37
82 29
90 53
94 53
81 9
69 26
7 14
67 37
83 57
49 58
17 60
28 57
50 8
29 31
41 48
63 40
63 34
74 6
25 21
83 97
35 78
23 27
40 16
15 39
17 4
56 19
50 83
73 6
81 91
35 7
30 75
21 79
17 87
71 27
14 31
49 95
39 52
72 44
67 83
74 60
20 1
83 94
1 68
70 9
63 25
93 16
84 100
26 10
67 21
60 72
60 7
53 50
34 99
100 22
67 40
51 54
55 92
17 22
75 60
87 82
3 28
4 86
8 13
71 66
74 12
73 43
19 13
13 16
45 87
37 95
86 75
64 39
20 41
38 95
85 47
82 65
30 10
20 99
59 74
96 82
80 70
19 32
48 83
65 20
18 53
67 22
15 74
24 97
35 43
89 85
10 30
37 22
44 70
69 42
60 87
18 33
42 85
78 51
82 100
86 23
15 98
19 27
1 61
86 38
56 21
86 60
67 2
37 30
5 58
26 27
85 63
