500 7832
18 1
34 35
33 18
8 45
38 75
30 35
74 17
64 97
95 23
83 49
6 10
7 27
93 76
52 47
62 9
12 84
74 88
22 18
1 89
99 49
42 81
37 23
46 47
31 18
69 82
41 71
85 69
55 77
43 51
36 68
92 47
12 3
69 54
24 65
71 100
58 28
54 99
44 16
73 77
100 73
27 64
79 86
6 99
19 92
82 84
20 7
31 75
55 71
41 77
83 15
53 19
34 9
19 37
51 17
64 26
87 70
43 88
100 94
93 98
86 90
35 13
84 45
97 44
55 67
60 61
20 43
64 46
13 59
63 59
37 22
64 84
89 74
67 59
69 82
60 65
100 42
40 41
42 91
55 65
80 69
24 6
59 83
65 77
94 42
9 100
28 2
81 64
4 39
27 47
25 61
89 80
13 12
9 5
37 23
67 30
68 65
56 18
31 75
32 76
19 76
19 49
95 59
59 1
37 7
15 92
70 18
36 49
55 32
11 8
42 65
86 100
86 65
53 47
51 76
80 59
13 98
30 29
60 22
16 88
57 28
36 82
56 19
21 39
96 39
93 94
88 68
63 55
100 11
70 94
46 30
70 38
40 42
92 40
29 38
28 49
7 32
98 55
63 49
13 15
61 15
57 13
50 67
46 79
61 11
52 94
25 37
73 61
82 23
36 10
89 100
90 2
72 92
44 19
10 40
67 82
88 12
49 59
82 36
88 74
18 4
79 18
57 11
9 46
71 9
37 100
36 46
29 40
87 55
51 46
93 7
47 21
59 10
42 73
44 99
19 72
94 66
21 88
91 32
27 40
56 97
31 84
16 41
79 40
27 54
77 32
98 21
14 17
26 90
31 9
53 90
95 94
9 26
62 100
4 91
31 34
98 99
39 36
11 26
36 5
41 33
55 32
82 25
99 42
97 4
78 76
17 13
42 21
98 63
60 97
20 61
5 11
90 80
35 1
36 51
16 33
11 33
33 23
82 49
88 74
15 31
86 38
83 19
75 8
47 89
86 9
6 94
97 39
76 96
68 71
32 96
69 28
23 54
66 20
67 21
71 9
43 47
36 34
64 29
40 9
95 82
83 89
96 72
84 61
69 42
31 22
52 45
31 26
63 96
85 45
19 99
29 79
70 34
1 18
4 86
69 22
38 78
61 31
17 12
65 26
28 53
48 7
33 5
2 6
65 79
100 26
72 14
7 25
87 11
87 43
98 86
81 92
69 83
94 57
16 4
89 76
24 30
67 100
20 1
39 77
3 44
38 100
67 55
25 77
90 69
70 93
45 50
27 98
82 23
61 61
91 23
10 28
60 20
76 28
63 33
25 98
27 5
87 47
83 74
13 67
73 41
81 11
93 10
94 75
26 67
60 13
82 51
49 48
27 12
1 51
39 25
81 7
90 2
6 31
5 83
79 22
27 23
1 84
57 20
9 98
61 44
100 94
70 25
21 15
75 73
32 57
97 64
1 77
18 55
79 38
65 43
43 47
11 48
9 52
36 74
36 67
68 16
17 24
37 66
46 79
70 26
27 42
27 37
11 80
32 73
83 19
90 1
11 95
84 2
98 72
19 44
44 98
97 66
40 68
16 64
23 90
71 77
64 28
75 67
41 31
43 17
39 61
83 30
5 64
47 65
18 3
93 82
67 32
86 26
29 48
12 63
7 3
55 89
38 99
18 34
39 13
73 70
59 87
49 8
56 23
56 58
19 51
51 72
5 75
58 71
19 36
27 65
80 47
82 63
54 83
72 29
76 79
92 95
54 58
81 94
91 11
23 60
25 76
57 43
61 37
53 75
20 57
67 92
59 15
58 55
36 25
49 28
82 24
94 11
49 35
37 47
2 21
19 37
39 18
6 47
28 59
57 5
84 11
8 5
91 19
37 45
31 86
66 49
81 92
85 43
98 43
71 2
59 55
22 70
79 96
71 91
26 96
98 52
90 34
37 10
7 7
25 59
85 37
88 82
19 21
86 23
76 80
72 41
4 12
15 50
77 88
32 70
23 54
60 50
91 27
13 73
97 47
21 12
31 21
77 38
57 6
28 15
99 39
68 60
50 36
29 87
38 3
75 31
26 38
27 36
63 93
85 96
4 46
100 29
24 78
74 67
85 4
100 57
45 59
40 15
66 58
21 98
71 36
88 12
80 100
13 62
53 36
28 46
86 25
83 8
56 83
42 31
10 23
54 73
9 90
11 10
82 59
99 44
38 93
60 49
25 80
100 85
96 44
28 77
99 65
19 73
