1000 24303
58 90
2 6
89 127
43 90
33 40
21 37
3 53
66 95
4 40
71 73
6 21
25 66
43 73
95 114
22 31
28 59
62 78
10 44
79 96
46 84
8 48
29 47
21 35
4 44
67 104
48 98
21 25
72 88
95 141
88 106
91 100
5 32
41 65
79 128
99 123
73 103
51 65
1 24
90 98
54 103
23 49
95 119
30 71
65 73
41 86
52 101
93 133
55 65
13 47
23 29
100 147
72 97
3 28
20 33
27 42
22 33
67 79
47 65
93 122
14 21
86 124
83 122
18 54
26 37
13 50
16 25
50 90
64 114
68 101
40 89
69 119
91 101
86 108
99 142
55 72
79 95
2 43
99 105
33 59
66 93
73 86
84 108
37 38
76 113
55 91
63 80
97 147
21 69
62 97
41 69
86 92
47 71
24 42
3 44
73 109
88 93
70 71
74 101
51 57
38 73
13 38
72 78
80 125
51 97
22 72
34 47
81 95
23 63
85 106
13 54
88 106
57 90
48 62
76 97
84 106
2 4
90 127
80 101
74 75
51 74
21 71
60 66
98 146
96 113
62 111
22 55
35 56
84 85
95 104
38 67
21 57
60 95
9 45
100 132
62 95
30 65
85 131
42 88
4 30
21 37
6 42
43 87
30 31
53 54
18 34
13 35
6 8
7 9
45 89
79 81
10 37
17 60
38 46
59 83
64 75
52 60
80 87
98 132
35 43
26 43
35 47
7 52
37 39
95 142
58 86
98 134
24 57
94 118
91 122
79 87
15 56
96 114
21 24
96 137
100 118
38 56
8 22
5 27
97 119
4 13
36 59
6 54
20 21
73 105
16 39
83 97
76 115
95 124
33 80
62 111
72 120
19 29
68 111
9 10
14 22
77 98
58 94
37 77
71 117
1 19
68 115
37 73
96 133
88 138
84 113
48 54
78 95
43 85
52 79
26 64
47 48
87 137
31 68
66 69
12 43
98 108
1 19
39 61
92 132
85 99
1 23
15 54
3 26
20 36
75 114
16 48
97 135
33 59
5 26
19 52
33 76
72 90
7 28
80 109
11 28
90 139
27 62
88 123
32 74
31 42
13 38
30 74
69 81
95 106
96 143
32 77
92 114
48 64
71 89
35 49
84 114
71 110
50 52
86 90
90 94
24 65
54 90
38 82
8 24
58 64
56 82
92 103
81 106
14 60
24 63
91 132
3 47
2 27
79 107
87 125
32 70
43 45
16 47
53 54
38 52
63 92
84 129
81 119
62 107
54 68
16 17
45 69
24 26
65 67
83 112
66 74
40 84
36 52
3 4
100 112
45 69
59 87
43 65
25 73
24 50
66 78
67 108
79 100
20 59
97 117
65 73
3 29
40 61
32 71
55 83
77 113
47 64
39 62
9 32
60 71
44 82
24 49
5 41
68 110
40 69
39 56
33 82
32 54
74 106
87 88
31 64
18 25
45 75
25 29
94 101
21 26
91 107
60 109
99 125
62 66
57 75
15 48
64 95
96 136
46 67
19 27
24 51
44 82
9 41
32 34
4 54
52 72
8 34
8 44
71 82
47 51
98 102
3 14
78 104
71 106
90 103
60 70
40 84
86 128
85 99
85 135
6 53
27 58
44 94
56 78
88 124
52 69
70 76
51 69
99 105
68 95
21 48
74 106
11 27
29 38
58 91
14 29
33 63
65 76
73 75
3 45
63 77
70 75
58 62
93 134
92 134
99 115
52 53
31 68
84 93
88 104
15 51
42 47
14 62
11 46
49 77
53 88
14 17
19 53
56 58
13 23
86 98
76 104
38 81
96 123
57 95
95 123
62 105
89 108
11 49
34 81
91 103
74 77
56 57
48 65
66 112
47 91
46 78
69 117
30 60
82 125
57 70
96 113
75 122
70 82
58 61
23 50
75 121
72 77
41 51
30 79
84 98
78 99
5 33
73 80
26 75
61 79
68 102
87 128
1 39
78 101
72 109
92 142
51 76
27 67
91 109
68 88
26 59
89 91
37 54
55 70
70 114
93 124
50 81
96 138
14 58
8 42
18 36
88 129
31 69
11 38
69 108
66 70
88 137
74 93
38 50
13 62
86 122
5 50
51 93
87 110
35 52
23 53
30 54
37 80
49 68
20 62
5 18
74 78
8 51
93 124
80 98
29 67
37 49
82 132
24 53
2 9
89 122
42 89
42 90
71 94
52 77
10 48
36 64
91 117
83 89
73 112
56 80
21 62
30 63
6 21
7 23
64 65
28 73
36 77
100 143
29 44
7 41
56 63
54 72
15 41
48 86
34 71
43 58
36 37
15 54
67 111
38 45
55 78
60 100
79 85
25 70
11 25
40 84
12 36
53 92
23 72
84 96
8 23
95 137
65 111
14 43
1 10
28 74
93 116
88 137
80 121
21 59
94 127
35 84
27 34
60 70
35 71
60 106
3 28
22 60
26 60
21 39
59 106
32 38
80 89
89 91
8 11
42 64
29 74
19 45
94 107
3 49
54 92
54 81
49 88
19 54
19 24
49 96
98 129
11 41
88 133
77 100
84 103
33 60
64 85
10 37
93 132
50 59
21 43
95 108
71 117
46 53
67 99
82 124
29 44
46 86
22 68
36 53
39 52
2 44
54 98
84 109
56 95
7 38
37 40
4 31
77 93
55 65
4 27
75 123
66 107
91 109
51 73
1 10
24 70
66 110
10 47
16 50
15 17
82 93
62 110
38 86
27 44
28 59
19 60
55 88
25 45
92 130
42 91
63 96
94 124
95 138
98 107
49 67
53 78
35 49
5 50
30 72
41 64
8 27
4 45
6 19
99 135
6 18
58 81
74 108
72 78
67 78
41 58
86 93
48 69
54 71
75 81
26 66
81 128
93 142
32 54
57 76
37 75
73 96
71 74
30 47
19 34
68 81
30 67
24 65
54 80
34 67
53 86
95 143
94 95
8 31
52 64
44 83
13 50
10 46
17 39
36 78
76 123
9 49
22 72
76 93
62 68
48 56
53 61
42 47
93 99
37 67
50 75
29 72
9 11
20 47
10 22
80 98
39 78
39 89
3 11
93 108
25 59
7 49
87 101
18 52
66 81
90 118
61 83
78 79
99 112
29 74
14 58
27 38
37 72
87 132
2 32
98 140
34 36
6 43
91 137
26 35
42 60
40 62
6 8
3 22
11 59
15 30
34 72
1 40
6 20
88 134
45 50
30 77
94 133
31 49
99 131
59 62
73 120
59 65
88 93
71 83
39 89
53 103
97 119
75 111
91 136
50 53
72 100
25 71
56 96
14 39
2 7
49 56
53 100
60 68
51 79
15 61
74 98
36 51
15 49
79 118
23 35
60 98
60 95
16 17
42 50
58 76
26 31
14 18
68 93
14 26
85 102
6 33
18 29
33 74
32 44
9 16
83 126
3 44
33 38
90 122
16 32
86 95
90 131
20 34
45 63
93 111
34 43
71 112
28 62
1 46
49 78
51 99
60 92
9 24
18 66
53 92
18 50
44 48
67 112
86 95
9 24
3 14
43 78
26 54
87 88
75 123
34 70
21 67
29 68
18 58
10 39
97 103
56 106
52 71
16 37
52 69
44 82
2 31
22 29
23 45
54 77
23 58
73 94
13 20
83 84
43 61
17 62
100 135
86 109
35 76
37 80
46 86
37 39
32 59
23 42
76 80
6 30
9 13
96 145
86 100
26 70
58 86
82 101
33 78
9 57
50 89
85 97
4 40
3 23
58 78
26 35
56 100
80 85
99 128
20 70
62 69
41 89
36 83
14 55
78 98
71 110
2 35
75 86
59 99
33 44
97 126
34 80
90 127
5 38
30 76
28 30
83 111
39 64
9 30
15 37
47 70
10 21
51 86
50 60
12 42
9 14
75 95
19 45
88 99
25 73
38 65
2 19
17 64
26 51
67 75
46 64
96 110
68 110
20 49
6 9
53 58
69 76
40 90
42 85
25 66
21 69
69 113
7 27
59 81
30 46
74 118
5 51
91 118
24 52
6 11
55 63
84 118
32 56
73 108
72 116
57 80
63 75
25 36
73 94
88 124
91 111
19 58
83 132
58 71
90 107
40 44
62 81
58 83
79 84
4 15
35 53
99 101
24 29
41 78
9 33
5 25
66 96
65 84
96 144
42 52
70 96
50 56
25 68
2 3
74 114
96 133
58 84
36 39
72 121
82 128
75 114
62 82
52 88
9 48
72 106
42 46
49 91
33 36
51 80
27 74
88 101
85 131
78 126
64 83
78 112
86 109
68 107
95 111
3 47
15 53
36 61
72 91
16 59
61 80
25 46
90 125
8 15
34 80
77 116
80 85
16 58
52 79
93 119
67 96
60 76
16 26
60 93
8 17
49 63
11 22
87 94
88 114
47 55
64 71
3 48
76 117
1 30
23 58
71 79
3 27
37 59
6 38
27 69
5 22
66 67
51 66
46 49
26 33
85 95
22 63
5 19
52 55
25 45
49 90
18 50
37 74
65 115
30 44
44 91
65 80
92 118
