1000 25189
4 13
41 86
33 59
62 98
37 67
25 66
42 82
73 109
33 42
16 63
46 67
16 52
9 59
64 92
68 102
73 94
66 107
77 99
33 40
59 78
90 137
85 120
30 75
80 93
68 114
16 61
32 54
81 127
12 24
98 138
58 86
67 87
38 73
42 45
28 36
26 42
67 113
70 117
98 102
51 55
37 82
44 68
18 59
45 91
7 10
86 112
18 35
25 70
62 111
2 27
83 97
3 48
38 47
12 22
34 42
6 12
79 85
17 46
38 40
42 60
15 35
96 127
9 48
52 58
37 71
88 134
30 52
55 86
9 53
27 52
57 93
45 85
22 72
75 102
90 126
29 31
12 14
59 63
53 99
73 76
60 88
87 98
27 74
97 135
50 71
60 66
54 98
80 106
77 113
92 137
21 66
43 49
39 64
81 117
46 57
27 37
69 102
75 107
82 122
77 106
2 10
90 118
74 92
23 30
16 20
63 68
3 13
27 34
73 81
7 13
51 60
32 67
93 109
77 85
80 103
94 132
89 102
34 52
73 89
17 66
77 89
94 104
59 65
67 105
74 121
4 20
93 143
94 124
79 129
26 67
23 31
32 39
16 34
96 123
6 22
31 54
58 90
9 34
10 40
30 69
67 99
60 100
13 39
12 62
89 138
44 94
5 42
77 91
29 46
78 80
93 105
5 35
23 37
3 22
71 90
48 60
6 42
16 34
42 83
36 71
41 52
64 114
19 63
56 84
59 86
25 34
39 40
68 78
85 120
48 80
49 97
51 68
59 82
13 38
62 78
47 69
56 82
19 23
23 58
85 129
48 56
67 115
41 66
70 93
69 85
64 108
17 51
27 28
79 92
10 37
14 52
19 42
25 53
33 66
27 28
35 41
9 52
65 68
2 17
45 72
64 100
2 17
47 92
22 30
14 55
9 21
69 100
70 87
79 95
43 60
6 16
26 51
62 76
46 81
95 142
82 113
9 39
63 95
8 42
87 129
25 35
74 97
58 73
49 89
6 11
84 99
84 129
66 113
100 119
37 47
10 35
63 67
39 65
56 76
36 47
4 20
16 49
4 48
73 105
94 142
99 109
78 122
71 95
60 84
76 106
17 39
41 47
84 93
32 38
1 42
71 121
56 71
26 39
80 94
4 8
83 102
15 45
39 40
48 65
14 62
76 88
57 99
28 31
14 51
64 77
15 29
69 73
80 125
19 26
42 78
25 70
69 85
71 102
48 66
80 121
46 56
64 104
20 69
82 102
95 140
72 111
52 71
50 61
97 101
83 118
6 23
79 103
97 113
44 61
78 119
62 78
19 47
86 118
41 59
84 100
50 96
55 86
53 72
81 121
25 64
46 52
57 91
93 100
68 104
4 8
72 121
66 113
68 111
44 93
47 63
62 101
67 105
50 87
64 65
16 59
32 53
69 86
46 62
28 66
64 99
24 30
89 92
83 95
9 48
29 50
18 47
58 92
35 38
22 70
90 116
60 104
19 22
47 56
52 102
87 128
50 62
76 126
52 91
17 23
19 68
50 57
31 77
37 75
99 142
94 143
52 82
30 45
14 31
98 145
9 11
77 79
21 26
49 54
59 74
81 126
29 56
29 73
91 122
63 92
2 45
80 86
22 44
21 68
26 42
26 49
59 96
76 106
1 24
62 90
44 81
71 94
11 45
74 107
7 17
9 35
19 52
59 100
90 132
32 81
56 93
50 93
9 59
28 71
98 147
19 34
8 46
26 51
47 57
50 70
40 46
1 3
30 55
62 91
21 71
55 95
39 41
79 116
82 101
39 65
92 108
26 34
9 57
2 51
51 93
67 76
62 88
70 94
25 74
3 20
1 23
32 69
52 63
61 85
11 41
1 13
80 120
71 90
26 64
78 127
20 58
17 60
78 80
49 63
30 52
98 99
56 61
68 93
28 67
37 63
6 8
19 23
14 47
66 115
72 76
65 89
33 40
85 114
86 133
9 16
87 132
38 58
41 84
90 98
99 142
51 75
90 109
78 110
21 65
67 73
55 87
93 124
84 133
33 68
41 87
13 35
82 120
96 97
33 81
62 90
85 111
90 139
32 66
98 106
56 105
56 93
14 45
40 47
40 58
99 128
48 61
79 93
37 85
40 47
68 89
87 130
43 74
10 49
16 42
15 39
76 121
70 80
7 14
11 56
54 98
48 50
76 94
88 121
95 97
8 23
49 60
79 106
97 112
32 76
77 113
4 19
87 119
42 58
95 116
27 76
41 87
95 130
57 70
29 73
34 77
76 109
15 53
76 101
85 109
82 95
91 140
13 33
3 25
49 56
23 37
57 75
96 106
98 131
96 98
43 55
57 106
96 108
21 61
6 21
27 34
49 77
61 90
14 53
91 136
56 57
92 131
83 124
50 85
100 101
63 99
35 64
75 111
29 52
11 15
60 69
10 47
53 55
72 100
12 23
1 11
46 89
20 48
49 68
96 123
15 44
43 75
52 77
62 105
15 39
57 96
89 90
64 65
70 87
54 93
6 51
25 42
97 125
40 77
26 29
96 126
2 24
60 91
22 37
30 76
22 56
81 106
39 72
26 63
4 8
50 93
79 125
50 96
22 44
27 44
45 67
36 38
21 69
48 96
98 142
35 58
57 93
38 83
98 121
26 30
43 78
55 75
50 72
91 105
94 100
75 99
38 84
95 125
86 93
59 69
76 101
8 50
92 129
14 23
33 62
47 87
16 19
11 37
96 132
37 61
89 133
92 101
24 50
9 53
92 99
73 94
44 60
48 92
10 27
93 132
73 121
4 8
100 108
74 93
94 111
45 60
100 145
31 43
40 84
85 88
42 66
67 88
44 88
33 45
81 112
29 53
79 80
48 82
39 41
27 65
84 93
80 125
70 119
59 95
88 126
61 66
32 39
83 87
60 110
93 118
28 72
32 79
97 125
27 30
57 75
42 89
71 88
8 22
25 35
62 75
93 109
66 101
81 116
88 97
50 96
61 76
16 49
80 127
60 110
7 43
6 42
43 52
86 116
28 62
1 45
25 45
88 128
84 86
60 85
48 88
77 106
87 105
31 69
25 31
65 85
40 45
66 70
87 125
47 67
42 56
1 51
91 126
7 57
81 117
79 123
8 54
93 94
46 74
88 132
52 102
52 67
45 74
46 56
37 81
72 85
98 104
62 77
12 14
82 89
73 112
11 54
10 47
59 65
93 124
34 77
75 102
32 69
51 99
61 76
79 86
93 106
13 29
69 110
99 112
93 95
99 135
59 67
37 41
45 60
46 47
88 93
96 125
42 73
33 48
85 110
66 111
83 103
98 137
29 76
64 92
70 100
39 78
73 88
28 63
83 104
58 67
54 68
15 23
8 14
14 42
45 59
100 119
79 122
65 69
51 82
71 117
16 58
9 49
60 109
60 66
6 48
47 51
7 42
47 69
32 52
91 102
64 81
14 55
88 137
92 107
29 49
57 87
82 87
53 87
36 51
65 91
62 106
89 117
31 64
69 71
55 62
27 75
69 89
33 34
43 44
71 73
55 102
58 100
79 122
14 61
17 67
36 70
13 63
24 58
34 41
44 65
66 112
98 121
9 20
54 100
89 128
89 120
62 88
23 67
93 109
50 92
87 106
54 64
38 59
69 72
22 33
44 71
95 145
42 74
76 103
37 39
12 47
83 108
47 93
42 71
48 70
63 108
77 89
60 83
38 68
63 81
55 99
56 81
60 103
15 21
9 29
100 131
3 41
22 67
22 48
47 51
71 109
60 106
100 115
61 69
28 76
22 49
4 38
74 123
15 23
32 45
63 64
27 71
14 51
9 57
20 42
61 69
23 65
49 84
73 104
61 82
11 15
27 51
16 63
22 70
42 73
76 94
21 52
96 115
49 64
43 49
43 65
72 74
54 56
94 132
32 42
82 83
15 29
87 130
55 105
82 105
18 25
69 71
60 76
83 127
77 126
79 118
96 97
100 142
79 104
68 101
12 24
89 117
46 54
79 89
10 36
39 78
6 33
83 89
35 42
6 47
25 38
29 59
77 120
78 92
22 39
60 62
11 26
89 121
47 93
18 34
22 26
64 67
86 105
81 100
99 147
15 32
11 20
94 144
66 76
90 123
61 94
77 100
78 90
6 48
7 39
40 77
45 75
12 20
22 66
31 69
69 70
98 107
11 30
46 89
27 49
84 121
5 51
90 128
72 90
51 94
7 12
93 114
67 114
44 67
25 66
65 109
58 99
36 37
10 56
23 73
25 58
70 98
51 73
54 101
27 48
9 14
45 78
23 26
20 33
66 95
5 45
41 56
15 54
15 26
86 93
42 54
99 148
90 94
31 33
22 41
93 141
89 95
67 108
11 56
32 63
91 125
27 67
42 65
78 112
36 71
16 41
2 21
57 71
19 65
8 23
83 118
27 30
52 101
58 95
99 114
70 99
62 90
39 68
36 53
77 117
24 61
29 58
27 66
65 107
11 41
100 107
9 48
99 136
66 115
19 52
83 102
