500 12685
2 66
100 29
45 19
41 90
47 14
70 11
22 37
10 18
72 62
72 68
61 69
17 63
58 46
42 74
81 97
52 34
51 79
89 22
4 96
29 84
77 38
10 36
3 81
25 6
66 1
51 66
36 94
24 49
16 44
47 17
84 98
17 61
99 46
28 17
9 3
97 11
50 79
30 39
6 28
21 40
54 6
67 48
90 2
11 3
60 21
70 50
14 36
11 51
10 72
17 83
91 34
86 61
78 71
94 66
63 18
44 23
96 83
50 63
19 24
11 26
48 80
2 21
80 87
46 77
30 37
40 89
43 87
79 68
70 79
48 66
51 59
23 84
66 13
40 13
85 38
26 85
61 62
51 73
88 35
22 85
19 7
78 21
60 46
97 77
23 86
22 63
92 52
70 21
23 26
62 75
33 46
70 57
64 95
12 84
16 85
45 84
3 72
58 71
23 51
72 50
57 88
25 9
46 85
75 100
17 21
83 22
52 84
77 35
33 46
39 70
99 19
51 5
68 90
58 64
99 33
43 28
31 79
42 84
12 48
53 56
4 58
44 93
74 64
67 5
7 29
89 48
63 88
10 100
98 70
37 90
33 2
7 57
61 50
31 38
81 56
77 23
13 12
84 91
6 57
45 9
74 60
4 27
47 13
41 50
13 43
98 46
35 29
95 21
39 29
47 76
99 28
42 39
42 20
72 91
60 43
49 48
61 90
22 82
10 100
10 59
58 23
42 53
16 15
71 72
72 90
48 22
47 46
84 53
31 12
4 54
80 62
4 23
7 81
79 74
97 72
71 23
76 71
83 52
65 95
14 52
81 27
63 74
8 90
23 99
87 16
19 84
23 46
99 5
93 65
32 45
8 15
2 39
25 49
76 29
72 62
97 39
75 2
71 8
32 91
58 13
74 13
64 4
13 35
33 45
42 30
9 59
3 19
69 100
44 10
20 65
34 51
24 89
34 38
41 92
46 87
20 53
12 75
68 84
18 9
4 91
51 81
26 75
5 29
76 29
53 3
77 43
24 67
27 56
99 50
7 10
36 68
72 14
70 65
49 55
56 59
63 94
9 65
59 77
83 94
52 26
30 42
17 96
76 14
63 31
57 88
73 52
83 36
68 62
41 36
100 44
23 5
43 68
77 71
28 85
18 96
81 25
56 27
93 15
60 81
54 28
100 24
95 100
77 42
69 88
43 54
33 52
84 34
52 18
43 28
66 27
3 96
72 21
82 22
30 61
86 52
91 61
3 13
68 87
10 23
95 100
20 82
33 79
37 67
48 52
12 63
7 62
29 77
67 90
99 76
88 9
72 69
98 51
82 8
48 10
19 91
77 62
32 61
2 24
28 31
74 41
19 2
82 26
97 61
53 75
12 39
83 64
43 36
14 51
2 2
4 10
60 2
21 36
36 88
96 20
69 39
47 50
2 81
49 67
65 91
1 9
88 75
36 60
50 11
21 83
84 21
68 53
97 96
67 82
21 28
76 26
93 74
92 29
58 4
89 86
44 4
21 42
23 50
38 39
86 44
77 3
41 48
45 97
97 90
29 87
92 16
17 29
27 36
94 48
17 95
92 79
46 8
4 70
27 38
47 19
25 4
62 58
15 23
73 99
29 91
87 51
49 76
21 64
78 79
58 79
61 2
73 34
78 72
36 3
62 24
15 67
12 5
55 23
59 63
60 95
83 9
50 78
29 75
61 97
95 26
45 69
52 75
92 33
1 90
31 64
39 3
77 93
92 73
5 26
49 91
72 16
91 28
97 19
92 79
21 58
6 97
5 32
45 92
83 21
40 34
7 67
97 87
3 91
61 42
7 2
62 85
95 2
9 79
90 11
55 98
55 56
87 79
59 24
99 41
87 21
89 39
37 95
63 13
80 12
93 20
63 56
4 27
35 47
12 74
47 57
55 57
17 22
51 89
52 100
100 94
42 74
58 66
48 81
44 64
70 7
7 34
6 100
64 61
67 12
47 10
70 58
21 20
33 89
28 34
19 60
71 9
68 72
7 54
85 73
100 35
99 26
48 80
3 13
34 24
59 5
49 22
40 80
75 79
100 10
91 79
26 72
93 35
100 97
26 4
37 99
69 55
32 37
42 98
84 15
50 1
40 8
6 25
22 20
25 48
85 10
93 31
95 8
53 33
99 36
80 80
52 68
50 13
79 12
6 32
35 37
37 16
54 53
74 68
63 46
5 14
17 99
89 18
98 49
16 47
66 21
34 47
37 53
97 58
27 44
72 20
98 58
