500 12972
26 41
42 46
18 76
80 79
22 15
36 85
34 65
7 98
47 62
85 90
98 68
97 90
14 87
64 65
81 57
93 84
66 50
31 59
87 89
63 17
6 6
62 86
12 42
11 28
38 99
52 87
84 6
12 26
15 53
83 55
32 45
93 93
24 100
1 73
72 24
97 14
88 57
5 40
55 63
86 70
41 29
5 31
82 11
54 15
20 47
15 67
99 51
85 96
97 78
85 39
100 64
2 83
98 24
63 5
64 62
36 74
66 44
47 67
99 99
80 96
29 21
83 95
72 40
5 72
35 67
43 63
53 85
23 75
100 54
60 100
8 97
40 83
64 82
42 7
46 49
83 28
56 26
44 99
19 75
52 3
80 89
18 39
5 37
77 12
32 95
68 99
64 37
97 90
14 65
15 87
77 37
95 86
97 82
48 77
99 57
31 100
43 91
3 94
53 75
94 45
62 45
13 71
85 79
25 26
54 29
30 27
59 53
61 54
25 78
78 79
64 8
56 66
47 69
68 45
33 30
79 64
87 43
48 66
75 5
52 7
62 53
3 42
46 44
58 86
3 70
96 53
41 85
45 60
99 98
93 11
90 56
12 42
57 33
74 34
37 67
62 14
4 13
95 71
22 67
80 42
24 49
37 27
36 7
71 70
56 71
20 36
1 85
42 65
67 2
75 89
94 23
29 6
30 30
91 67
38 91
32 99
87 71
78 27
28 11
37 20
23 38
17 66
48 61
79 22
90 52
36 79
93 35
45 16
31 49
66 54
25 57
6 49
3 80
12 15
76 18
10 2
31 51
76 54
52 66
97 4
3 43
97 88
77 9
32 24
39 6
15 51
15 75
25 76
44 77
42 37
13 95
66 66
58 54
61 7
97 88
99 5
96 85
89 74
96 72
78 85
6 27
20 80
84 34
8 6
83 95
11 3
18 59
13 45
39 57
21 24
61 48
41 51
69 12
38 8
24 26
7 17
4 58
38 100
84 45
99 86
31 36
96 91
65 52
40 90
56 98
13 91
38 46
52 82
53 64
33 18
81 67
58 43
4 49
16 52
18 100
86 43
27 6
87 59
50 87
65 62
7 82
11 86
57 64
27 45
100 93
32 90
33 14
55 2
69 41
16 58
53 40
51 77
12 48
69 91
90 18
19 45
81 33
79 15
22 79
85 48
12 32
3 97
95 90
67 33
18 100
12 42
5 75
96 5
98 100
6 62
12 19
56 33
68 99
68 82
82 78
67 44
99 71
66 91
73 45
19 12
82 100
26 84
69 40
45 99
94 26
10 9
15 44
27 10
89 23
37 74
63 58
52 7
91 22
57 99
18 39
60 21
20 92
74 13
8 25
69 91
80 26
19 43
24 76
47 25
87 25
57 5
66 68
37 47
23 47
38 64
8 10
56 46
15 100
76 49
52 44
9 77
86 9
66 39
87 87
26 32
54 64
49 96
77 38
96 85
58 46
46 76
8 5
77 38
20 88
15 30
46 28
51 14
33 24
21 55
49 38
71 100
30 59
66 57
8 47
52 5
56 72
15 8
59 50
70 71
42 9
10 46
78 48
79 17
27 84
16 86
4 48
33 48
65 81
80 85
28 84
22 26
78 60
35 89
98 63
49 100
49 70
95 43
99 65
82 93
68 97
99 54
52 93
97 56
17 10
11 91
100 60
72 81
25 98
58 62
41 4
19 6
19 7
71 51
97 23
45 42
86 88
1 22
29 41
50 68
32 7
57 25
23 45
61 18
43 65
73 8
9 17
44 86
67 50
59 33
77 30
86 98
58 86
80 74
82 5
26 95
91 64
81 65
97 28
67 14
90 78
37 31
85 71
8 36
59 33
34 45
5 29
45 20
86 67
33 22
46 87
69 73
41 98
69 31
30 42
36 62
41 90
38 11
79 99
59 91
49 43
55 28
45 89
58 29
34 2
78 93
83 75
76 17
59 9
79 2
95 82
48 38
67 84
31 53
8 73
26 16
64 97
12 54
70 87
1 63
96 75
67 25
70 87
37 72
35 8
99 29
72 85
27 97
88 39
2 83
86 40
36 33
56 10
82 28
93 61
41 63
59 72
75 36
69 80
69 33
5 37
63 13
69 70
72 73
93 65
76 95
97 88
57 14
39 100
18 27
57 76
86 74
84 51
78 15
74 45
71 58
28 95
97 29
97 7
16 85
98 11
34 46
3 17
5 72
15 25
96 78
46 35
26 48
22 13
14 66
46 80
27 1
76 78
14 2
98 25
68 95
