1000 24474
11 85
86 51
89 87
82 89
83 29
44 63
12 22
29 65
91 13
2 77
99 8
66 27
26 61
6 50
28 22
93 53
80 70
57 70
70 69
41 96
93 24
5 26
76 3
16 89
21 6
53 22
14 11
91 2
82 93
54 55
51 96
92 30
39 58
91 82
74 18
74 86
35 44
85 92
54 2
77 57
38 20
52 9
95 35
64 80
58 10
74 56
56 85
89 80
30 78
77 53
29 27
74 1
81 78
4 81
89 89
53 35
9 2
3 52
43 36
90 46
8 58
46 32
34 75
98 15
36 13
7 45
23 53
22 9
43 36
28 54
51 17
80 7
80 15
97 51
95 39
89 24
70 6
50 23
77 55
51 35
78 75
57 81
25 35
58 4
13 13
65 76
62 38
73 66
19 27
57 73
14 12
26 84
2 56
47 38
76 99
89 21
5 82
98 3
11 29
47 69
26 56
13 45
79 28
57 22
9 47
73 66
97 98
78 4
75 88
25 52
28 39
52 14
81 85
4 25
62 69
93 49
21 100
75 58
65 15
39 26
31 82
79 78
17 62
32 38
77 15
44 12
21 58
82 49
41 14
83 86
80 69
18 21
95 82
58 96
26 43
55 80
83 61
22 92
32 83
57 100
46 95
11 73
60 65
79 31
67 98
73 33
23 80
87 97
48 90
40 46
77 75
78 72
70 23
93 36
62 61
46 37
36 47
34 18
27 37
29 60
16 55
59 6
98 80
62 88
16 1
24 74
16 67
98 14
97 65
99 1
6 65
95 60
9 74
18 30
73 90
27 23
90 62
95 21
13 19
37 4
34 66
90 93
67 75
3 88
34 28
28 35
1 77
22 26
61 4
79 13
50 85
28 58
37 18
99 17
41 97
5 71
22 90
8 63
54 36
19 7
6 15
60 100
13 18
66 88
29 29
37 59
93 10
18 43
83 80
5 81
7 46
17 97
46 25
73 20
71 37
80 53
100 6
23 13
1 78
12 9
2 77
2 15
39 18
38 47
100 31
31 14
42 17
74 72
38 28
96 4
44 30
43 42
7 3
8 47
60 82
87 84
44 58
52 43
4 26
26 89
9 23
62 23
94 85
6 48
86 42
17 21
85 52
85 99
39 33
37 81
48 59
40 62
90 95
38 76
30 8
90 77
68 41
71 76
15 1
5 68
18 79
58 82
47 9
76 33
65 81
7 42
62 68
60 38
10 85
18 45
85 26
70 59
31 67
79 10
76 58
17 60
95 83
12 9
53 58
33 67
49 42
1 16
25 28
38 88
90 43
54 35
79 65
58 83
24 62
45 17
62 2
94 40
2 98
61 11
21 25
18 78
19 4
35 92
77 67
80 88
4 37
62 92
50 47
34 3
92 54
25 4
2 15
38 36
36 65
55 72
22 54
36 6
7 40
46 82
26 93
96 34
99 68
56 9
5 69
75 30
1 77
19 70
20 21
54 75
31 32
40 45
72 4
1 36
26 89
100 71
80 23
29 77
13 14
81 21
15 79
4 67
57 77
68 45
93 54
93 41
74 17
15 8
80 98
80 8
60 41
5 42
28 41
59 8
61 51
84 61
33 89
13 79
2 31
52 10
66 53
32 62
43 54
37 9
32 49
69 94
89 79
64 24
49 70
1 92
44 44
15 1
57 11
1 72
83 45
49 64
45 64
8 13
63 23
24 61
40 20
75 63
81 3
19 13
33 23
93 5
2 73
17 11
5 83
56 55
20 20
70 88
39 17
14 26
59 96
23 65
34 19
47 26
86 88
83 89
99 69
29 84
49 41
55 31
81 55
83 85
4 47
25 19
91 98
18 69
1 31
30 69
92 84
33 85
48 81
76 6
25 89
1 6
44 16
81 24
56 60
15 36
2 11
95 28
29 13
60 58
69 45
62 31
58 35
54 84
96 71
57 3
34 67
45 11
63 86
67 74
79 48
18 32
91 44
21 45
36 100
43 26
50 65
79 83
75 11
49 98
7 40
51 99
2 3
2 56
83 74
9 14
17 43
85 84
3 42
45 55
96 93
23 86
6 37
54 27
76 69
2 60
62 82
62 88
98 70
76 67
28 13
76 69
94 98
18 8
97 13
81 49
13 33
98 30
11 84
39 43
99 27
17 23
42 94
52 29
19 78
24 67
60 94
35 20
8 3
15 35
31 26
4 95
37 72
36 63
9 74
13 93
89 22
22 7
74 32
38 43
97 73
1 44
66 12
42 22
70 51
14 76
22 70
34 35
11 57
33 53
73 78
61 83
1 28
66 71
12 63
71 5
89 89
72 57
57 77
97 91
86 43
87 54
52 38
22 67
75 16
60 11
86 11
15 89
33 17
11 42
53 84
29 41
11 37
18 47
71 62
33 39
83 74
44 83
18 73
93 31
28 88
42 50
6 13
29 15
7 72
69 76
99 71
96 61
40 84
56 99
44 3
77 26
42 53
95 40
51 44
68 20
6 2
88 54
83 61
38 70
99 47
35 44
18 62
61 83
4 42
40 75
93 73
86 15
84 58
11 46
30 97
11 97
4 47
87 10
91 63
11 71
56 37
90 33
6 83
47 20
97 84
1 85
76 97
90 36
47 77
26 93
58 55
52 30
13 46
40 15
41 100
11 93
26 10
58 13
24 27
81 51
98 88
16 100
66 18
33 97
78 97
47 14
95 93
82 43
34 75
86 55
44 65
89 11
27 39
1 47
87 82
23 74
1 84
62 31
64 9
47 60
39 23
21 16
50 89
52 20
12 82
90 40
14 12
89 44
47 53
37 91
69 46
96 92
5 90
34 63
80 88
34 86
81 29
75 80
67 80
66 3
12 86
10 97
6 66
38 76
10 43
92 99
12 50
62 26
54 81
75 10
8 37
92 3
48 25
57 26
95 75
11 59
46 17
61 38
100 2
45 21
49 28
68 47
92 12
53 17
54 62
72 99
39 54
34 90
98 30
5 34
51 92
9 15
67 30
56 9
98 43
28 24
47 8
9 92
90 2
52 88
35 1
97 38
96 43
34 78
6 15
42 17
45 36
3 32
2 54
44 89
47 52
51 82
63 35
91 64
55 50
16 96
14 14
45 4
1 37
11 44
50 89
51 81
71 10
68 70
6 89
68 52
95 93
5 96
28 95
36 94
8 36
62 48
85 84
3 78
48 25
90 98
45 46
92 12
92 81
98 51
87 52
91 85
48 84
49 86
81 100
55 34
65 34
46 13
99 89
65 22
56 56
100 29
16 2
26 66
67 98
73 91
45 17
14 90
29 38
72 64
49 36
37 73
85 11
33 19
39 2
32 87
74 16
35 99
23 50
66 49
33 50
61 1
8 33
32 85
10 38
40 32
86 70
26 23
85 44
85 58
42 45
92 100
84 86
9 46
69 17
3 35
82 36
13 85
68 25
10 26
36 48
68 12
98 50
20 58
53 30
89 52
52 96
26 97
23 2
26 45
43 45
55 51
39 45
2 77
87 88
48 83
41 8
24 57
25 5
25 4
8 67
66 49
68 3
44 4
27 47
36 71
98 39
8 34
48 55
17 63
69 59
83 3
84 26
19 9
55 12
36 55
7 12
6 8
14 51
29 13
83 4
8 48
36 16
21 49
10 24
74 3
20 83
50 84
97 59
44 87
27 87
57 77
62 88
94 41
100 81
88 86
82 11
49 19
47 19
29 17
65 33
67 30
64 71
48 58
85 38
70 35
36 12
91 1
27 94
1 14
72 65
9 97
8 13
7 80
30 45
69 37
80 34
1 27
19 72
28 45
97 66
97 10
84 21
58 5
90 50
35 1
97 90
23 12
83 71
95 8
4 80
47 3
61 37
19 51
47 12
98 26
88 85
34 23
88 26
14 30
34 89
11 43
22 26
93 1
17 22
3 71
62 89
48 8
4 49
32 12
76 52
100 66
80 21
59 72
9 70
21 22
94 25
57 59
44 33
28 95
51 19
47 65
75 50
63 7
65 15
73 61
12 33
52 51
6 36
52 10
65 80
91 76
62 52
38 5
35 76
79 26
41 27
48 17
78 33
96 28
31 28
5 36
47 93
10 1
16 7
7 15
31 22
61 83
63 25
74 7
88 30
65 43
20 71
14 79
79 50
84 85
86 39
91 34
87 87
43 74
42 95
51 18
85 49
3 99
40 22
72 77
33 24
80 1
19 45
63 8
27 80
50 24
67 43
73 72
11 24
82 1
79 38
41 46
42 84
93 63
66 4
82 65
9 5
85 74
95 43
40 6
20 10
33 81
30 91
6 96
75 7
23 86
8 13
12 7
25 36
48 86
83 35
10 11
79 38
53 79
24 18
6 17
2 3
90 12
30 41
65 78
24 64
61 78
5 75
65 47
5 40
71 78
98 63
14 97
7 51
93 5
53 2
79 12
25 38
34 45
84 7
51 96
56 30
44 71
62 2
32 17
91 9
96 37
93 27
21 46
49 67
16 44
26 63
2 21
6 7
8 55
66 99
29 70
68 32
23 25
45 69
72 72
45 55
95 31
