1000 25671
88 60
25 45
20 17
82 30
30 20
71 84
92 76
95 22
25 64
7 92
83 68
56 24
55 24
16 44
12 45
3 7
88 52
26 37
88 77
21 95
21 61
57 71
38 24
16 47
72 21
5 78
99 84
75 31
89 28
53 52
6 39
29 39
29 96
25 56
10 21
58 67
47 91
1 48
4 40
24 6
60 40
86 7
79 29
14 15
54 3
42 73
68 22
41 54
19 9
55 50
61 100
39 69
63 20
51 75
55 68
34 93
55 52
53 51
60 23
96 79
57 54
17 61
24 70
37 49
93 68
33 90
46 15
91 58
86 37
50 55
14 63
97 28
87 13
44 43
62 43
40 15
85 15
29 16
81 20
3 76
35 65
93 71
42 96
97 84
43 46
48 63
82 28
50 97
52 66
93 50
97 28
8 19
9 63
20 49
44 20
53 30
4 90
89 34
43 40
41 26
90 40
57 2
37 6
77 53
100 97
98 100
16 19
37 11
78 15
48 91
39 38
12 79
41 61
32 34
8 14
35 58
79 48
89 42
36 7
30 65
81 91
32 86
89 36
41 5
3 34
84 55
93 35
7 75
73 88
88 74
47 52
14 28
96 27
36 57
90 32
47 23
85 56
58 2
83 86
63 70
5 92
74 23
26 100
45 5
5 8
34 14
32 62
36 8
74 55
67 20
65 24
7 97
51 5
6 59
47 2
53 90
89 13
92 88
59 16
61 53
31 61
58 68
75 32
26 39
45 24
16 63
72 62
81 32
73 64
7 99
95 53
30 8
80 73
21 53
74 12
84 33
6 18
57 25
19 92
79 24
76 45
36 15
37 72
26 1
41 26
84 25
78 43
29 38
27 12
89 58
42 42
9 24
98 25
68 73
86 63
42 1
35 87
57 76
22 84
8 3
63 26
17 36
37 10
94 98
37 40
62 73
78 82
94 9
71 97
48 73
72 32
46 93
35 40
9 56
71 46
75 65
44 80
100 88
56 54
22 44
88 45
49 48
30 67
85 22
68 72
67 81
78 22
2 59
23 8
100 5
61 13
38 85
68 92
49 74
31 35
56 84
11 46
60 16
49 92
33 94
60 41
72 76
78 39
94 32
32 31
48 84
21 48
75 62
99 71
76 1
48 5
87 67
76 100
29 24
23 88
43 72
95 56
1 61
44 30
70 16
100 17
57 94
59 100
19 9
5 67
41 34
74 92
67 64
1 2
74 35
99 9
60 94
45 62
76 47
5 25
77 92
75 30
25 72
3 6
74 52
52 24
3 10
12 19
27 24
31 85
34 58
21 95
78 41
34 19
65 76
47 56
85 35
73 69
5 7
3 95
77 35
45 93
28 38
44 50
97 94
53 73
42 58
8 87
98 86
18 57
13 11
26 78
44 38
89 34
80 83
69 90
41 57
82 44
80 60
19 80
65 81
14 69
40 74
42 21
47 87
56 49
40 28
32 74
28 69
96 86
86 20
4 55
92 78
14 58
47 4
89 71
18 82
41 14
48 9
67 67
10 70
60 19
92 96
53 7
49 52
24 30
22 48
41 61
57 26
1 59
59 40
21 6
14 28
98 66
14 26
13 66
53 66
53 5
44 91
80 35
100 42
81 11
36 89
92 20
46 68
34 93
80 42
64 1
74 6
27 51
30 19
83 27
39 21
74 15
88 85
39 25
97 44
61 85
79 85
53 69
61 43
37 76
26 74
27 22
35 41
39 51
91 88
39 7
44 7
86 78
71 41
43 49
66 40
6 29
34 68
12 59
39 73
65 61
75 59
13 30
44 11
4 78
47 8
82 32
29 44
34 93
20 8
25 87
94 77
50 92
30 8
7 71
86 67
55 33
85 93
72 8
45 36
75 80
11 66
88 42
12 9
81 6
83 42
77 1
38 86
68 61
40 59
76 11
33 22
14 18
88 40
28 84
70 47
87 48
9 15
98 90
20 92
80 74
75 28
66 68
29 65
4 87
24 38
66 84
10 20
8 82
90 43
54 7
34 13
52 8
94 100
45 22
32 65
28 42
73 22
69 2
95 54
13 32
96 12
79 75
26 1
36 52
6 11
47 47
22 51
14 77
97 88
41 42
45 51
71 68
58 61
25 15
26 54
81 98
43 50
35 25
88 32
32 92
88 31
73 44
83 99
33 83
69 17
66 15
60 24
42 90
86 17
55 29
54 22
81 28
85 56
31 22
16 31
91 66
30 21
37 81
56 42
26 60
30 74
1 92
48 79
87 34
77 59
73 33
68 84
19 8
7 9
7 15
50 100
46 92
80 58
84 50
79 74
48 75
49 17
38 49
41 16
34 33
44 77
46 37
15 12
29 32
29 11
30 95
71 49
58 83
19 75
26 91
83 42
48 49
26 82
82 21
34 82
55 40
54 5
53 65
73 100
60 65
60 31
75 99
5 56
91 89
58 100
83 81
38 15
59 16
73 29
31 30
92 100
68 58
76 67
58 12
48 41
4 29
40 6
18 90
61 11
58 32
44 80
95 52
57 32
21 13
76 24
90 66
75 5
29 80
43 82
100 4
40 45
54 13
74 2
45 100
44 1
83 53
79 33
33 67
93 69
3 61
63 96
85 68
71 70
39 14
94 31
18 11
94 94
33 36
36 52
7 4
42 68
31 31
53 8
98 51
51 95
29 83
40 16
78 99
9 63
34 98
77 2
1 7
87 10
2 55
97 58
30 62
36 8
75 90
62 28
29 76
78 3
77 75
65 95
100 72
15 41
10 26
17 34
60 34
43 61
4 85
66 90
36 80
86 67
19 97
86 31
37 62
99 79
25 98
66 60
59 93
58 95
94 14
59 99
96 56
47 68
55 57
25 69
82 75
82 46
38 96
62 2
11 48
14 23
78 97
10 20
80 15
88 74
78 5
40 100
82 34
82 90
57 89
17 66
67 56
75 37
2 48
55 69
25 68
78 97
20 29
84 60
87 92
65 42
94 11
82 99
11 61
1 67
58 68
93 88
34 64
96 15
6 89
44 12
61 89
84 37
53 83
41 3
71 10
30 87
80 55
52 96
63 28
88 95
20 13
82 84
63 84
74 60
36 52
39 3
51 8
8 32
74 62
90 99
72 25
68 24
71 50
83 86
20 90
29 17
27 25
5 54
76 31
84 13
48 17
36 20
67 2
52 51
28 74
89 11
33 37
59 28
40 58
96 17
47 75
12 70
77 52
9 58
85 81
64 55
99 60
35 89
71 87
73 73
24 39
95 63
92 97
47 88
77 100
63 38
27 4
55 24
67 43
54 87
38 89
14 59
41 58
57 90
17 9
69 31
45 100
49 98
27 11
37 58
96 14
73 37
48 79
24 65
33 94
32 60
88 71
32 53
18 48
10 57
4 77
94 38
4 72
47 73
92 26
32 71
9 63
18 81
38 47
75 5
23 19
28 35
40 64
63 76
84 24
56 24
31 59
80 75
56 73
10 21
16 84
52 38
82 57
15 63
75 54
67 50
98 74
14 25
98 54
68 73
24 33
53 82
13 10
27 4
99 55
4 35
11 27
7 17
73 68
48 73
33 21
95 86
75 7
72 36
9 62
10 82
27 12
40 72
90 8
82 84
49 92
57 44
85 22
82 48
72 58
12 75
48 49
21 31
25 51
97 54
88 3
48 84
1 35
100 12
27 87
51 41
55 99
37 13
9 9
27 66
36 85
41 82
73 3
63 43
12 17
82 64
72 76
90 28
73 87
13 36
24 64
21 78
70 79
8 37
54 77
93 36
19 63
2 77
65 18
96 14
50 30
53 20
43 97
51 65
4 83
21 83
1 57
59 33
9 48
10 66
85 50
45 84
50 47
10 53
59 27
14 15
91 68
30 54
3 43
63 55
43 89
78 58
35 84
64 19
38 94
88 61
8 54
8 56
41 37
72 23
3 21
43 19
24 42
46 17
93 35
80 77
18 100
45 91
38 9
27 47
6 56
74 11
23 30
56 2
83 63
81 8
21 69
25 30
62 14
75 63
87 36
4 54
53 20
73 20
19 73
90 65
61 80
26 78
97 72
53 68
98 1
52 93
95 86
73 94
97 9
39 20
4 22
66 60
84 11
93 83
92 58
89 18
67 93
66 40
96 72
1 55
46 99
16 40
78 36
8 12
43 2
16 24
63 66
47 21
89 43
34 90
36 37
1 74
59 19
84 8
53 41
8 71
35 100
100 79
33 65
83 9
38 98
36 38
1 20
73 60
29 20
92 78
62 30
47 12
10 17
9 1
99 18
55 15
77 92
76 6
14 79
19 93
92 29
29 96
65 65
80 23
62 37
52 1
32 96
72 55
87 8
36 88
80 26
74 60
35 18
64 42
56 20
25 16
99 79
56 39
97 27
79 51
100 16
10 56
77 62
9 84
19 8
76 32
15 51
47 99
3 37
81 29
65 91
94 17
9 76
81 7
25 91
70 12
84 7
8 38
93 66
70 67
44 25
72 43
43 78
78 43
87 36
51 97
2 10
38 15
58 87
51 88
16 65
9 3
