500 18101
95 2
23 44
70 47
7 73
69 10
29 28
84 99
26 25
3 1
49 54
54 88
83 100
53 50
8 34
36 93
41 61
56 22
44 4
97 3
48 2
89 35
12 59
6 66
34 87
61 34
35 69
63 14
51 49
98 44
49 5
46 32
45 46
72 1
67 78
51 70
92 62
96 5
86 69
69 86
98 57
86 22
22 25
32 57
38 24
81 10
68 49
30 84
36 83
63 4
27 86
84 84
51 38
90 97
89 1
85 77
51 30
75 22
47 42
53 30
24 65
48 46
98 61
68 62
19 98
65 39
70 32
62 11
12 95
7 100
31 48
61 4
92 73
4 72
93 60
82 48
85 33
12 60
63 32
72 16
74 63
89 69
55 51
77 52
31 17
95 4
13 28
33 47
21 25
59 69
85 28
97 41
6 67
35 89
16 3
76 16
99 79
86 86
90 27
62 25
44 37
20 74
22 28
88 61
75 98
66 39
21 9
11 30
77 98
83 92
83 97
3 60
24 12
89 48
79 12
54 29
36 51
91 91
86 27
56 27
1 12
70 54
4 67
59 78
56 94
20 21
86 45
54 72
5 6
75 71
67 49
100 94
46 45
89 28
39 55
21 94
54 67
59 63
83 23
83 64
42 6
65 72
85 24
65 17
6 19
15 87
70 45
41 21
57 77
55 71
48 47
57 88
76 77
52 65
15 17
32 70
71 86
1 62
37 94
27 43
27 32
4 42
26 37
73 28
44 69
17 91
45 73
49 35
75 5
27 96
31 99
16 10
44 19
67 74
32 78
49 37
81 60
1 23
41 57
89 88
7 45
88 55
46 76
83 21
39 19
12 44
66 43
61 4
64 5
2 36
87 99
91 89
57 77
65 35
15 68
100 97
81 77
59 41
49 84
7 33
85 88
31 82
75 94
28 6
50 7
6 71
28 94
82 66
59 45
68 2
71 53
65 42
8 56
68 80
99 62
98 74
79 24
64 56
59 30
95 80
18 91
97 28
37 68
74 19
13 14
51 88
26 16
45 90
9 28
26 99
52 22
93 67
56 32
26 15
73 72
57 38
83 37
100 65
39 55
41 82
20 18
9 7
6 23
27 73
28 39
4 36
24 46
6 14
20 92
34 27
52 93
37 34
31 54
88 13
62 53
43 67
38 100
87 20
40 8
46 27
12 18
91 81
39 45
20 1
16 47
63 16
76 38
50 84
14 32
66 92
91 17
33 49
26 50
48 39
59 73
53 40
3 26
35 70
11 53
22 69
68 97
62 46
10 3
98 50
50 58
72 7
93 69
87 9
58 26
32 28
33 87
22 95
74 9
23 31
93 95
41 55
37 46
68 32
90 38
50 29
86 75
80 54
83 29
11 76
79 44
93 1
64 16
82 22
27 70
74 20
55 42
95 18
35 17
65 44
44 20
36 26
36 2
88 88
23 34
45 27
71 15
7 20
18 21
44 75
81 50
10 67
84 30
17 47
78 98
74 19
66 75
15 24
5 73
100 55
25 52
84 68
93 7
88 19
17 89
71 29
13 38
71 83
17 46
48 7
35 26
61 65
35 32
22 80
100 4
57 66
19 6
71 71
15 85
36 79
14 45
95 87
46 45
50 74
63 33
75 95
23 93
81 60
89 70
79 17
80 66
65 21
62 36
24 73
53 39
78 77
95 1
17 29
49 59
11 46
16 35
35 36
23 11
51 66
9 15
23 66
7 83
27 21
45 36
74 20
14 51
58 81
68 6
59 95
7 6
83 90
85 41
81 50
63 49
25 11
60 66
94 15
90 31
73 2
18 87
94 22
51 30
64 39
10 2
51 88
26 84
26 36
37 23
49 46
28 53
97 38
23 12
86 36
23 10
67 47
59 55
89 60
76 79
27 12
99 6
35 85
61 1
84 47
15 34
23 2
8 9
26 52
16 68
49 91
99 5
85 6
42 12
1 34
48 44
4 65
3 21
26 79
81 100
91 95
26 25
8 53
88 32
48 36
93 40
62 41
66 34
52 46
50 52
41 13
30 57
49 10
27 49
90 9
32 8
42 34
64 10
91 16
19 37
31 77
92 6
69 41
16 82
85 70
21 26
15 77
88 34
23 98
92 56
20 86
66 93
17 80
27 90
53 24
64 67
72 29
14 17
81 52
75 74
64 20
22 16
56 82
64 29
48 64
97 90
95 36
41 50
60 52
37 51
12 86
90 80
80 9
80 27
57 62
65 78
53 4
24 90
4 63
75 2
15 45
24 48
92 94
32 24
