1000 25129
85 5
78 55
57 2
46 24
16 65
66 35
55 65
91 88
46 48
91 31
44 42
20 69
71 98
12 50
91 76
23 10
79 44
97 5
40 1
65 20
47 89
87 69
22 39
20 93
78 98
97 41
32 69
47 57
69 64
40 16
57 26
5 68
17 70
66 27
50 44
85 34
83 13
57 8
75 73
28 12
47 90
18 66
99 80
69 87
82 16
89 7
92 49
60 11
38 11
83 49
76 30
84 100
21 69
97 69
3 92
98 66
46 61
86 12
44 74
66 25
26 27
52 99
70 44
94 49
69 77
71 87
78 34
51 89
79 46
5 7
30 100
26 35
74 24
28 31
46 22
55 39
69 90
89 22
14 50
6 100
71 70
89 31
41 51
91 38
38 51
43 42
88 56
35 64
81 54
83 29
100 40
58 32
35 80
21 83
3 80
3 56
43 22
81 66
6 45
22 19
37 72
35 96
99 54
10 95
15 79
44 27
65 86
83 68
85 48
30 87
40 19
55 69
19 17
80 70
98 58
8 20
74 63
37 13
42 83
54 68
20 94
93 74
63 100
6 73
65 8
66 31
8 28
59 29
98 96
65 24
80 48
34 19
52 20
78 53
95 14
66 50
74 31
59 51
48 17
10 30
41 37
87 35
16 98
59 5
18 56
13 7
18 24
91 19
2 20
59 58
97 86
21 13
3 31
59 85
26 37
67 39
76 68
85 64
25 19
73 63
2 88
57 66
58 82
53 59
86 70
53 47
18 8
11 52
63 49
17 76
20 81
3 85
55 62
36 30
13 89
72 18
100 37
30 65
14 36
1 8
40 22
10 21
73 72
42 53
21 58
98 8
60 43
96 25
35 71
37 61
21 39
36 10
45 79
78 72
88 68
30 48
82 18
57 27
93 100
97 18
25 54
12 32
51 2
79 16
99 62
16 91
2 85
51 50
45 7
15 72
3 9
37 28
77 44
76 80
30 32
97 1
25 39
42 74
44 77
59 9
78 35
64 16
46 71
74 13
94 87
85 90
55 12
27 57
41 17
47 11
23 74
65 70
11 95
26 28
95 37
61 8
41 70
96 21
11 57
37 76
63 44
14 65
73 3
39 88
89 96
3 35
35 88
13 34
96 60
30 17
24 94
25 94
94 32
69 64
98 6
39 70
54 54
52 70
65 78
46 22
99 80
40 4
63 43
61 26
65 31
57 80
21 33
5 100
5 52
32 89
41 27
67 96
45 5
66 81
57 35
85 52
68 67
43 22
49 85
15 27
72 90
72 79
39 20
17 73
93 94
36 78
55 43
46 99
87 47
20 72
43 20
37 78
11 75
5 63
97 4
75 57
14 94
18 88
79 8
18 97
1 29
71 34
36 44
97 33
36 15
92 78
81 37
55 81
34 52
81 21
69 7
57 41
5 51
7 79
74 14
97 97
94 8
28 8
94 95
33 54
99 31
36 67
69 83
9 6
41 81
18 86
83 14
54 26
87 74
13 22
23 22
87 2
36 55
10 18
83 86
23 21
53 95
15 22
78 54
38 98
47 95
98 12
94 91
51 97
5 90
67 56
99 93
50 97
95 63
92 88
82 2
45 93
80 6
51 85
54 50
72 86
20 22
88 64
77 11
6 47
53 85
99 84
44 100
40 91
60 1
78 38
62 64
12 48
92 59
91 69
49 45
90 5
89 80
42 35
93 2
45 22
61 90
91 94
94 70
55 4
35 33
76 72
51 49
14 38
78 8
4 98
37 75
97 29
44 13
13 85
54 76
96 49
63 21
97 27
35 92
22 21
74 64
48 55
85 68
17 23
39 23
85 65
58 79
27 54
26 99
50 80
71 75
38 41
41 26
16 45
92 44
27 10
91 68
95 44
92 48
68 75
98 42
28 74
16 55
41 6
92 11
69 30
88 55
54 31
17 57
74 46
27 51
42 20
22 100
11 71
58 94
12 74
47 35
16 25
38 27
72 85
17 4
60 54
62 25
57 81
75 98
5 21
35 91
66 65
99 64
26 90
85 91
97 57
5 63
1 45
89 63
96 73
21 27
29 17
49 55
38 35
54 14
27 58
31 6
75 65
89 28
89 100
38 38
35 14
56 76
75 16
59 98
72 31
86 69
20 75
81 12
61 18
24 95
67 54
78 82
23 10
93 43
14 24
71 67
97 57
66 69
59 81
45 82
39 95
39 49
45 36
28 29
93 62
72 93
58 34
67 26
60 72
98 85
57 15
47 85
53 12
31 82
5 35
77 43
69 51
24 9
9 54
81 68
47 55
27 59
10 2
21 64
19 1
23 77
91 82
68 9
41 45
2 62
64 90
79 91
40 10
8 78
6 71
32 23
79 22
63 57
51 100
91 94
13 93
7 14
37 30
17 5
89 96
41 64
45 47
57 98
16 72
5 52
37 17
14 26
32 10
46 70
35 42
2 62
21 47
25 23
69 22
61 91
78 37
32 64
91 34
18 98
40 41
48 4
49 21
70 62
62 60
99 20
60 7
74 53
5 86
96 37
91 9
94 33
88 100
35 55
2 30
3 24
40 58
39 46
17 1
71 67
36 16
3 42
72 80
8 14
79 17
93 1
20 4
57 5
76 64
10 89
74 54
67 56
57 93
74 74
37 18
19 4
73 46
48 24
44 8
29 83
96 12
34 16
22 15
83 12
69 70
24 44
38 87
60 27
14 41
6 87
82 45
1 8
8 81
53 76
9 21
86 49
97 77
28 77
94 53
73 92
90 65
19 6
91 48
98 57
93 32
79 17
16 13
65 29
27 40
60 20
93 11
22 52
45 36
67 25
56 15
65 57
42 20
93 1
24 84
7 12
98 87
57 80
7 20
57 19
10 56
67 92
95 67
58 84
95 68
88 71
82 75
36 85
7 77
73 74
33 41
99 60
3 90
1 5
15 88
29 82
12 25
59 50
2 85
56 60
25 26
10 99
73 16
18 45
2 51
48 51
24 8
52 89
5 83
31 79
8 8
66 38
49 71
54 74
23 21
95 90
42 45
5 47
30 74
100 73
29 21
63 67
98 32
31 10
63 71
64 71
12 91
26 95
22 20
65 75
81 6
99 45
74 25
53 22
16 41
76 75
53 24
40 100
79 64
57 6
22 79
38 71
22 95
70 49
92 96
96 15
65 90
33 92
52 62
46 64
84 64
80 34
8 30
81 47
63 43
22 100
44 69
26 86
47 47
17 40
90 60
80 52
15 36
64 85
84 25
31 28
91 59
36 1
22 28
69 22
92 6
95 6
58 44
65 1
16 6
49 40
61 67
32 95
33 83
12 80
78 10
16 47
44 13
37 39
48 45
6 56
11 91
43 66
83 41
57 37
60 5
72 52
88 88
26 41
35 88
24 65
56 68
25 47
59 65
29 47
45 20
3 22
23 4
3 16
67 22
39 61
51 7
79 41
22 56
36 89
91 20
99 65
3 87
86 33
36 56
51 84
43 40
98 46
45 49
25 32
6 82
4 5
96 35
94 21
82 45
31 23
17 37
89 65
7 21
27 1
18 63
52 92
81 23
92 67
54 7
100 96
82 27
56 65
78 36
4 34
43 54
20 56
54 51
46 40
5 40
89 6
48 75
99 79
38 3
92 23
23 62
44 36
48 28
71 96
37 56
29 24
1 18
5 93
17 40
59 38
83 45
86 3
10 82
64 67
78 69
15 88
63 63
59 47
71 53
92 50
14 81
65 58
12 5
68 83
10 49
68 44
8 40
57 24
19 74
46 42
49 98
41 35
89 77
96 77
11 31
77 84
76 1
63 100
81 28
92 92
22 90
63 73
78 94
83 71
78 91
7 14
98 10
40 5
17 13
20 14
84 55
31 45
84 71
47 59
50 27
94 72
14 55
57 66
2 95
32 80
54 7
2 44
25 15
42 35
49 21
87 97
18 18
24 73
50 96
50 46
68 64
71 85
65 18
97 10
53 7
42 8
3 23
2 17
34 13
19 87
21 30
17 19
1 31
5 53
63 77
50 57
50 24
28 83
59 74
51 70
12 63
12 80
53 13
88 29
6 66
1 33
74 25
75 84
77 57
23 72
25 29
44 21
45 9
41 98
40 30
50 15
34 57
42 4
51 83
19 21
12 43
24 13
87 39
65 73
28 17
1 68
14 82
29 40
81 50
72 55
79 9
92 64
36 87
83 73
31 92
41 52
36 58
4 16
15 35
12 14
79 40
91 15
55 86
23 48
31 12
46 67
24 62
17 69
39 71
27 45
35 89
50 13
50 9
22 28
14 37
29 25
22 47
80 18
57 16
2 96
3 73
87 76
45 60
38 59
70 48
75 3
78 62
57 5
31 19
45 97
68 71
9 58
35 63
74 56
83 57
18 75
19 23
7 70
34 95
9 45
85 66
68 35
58 9
34 74
41 14
24 45
14 50
15 60
55 15
70 65
68 8
57 39
56 92
13 67
95 97
77 40
39 21
24 10
85 96
69 39
68 58
52 18
77 48
3 21
77 74
60 56
72 95
47 96
18 26
