500 7738
4 30
95 24
34 2
14 21
83 51
58 52
61 7
51 43
38 21
26 30
35 55
39 88
83 53
2 11
66 75
41 22
88 5
87 47
82 24
100 75
46 20
40 1
57 34
43 81
45 65
87 60
41 57
95 96
4 29
71 78
6 57
7 10
66 53
92 59
72 83
100 3
49 62
84 89
50 98
38 82
61 18
37 52
28 21
95 23
38 15
46 47
36 96
77 19
32 94
69 71
76 45
77 65
8 71
84 31
71 45
52 88
70 90
11 53
99 83
25 70
81 83
56 92
84 32
46 87
47 50
7 14
98 90
47 63
43 54
99 39
36 44
3 24
35 90
16 17
98 46
24 56
61 63
85 93
1 26
92 56
53 15
28 71
20 72
60 86
12 1
90 17
63 25
81 42
52 21
61 7
6 63
32 55
69 98
41 94
30 42
67 99
47 59
27 31
66 61
89 13
25 21
1 57
92 36
12 62
16 73
41 33
35 18
76 87
25 25
87 43
19 43
77 91
15 65
90 14
88 28
26 17
31 82
50 52
58 58
82 55
63 59
15 73
66 9
31 8
55 66
95 2
49 59
2 77
73 84
14 71
90 89
49 4
15 79
33 24
60 66
82 51
73 56
47 83
10 90
49 32
33 25
80 84
25 22
47 42
22 49
64 50
24 58
52 83
66 53
82 16
86 37
80 63
96 88
3 97
62 71
51 5
49 51
10 81
4 81
21 34
24 51
45 21
69 38
90 30
78 44
81 55
23 32
2 51
27 37
32 21
51 34
59 13
64 4
27 8
6 54
85 53
91 9
29 12
88 87
8 61
62 79
25 23
87 24
58 18
27 71
48 46
60 74
75 21
57 26
63 55
95 7
32 28
7 27
16 44
73 57
36 23
96 98
96 41
90 73
22 86
27 13
40 59
80 50
90 69
66 18
37 4
26 73
8 26
18 67
14 59
15 38
31 97
38 33
53 13
88 14
65 3
100 58
99 87
91 76
9 35
13 93
38 82
92 63
20 20
53 77
65 71
7 42
100 26
60 63
96 66
21 11
86 76
87 76
52 12
28 44
53 93
41 15
53 16
12 70
10 33
66 74
79 8
40 29
56 6
31 20
80 42
72 60
31 30
78 81
62 87
91 64
91 73
99 20
82 78
62 44
3 96
46 1
20 37
2 73
5 63
16 55
74 35
43 38
2 30
26 47
22 81
6 23
18 13
26 48
70 44
27 46
92 21
48 51
18 74
99 78
78 23
97 16
70 38
60 52
27 48
83 24
50 15
69 20
34 44
84 45
82 16
36 91
29 45
1 52
90 64
86 7
68 58
63 50
80 97
22 88
40 96
1 29
79 62
57 9
26 77
48 5
83 54
69 97
95 8
1 79
67 27
25 30
49 46
88 64
36 81
75 93
23 39
38 47
95 13
56 34
21 91
76 80
43 25
1 87
77 83
32 40
86 46
96 41
95 41
65 42
17 80
34 37
17 70
48 41
91 97
43 46
95 97
25 2
63 95
42 4
77 80
82 73
18 33
78 26
21 36
53 65
52 18
43 26
90 12
99 82
98 60
10 54
74 61
93 36
11 93
2 96
24 75
48 38
50 36
70 15
65 79
66 15
56 3
33 100
13 7
98 51
27 98
60 3
22 52
90 44
1 59
51 84
23 16
70 43
28 9
43 51
22 60
31 78
86 76
12 23
29 12
35 87
73 76
55 24
27 22
35 68
56 19
3 48
35 57
5 54
72 63
99 87
23 20
27 17
83 87
87 26
24 68
10 84
98 81
98 19
51 27
50 91
100 54
73 42
19 85
27 62
15 44
41 44
9 92
100 71
4 66
90 3
87 58
28 94
44 26
13 79
63 13
51 97
67 79
97 70
8 2
39 41
47 56
82 22
17 9
29 94
68 99
41 76
90 77
66 31
90 47
40 55
67 21
89 100
12 48
86 58
67 14
27 91
26 1
75 57
78 14
81 19
64 59
64 71
8 12
59 36
29 1
70 76
10 84
95 79
18 45
69 86
85 71
16 53
50 7
2 32
97 46
17 57
94 7
86 75
34 88
83 5
26 81
1 60
23 57
89 29
38 17
89 70
15 71
15 70
15 78
45 84
95 40
31 88
60 6
54 51
89 23
40 59
76 78
50 7
87 89
93 75
18 44
71 12
61 27
67 2
24 43
57 24
36 58
17 49
94 50
21 97
51 6
19 31
73 57
25 62
60 11
10 25
65 83
74 81
76 46
80 60
70 65
70 85
62 47
