1000 25139
8 53
9 12
20 36
37 82
7 55
81 82
28 66
98 108
39 40
10 29
83 127
64 105
95 132
37 67
46 49
71 83
80 101
16 66
22 33
73 110
38 56
26 59
95 107
42 63
96 129
1 40
7 15
96 136
15 29
46 59
67 85
23 33
7 23
39 72
11 15
13 28
19 54
38 81
62 86
10 45
99 111
44 64
25 52
93 143
32 33
71 101
63 74
12 33
38 69
36 60
84 93
75 125
62 70
79 101
16 36
57 97
79 91
75 104
4 33
46 71
72 114
23 71
68 105
78 87
13 46
78 118
42 65
31 48
67 102
3 52
92 96
65 111
46 64
17 47
9 54
78 96
39 50
24 31
41 81
76 119
59 91
24 74
50 92
72 111
54 75
18 32
80 110
85 117
92 134
36 46
30 38
15 50
10 18
49 93
45 88
22 62
26 62
86 104
4 12
44 64
41 59
96 107
8 25
38 73
64 105
68 79
67 71
2 5
91 110
7 50
29 75
2 3
31 73
78 117
25 66
36 50
47 49
57 80
20 67
38 82
44 76
49 53
5 35
53 94
97 147
49 72
26 58
74 111
34 76
29 69
17 23
74 85
76 126
76 98
64 109
39 81
44 78
30 80
92 137
86 88
37 81
72 114
39 43
19 56
2 32
16 63
54 104
48 80
72 91
74 122
38 65
67 69
22 25
42 48
71 114
71 73
42 72
96 122
44 82
75 98
76 91
13 58
1 34
52 69
40 56
64 93
42 50
35 36
93 121
86 90
21 26
81 102
57 102
11 21
99 108
58 85
26 32
53 61
6 14
49 73
26 31
95 131
67 95
99 107
36 79
37 57
21 32
77 100
84 129
65 66
3 50
60 72
29 74
55 85
11 39
68 81
70 80
52 89
3 16
15 53
37 78
75 94
95 105
46 83
85 114
94 113
3 16
63 97
46 74
60 82
63 73
23 58
54 63
30 67
73 117
41 43
18 26
94 98
69 95
2 6
10 14
24 46
61 76
38 39
78 81
71 115
57 70
100 113
74 105
59 86
14 64
63 84
85 131
60 71
8 17
22 48
53 84
62 84
36 45
50 59
74 117
98 118
24 67
27 31
79 87
97 133
20 25
97 112
42 83
88 118
98 119
51 96
11 12
10 45
88 133
41 45
80 109
44 53
40 56
5 14
55 90
5 22
67 98
91 123
64 93
26 65
12 19
69 79
88 100
47 65
70 88
61 68
97 134
94 106
39 49
75 120
42 91
10 24
23 34
83 122
98 141
20 51
33 66
60 105
81 99
72 101
52 100
12 60
67 104
43 58
17 25
73 97
47 80
35 73
64 69
63 75
61 89
75 87
31 52
100 140
74 103
100 140
12 60
70 87
45 46
2 9
44 57
86 135
12 32
67 91
68 107
61 75
38 44
52 76
20 28
71 96
23 25
24 32
82 104
42 83
66 88
98 127
14 28
65 72
85 103
77 97
27 45
97 143
4 35
9 47
48 85
77 88
8 37
59 93
98 126
53 82
60 100
41 83
90 119
23 34
59 74
10 29
83 107
49 72
61 103
55 88
19 66
36 82
78 118
52 73
29 65
95 109
50 99
42 43
59 79
86 105
71 93
37 76
82 96
26 31
45 71
81 83
54 69
53 57
39 76
51 95
57 91
50 78
43 79
98 112
25 63
2 4
7 39
7 20
2 28
68 94
61 108
72 97
55 76
90 129
23 68
83 91
85 87
24 69
76 86
95 118
9 22
46 77
32 43
42 70
23 60
76 114
22 53
76 80
80 123
12 29
26 73
88 116
14 58
69 103
86 129
38 71
22 60
92 118
44 91
75 88
11 12
57 101
46 83
65 88
46 78
68 101
99 129
82 117
44 74
75 116
77 84
4 48
20 44
8 27
46 70
95 105
35 41
19 23
70 83
67 117
83 106
96 108
54 81
96 112
16 61
91 110
33 34
37 69
35 79
28 75
11 56
45 92
84 124
8 41
62 81
82 103
27 45
60 109
63 70
70 117
34 75
39 52
74 116
6 20
98 131
71 86
100 124
85 123
41 60
69 107
51 90
23 64
16 65
56 71
18 26
31 75
99 134
2 12
19 46
33 64
30 37
81 102
77 104
13 61
88 94
38 83
94 115
15 40
50 95
9 36
36 59
83 119
99 141
9 23
40 41
49 73
31 60
91 115
33 47
72 121
60 72
35 37
94 135
27 39
42 59
64 112
10 15
40 43
65 73
28 60
24 57
94 110
9 13
53 62
59 72
48 59
42 48
4 37
62 97
91 141
12 24
50 59
26 63
63 66
58 81
65 103
11 37
41 42
56 69
95 134
12 13
67 93
29 70
57 98
93 131
22 31
20 60
2 44
14 25
85 134
82 107
37 83
30 44
90 121
89 93
88 117
89 130
31 40
92 105
3 31
73 84
55 79
52 88
98 145
17 43
61 69
63 97
79 81
1 11
70 117
73 115
12 24
36 58
53 87
69 71
80 91
75 117
40 82
34 37
40 45
24 64
15 44
28 78
54 60
56 65
17 20
93 127
44 46
99 113
36 84
46 75
71 95
91 113
49 65
21 43
59 106
10 36
35 43
38 88
10 47
4 10
10 52
74 123
91 120
15 42
94 96
22 62
89 108
33 78
55 99
80 103
9 46
21 43
7 31
14 56
76 109
75 103
6 33
72 108
73 114
42 66
69 85
96 112
84 131
18 49
68 108
42 86
79 87
2 49
31 76
88 133
57 59
93 131
13 58
47 79
7 22
6 52
68 89
47 82
91 132
75 91
26 35
51 78
95 133
32 64
64 84
23 45
7 16
21 67
46 53
31 33
62 83
14 36
78 97
97 115
83 87
45 53
91 104
61 73
46 52
21 28
1 7
2 11
13 60
65 115
100 141
71 84
71 118
20 33
17 64
13 50
46 75
42 47
63 78
92 110
74 110
78 112
14 53
32 78
98 129
11 58
62 109
12 14
77 95
40 56
8 29
59 80
84 109
98 131
72 104
82 113
71 112
24 63
35 74
83 120
88 128
35 66
54 55
10 47
6 50
22 69
74 99
51 73
64 65
36 76
42 81
89 127
65 90
8 37
20 54
63 69
18 43
81 113
74 83
94 136
72 119
33 62
5 19
8 32
31 42
76 124
89 93
1 4
51 87
23 67
35 77
38 64
9 34
40 82
100 114
14 32
62 101
73 111
16 57
25 66
61 90
58 87
13 42
25 29
65 72
32 44
87 96
34 67
64 107
12 29
28 52
36 78
45 92
84 123
43 60
75 82
59 95
83 103
27 36
61 83
57 72
61 63
98 147
66 107
1 45
49 63
31 39
14 48
22 23
99 149
38 62
82 112
56 84
2 4
6 41
72 108
85 100
45 90
57 75
48 56
56 67
84 127
35 36
52 59
67 99
29 46
78 93
77 94
11 49
4 29
89 129
20 22
17 44
39 79
37 80
17 39
87 90
67 69
82 87
8 14
65 67
19 47
41 78
72 103
72 104
99 120
95 114
56 102
43 58
52 88
55 60
50 77
87 116
90 95
2 37
6 18
70 93
31 80
34 64
33 43
35 60
23 45
52 66
51 54
61 72
88 96
19 43
47 63
6 17
100 128
7 28
23 37
70 78
47 54
46 91
41 80
45 74
41 54
96 130
39 82
92 142
2 43
41 60
30 60
91 136
94 97
35 76
13 33
24 27
69 92
45 76
10 37
91 135
48 94
60 92
51 57
87 90
30 35
49 70
92 108
29 64
55 98
66 95
98 142
54 55
12 37
90 122
50 79
4 43
85 102
41 62
95 136
87 94
81 122
24 44
29 33
26 71
11 24
93 118
49 96
79 114
89 94
59 85
21 51
36 37
70 77
71 106
74 79
100 113
71 79
18 38
80 129
26 28
83 84
78 120
79 82
46 73
67 92
80 111
49 65
4 48
20 24
95 101
42 44
100 144
71 98
22 27
25 64
81 120
15 44
26 63
59 84
3 39
36 50
31 37
91 127
57 79
1 44
64 104
56 91
71 121
81 93
36 71
48 51
16 28
65 92
78 83
61 99
83 84
58 94
10 15
86 130
77 116
4 16
79 127
29 63
74 113
1 3
5 27
6 33
15 48
30 41
16 20
69 87
17 41
46 55
59 64
74 120
46 47
75 121
81 113
69 71
55 62
16 32
68 73
70 90
32 76
46 55
83 93
15 62
55 101
92 106
52 94
83 119
47 73
31 70
11 33
73 89
31 74
16 61
78 120
97 122
97 102
94 141
65 109
66 97
39 45
76 124
39 67
37 45
50 95
71 80
57 67
4 6
87 113
24 40
26 49
18 38
21 47
8 40
84 102
27 49
51 99
36 45
10 19
49 74
66 114
20 50
21 61
48 88
87 112
99 132
96 112
36 67
92 122
60 69
1 12
82 119
35 43
91 129
18 64
84 88
61 109
74 81
40 47
47 71
50 72
17 47
17 62
22 70
76 89
52 66
49 70
26 38
87 109
58 89
74 110
4 25
77 88
