1000 24618
10 153
22 132
65 103
86 86
51 120
77 90
64 94
69 108
16 138
26 141
69 93
93 81
67 103
48 119
28 124
38 132
64 109
99 52
36 140
9 147
5 172
89 64
94 60
69 93
23 151
94 69
36 141
35 143
93 62
83 91
97 75
3 165
4 165
13 138
40 111
6 145
90 78
3 155
75 102
57 106
80 94
95 85
2 176
47 109
42 116
81 99
84 91
57 94
79 101
20 143
65 113
84 84
60 105
58 93
4 175
82 69
4 152
39 128
69 101
96 56
21 131
65 88
50 119
77 85
77 77
89 80
82 80
18 145
92 85
8 143
75 100
71 91
2 178
76 89
69 98
96 84
8 156
53 101
4 168
87 68
24 134
21 148
22 150
35 129
30 132
25 146
69 95
33 126
16 163
37 139
81 79
36 115
1 177
30 149
64 98
29 122
71 88
98 76
47 108
14 163
57 109
73 99
36 123
11 146
100 56
5 162
58 98
7 162
9 153
61 116
45 120
84 85
81 77
66 90
18 135
11 150
43 125
86 72
95 74
58 109
22 131
27 151
45 122
74 99
9 159
61 117
3 162
79 90
10 153
49 121
44 121
66 104
73 88
79 86
76 101
72 94
83 91
33 141
78 98
43 134
46 117
23 137
26 140
26 136
40 125
44 116
88 84
82 93
29 130
35 117
91 70
3 159
61 110
88 81
76 100
21 130
48 110
30 130
99 70
57 106
30 149
42 111
22 130
2 157
73 87
50 120
73 93
55 120
34 130
51 102
50 121
79 97
25 137
75 81
5 174
64 105
18 139
44 126
98 57
99 67
78 85
88 77
53 116
91 62
75 78
80 84
11 142
74 78
10 163
62 101
30 134
39 133
55 103
4 162
41 131
27 140
5 150
65 93
34 127
38 122
15 145
83 68
17 160
39 125
9 170
73 102
55 119
27 128
16 148
52 126
77 85
46 122
39 115
29 151
88 83
66 112
8 155
50 115
39 140
69 87
63 115
21 134
8 161
18 137
24 146
100 60
96 67
28 138
64 95
81 92
65 111
31 130
63 102
33 139
21 145
72 91
5 162
75 76
50 110
21 151
78 92
78 93
18 142
69 104
6 165
57 115
34 128
65 110
6 172
24 128
34 138
69 98
44 112
93 67
38 133
19 156
44 118
33 142
98 55
7 155
14 145
63 115
89 75
28 146
47 114
10 169
51 127
52 117
36 143
52 105
24 137
14 154
29 141
41 121
34 118
86 66
49 126
67 88
51 117
54 110
90 67
36 124
74 77
86 76
28 133
11 152
4 175
71 93
44 114
2 149
29 147
57 109
16 162
18 141
36 123
62 118
79 101
87 92
65 104
66 112
38 139
88 83
31 127
19 147
80 94
64 87
4 155
28 140
82 74
54 123
34 139
24 130
41 115
7 166
9 156
68 98
18 138
64 99
90 82
61 94
17 146
71 96
69 101
84 68
40 127
56 115
98 54
70 96
42 127
62 100
35 121
32 133
50 102
18 137
50 123
81 86
81 74
5 146
9 167
15 137
11 158
42 126
38 117
51 123
100 61
98 64
71 81
17 141
13 161
12 161
29 133
30 127
82 69
97 54
13 167
21 146
53 110
10 163
90 85
46 105
72 82
77 103
29 129
73 104
94 60
30 142
53 110
26 154
35 129
13 145
40 134
45 108
6 170
29 141
47 121
6 172
78 73
17 144
22 133
91 76
29 124
51 115
20 145
10 165
99 59
84 80
83 71
3 168
94 63
24 154
1 162
17 135
100 77
29 141
89 82
45 127
11 142
93 60
71 92
45 122
6 147
62 94
41 120
63 107
91 77
87 91
68 99
20 148
4 155
42 129
10 144
84 69
44 134
29 139
45 133
94 61
13 161
27 124
97 78
58 114
3 167
97 61
74 99
2 156
77 92
14 149
47 132
87 77
6 152
69 84
83 89
63 97
30 129
23 129
26 145
72 96
10 169
45 112
92 85
65 114
86 83
53 120
48 104
81 85
82 70
92 79
75 95
46 129
71 92
71 86
3 155
73 101
19 137
28 123
26 125
47 119
41 114
24 155
86 93
46 108
92 59
68 102
9 146
74 77
43 128
86 89
97 63
4 158
30 121
40 117
20 132
68 101
93 86
67 108
48 128
26 146
10 147
22 136
71 88
32 129
44 120
25 141
56 98
14 147
52 114
82 72
13 163
92 71
57 117
98 77
89 77
1 166
17 139
49 122
74 85
11 158
34 123
22 147
14 158
16 142
14 153
33 132
83 85
58 99
51 109
82 82
83 95
13 153
56 115
5 151
44 133
99 77
29 143
52 120
65 91
32 147
33 143
77 96
23 138
41 120
26 141
63 106
41 136
94 71
12 139
66 90
5 170
97 60
88 78
18 148
64 92
1 151
3 177
46 120
58 122
53 98
80 91
92 85
17 150
35 126
96 79
61 94
85 93
76 90
12 156
49 104
7 149
96 67
77 98
81 78
36 138
54 100
95 82
77 85
48 112
6 163
42 125
52 102
55 112
81 93
21 140
18 155
33 134
75 77
16 164
42 124
80 73
95 75
33 130
96 65
29 143
80 77
56 109
13 156
55 109
19 133
14 149
13 156
66 91
90 89
45 132
54 118
44 130
40 125
82 71
43 110
97 56
75 87
94 84
3 159
56 99
66 92
21 155
40 124
41 119
36 139
82 97
20 142
82 82
14 147
15 157
10 145
46 113
23 155
74 99
52 112
93 78
87 90
65 88
11 158
29 146
61 110
64 96
24 145
52 104
45 110
66 97
49 131
19 147
59 102
51 110
26 136
76 84
23 133
66 101
68 101
10 162
47 119
87 85
91 64
12 156
54 101
52 107
57 120
28 146
78 95
9 143
72 85
16 153
25 129
82 93
44 112
37 130
45 132
67 107
89 75
41 132
32 124
37 118
60 120
42 116
39 127
37 116
18 150
62 101
2 168
85 93
23 132
100 55
24 146
14 137
12 160
29 137
17 135
20 140
8 144
94 80
80 82
79 79
10 145
56 101
61 113
5 147
93 72
5 157
72 95
81 97
46 108
55 117
69 84
57 96
97 75
7 153
93 63
66 93
20 144
47 128
50 128
43 117
46 125
25 134
8 153
9 145
5 170
76 86
81 83
12 164
70 107
12 155
91 84
31 142
20 145
51 109
35 139
12 168
7 165
58 102
44 125
4 171
13 161
12 151
12 158
61 96
70 102
57 110
26 139
90 66
3 158
27 127
84 81
100 73
52 111
43 124
61 115
56 123
18 160
93 58
20 146
39 128
4 155
10 150
21 138
23 151
60 109
56 97
86 79
18 134
65 89
29 124
74 103
77 92
92 74
85 73
37 138
62 117
41 133
14 137
3 173
95 81
41 114
38 115
95 73
44 123
80 89
7 148
51 106
49 118
99 57
70 102
88 65
54 110
79 94
8 145
77 80
90 71
15 162
14 149
60 95
32 119
95 71
33 118
8 153
86 87
17 141
97 59
99 72
58 93
62 94
1 166
4 172
2 158
90 71
50 105
45 123
69 110
56 103
96 78
70 87
54 110
17 140
57 94
8 162
96 83
16 138
36 132
37 115
83 97
1 150
96 60
14 158
95 63
28 150
73 80
33 147
45 110
21 159
31 131
54 123
83 94
84 86
9 155
84 95
73 107
59 101
81 85
94 85
14 154
28 124
63 114
20 154
44 136
71 107
79 84
91 88
38 135
14 158
28 152
20 152
66 106
23 154
33 123
61 110
3 171
6 174
45 125
99 71
78 93
75 99
52 106
60 107
10 153
12 151
44 121
83 72
70 102
76 97
28 125
84 75
3 171
42 129
3 171
46 127
64 104
81 75
37 126
1 159
46 124
16 138
73 101
11 150
90 90
57 114
23 129
92 73
62 100
19 144
90 64
40 112
94 84
93 60
51 117
3 158
5 160
46 107
37 120
74 82
21 154
16 143
9 148
23 137
57 114
11 169
21 153
72 87
43 135
9 148
73 87
40 127
24 136
97 56
3 166
13 139
53 120
77 93
5 161
67 87
96 79
46 116
58 119
89 83
39 117
8 157
43 131
95 76
54 105
32 148
68 100
74 79
99 81
77 97
97 57
56 115
39 135
69 108
79 92
34 137
77 98
51 129
73 84
100 77
99 76
75 100
12 166
52 107
52 105
68 87
18 137
99 74
14 144
75 76
39 117
4 160
82 83
81 91
98 78
35 130
64 107
17 146
61 98
63 100
45 112
9 153
70 105
84 96
77 74
48 117
69 93
53 122
51 105
41 119
4 167
49 131
68 108
67 93
100 59
71 103
35 122
17 138
69 97
100 56
91 64
7 165
55 114
25 137
39 116
52 112
11 165
3 172
20 149
71 84
17 162
65 110
79 79
86 87
100 66
55 103
85 94
68 101
59 116
35 142
8 170
62 95
36 140
27 146
81 78
35 141
97 70
67 90
4 176
17 157
66 96
46 131
75 82
72 79
70 88
14 147
23 133
81 94
68 110
94 72
