500 12925
39 100
83 13
80 28
33 94
90 69
67 60
97 24
68 46
56 58
57 83
84 58
65 83
45 89
36 88
15 98
66 17
89 83
68 13
11 39
71 43
83 27
33 13
99 93
8 67
65 24
73 80
30 87
62 25
25 33
37 2
26 65
63 84
71 14
6 92
96 77
60 35
24 51
44 52
79 32
79 60
100 35
62 90
43 94
96 75
49 29
9 43
61 91
89 63
28 55
23 81
12 5
10 33
7 46
10 49
17 100
23 69
82 28
46 86
84 94
59 60
34 39
62 58
21 43
56 5
19 2
68 71
15 39
42 52
12 22
45 22
72 64
63 8
6 63
66 9
11 83
7 91
74 52
23 25
95 5
1 58
46 6
6 9
62 91
52 3
67 9
78 42
75 71
1 36
75 79
10 64
59 47
8 18
71 74
31 41
63 74
89 75
99 63
29 64
82 78
62 37
73 85
53 41
76 44
30 48
18 2
86 26
88 90
43 5
9 3
83 95
95 62
6 60
40 55
56 4
57 62
7 64
85 97
83 32
59 51
59 76
93 48
17 98
66 45
15 21
47 90
80 70
56 95
97 53
60 33
37 72
10 89
84 17
42 65
86 32
66 16
59 18
71 10
53 6
54 22
31 12
35 52
48 83
36 23
27 6
56 39
45 84
85 21
40 35
27 15
43 72
99 62
19 62
59 21
16 58
86 82
57 10
48 27
41 28
54 14
59 59
29 52
63 2
43 28
70 16
48 86
8 43
29 33
71 47
12 100
34 6
53 10
47 51
33 40
89 32
25 57
88 78
33 15
9 29
80 65
59 29
3 100
78 26
30 43
61 72
45 36
67 76
17 82
44 62
7 4
22 95
3 73
35 7
85 49
45 100
5 74
84 34
4 94
85 58
6 80
15 94
70 63
59 41
13 44
2 2
99 72
89 52
42 32
31 86
97 81
21 96
41 66
99 32
50 73
22 60
11 4
46 8
88 36
80 37
90 22
46 91
1 83
92 46
81 97
37 31
88 97
37 70
73 16
43 90
73 27
78 47
9 35
42 41
36 87
22 31
43 42
86 58
10 34
84 73
16 95
59 66
56 68
9 61
9 98
5 93
30 20
72 53
51 100
70 55
51 41
40 73
15 97
3 23
83 18
95 45
92 6
22 14
83 14
64 21
64 56
55 92
93 20
72 90
96 32
81 6
45 20
91 26
66 16
7 6
74 50
82 10
65 71
82 70
42 70
25 68
86 62
71 42
96 72
88 13
40 48
98 12
79 86
55 45
53 87
61 55
1 89
44 92
34 21
84 55
59 12
97 76
38 98
51 31
21 17
34 30
31 89
65 89
24 7
97 4
71 94
49 56
30 13
87 64
30 25
71 35
64 84
68 86
93 28
11 7
55 99
85 75
9 19
34 36
39 19
13 5
46 90
91 60
8 96
80 10
74 66
18 59
28 37
64 63
68 42
48 54
49 44
51 82
65 42
24 50
47 85
87 87
24 6
28 49
26 2
54 30
98 35
89 85
73 68
42 62
99 92
79 66
26 89
59 62
12 1
16 59
23 66
10 42
7 18
82 13
41 4
32 35
99 23
68 40
95 98
67 64
68 93
43 41
69 97
84 86
66 91
15 33
70 24
90 48
94 34
47 26
95 29
91 68
87 10
19 96
84 82
38 53
97 13
10 70
48 14
61 65
25 28
71 31
70 7
31 98
4 43
10 10
63 32
3 18
29 1
9 29
21 81
96 46
52 22
89 30
31 31
69 64
55 62
53 7
10 11
48 95
99 32
56 39
90 63
86 93
74 87
73 96
75 46
71 51
82 65
22 11
83 16
7 44
44 42
52 74
89 41
48 36
13 35
3 25
50 53
93 35
12 53
70 86
89 32
15 26
10 67
71 15
83 89
64 28
23 21
45 99
11 23
22 52
100 90
100 37
59 96
26 28
24 32
33 93
96 78
6 48
54 4
30 93
64 43
50 97
81 18
4 36
97 84
45 4
7 60
46 89
37 39
70 64
67 26
77 70
84 90
76 92
48 36
18 78
39 19
70 56
14 29
1 93
43 59
14 18
100 29
53 55
91 45
23 12
85 47
38 74
80 59
91 2
67 67
95 2
40 50
47 36
99 37
36 86
43 40
57 48
33 26
31 30
26 11
99 51
8 51
61 52
26 94
7 87
30 30
64 64
28 42
44 10
64 57
71 1
9 79
15 37
23 7
99 75
89 49
60 5
36 48
69 59
50 59
54 14
15 12
41 8
