500 17833
3 30
44 58
29 71
50 84
5 95
11 28
57 12
37 10
46 37
89 46
56 51
59 4
52 56
88 8
47 67
19 91
92 1
66 68
65 39
6 32
16 87
82 79
54 28
14 57
54 64
52 43
67 96
11 66
47 48
86 36
20 16
2 77
81 46
100 86
51 13
85 92
10 65
60 24
21 1
56 54
48 21
77 51
66 57
99 76
16 10
64 75
17 18
7 10
29 94
33 57
12 93
97 80
14 87
17 20
10 88
68 51
20 15
28 84
30 68
19 62
13 71
2 83
20 39
93 16
1 21
70 51
29 7
63 85
81 26
50 7
18 38
28 46
78 9
35 46
78 73
93 18
98 73
47 90
99 80
78 66
79 46
63 72
26 98
93 85
31 44
36 85
12 87
3 58
63 20
93 54
21 19
28 43
94 88
40 9
72 10
95 8
61 11
1 17
9 45
42 36
50 75
78 34
21 33
27 36
12 32
99 5
71 5
61 4
97 95
21 36
90 21
75 92
35 8
16 70
19 28
66 51
3 7
82 14
68 60
17 78
75 67
40 78
96 20
68 7
79 87
68 30
14 66
39 97
68 98
22 10
32 85
69 24
99 96
53 69
47 59
62 27
3 74
17 64
22 82
99 20
89 51
64 54
73 63
24 10
31 76
44 91
89 12
33 82
25 56
8 71
1 11
99 75
47 49
97 31
67 81
77 87
64 12
32 46
67 35
83 61
6 8
99 19
51 84
4 3
3 88
49 95
66 81
5 13
65 10
39 62
3 84
53 60
54 67
75 46
28 70
84 42
70 88
68 81
16 75
95 96
75 52
69 86
93 70
73 52
65 68
11 2
1 38
80 31
95 99
68 72
14 91
100 6
18 43
16 26
3 60
20 82
64 20
20 40
24 94
80 29
11 53
26 77
84 41
64 72
52 74
12 10
48 13
22 14
79 90
15 40
16 9
6 93
35 77
60 30
78 44
51 96
23 31
31 33
82 26
17 29
98 57
95 68
16 87
15 99
62 93
70 46
34 32
25 65
42 38
9 25
4 45
4 90
34 53
88 85
19 61
85 26
51 94
18 26
58 39
29 36
85 65
73 47
34 80
19 93
85 28
64 24
70 88
7 58
94 8
3 13
75 39
43 64
98 32
42 77
9 14
59 76
63 22
42 45
36 40
56 11
2 21
39 85
59 53
35 73
78 21
30 65
71 51
28 15
47 90
29 89
9 2
83 6
53 88
94 81
2 98
37 15
9 56
23 37
95 25
2 64
77 1
21 63
96 79
26 32
62 91
4 93
37 8
25 12
97 89
72 99
32 75
98 10
62 83
43 27
32 82
92 4
72 91
55 32
71 70
70 33
83 73
79 23
53 90
35 60
25 3
6 40
24 26
33 11
80 76
70 2
87 26
56 77
91 64
82 4
34 8
4 6
86 48
70 67
28 18
82 37
41 66
12 92
32 46
2 100
54 70
63 79
45 55
77 60
69 11
16 24
46 92
51 83
94 46
50 82
38 94
18 1
7 21
13 71
3 63
38 48
82 73
89 88
46 24
24 88
70 91
79 84
28 94
7 91
48 2
7 63
41 27
88 67
18 6
72 72
41 19
71 75
86 50
86 73
47 34
55 12
53 97
45 78
57 46
98 94
46 11
94 91
68 46
53 83
6 62
70 8
90 30
40 86
58 47
87 6
63 73
79 90
65 89
42 66
86 80
12 90
49 80
26 6
51 9
66 85
49 29
44 27
89 59
34 30
81 99
87 45
40 94
33 47
83 74
97 39
82 93
29 84
42 30
49 38
81 18
100 43
18 98
22 47
91 28
75 96
61 52
53 100
54 85
25 92
95 18
91 16
89 34
95 49
68 21
91 42
60 34
16 1
86 68
100 44
1 83
18 18
87 40
93 76
2 65
21 13
89 66
84 57
49 48
82 47
32 46
81 65
81 89
50 95
55 64
71 16
76 91
15 67
76 68
29 27
39 59
22 37
71 43
79 92
16 85
38 15
22 85
27 70
53 68
7 52
27 14
6 50
25 21
65 53
98 77
26 85
85 18
86 42
61 93
86 65
19 89
93 39
66 82
100 29
42 33
20 45
22 97
69 75
86 63
97 16
98 2
77 21
70 52
68 44
55 64
85 88
58 10
76 48
64 10
10 77
35 51
42 23
15 26
59 72
58 27
12 2
36 8
94 96
49 96
97 1
79 13
68 36
41 91
97 94
19 64
34 75
16 90
40 60
2 50
54 52
89 75
51 3
