500 17239
84 50
100 17
99 44
85 69
100 49
15 74
83 11
69 84
64 18
73 47
92 67
68 21
65 61
41 15
27 88
83 23
98 94
53 83
99 88
84 27
51 2
76 78
100 60
91 54
70 34
85 92
100 9
89 55
87 2
29 52
57 28
22 51
29 21
55 71
6 71
28 21
21 97
89 81
48 4
36 14
61 80
39 22
3 34
25 92
32 36
30 73
59 14
29 81
34 7
9 54
12 8
84 60
84 83
63 19
26 13
5 16
48 11
26 74
45 70
86 64
54 25
1 49
7 15
82 97
8 72
65 37
62 17
28 68
5 18
9 72
16 33
65 49
48 93
18 19
42 40
31 81
99 91
52 6
59 61
32 50
61 11
22 20
67 9
96 93
85 39
93 22
53 8
84 1
18 95
97 29
69 64
23 71
50 78
27 30
57 20
57 49
43 67
18 88
36 68
47 36
26 60
51 100
64 36
25 4
69 18
57 27
55 84
19 9
8 32
13 97
51 58
20 42
87 16
69 18
68 34
71 6
61 39
20 93
54 6
30 85
68 74
74 22
53 8
17 51
52 3
9 27
25 51
95 69
26 14
61 18
93 56
3 25
63 17
56 91
80 81
83 35
12 18
34 64
2 95
72 1
99 12
4 4
91 95
85 28
72 21
58 80
7 33
85 12
29 73
12 91
66 96
97 46
37 64
18 55
65 48
88 66
78 33
90 98
34 87
55 47
2 67
79 42
58 23
16 35
34 85
37 3
99 21
98 54
22 19
52 15
21 54
72 30
55 18
63 48
8 9
78 91
21 28
14 94
14 2
1 52
77 36
80 49
49 97
13 99
97 4
14 96
53 64
27 36
55 93
38 2
81 34
8 11
16 44
90 57
23 45
2 80
78 11
21 66
51 33
100 81
72 32
71 86
23 11
78 2
33 86
31 71
8 92
5 65
44 64
21 93
6 68
21 99
52 41
6 64
85 49
1 96
19 59
89 13
27 32
25 3
79 14
59 65
32 65
94 9
49 73
7 9
47 88
78 36
27 26
97 20
29 16
51 58
19 58
52 78
80 11
52 95
82 49
39 2
56 11
25 64
12 46
13 78
97 63
63 38
71 93
34 63
63 34
41 3
74 27
89 17
66 57
52 41
100 33
49 21
46 1
48 58
55 81
44 41
25 93
34 7
41 12
6 60
36 16
59 69
57 38
67 26
62 15
38 38
6 79
70 25
14 1
17 24
82 54
63 15
79 13
4 46
96 78
94 46
45 100
69 4
82 14
10 56
21 96
81 47
10 76
18 97
80 4
65 57
61 89
57 48
50 15
53 100
62 7
85 30
12 69
18 44
3 7
73 35
7 81
8 85
94 12
20 82
76 8
28 65
82 48
7 72
31 63
29 25
100 18
75 62
50 29
33 83
36 18
70 76
14 29
46 45
39 24
45 84
62 1
99 12
53 31
11 67
4 12
66 38
47 96
15 32
35 33
49 54
39 66
41 66
9 38
33 29
13 99
84 97
12 46
94 46
90 69
42 8
75 71
89 38
17 21
24 51
22 20
52 90
93 26
87 1
49 87
83 50
83 84
10 87
33 61
36 67
72 6
36 24
1 56
70 53
2 55
36 88
19 7
93 73
28 5
79 44
77 1
40 3
62 93
88 46
34 49
4 61
29 5
8 71
44 50
45 78
83 21
17 21
49 19
75 98
55 21
97 5
9 99
38 57
59 44
41 12
25 75
30 49
77 35
25 30
100 1
30 90
12 69
70 7
22 14
40 74
48 3
98 14
31 76
61 95
85 12
64 76
16 7
14 16
23 46
60 56
10 45
5 18
76 28
10 64
31 16
31 49
7 68
91 14
20 57
17 11
32 25
44 31
46 11
60 12
20 12
97 12
89 53
32 32
66 18
11 66
23 5
13 20
60 79
53 33
26 66
45 42
69 8
41 72
10 10
43 6
52 79
71 54
100 23
28 59
81 17
82 38
10 7
39 37
73 4
81 15
55 99
56 80
24 97
52 10
67 91
43 8
49 21
55 95
26 39
14 90
17 60
100 96
79 62
77 91
53 28
56 27
73 32
73 87
48 51
34 41
67 44
100 81
4 95
66 67
79 91
36 63
100 4
40 97
26 51
24 59
20 63
80 2
79 39
43 59
84 11
45 81
37 66
84 83
51 76
63 57
49 24
68 87
62 52
27 85
96 77
66 31
34 64
68 61
38 69
82 66
1 1
5 13
81 98
56 47
22 79
11 89
92 62
21 34
