500 12952
48 15
13 27
8 15
47 80
39 94
35 10
20 17
41 85
49 22
16 44
99 18
95 61
96 81
5 41
79 86
58 72
2 61
96 11
29 16
26 8
25 74
15 74
73 57
89 86
32 95
5 40
89 33
62 75
6 89
14 70
56 14
53 55
78 96
63 81
99 35
68 41
49 90
70 51
8 78
50 11
37 46
58 47
44 23
32 26
14 87
75 60
89 97
15 99
70 70
17 65
92 6
94 44
84 38
65 62
82 29
15 84
69 53
22 14
76 10
26 41
87 35
31 24
78 96
16 83
45 56
28 82
35 23
46 97
49 32
95 52
95 59
85 77
52 99
90 81
16 55
18 37
64 40
4 3
32 36
85 10
72 67
76 93
30 5
55 56
40 55
63 33
22 40
60 59
85 98
97 1
85 52
23 33
80 24
14 99
39 15
76 31
93 80
25 89
73 27
41 11
19 93
67 85
77 39
71 43
9 17
44 45
40 79
72 9
99 48
23 66
9 70
70 66
98 59
38 74
77 74
37 65
1 58
50 65
48 75
37 56
98 65
32 26
59 40
77 41
45 24
49 6
5 71
89 3
74 46
77 50
29 65
44 38
96 34
57 4
66 80
4 3
100 48
5 11
27 11
98 47
28 76
35 80
20 65
25 86
73 5
48 38
14 2
25 62
97 2
61 77
61 69
94 66
93 2
71 8
23 58
89 26
72 65
27 29
78 28
45 11
55 78
58 93
40 48
50 63
67 48
6 80
5 65
66 47
10 42
32 27
16 46
37 17
18 6
35 10
62 55
42 10
82 47
75 56
66 24
78 100
35 32
78 92
23 17
79 34
49 52
45 75
20 11
20 16
71 3
49 90
16 78
26 32
58 34
55 26
27 94
24 33
60 57
32 11
42 80
70 98
15 37
57 25
58 66
32 43
91 86
71 72
74 4
24 32
97 28
91 27
53 31
32 11
69 19
75 99
62 96
17 22
20 73
81 6
88 37
42 75
81 48
3 15
19 58
39 81
9 92
46 52
62 14
69 100
29 62
3 45
90 97
43 98
59 21
47 14
74 92
1 6
70 86
99 96
24 89
66 65
90 74
76 71
49 75
10 44
3 69
11 71
26 65
74 42
43 28
13 2
15 68
76 75
67 68
86 26
14 8
75 11
31 29
27 73
95 10
11 90
82 17
84 58
53 39
40 89
83 71
78 83
93 94
52 8
77 78
68 82
69 72
18 3
96 52
18 99
27 47
98 72
80 69
4 63
71 13
74 48
68 64
37 33
49 75
34 83
22 58
62 34
60 45
4 86
41 6
55 54
14 27
22 74
90 63
66 17
13 62
24 34
96 99
5 55
27 93
24 28
25 88
96 65
41 31
20 91
13 63
19 29
69 62
44 83
22 91
39 27
17 82
89 7
75 59
18 8
74 41
49 16
79 41
33 86
52 53
71 46
39 39
66 31
92 71
81 2
83 47
5 32
4 87
78 46
61 38
31 79
1 73
85 77
78 95
93 55
4 67
42 9
11 83
72 81
85 43
84 26
62 59
53 25
24 32
89 17
70 32
97 72
37 84
49 25
82 57
40 88
71 70
72 48
5 18
63 41
52 1
40 16
67 24
56 39
69 61
79 14
38 69
70 86
64 90
15 64
14 92
19 9
56 24
77 27
43 89
92 67
60 52
4 99
44 43
84 35
44 15
14 26
32 6
32 50
14 50
65 15
72 37
84 72
37 14
76 6
46 12
40 66
67 21
64 87
47 4
36 82
43 100
84 72
57 19
58 90
50 87
70 10
76 50
5 11
98 88
18 90
48 29
58 39
74 88
92 71
93 73
69 2
5 48
76 31
1 51
18 98
41 97
72 39
1 69
29 62
99 44
47 32
68 27
66 64
62 70
15 82
1 97
56 70
98 53
57 15
13 11
100 92
78 77
41 60
56 54
76 64
10 49
4 82
85 55
35 36
95 4
77 79
4 89
99 51
4 9
4 91
68 100
44 57
75 29
68 20
24 18
73 24
66 51
92 96
90 87
80 21
6 77
90 36
35 42
55 82
98 2
48 52
54 25
76 78
40 11
10 78
51 94
49 11
65 11
87 48
84 46
59 14
63 26
39 86
9 16
18 87
42 76
76 68
14 43
68 56
95 87
37 13
92 79
61 38
28 60
82 17
40 10
85 89
23 52
74 51
40 70
21 54
73 2
45 94
96 31
12 64
6 23
98 76
13 26
70 33
84 75
48 23
80 46
98 1
86 8
40 13
