500 12433
48 21
56 13
16 64
93 37
84 58
4 72
20 91
50 91
8 71
12 37
83 37
66 35
29 84
98 100
15 45
23 98
41 46
53 4
80 84
16 33
21 62
40 88
16 46
83 52
67 3
8 27
12 9
68 8
8 93
2 43
14 19
55 14
57 55
81 34
48 2
92 12
84 5
19 44
41 3
44 76
30 32
76 91
9 62
10 67
25 90
23 58
32 64
65 35
27 62
64 100
80 68
47 75
3 39
48 13
30 79
21 42
55 91
93 87
89 1
62 35
94 30
2 19
69 100
3 36
82 4
16 1
46 100
17 8
86 96
87 2
60 35
68 28
14 44
20 97
77 94
38 33
94 54
61 10
55 67
21 67
24 9
86 86
19 42
26 47
85 50
100 20
47 40
92 40
93 58
87 92
5 27
38 39
88 10
73 26
92 75
21 13
40 27
38 74
89 73
26 22
76 27
1 7
93 1
41 70
20 3
21 95
78 54
66 9
81 4
84 72
86 75
56 64
22 58
4 68
82 62
6 7
4 87
80 54
97 99
48 97
18 45
2 25
85 35
57 55
74 50
77 9
77 19
14 28
66 34
17 43
91 2
41 12
17 50
83 2
81 33
89 4
3 48
10 86
54 64
36 3
46 58
39 91
91 66
67 67
94 58
24 80
72 73
49 97
55 33
21 23
96 93
72 77
74 47
33 27
28 83
47 49
9 88
56 54
12 76
74 73
73 96
2 29
66 85
89 45
36 31
46 69
29 1
91 30
7 55
82 64
26 33
52 64
72 54
68 50
18 30
66 64
92 29
42 54
66 60
98 13
14 77
14 52
70 90
87 23
46 78
49 72
85 23
54 17
5 25
97 51
79 90
29 73
50 79
44 26
69 17
86 61
41 94
98 69
76 91
47 48
79 33
53 75
51 63
51 38
20 76
20 92
68 1
63 57
61 46
33 60
61 69
74 74
98 11
82 58
12 48
43 41
30 82
97 71
48 9
86 58
45 21
26 98
14 30
94 99
21 23
35 99
79 12
13 17
32 67
6 2
12 16
62 51
10 28
62 31
64 89
30 3
81 22
31 41
44 59
94 19
16 53
56 28
19 92
13 15
37 37
31 92
56 55
19 18
27 62
55 64
4 28
71 34
33 13
70 57
16 32
53 36
56 7
47 43
18 4
87 74
52 96
29 71
48 24
14 75
42 1
12 64
95 78
22 75
94 57
38 88
67 93
61 9
94 15
86 37
74 23
82 4
16 28
81 30
100 21
94 41
35 93
56 100
16 74
19 57
25 57
31 57
72 44
32 63
77 52
41 47
18 88
81 47
69 70
17 64
94 22
62 70
80 79
88 51
83 96
26 35
77 38
2 89
86 43
22 5
87 77
11 66
4 8
54 56
43 95
3 80
47 96
30 39
58 80
14 69
48 47
34 88
44 25
19 91
65 2
73 76
11 89
34 90
53 75
79 58
3 5
98 48
40 80
82 83
37 98
75 75
59 18
65 87
28 15
45 12
87 91
14 91
55 29
90 50
19 46
98 75
44 30
17 93
27 65
54 61
30 61
74 12
39 48
73 86
45 2
56 49
97 13
7 90
89 90
49 87
86 100
43 94
98 34
77 79
25 29
34 83
3 5
83 98
51 70
82 20
79 9
37 12
95 62
34 38
78 62
65 60
83 64
21 43
81 52
61 29
26 3
10 65
86 40
65 50
35 50
82 41
20 50
31 14
89 82
60 92
32 1
26 81
3 37
29 86
54 11
79 65
15 69
9 16
13 62
65 90
90 87
92 23
53 53
37 100
77 60
30 66
1 59
59 23
2 8
82 63
71 3
28 10
91 27
56 42
92 11
77 28
90 82
63 13
8 41
78 16
22 4
39 93
3 96
24 40
19 79
8 59
54 5
85 99
16 26
67 18
49 40
6 64
58 40
1 92
94 63
34 51
82 58
94 22
44 26
84 17
27 36
14 28
11 27
70 62
21 70
54 89
46 89
10 3
16 1
53 29
87 18
37 4
43 22
41 66
13 96
62 52
1 76
66 52
98 50
16 1
32 69
47 89
73 64
41 61
99 32
66 78
74 11
33 89
12 51
69 88
16 6
38 86
34 16
26 84
7 47
55 37
79 72
53 87
16 39
46 25
57 16
55 9
82 80
100 89
47 74
46 75
13 40
47 1
12 78
10 41
63 1
95 99
8 81
87 16
88 59
59 12
53 93
13 69
91 1
16 44
82 57
6 58
53 81
15 24
83 93
12 28
