500 12075
60 50
64 58
14 62
50 42
40 73
81 11
58 90
20 80
21 60
83 16
46 41
12 46
83 93
24 78
52 78
35 23
22 58
32 58
50 72
32 55
96 14
95 61
100 50
96 63
38 93
8 1
5 25
70 83
83 24
97 8
97 65
42 74
12 65
63 26
92 67
52 89
95 88
1 8
23 68
16 99
84 23
20 60
27 44
18 68
95 37
31 21
53 42
68 47
14 30
2 65
99 1
9 95
96 25
51 2
56 58
85 70
10 2
60 82
55 52
93 26
8 41
3 16
86 51
72 57
65 93
77 69
23 98
60 32
30 76
97 17
27 30
13 50
16 77
5 25
30 69
63 65
35 45
82 11
30 63
49 26
36 75
29 64
9 21
83 52
79 17
65 78
20 21
40 19
76 11
26 24
32 96
36 51
28 40
18 98
7 59
45 84
46 66
81 56
56 16
75 93
77 73
34 97
39 42
44 1
38 22
21 63
58 65
73 18
54 73
88 28
73 44
41 99
68 43
33 16
24 50
98 59
97 93
43 22
37 77
25 3
20 46
69 24
12 5
99 37
38 21
18 15
43 72
83 86
98 71
50 39
10 78
26 95
83 36
48 72
21 95
21 9
20 34
79 59
45 26
74 58
66 38
69 21
14 8
85 32
1 36
89 10
82 43
50 80
83 31
18 19
26 34
2 28
38 95
37 90
1 64
75 15
54 5
95 36
10 1
3 75
45 74
19 30
80 69
79 61
18 53
100 15
51 69
38 38
30 25
47 47
63 95
47 63
15 19
28 3
31 46
68 7
17 64
12 88
17 86
99 94
30 59
42 20
1 22
19 53
30 9
53 37
94 67
83 65
47 72
3 19
37 39
91 98
73 49
16 59
22 10
42 53
15 73
72 79
31 91
45 50
19 77
93 37
91 64
85 95
21 39
22 9
52 1
89 2
85 97
68 87
87 48
66 55
61 58
39 21
85 59
90 18
91 57
78 25
24 83
38 81
32 44
60 73
80 30
56 44
27 84
1 39
97 96
94 8
25 17
28 38
38 57
43 45
72 75
80 20
79 40
44 65
53 29
31 40
32 19
90 77
50 78
71 66
55 31
11 87
9 86
39 89
52 57
52 94
68 65
28 39
89 74
99 60
39 63
20 3
54 3
66 46
21 42
3 51
59 54
45 10
30 88
48 10
39 55
1 62
79 30
17 94
97 27
32 10
47 85
28 45
21 86
49 15
98 62
27 68
59 1
59 99
66 8
62 9
10 92
33 72
89 47
50 66
84 32
28 62
69 20
37 86
93 7
89 13
39 36
3 60
85 23
20 76
50 22
23 29
73 37
28 3
92 74
69 15
11 12
90 10
96 11
83 97
38 24
46 72
10 64
48 77
56 70
27 71
10 85
65 14
59 94
50 84
14 79
42 77
77 45
82 50
31 63
21 51
23 63
21 50
23 63
7 37
41 25
24 36
82 65
65 14
4 38
25 38
33 80
66 49
66 47
80 91
49 97
4 23
77 62
10 12
3 99
32 84
36 34
12 35
96 97
46 27
62 18
61 27
88 4
90 14
43 76
70 18
63 17
17 90
90 67
37 31
75 26
82 44
61 66
8 90
46 9
16 55
32 79
78 88
81 55
98 78
10 78
81 51
53 52
86 92
42 14
55 2
18 27
29 47
19 36
13 23
75 73
32 6
26 1
14 28
73 19
20 28
83 97
35 35
36 18
72 64
72 65
10 43
54 59
84 82
70 85
51 67
99 36
1 15
29 54
31 90
50 44
38 84
12 92
2 95
23 75
5 5
9 48
92 1
34 51
27 84
57 75
8 76
10 41
82 27
21 55
82 59
1 54
55 52
17 46
36 71
78 67
88 62
97 66
83 25
23 96
66 2
34 43
21 31
19 68
14 48
3 21
68 12
51 31
66 64
22 58
25 57
71 69
82 6
17 9
4 19
8 41
73 83
63 94
69 81
54 61
35 1
50 91
54 15
89 52
66 88
41 37
18 18
5 2
89 54
1 94
27 97
7 55
34 88
99 27
25 75
47 35
54 99
44 86
49 66
19 63
65 95
25 22
89 83
46 100
41 31
44 1
5 92
65 65
6 47
25 72
70 78
92 47
75 15
75 92
80 98
92 2
15 80
98 67
49 3
56 34
50 12
27 51
62 40
35 99
26 30
86 66
33 33
79 28
81 51
81 50
49 42
46 98
5 24
38 24
43 97
98 6
33 77
100 89
62 22
39 23
24 12
32 99
30 21
