1000 25486
65 114
88 65
22 133
13 150
79 80
40 123
83 80
51 111
89 62
66 89
70 101
20 151
96 56
62 114
32 134
98 79
10 147
18 152
20 149
96 66
29 124
2 149
53 112
24 156
84 94
33 144
32 123
29 125
78 79
14 155
30 141
94 61
1 162
3 165
7 152
32 132
42 138
89 74
82 93
82 90
6 162
51 107
2 152
53 108
65 110
33 128
3 176
26 147
2 149
74 85
21 133
31 122
76 76
73 87
6 168
59 112
57 122
37 141
39 135
34 121
50 117
20 145
28 123
3 168
22 152
86 66
34 120
63 102
26 138
15 156
97 59
32 141
18 152
98 54
36 118
82 82
82 80
38 136
7 149
83 79
12 141
27 124
65 91
39 115
52 100
70 109
49 125
8 164
58 119
88 72
94 74
8 147
7 167
21 148
10 165
29 130
58 104
43 128
43 130
83 92
9 152
39 131
66 102
26 154
88 83
2 161
7 148
69 106
91 65
13 139
4 152
54 104
92 60
20 142
92 61
43 132
42 110
41 128
50 117
99 79
28 150
95 59
6 146
86 77
67 97
67 102
14 157
24 151
61 98
57 98
7 155
70 91
47 119
72 99
95 57
35 144
73 102
54 102
55 118
64 116
18 161
58 112
69 111
9 171
30 143
61 113
51 115
71 104
53 109
53 99
69 103
80 71
47 131
27 139
65 98
14 147
45 131
31 144
37 141
6 148
39 132
95 56
75 81
85 72
67 96
21 136
71 106
91 66
26 128
78 91
6 150
44 108
35 145
75 102
52 121
64 109
35 136
55 125
86 81
39 113
7 167
55 125
18 157
5 166
33 132
34 123
18 155
77 83
16 158
7 155
82 73
54 110
1 161
8 152
91 71
67 99
81 77
13 145
58 114
6 147
90 78
15 163
49 127
77 91
89 77
53 107
92 68
75 81
59 101
78 90
13 167
65 88
84 83
82 92
69 96
16 136
16 156
39 118
92 61
83 82
45 116
26 132
37 134
45 119
85 74
79 95
64 116
65 94
91 61
73 98
71 82
33 128
87 73
71 100
9 169
76 100
75 105
100 79
50 101
33 118
29 137
63 117
49 126
12 141
44 121
70 81
79 97
11 146
8 150
23 155
46 117
4 156
48 107
82 93
100 73
84 72
12 157
63 109
49 115
54 108
35 128
71 87
86 86
22 150
41 137
94 68
97 70
68 102
46 114
98 62
100 62
26 142
12 147
1 156
90 80
8 158
70 87
68 97
70 94
29 127
42 120
15 161
32 133
41 118
48 115
31 149
25 131
59 92
46 125
73 88
13 141
80 73
43 125
98 69
1 166
35 131
44 134
49 126
2 175
41 139
99 55
54 104
18 149
10 145
54 110
7 171
69 101
75 88
27 127
39 114
3 157
68 89
53 117
86 81
9 156
1 173
68 98
33 129
11 163
13 143
57 115
23 146
45 106
99 61
73 83
97 70
85 82
68 107
98 55
39 124
8 158
96 61
92 78
77 97
57 104
97 79
84 87
26 146
23 135
62 104
64 102
77 82
81 92
68 109
62 113
89 90
20 151
81 79
73 88
31 125
94 64
29 123
53 122
90 90
79 74
77 95
86 72
16 153
44 114
83 77
54 119
3 171
78 88
97 66
80 87
35 133
45 113
15 165
60 91
67 90
76 89
75 91
43 114
56 123
42 121
56 118
97 81
62 91
36 139
21 159
44 114
81 71
2 171
96 78
70 81
32 144
25 140
56 102
47 109
68 105
38 130
52 127
71 87
68 107
100 53
2 172
54 109
44 108
68 97
65 98
62 96
43 129
39 132
4 152
50 120
32 121
11 168
98 61
45 132
47 127
19 139
88 88
79 96
72 101
36 134
49 119
3 165
60 116
56 111
50 115
79 81
45 131
53 110
1 166
12 159
53 112
2 159
17 158
96 70
69 98
81 98
58 107
63 95
71 98
13 150
65 113
55 108
76 85
14 142
99 52
22 132
84 72
39 138
52 119
55 123
26 132
100 80
58 99
37 116
7 159
59 112
15 148
52 110
11 165
16 163
15 159
63 97
69 82
32 136
11 157
90 78
64 94
20 154
4 171
87 82
84 72
68 96
41 110
59 108
82 88
91 61
32 130
65 102
81 89
84 90
20 144
6 171
35 138
29 141
42 129
42 109
87 65
57 96
45 117
49 128
24 150
59 96
64 115
92 74
42 122
74 92
33 120
58 113
45 106
37 133
44 115
28 129
4 149
84 68
39 126
37 135
74 101
70 98
54 104
55 109
53 109
25 138
12 140
40 114
53 121
54 118
81 73
91 85
62 105
25 132
91 73
37 123
35 118
54 108
80 95
77 89
79 90
13 157
86 93
23 147
49 110
29 128
3 173
4 157
12 168
41 111
93 82
37 137
62 107
46 128
43 136
67 113
70 109
55 117
6 170
74 98
60 96
38 133
16 143
21 151
62 116
6 167
9 164
48 132
60 94
88 71
76 82
90 83
52 126
61 95
65 89
100 78
89 65
67 112
56 95
52 124
59 113
48 127
89 72
20 140
45 115
31 129
86 66
66 114
85 88
43 134
91 81
44 134
80 87
6 166
16 153
93 63
11 145
24 137
41 137
22 130
64 106
16 139
64 102
15 144
29 123
28 141
67 90
17 160
94 65
74 83
69 103
52 128
21 152
9 144
23 136
17 157
39 115
61 99
82 92
24 152
3 175
72 85
19 155
83 74
29 149
35 119
75 87
91 85
10 155
67 92
13 164
25 151
35 120
76 86
40 136
63 93
55 125
58 94
31 122
48 110
31 149
51 115
51 128
3 161
59 109
25 132
19 139
98 73
85 74
52 99
73 86
88 90
75 104
91 61
22 132
3 165
77 78
48 118
93 70
39 122
15 151
57 102
63 115
49 122
84 78
54 120
63 105
38 123
11 156
93 69
37 123
93 66
44 134
39 119
95 77
2 155
64 93
65 114
99 71
48 109
68 103
23 155
87 67
42 127
14 165
8 150
44 113
42 133
56 109
89 80
32 146
70 110
97 73
95 80
70 92
81 70
100 60
32 140
70 84
63 106
24 129
7 148
55 122
67 105
45 110
2 166
21 150
60 101
18 141
19 141
8 151
86 93
42 137
94 68
27 141
7 162
54 107
23 143
100 63
9 166
63 91
32 120
30 137
59 106
78 99
99 79
91 67
77 101
82 87
61 100
91 75
5 159
19 138
98 64
24 153
63 98
99 73
96 63
75 88
68 112
14 146
82 89
53 125
7 151
27 148
32 125
65 111
80 75
6 166
65 86
40 140
68 100
48 104
69 97
78 74
25 145
19 136
69 90
53 115
100 66
81 80
44 109
57 114
99 69
41 116
32 135
13 157
91 87
27 149
87 66
58 119
92 85
20 145
63 103
51 104
47 112
94 79
67 113
78 78
51 113
83 97
18 159
70 81
30 144
86 68
47 128
6 157
57 101
67 108
59 121
8 157
47 109
54 121
16 139
45 120
46 105
47 125
10 144
36 134
25 134
96 82
45 113
17 138
16 147
7 166
19 132
14 149
52 105
85 66
91 69
2 169
68 104
8 148
71 92
49 116
46 113
18 161
55 115
2 157
36 138
65 104
61 112
83 96
70 85
77 101
79 84
15 162
23 138
88 70
2 164
48 113
84 72
46 119
16 141
51 117
53 105
34 124
64 108
56 108
70 110
54 98
58 118
89 74
14 165
28 123
38 132
59 99
97 82
44 115
12 146
33 139
8 161
72 100
67 95
77 97
100 69
45 121
43 127
75 96
33 141
44 134
22 129
68 111
89 73
89 91
70 88
93 68
74 83
33 138
49 118
43 135
38 134
58 96
32 128
51 120
85 91
21 158
61 109
34 141
64 115
24 153
18 140
71 97
96 72
84 78
99 54
47 132
80 97
93 79
21 140
12 150
36 125
94 68
31 121
76 89
82 79
100 51
21 146
7 152
84 88
21 154
2 154
74 89
78 101
85 80
76 99
14 160
5 151
37 119
47 113
68 86
60 92
16 144
90 73
7 155
99 72
40 125
6 146
31 128
32 125
26 136
42 129
19 140
20 145
25 139
94 71
53 114
76 89
66 86
60 115
12 144
86 90
13 159
85 75
63 103
97 82
12 143
77 75
53 101
48 112
75 78
72 107
60 94
91 71
61 101
18 139
41 133
52 124
23 157
23 130
35 139
49 112
65 100
53 100
20 156
41 137
98 69
72 90
68 94
64 96
83 96
79 88
49 129
95 75
15 162
12 151
43 125
27 146
40 116
95 68
26 148
66 93
66 96
85 84
8 162
78 95
55 112
1 163
29 131
77 89
23 135
63 91
77 100
39 133
67 111
48 116
79 90
65 91
20 147
47 104
28 130
54 103
77 82
76 79
49 120
92 85
39 128
43 113
70 99
78 95
38 123
95 60
96 77
3 161
80 85
3 159
33 145
86 66
3 164
61 96
14 153
26 140
76 76
91 64
64 93
94 85
38 130
95 81
58 119
