1000 25568
100 143
78 127
86 96
100 118
90 92
19 27
10 21
3 4
13 54
44 94
14 44
49 82
15 24
85 104
15 29
32 77
29 59
63 107
24 56
50 57
96 125
37 45
27 66
18 43
21 44
68 98
85 118
73 81
37 67
53 84
51 99
88 112
83 112
36 45
88 129
72 105
54 72
49 53
74 109
18 29
44 49
40 55
18 61
59 72
76 109
32 38
42 49
4 18
46 95
17 57
54 74
94 122
53 102
80 88
11 15
73 96
47 87
47 83
45 75
35 54
51 69
95 125
75 117
33 80
82 122
14 49
4 35
35 43
62 102
30 45
4 24
57 101
69 98
22 34
15 22
44 57
5 25
8 23
100 127
51 71
24 31
53 101
44 93
76 81
84 92
6 9
100 128
82 129
52 92
97 106
68 85
54 62
91 131
42 52
87 93
73 103
55 101
90 126
59 98
68 103
71 121
63 73
25 54
39 70
36 57
91 128
35 80
40 82
99 102
34 55
90 102
22 33
86 107
85 97
50 66
21 51
42 56
1 46
2 28
45 49
97 102
69 113
99 110
40 87
11 14
85 101
64 90
17 18
26 29
22 38
85 120
97 101
36 61
9 24
87 121
71 118
99 100
21 50
11 52
97 103
6 7
52 56
71 87
43 66
37 52
72 105
63 65
30 59
24 51
16 45
75 107
21 55
85 107
73 117
60 90
47 74
9 20
75 82
63 90
86 99
96 120
47 58
34 52
84 134
7 33
21 23
54 100
6 34
93 125
64 102
54 87
99 133
16 57
76 125
41 48
4 10
47 78
4 12
33 67
71 81
19 56
59 76
43 88
55 65
31 41
54 78
53 89
91 113
28 58
16 28
77 111
75 80
14 39
10 11
58 62
21 23
82 86
12 13
78 107
75 112
27 66
31 45
73 94
42 71
59 71
65 94
97 131
57 101
68 104
82 101
79 84
39 63
40 77
21 70
45 79
71 117
26 48
98 117
13 32
5 8
13 46
89 93
80 87
78 85
51 58
89 99
98 108
32 42
52 65
27 65
6 55
79 80
10 11
30 49
72 101
68 82
95 144
69 84
24 32
14 48
2 37
55 67
4 14
41 63
75 88
49 92
63 82
53 87
46 59
76 114
57 96
10 55
16 57
88 135
39 42
66 113
77 86
37 49
98 107
28 49
15 17
55 62
6 27
24 28
37 64
78 79
43 61
83 108
98 115
19 46
48 58
99 101
73 113
4 25
91 116
99 101
52 65
54 97
51 89
49 77
29 59
8 36
10 34
96 119
47 71
48 77
62 83
23 55
36 78
11 40
51 53
51 94
17 54
8 32
74 123
5 18
37 62
69 85
87 126
86 129
87 131
87 88
84 130
59 94
90 111
75 95
57 94
41 77
80 93
60 86
41 54
60 104
67 70
50 88
55 73
13 39
97 113
16 55
88 98
33 41
78 95
90 103
83 85
95 101
97 134
8 58
99 119
34 47
76 91
38 49
19 24
62 72
24 35
55 56
72 117
13 46
81 103
29 62
5 25
12 46
88 96
97 131
71 101
6 18
46 68
25 72
70 109
42 79
93 128
9 57
26 72
22 26
98 109
8 56
68 79
95 144
68 115
19 49
80 93
95 109
56 96
50 69
57 80
31 33
56 75
80 97
95 130
88 129
8 57
51 55
99 125
47 55
47 85
69 76
4 23
92 103
46 50
26 34
85 132
90 130
34 41
11 54
11 56
32 51
18 60
79 84
78 95
37 75
49 86
57 86
32 33
4 30
58 106
40 64
86 116
14 32
19 61
80 94
53 63
79 122
30 49
52 90
25 75
76 84
72 116
81 102
19 37
69 118
6 36
3 20
58 99
91 127
13 24
21 56
22 27
83 85
51 93
51 74
19 60
99 127
59 63
50 92
54 59
17 20
41 56
39 73
82 104
60 68
18 65
34 68
38 88
99 117
37 58
14 16
26 53
9 25
94 116
44 91
29 44
51 52
46 61
39 44
42 80
11 38
59 100
15 57
93 123
61 93
66 83
63 83
11 20
24 44
65 76
64 80
92 116
5 32
54 103
73 118
64 99
23 71
59 87
53 87
21 36
95 145
67 102
46 89
55 71
12 20
41 80
36 68
15 23
86 91
74 112
56 102
48 79
84 112
22 61
40 50
96 108
39 46
55 85
6 28
63 89
19 59
21 58
6 7
75 92
74 110
31 77
91 92
96 129
89 114
43 79
68 117
35 60
61 82
65 106
42 84
73 101
5 37
77 100
87 125
90 126
2 12
94 129
90 109
85 124
15 40
29 57
80 82
54 86
35 42
37 61
68 75
53 102
57 69
73 81
80 95
30 77
3 8
70 87
77 108
43 72
12 14
44 75
30 33
73 97
8 30
71 115
97 101
12 17
99 117
35 76
53 95
100 129
80 105
42 52
36 54
94 143
23 61
67 88
99 131
57 103
3 47
18 59
62 106
59 65
43 91
41 51
88 92
97 101
10 38
16 51
92 124
73 105
59 74
21 58
97 102
18 56
91 123
93 101
29 73
41 91
79 129
33 71
92 122
58 84
27 74
27 76
4 31
49 85
93 113
54 62
57 91
95 108
72 120
70 99
53 73
66 113
62 101
92 118
62 112
23 41
7 17
53 87
96 145
17 43
73 95
44 50
34 50
15 18
89 102
14 25
7 11
67 80
46 94
98 132
25 65
72 119
24 56
28 44
72 104
68 71
81 105
81 98
14 32
4 25
2 48
66 103
69 89
64 100
9 21
83 102
86 89
67 90
87 91
33 37
83 84
12 37
77 86
16 34
26 56
65 86
29 59
85 118
83 118
27 55
82 100
7 32
98 122
58 60
86 128
22 29
77 81
19 34
54 80
91 112
74 112
55 76
8 18
43 50
70 76
17 40
77 104
8 18
83 131
63 94
40 53
18 68
74 79
68 91
33 52
52 86
84 130
14 62
36 55
67 97
40 65
69 107
25 31
89 139
78 119
11 61
10 19
55 102
81 95
15 49
45 64
54 57
70 76
52 80
48 57
39 52
20 23
24 62
46 70
55 57
39 57
38 77
72 73
64 88
57 68
56 75
67 77
41 47
69 85
2 32
59 97
60 103
23 40
83 128
49 93
100 108
45 89
10 12
54 60
77 87
25 62
50 74
31 43
46 90
2 4
30 53
84 90
73 79
6 16
82 112
79 86
44 73
71 91
2 9
59 61
27 57
58 85
26 37
19 57
78 122
79 119
77 102
38 74
1 10
12 33
86 116
53 71
8 23
95 128
6 29
85 109
71 93
56 102
67 104
16 31
9 58
96 107
52 75
33 39
1 21
33 37
12 24
96 144
55 78
65 85
55 57
81 83
22 70
32 44
52 91
52 94
10 14
28 43
41 68
63 77
91 127
26 34
15 46
99 101
72 113
72 77
35 62
43 55
27 29
1 14
10 38
87 88
48 72
61 111
72 80
1 46
45 48
35 55
48 93
99 126
99 140
54 100
32 61
73 112
85 94
83 102
24 54
95 109
62 98
64 72
9 38
5 28
41 57
23 32
3 27
64 72
94 109
89 139
58 79
73 90
41 55
68 116
11 30
88 127
28 78
82 108
40 76
25 29
16 63
88 118
23 54
67 105
41 68
6 15
39 67
26 63
88 117
62 71
72 73
2 18
77 93
80 109
6 44
69 100
54 94
60 71
32 72
47 53
48 60
90 100
19 43
40 68
9 17
30 72
27 45
88 97
63 83
19 22
12 24
79 97
6 40
35 77
97 104
98 110
40 42
35 69
23 72
80 113
48 90
46 47
33 81
76 84
77 108
38 74
44 84
30 52
49 97
75 105
77 105
96 108
16 57
47 48
87 128
76 126
28 73
13 21
64 72
91 107
83 96
75 95
21 54
88 136
61 74
17 57
86 96
53 68
51 74
60 70
32 79
50 67
58 70
64 110
25 51
34 76
53 84
68 83
64 80
1 32
94 140
92 135
48 92
62 99
38 83
34 68
37 73
18 59
98 141
100 144
8 16
81 86
75 90
80 121
20 25
87 114
96 128
57 73
39 80
98 104
69 94
22 61
47 69
26 64
37 72
23 70
59 88
41 58
90 104
74 120
41 90
35 44
65 103
40 82
96 143
55 90
25 52
33 66
24 51
75 95
32 60
31 66
7 33
58 102
10 35
26 56
97 117
57 65
35 82
35 48
54 67
3 26
9 12
52 87
28 38
45 82
74 107
38 79
86 92
15 61
12 48
78 82
49 56
28 54
70 118
97 100
34 44
94 118
29 66
57 95
20 63
12 28
39 61
26 45
70 79
48 96
4 54
18 49
56 61
38 85
52 95
61 79
40 59
12 57
12 16
19 50
57 91
37 73
56 77
94 135
3 37
19 25
23 67
4 44
99 130
44 85
100 142
32 74
90 105
28 59
41 71
9 18
39 85
79 80
35 64
60 65
79 80
38 69
77 112
86 91
75 102
81 110
47 71
66 113
92 117
58 85
84 113
100 110
47 60
91 140
