1000 24731
87 71
88 69
44 134
3 151
86 68
40 123
71 109
3 177
46 122
79 78
73 103
90 78
61 96
37 131
92 69
74 78
32 119
26 150
21 140
3 171
34 117
17 141
71 85
20 157
29 144
16 155
58 96
99 80
15 140
3 166
57 97
1 154
90 85
52 121
56 102
76 94
91 64
78 101
30 139
89 83
8 170
2 154
78 73
68 108
39 127
22 139
41 128
22 144
99 58
61 118
76 84
84 95
30 149
98 59
3 173
10 161
13 164
61 118
60 110
28 145
15 145
69 96
80 97
57 97
20 137
87 89
32 142
11 150
17 158
13 141
99 75
24 148
14 138
28 147
92 75
4 163
1 154
84 93
25 149
99 54
97 78
52 123
35 117
26 147
50 101
37 140
87 77
14 155
49 118
46 107
93 61
16 160
14 145
73 107
72 100
86 79
11 165
55 102
96 79
27 135
67 93
46 122
51 124
80 81
25 129
94 59
84 85
26 133
77 102
60 103
76 77
25 148
64 93
10 166
2 156
13 167
99 65
88 83
26 134
99 52
86 79
19 144
14 154
51 122
43 120
37 114
36 143
5 175
91 66
83 90
32 121
9 150
80 72
34 143
89 72
5 173
27 152
24 156
82 96
55 114
35 119
9 171
32 129
98 62
71 105
33 127
62 89
21 138
21 159
40 121
19 132
58 98
10 163
85 76
8 162
52 125
21 140
44 124
56 112
64 96
78 74
39 131
72 96
58 118
72 86
12 166
14 159
50 128
87 90
47 123
57 109
74 106
7 154
88 81
71 81
77 101
72 106
85 89
49 130
44 126
24 130
20 159
1 174
33 136
4 147
9 148
36 121
76 78
4 170
43 124
91 72
33 135
82 96
63 117
90 73
5 151
26 143
55 122
7 146
65 93
53 113
15 146
38 141
60 108
2 177
60 120
88 78
25 151
44 130
89 75
69 88
19 150
8 146
69 105
3 176
11 144
29 151
38 140
38 120
32 133
81 83
29 141
65 87
14 147
43 118
6 150
70 88
20 159
13 139
76 77
84 72
17 142
90 73
73 82
76 101
43 110
33 143
16 146
68 102
28 133
4 171
36 141
47 125
63 107
56 114
49 121
73 101
85 84
39 120
62 111
68 85
71 101
90 64
84 93
36 139
84 80
42 110
5 147
4 159
54 100
81 95
39 121
70 92
22 158
12 144
98 82
65 87
44 108
65 96
84 88
71 83
20 157
71 89
69 106
82 85
78 101
70 87
6 146
62 97
8 157
67 108
30 123
30 149
9 169
65 106
65 108
44 110
6 167
69 97
47 111
11 157
1 161
86 81
33 146
23 138
49 116
82 97
39 116
92 66
46 105
74 102
14 147
17 153
96 81
35 143
50 128
73 94
4 150
55 124
35 140
63 105
73 92
16 153
92 74
33 122
80 80
56 124
77 81
38 136
76 90
75 90
48 113
77 92
12 161
80 71
51 120
60 97
13 158
41 134
3 161
10 154
66 96
17 150
26 127
61 97
3 161
75 105
33 141
6 161
81 97
19 141
68 108
54 101
34 137
11 143
38 121
66 114
66 109
14 152
3 162
93 67
89 83
2 173
21 149
100 56
34 133
23 138
12 151
46 112
63 92
14 154
56 115
80 87
82 94
81 92
40 134
84 75
8 156
73 87
41 126
88 73
91 78
8 155
93 64
77 82
18 140
83 82
42 138
35 117
96 76
96 68
80 74
36 127
97 83
100 73
88 81
82 85
75 78
99 74
28 146
89 91
64 88
83 73
69 97
46 132
15 155
8 143
81 97
74 79
80 80
22 143
14 149
23 148
81 88
58 104
99 72
51 125
40 136
92 79
37 132
88 80
87 89
16 156
23 149
35 141
68 89
62 90
17 145
42 109
60 114
44 133
30 150
76 92
78 74
98 59
21 136
44 127
58 122
53 101
18 147
37 122
74 94
83 86
11 160
7 149
40 140
9 153
57 116
32 144
100 74
93 69
19 136
86 83
9 166
41 135
73 83
28 123
55 123
89 70
69 83
66 97
84 93
50 123
41 139
13 157
100 72
13 165
56 96
57 114
66 86
25 141
45 126
91 70
59 96
56 106
97 62
99 55
64 101
53 98
30 149
16 142
98 56
100 53
53 115
58 121
92 79
25 141
85 86
46 122
13 161
5 159
12 168
48 123
54 103
52 120
60 92
53 125
65 96
68 86
9 151
82 80
44 125
54 126
72 93
3 162
61 100
21 152
53 116
24 143
25 140
34 125
39 127
22 139
33 121
92 62
79 80
76 98
68 93
15 164
22 131
33 121
19 136
33 141
80 86
73 88
36 121
92 68
77 103
52 116
59 104
38 113
33 138
54 119
43 137
57 98
8 150
3 150
29 140
60 108
78 91
53 123
45 131
69 86
75 81
29 142
12 168
5 151
5 151
79 81
20 156
26 132
11 144
38 142
10 142
43 128
62 90
45 135
34 146
91 82
49 118
44 110
80 93
81 77
97 79
22 151
89 65
5 170
76 99
17 148
16 146
5 150
70 82
13 167
73 86
96 61
41 129
84 96
52 102
97 79
15 144
71 108
22 153
25 131
61 118
83 85
67 101
74 98
80 88
52 107
16 149
28 126
95 67
95 62
60 93
44 135
68 103
49 108
100 74
95 62
17 146
67 110
100 62
86 78
79 97
24 138
33 129
72 94
8 154
85 80
68 85
74 88
7 156
42 135
50 109
19 134
24 133
69 107
45 130
55 119
20 134
12 139
82 87
67 98
7 150
42 130
10 154
26 144
42 128
9 170
21 155
58 94
75 100
72 85
96 61
54 117
95 66
80 88
25 153
54 110
64 88
44 128
27 140
23 133
85 75
77 99
93 58
61 105
45 126
89 78
67 84
16 159
1 166
49 121
82 69
7 158
42 119
91 73
84 70
35 145
99 55
4 176
92 81
26 153
27 151
87 92
79 82
22 158
67 99
55 125
75 88
82 77
50 121
2 170
56 100
87 85
78 89
1 177
47 111
74 83
89 75
13 145
89 84
89 91
13 164
71 103
95 70
6 173
13 166
31 129
40 130
12 141
86 65
32 130
37 136
13 158
70 82
67 108
34 136
88 71
73 101
8 167
22 145
22 134
9 157
29 136
8 169
38 136
29 133
6 170
63 109
18 158
71 105
4 161
6 161
35 137
74 106
53 120
41 122
86 92
83 70
32 120
49 123
68 107
15 141
37 119
80 85
37 120
3 177
13 164
76 90
27 146
73 90
97 77
49 121
33 137
78 80
8 159
23 140
6 156
66 96
85 91
23 156
36 121
88 64
81 84
22 149
13 138
33 147
62 91
51 120
67 107
46 130
99 55
34 134
60 91
36 124
66 109
96 84
90 69
30 141
72 93
17 157
2 173
20 138
17 146
35 129
97 61
76 95
9 167
3 158
41 112
93 70
77 82
28 123
33 132
9 156
50 121
45 120
93 71
63 102
95 82
59 98
8 145
46 105
45 130
68 107
33 119
62 99
63 111
22 130
91 60
86 72
90 85
45 122
6 152
58 122
31 149
2 155
34 136
39 128
56 111
74 90
31 148
85 90
54 103
15 148
93 66
3 166
60 110
86 79
17 137
6 160
96 75
25 153
51 107
40 117
44 128
83 76
1 166
58 100
57 96
44 115
44 121
98 71
88 87
1 163
56 112
18 156
2 168
89 91
56 96
58 120
14 141
38 113
94 78
19 142
53 102
86 87
73 107
64 110
71 108
90 85
21 131
67 102
66 98
24 127
58 110
61 94
58 94
11 143
18 144
14 140
54 101
13 156
12 160
41 130
13 161
19 133
58 99
67 89
59 92
65 93
76 77
24 153
2 178
69 98
43 137
6 149
54 105
15 164
21 149
77 80
56 109
42 129
95 72
21 157
65 99
4 150
81 93
22 143
14 166
51 105
88 80
67 109
15 151
51 100
7 159
28 131
69 83
16 148
46 118
79 95
80 92
21 146
2 161
34 137
89 64
44 118
91 76
42 111
11 149
12 145
70 81
66 100
53 116
64 95
39 124
69 83
68 87
71 85
90 76
33 143
73 80
29 146
100 71
88 80
79 97
58 120
67 102
99 70
74 88
12 162
77 86
5 170
32 120
79 96
90 75
72 104
74 104
81 71
65 105
36 121
44 136
35 135
54 110
48 120
50 121
92 84
16 154
69 106
14 159
57 120
2 168
39 137
86 78
1 151
26 129
16 135
10 161
44 121
15 154
83 91
7 152
91 82
40 128
38 122
21 138
81 94
61 117
95 61
61 107
25 142
30 124
56 111
59 120
35 132
3 151
61 108
78 76
18 147
29 134
92 85
27 135
30 144
30 142
12 155
82 85
7 161
27 140
92 65
2 151
93 62
26 147
8 153
84 86
17 143
97 65
4 174
98 78
57 102
50 126
10 153
81 87
32 147
66 105
92 74
66 92
68 107
52 102
44 109
38 113
32 134
87 92
64 90
14 137
68 94
27 143
95 72
74 106
5 151
