500 16858
25 49
78 14
98 100
40 19
18 16
7 76
88 76
27 91
84 83
90 89
1 6
9 25
13 51
79 76
63 88
21 11
75 52
10 54
73 71
87 39
45 77
63 85
80 44
8 31
37 56
21 83
20 5
38 4
24 81
46 58
40 35
48 81
24 71
37 35
88 100
93 38
96 62
27 27
19 81
79 45
68 15
19 86
39 21
81 18
97 13
1 60
53 28
23 16
62 65
77 50
9 54
6 42
39 87
88 97
66 24
27 94
60 32
37 28
17 98
84 64
82 85
8 84
31 44
57 7
45 70
70 95
49 97
40 32
48 74
19 77
70 28
16 88
89 14
8 48
48 5
86 27
61 60
52 85
60 42
22 24
28 86
69 48
80 17
18 24
8 96
45 93
44 18
68 27
81 20
60 67
51 42
14 57
20 50
33 86
71 15
64 20
55 32
71 11
55 51
2 5
90 39
76 78
69 45
30 53
83 77
68 1
67 31
95 88
19 37
27 24
17 12
98 75
95 23
48 80
15 98
2 19
44 72
11 15
21 97
24 44
22 81
71 39
89 100
41 83
56 76
11 66
56 2
62 7
82 77
62 4
63 64
23 15
37 33
84 8
52 67
72 9
3 8
19 49
66 49
74 97
45 73
34 12
71 71
39 95
81 91
38 68
92 65
24 63
48 35
13 62
99 58
69 67
35 100
88 57
10 49
90 75
98 74
65 50
51 33
31 50
79 53
66 96
5 17
15 37
1 3
57 35
86 46
55 63
27 84
52 46
28 59
23 8
85 57
51 81
13 2
18 47
88 100
4 19
41 61
87 34
68 80
40 18
55 1
3 31
79 26
16 1
44 5
28 100
33 51
47 89
11 1
11 55
64 85
15 17
25 92
16 39
23 52
63 89
70 1
1 87
14 34
50 11
23 94
50 42
100 43
35 47
19 88
39 43
91 65
60 1
25 76
58 96
51 18
79 28
12 26
81 44
47 29
56 82
8 95
79 31
54 71
70 95
41 37
69 55
85 64
65 80
84 93
7 15
27 20
53 46
8 53
92 5
2 8
82 46
94 46
53 51
17 92
64 86
91 93
59 9
23 86
15 20
16 4
25 3
46 48
28 82
57 98
92 28
35 63
65 44
22 58
40 85
34 39
62 46
8 91
70 54
26 26
91 36
29 68
5 97
95 81
36 20
48 2
49 88
69 17
93 47
1 90
85 60
57 84
44 82
43 20
31 69
58 2
11 24
8 24
55 49
90 57
64 21
46 28
24 71
80 65
67 85
15 56
66 55
28 82
22 46
35 8
6 7
12 81
63 27
62 56
58 13
50 98
61 57
6 53
19 66
6 55
59 42
55 25
14 39
2 24
50 45
44 7
11 77
60 20
3 30
66 77
49 28
67 3
63 4
24 98
46 19
30 40
38 53
11 25
9 21
11 51
98 84
66 80
74 83
60 62
79 35
31 96
62 59
92 91
89 100
80 76
97 97
47 41
86 52
10 35
100 16
35 48
5 94
62 92
46 19
8 75
27 68
94 46
26 77
90 71
69 44
71 47
71 10
58 48
34 71
31 83
68 50
31 54
97 62
93 33
42 15
27 96
24 80
3 25
18 38
64 79
82 52
14 34
62 71
20 4
75 21
61 87
54 51
32 14
22 78
100 70
39 40
1 98
45 67
16 17
42 20
66 62
86 15
12 30
23 62
71 86
94 12
43 11
1 91
42 25
35 95
95 58
69 20
10 26
97 82
86 9
73 56
31 34
52 94
34 27
50 89
78 14
46 65
3 39
9 79
20 94
54 60
99 71
72 91
99 27
14 87
13 11
64 88
52 53
76 92
38 1
22 38
69 55
80 12
75 29
11 31
67 58
69 86
79 2
28 84
65 19
16 10
1 39
47 4
19 3
86 17
96 92
97 69
84 33
51 83
57 99
3 27
4 94
56 69
74 69
54 20
69 7
86 31
17 60
20 60
13 74
7 60
94 49
81 28
38 23
68 29
91 58
4 81
88 66
21 11
32 16
4 37
89 20
84 6
51 40
7 75
21 23
98 84
55 95
4 55
48 18
12 45
6 33
4 11
67 14
31 2
57 31
87 72
68 84
26 42
7 83
80 58
32 53
52 32
61 37
69 28
19 12
3 47
25 8
58 78
24 57
8 23
61 14
64 77
91 80
63 5
70 3
11 2
61 88
25 97
67 9
60 5
36 93
72 93
63 16
54 58
55 94
72 98
40 30
22 30
97 91
98 12
2 87
80 43
