500 12596
27 18
59 24
45 39
99 68
63 20
66 22
72 90
59 96
60 49
8 95
89 3
81 77
29 80
30 16
19 71
61 91
66 40
70 5
61 83
88 69
67 1
87 16
49 86
56 69
7 93
8 14
57 72
88 5
65 90
35 26
50 62
43 7
93 1
46 100
93 75
56 21
11 73
64 64
66 68
70 22
23 10
6 71
2 50
51 42
88 86
72 20
64 32
53 77
41 77
76 14
93 45
59 29
62 29
41 82
14 49
20 73
100 47
22 73
59 78
16 37
57 50
60 39
58 43
1 51
5 90
51 69
8 23
67 15
66 85
74 90
88 88
41 46
79 12
89 37
43 87
18 49
60 9
6 18
71 25
53 37
81 83
63 69
63 17
94 64
55 51
77 66
65 36
54 49
50 38
75 65
69 85
6 39
86 55
78 28
7 89
90 97
80 48
14 11
8 11
98 32
39 53
95 98
38 78
70 64
35 86
80 64
87 13
47 46
38 34
9 37
51 34
70 16
71 58
13 51
64 79
25 60
41 16
80 67
30 8
91 5
7 31
98 93
48 43
92 86
76 72
6 84
34 34
7 19
72 46
41 44
4 51
10 98
88 93
41 80
31 14
74 30
73 95
18 78
20 76
62 28
26 66
22 61
31 96
49 23
35 11
46 26
25 34
27 78
78 92
55 42
17 34
84 23
52 86
17 29
75 60
79 57
22 12
8 93
86 75
93 9
1 88
89 77
55 59
88 80
82 56
37 72
61 61
6 3
54 49
33 88
19 30
32 14
54 49
49 77
32 89
40 59
47 3
56 22
67 89
24 94
10 15
35 22
7 68
14 100
3 50
33 79
44 8
25 61
93 23
29 35
69 22
93 10
70 11
75 80
80 41
3 19
12 51
92 2
60 21
17 51
24 89
78 2
100 16
30 89
78 79
31 4
21 48
24 33
87 78
39 88
99 26
48 92
74 9
57 46
13 44
28 59
90 24
57 51
52 71
82 99
37 85
73 92
74 8
58 48
99 71
5 1
12 66
62 73
96 54
71 38
79 23
72 94
100 91
30 91
1 83
30 21
61 94
73 82
5 53
99 23
12 69
4 31
46 15
37 77
12 76
59 10
64 87
1 51
15 60
68 58
34 49
3 97
92 1
59 9
61 44
90 24
63 9
72 61
52 96
11 62
95 50
82 71
82 55
94 40
11 61
34 89
75 61
23 6
58 70
80 13
21 29
69 38
35 43
67 95
5 67
46 70
77 56
21 53
99 21
43 15
88 62
32 21
45 63
79 63
91 29
5 6
20 38
5 89
29 18
23 85
67 50
23 67
4 55
100 57
68 7
67 67
85 45
43 19
89 73
43 67
74 31
10 53
11 56
8 26
28 99
68 22
5 95
4 54
88 75
3 67
46 20
75 88
35 40
42 83
5 2
77 68
47 40
76 39
33 9
75 58
99 24
100 10
49 24
2 30
99 66
16 82
68 97
36 63
10 100
9 21
78 81
83 83
18 25
40 36
42 60
45 23
7 58
47 54
100 28
94 84
49 73
97 47
20 71
35 12
38 81
76 25
11 31
36 21
52 63
96 39
62 78
50 38
95 49
10 53
3 68
45 66
26 87
23 16
80 80
87 38
31 36
9 60
70 72
100 60
49 96
63 31
44 34
55 5
9 37
95 61
1 88
10 9
91 59
72 10
44 72
28 40
48 34
7 2
16 60
51 49
2 93
77 89
100 38
48 41
87 93
54 5
44 6
64 31
76 72
76 86
50 21
6 7
84 45
71 92
57 18
84 92
34 23
52 51
39 96
94 59
46 63
91 83
3 19
88 22
62 45
99 90
16 13
61 30
5 43
31 72
11 78
58 35
59 12
62 68
5 75
45 56
16 72
48 33
8 39
91 44
23 70
10 59
49 2
59 14
80 50
5 20
42 58
65 24
57 22
32 53
11 34
54 85
22 88
65 52
42 58
36 32
63 93
9 70
96 13
19 88
91 41
59 43
76 74
49 4
20 10
80 1
94 11
35 81
80 33
53 49
78 76
54 2
62 59
26 30
12 67
94 9
82 49
6 24
10 84
90 22
37 77
20 18
44 6
11 16
37 21
85 63
46 99
99 66
93 32
93 11
70 53
83 24
51 53
45 26
83 79
71 62
77 26
76 42
5 95
8 10
29 90
34 22
61 63
42 49
59 51
25 30
35 9
93 51
30 5
97 92
82 73
18 33
16 61
77 30
28 48
4 82
61 93
25 46
55 47
5 76
