1000 25991
59 91
24 70
7 16
92 123
11 42
94 122
37 60
84 132
3 51
73 115
55 79
86 116
48 64
53 70
8 13
5 13
44 66
55 71
85 95
3 47
79 115
33 83
91 128
77 81
46 83
88 124
54 71
21 57
86 119
63 99
95 129
44 60
86 119
2 47
87 133
49 62
47 69
75 96
32 42
49 70
47 59
38 73
86 87
46 75
90 93
94 101
2 39
85 109
48 70
87 135
87 106
79 89
19 66
29 35
55 68
64 97
69 110
60 91
36 56
54 79
22 40
31 37
49 89
60 61
84 86
35 73
8 21
30 53
62 70
91 116
78 123
8 29
28 37
63 110
54 103
69 83
8 11
55 90
5 42
56 83
93 127
43 49
86 122
12 42
71 84
92 142
27 42
91 96
51 82
63 99
44 74
25 73
45 88
44 65
84 132
28 72
31 39
43 56
57 73
92 109
33 72
86 99
99 136
12 61
100 109
4 42
80 92
8 22
11 35
84 133
15 55
55 63
78 84
100 127
66 105
48 68
91 117
93 98
39 63
93 101
7 48
34 37
17 23
51 84
78 104
100 105
30 57
8 43
42 61
38 82
99 101
26 33
23 31
49 89
37 43
22 39
5 32
16 35
81 111
67 70
51 70
95 116
21 31
28 52
46 95
39 89
28 71
36 60
83 88
18 35
81 115
89 134
3 24
97 138
91 120
32 78
97 142
72 79
91 122
90 106
9 10
41 75
16 40
83 91
42 65
52 83
56 82
46 48
20 70
37 44
64 68
22 40
31 60
36 51
2 46
77 104
74 88
81 117
64 67
8 26
50 54
44 80
96 110
52 79
41 67
38 81
84 106
89 111
61 110
26 30
30 67
69 70
67 104
97 110
3 14
8 20
1 44
59 95
5 20
72 114
95 140
20 38
93 103
25 48
55 89
46 49
53 103
81 128
26 66
69 71
88 103
75 121
12 49
36 66
79 103
4 18
25 47
14 59
44 79
86 109
39 40
26 50
54 77
57 96
22 58
57 90
64 114
22 50
67 88
68 82
45 67
61 76
39 72
90 121
37 74
94 110
35 70
42 80
26 41
13 39
10 51
13 44
39 62
73 102
48 58
17 63
77 119
73 105
30 73
72 99
10 16
21 64
97 99
15 43
77 110
19 56
23 36
93 126
92 108
89 124
12 60
89 126
49 98
51 84
78 97
38 75
44 94
12 17
79 106
69 83
24 55
88 105
33 77
63 68
60 106
33 39
31 32
88 127
57 94
13 58
60 77
66 110
33 72
56 74
80 101
61 82
26 32
3 38
53 58
70 92
91 110
65 70
58 68
92 111
15 52
35 64
29 35
10 46
98 133
7 41
30 32
22 39
46 96
14 59
36 58
5 52
46 48
66 90
93 131
2 42
78 96
4 8
67 100
10 16
11 35
99 103
23 49
89 118
1 41
75 108
58 60
43 52
91 128
67 79
34 61
57 80
1 43
14 48
18 28
98 124
72 89
47 58
71 114
17 36
61 69
6 22
22 37
58 67
72 111
66 70
60 109
1 7
21 29
78 109
63 76
31 62
76 112
85 125
19 30
28 54
11 33
28 43
23 59
2 10
46 72
8 20
58 90
98 117
22 70
76 118
96 142
93 107
74 76
18 58
10 42
86 97
76 81
83 132
44 64
99 144
100 102
55 75
99 101
72 83
32 34
61 75
2 45
60 98
45 49
73 79
39 54
56 83
52 72
61 111
9 44
98 145
69 82
66 82
95 110
90 100
93 100
42 54
34 60
19 30
12 16
95 104
4 27
87 95
29 36
99 143
85 90
28 39
53 66
83 89
99 122
37 52
96 118
53 71
48 52
40 65
77 100
86 104
47 48
80 122
47 64
55 92
77 115
67 98
73 78
24 28
56 97
17 30
17 32
41 57
35 58
28 46
36 60
91 137
14 42
16 49
41 80
50 84
44 89
46 50
33 72
94 113
82 100
28 38
98 134
29 50
19 55
74 82
14 54
18 57
6 55
12 18
24 49
82 120
78 116
96 127
57 98
85 113
65 109
74 82
78 123
51 67
1 28
65 86
93 106
67 73
80 83
34 38
16 55
23 72
79 86
100 128
69 86
12 38
79 118
66 69
40 88
98 123
92 104
5 42
67 82
97 108
69 113
90 131
30 78
98 129
86 108
87 128
83 94
2 17
12 60
12 17
52 84
12 36
76 101
45 90
78 108
55 84
30 80
46 66
30 57
8 16
45 92
98 144
19 52
24 60
15 63
10 42
73 85
58 67
66 84
39 65
6 27
86 99
28 44
88 109
84 127
65 102
26 37
18 21
66 69
37 47
29 37
70 105
48 83
4 38
66 95
78 94
58 71
95 125
23 59
87 128
54 91
19 51
36 72
24 45
42 61
3 36
85 87
66 98
12 56
50 69
56 65
18 34
36 69
84 111
5 43
71 96
100 115
30 80
88 118
18 36
18 27
16 55
39 41
17 61
71 93
4 36
94 105
28 64
98 109
68 114
67 94
51 98
39 69
54 66
26 43
32 82
8 55
10 28
98 130
20 60
59 97
53 95
89 96
46 66
88 106
45 90
68 114
88 121
26 70
55 80
57 107
43 48
22 35
95 96
59 109
92 129
98 130
5 15
72 94
47 91
72 80
90 138
49 89
62 99
43 53
74 82
94 130
51 57
83 108
91 110
22 69
93 107
95 108
10 13
91 126
83 113
54 103
58 88
22 34
79 124
65 72
78 91
73 122
86 105
24 39
31 81
30 35
21 69
35 44
53 80
19 60
59 75
42 66
67 97
20 24
36 71
92 129
13 55
86 126
26 39
55 65
59 95
18 46
50 72
68 109
60 72
32 36
73 114
70 114
53 70
3 38
34 84
82 112
75 110
71 91
5 49
6 40
52 77
77 121
40 85
4 7
95 129
50 60
45 73
13 29
70 86
81 96
4 8
82 89
18 22
81 98
89 107
77 119
50 94
38 80
96 130
10 18
69 114
69 93
79 80
73 84
23 34
64 66
54 94
98 143
34 55
58 94
3 34
86 133
34 63
94 119
41 42
80 94
96 132
38 69
92 121
65 66
18 63
47 80
98 105
87 135
27 28
86 113
15 56
76 122
23 41
11 35
85 90
43 55
31 81
15 20
15 37
53 63
78 86
20 34
50 56
64 93
29 30
4 40
1 26
62 93
50 60
41 67
93 137
45 93
78 84
84 109
61 109
47 49
82 91
58 65
34 83
8 19
96 129
48 90
84 90
70 120
10 27
20 33
13 24
92 110
87 104
79 113
45 74
64 91
99 148
46 81
79 84
27 76
2 24
79 110
41 70
51 83
72 80
33 58
47 78
49 64
69 70
7 35
48 64
50 59
16 52
33 50
58 77
11 29
32 40
93 119
81 100
42 68
64 102
93 122
85 129
2 9
71 86
29 51
18 51
21 34
27 33
96 135
48 60
28 56
27 46
88 130
30 41
98 125
72 90
76 117
98 139
40 58
34 54
45 54
90 116
49 55
29 54
99 145
60 85
61 95
43 67
92 136
54 63
58 69
36 60
38 40
60 79
58 96
67 91
77 78
79 82
45 76
24 65
78 94
24 34
50 60
65 72
53 75
47 85
88 115
80 94
97 127
28 72
65 99
93 131
69 91
13 54
22 34
19 38
24 39
82 127
13 55
15 23
35 39
70 75
2 36
72 79
81 104
60 81
90 120
9 35
38 63
86 99
33 49
15 55
9 31
34 59
31 80
61 107
33 47
70 95
92 101
29 73
97 117
56 98
21 52
17 58
21 53
94 137
35 47
44 93
75 114
47 50
11 17
61 105
69 76
12 51
33 34
1 33
71 83
74 106
10 17
60 96
60 104
94 118
26 54
68 86
27 28
8 34
81 94
11 25
78 80
72 93
39 46
26 47
80 93
12 50
43 57
100 146
5 37
77 102
95 141
32 52
76 103
5 9
92 106
44 80
69 111
76 90
44 61
91 96
50 95
5 30
3 46
9 50
98 146
28 48
28 36
77 125
88 135
8 28
87 101
65 113
32 74
78 98
90 108
63 69
41 50
84 115
62 64
97 137
61 68
8 57
28 40
88 122
65 67
72 99
83 104
33 77
47 89
26 65
75 125
96 134
83 96
77 121
56 84
32 44
57 70
84 121
8 20
44 53
91 97
47 72
60 68
74 122
24 68
1 27
36 41
64 69
85 93
49 55
60 104
45 60
9 14
40 47
84 134
73 79
11 44
66 86
57 58
57 81
43 53
31 34
53 65
25 49
60 106
60 101
57 92
16 27
43 71
16 64
11 32
86 121
62 86
70 99
59 93
85 105
70 76
47 86
100 124
54 67
95 141
60 77
50 79
55 57
51 75
33 63
27 37
61 69
98 99
35 45
17 49
93 103
66 80
21 66
17 50
77 87
81 116
25 45
44 66
75 89
41 58
54 96
60 109
2 45
23 43
71 103
39 51
92 119
17 37
38 73
98 138
63 81
49 50
47 67
18 37
99 125
