500 12988
22 84
87 94
21 72
80 44
65 73
79 12
69 62
39 17
22 89
80 37
17 49
23 78
74 33
92 52
81 44
22 9
42 32
77 14
79 54
24 63
85 68
40 53
86 31
62 64
22 32
66 71
7 64
81 72
82 62
92 12
79 12
4 97
30 57
100 35
35 92
94 30
78 46
55 53
84 98
100 86
34 42
52 46
22 16
7 74
44 98
54 59
81 83
37 81
83 73
59 36
12 43
67 40
51 41
97 26
28 56
72 72
62 96
87 19
5 96
44 10
30 82
83 59
99 6
59 38
82 93
33 98
5 19
60 90
88 2
88 17
11 27
73 43
92 62
84 42
32 17
35 11
38 1
64 51
71 43
72 25
74 38
82 38
38 16
24 78
78 63
18 71
48 2
91 58
4 89
52 49
86 67
33 70
86 7
84 25
43 60
20 51
69 74
47 78
31 92
8 75
87 94
41 70
80 70
78 8
76 12
63 86
12 18
13 64
26 88
34 13
36 88
100 25
67 50
74 3
75 55
96 12
43 74
22 8
86 21
46 14
25 56
72 88
30 84
63 14
7 64
72 43
82 16
75 89
19 72
12 7
82 63
5 66
4 76
14 32
34 73
79 39
76 69
97 42
44 54
54 8
82 54
79 93
5 85
48 3
4 96
79 91
43 66
46 21
1 98
28 87
91 34
77 5
51 26
20 69
39 18
58 89
92 63
20 33
84 77
62 35
83 91
66 91
18 52
86 18
31 75
51 76
17 9
6 95
99 69
60 62
11 55
80 23
90 55
15 39
27 77
94 2
94 29
21 95
39 74
46 26
48 81
82 59
74 30
51 6
1 80
13 99
8 46
44 94
84 83
43 74
57 80
67 25
60 16
74 31
4 42
90 90
76 6
20 50
48 37
74 27
31 64
58 91
53 1
21 70
25 29
31 77
14 23
18 9
51 23
52 48
15 34
51 3
33 6
40 15
1 60
86 37
4 65
60 57
81 31
88 47
2 30
38 10
6 71
62 98
11 41
61 64
3 87
87 98
33 66
50 75
12 24
63 81
60 65
65 24
83 50
84 93
95 53
48 24
53 53
46 27
52 71
19 86
96 82
36 76
58 52
48 41
73 65
62 68
7 50
54 95
1 66
60 31
91 4
6 88
73 28
53 96
66 52
76 67
91 46
98 17
25 41
3 21
13 49
36 6
19 97
47 98
19 50
13 1
95 21
71 3
10 27
98 43
89 40
57 8
33 70
99 44
4 1
6 34
60 11
62 50
11 28
60 77
22 32
53 84
17 64
94 60
5 31
34 67
21 26
96 76
84 35
46 66
50 97
96 83
81 23
68 45
42 32
52 73
32 45
88 52
22 27
42 23
37 46
63 66
50 31
70 16
13 9
54 83
27 49
24 72
67 84
89 77
83 100
40 15
41 12
51 15
34 74
45 42
84 82
54 51
92 18
67 16
51 69
41 66
14 51
84 91
60 10
8 82
35 15
92 6
95 86
8 41
85 28
84 31
22 7
34 10
5 46
34 67
39 44
31 95
57 90
6 27
71 23
91 89
97 42
11 34
41 56
82 67
55 75
77 37
88 18
99 44
43 4
38 86
91 61
9 6
73 28
51 70
16 88
7 43
94 27
10 73
67 83
78 7
45 55
88 41
11 68
49 1
74 60
2 12
31 47
82 49
59 38
1 21
25 90
55 31
11 54
65 45
37 98
18 80
93 33
24 67
16 24
88 88
13 52
58 84
96 94
86 79
8 6
11 33
44 73
1 84
72 57
62 56
30 42
17 11
2 48
93 10
65 63
75 7
94 73
96 9
8 8
52 62
96 29
32 97
58 93
59 34
49 93
46 42
76 14
41 25
21 8
43 89
28 64
34 11
100 24
23 9
71 89
60 81
33 41
66 14
60 65
5 97
28 21
90 6
73 60
29 68
82 67
37 22
55 75
27 39
84 83
14 82
30 53
32 11
46 30
39 45
90 45
94 22
85 86
17 10
86 98
5 93
59 50
14 61
38 55
58 73
88 70
60 95
17 6
21 62
26 8
29 22
77 11
5 28
70 79
49 70
85 96
3 46
37 91
91 22
81 36
21 73
4 55
10 88
52 36
49 84
48 84
93 32
94 5
84 69
9 93
80 2
89 13
67 42
93 14
78 67
76 66
80 35
38 62
45 71
52 97
15 21
25 92
80 7
71 49
46 71
80 28
55 96
100 68
69 18
45 17
80 3
89 43
100 71
41 43
92 30
49 54
88 26
