1000 25505
75 88
74 18
50 47
18 58
19 14
72 60
1 75
93 45
4 10
84 42
98 55
9 93
78 75
58 88
30 35
1 42
95 71
39 1
94 40
90 14
52 44
40 25
39 78
89 58
89 44
13 16
13 98
39 92
61 12
97 8
60 49
87 99
23 78
9 48
4 56
93 91
33 7
57 82
85 87
36 16
40 75
83 41
96 61
70 49
40 28
77 47
70 42
86 50
15 99
15 81
27 15
66 43
54 57
65 44
6 52
95 1
30 59
70 1
33 44
42 70
19 9
93 92
28 20
41 86
53 39
84 27
85 28
85 45
92 60
69 14
72 13
83 34
3 6
67 25
52 34
42 85
95 71
73 75
79 35
9 69
88 56
5 1
26 63
41 64
22 45
83 14
35 64
51 3
53 15
20 7
92 25
71 23
12 51
71 44
63 60
16 41
6 23
99 39
1 38
49 82
67 4
24 2
32 68
22 9
43 26
35 1
15 45
37 96
8 76
94 31
98 16
47 83
50 32
23 79
87 46
71 76
58 92
74 62
21 30
10 6
45 20
64 54
32 80
8 22
87 50
46 91
23 15
44 72
44 81
75 52
93 5
62 84
99 53
76 72
83 44
41 30
10 25
98 89
29 25
69 52
91 19
26 92
15 86
40 50
1 70
54 83
63 77
58 14
79 44
83 7
67 71
23 16
99 12
50 3
30 37
37 13
95 93
52 51
32 36
38 26
79 54
76 41
51 9
77 58
51 64
34 53
17 87
61 88
31 41
97 63
81 39
73 11
23 55
96 76
64 61
23 76
49 59
26 89
32 89
27 2
61 95
50 12
49 69
11 59
99 14
30 6
47 71
45 58
33 8
30 7
34 83
11 14
6 47
84 92
87 71
56 62
17 96
55 10
68 50
99 88
52 72
49 40
71 98
26 78
44 16
35 10
48 6
44 74
12 99
31 46
70 27
72 45
80 57
70 96
82 3
78 70
51 53
80 74
74 80
83 12
10 32
7 62
94 25
15 30
90 5
32 96
22 91
59 52
87 57
90 92
57 39
90 28
90 32
80 89
15 58
85 99
14 98
14 63
28 24
77 96
44 8
49 2
49 41
75 65
70 97
82 95
4 86
20 1
14 68
77 65
2 13
75 51
83 79
47 89
41 80
24 83
79 36
62 71
34 87
17 92
3 62
91 25
58 20
92 45
70 13
72 29
76 95
35 11
37 91
55 70
63 58
32 98
3 72
63 50
6 14
72 20
97 45
9 100
91 21
10 64
37 16
45 85
36 15
71 94
91 73
76 94
46 29
21 9
89 64
80 15
37 100
92 78
22 91
46 71
35 74
43 56
69 99
63 69
77 66
5 89
17 38
91 75
88 87
20 9
54 25
45 100
91 29
50 69
53 51
34 1
11 32
41 67
78 85
46 98
11 12
20 57
21 92
57 92
41 65
61 7
36 58
29 17
52 36
9 1
75 87
87 10
51 56
95 86
49 78
79 21
100 74
65 67
69 47
39 12
36 28
22 71
84 64
79 8
71 91
88 14
12 8
33 75
29 32
41 44
78 72
91 96
60 100
50 15
47 39
52 17
11 22
34 97
81 33
62 57
42 97
7 19
100 18
92 4
1 4
100 95
22 24
52 30
17 62
91 22
91 41
4 41
12 45
26 56
82 48
35 35
13 22
93 55
67 61
41 5
33 50
97 33
32 100
93 49
46 99
30 91
96 17
56 72
16 87
76 49
70 81
9 35
34 20
21 98
1 38
87 75
73 93
74 13
38 56
89 6
64 86
80 49
92 46
28 30
5 4
74 45
14 65
18 25
18 51
32 77
10 30
51 100
28 61
93 81
95 100
74 60
75 71
90 17
81 31
90 9
18 17
2 11
98 95
3 36
23 9
50 84
89 63
95 53
24 48
79 18
35 58
39 34
58 66
78 55
66 63
15 22
3 99
31 79
84 46
21 1
63 8
45 27
23 100
90 68
38 60
69 99
15 27
64 82
10 67
48 58
53 91
27 84
49 20
2 37
30 71
23 28
4 73
18 33
69 80
27 20
48 3
55 89
17 5
6 68
85 95
35 20
72 89
87 45
65 50
55 87
59 45
27 57
99 13
33 44
69 25
88 24
1 95
83 51
51 6
11 61
82 60
3 48
89 44
83 80
57 84
70 15
57 7
60 8
40 99
26 39
38 28
87 1
32 27
54 32
44 21
16 74
88 3
15 9
55 18
53 53
21 47
13 63
31 9
20 60
98 6
99 33
7 35
50 52
34 36
10 40
12 13
15 95
64 87
1 8
97 74
20 23
70 74
54 33
31 30
61 73
31 23
68 9
48 25
62 49
74 93
91 45
30 22
13 95
58 54
84 92
17 99
78 100
48 54
48 8
49 11
45 11
46 92
56 98
95 63
31 27
17 37
6 27
46 74
80 76
58 34
94 99
100 50
80 8
99 83
82 79
40 32
81 5
50 40
39 56
95 6
75 32
30 1
24 79
87 78
39 6
7 70
4 77
16 57
6 23
51 36
65 20
51 34
48 27
72 17
97 48
79 6
88 5
54 74
76 31
19 80
12 59
21 29
18 81
43 66
72 12
52 12
34 49
52 16
1 51
73 5
98 21
75 34
54 57
21 100
13 63
92 14
79 69
16 39
7 70
85 44
18 74
23 41
87 29
18 53
94 9
83 76
48 10
33 14
36 1
23 40
52 45
99 59
95 68
21 26
93 77
66 31
72 37
27 25
70 47
24 39
99 81
67 19
98 24
52 37
40 70
11 86
95 50
18 39
78 25
1 72
54 34
96 50
24 12
40 62
65 54
69 73
22 37
12 63
2 86
10 37
86 2
5 82
60 47
80 22
25 59
53 23
98 52
97 47
79 100
67 50
20 85
29 80
85 21
70 8
32 17
24 90
32 94
26 18
94 28
61 70
26 89
47 61
56 71
1 53
87 74
72 25
22 25
60 10
83 87
75 62
69 98
68 41
79 43
29 45
100 14
55 2
33 19
97 17
3 48
11 18
15 67
75 85
91 98
51 87
44 44
22 66
75 76
27 89
47 83
20 56
87 58
24 24
66 68
95 29
77 28
52 42
66 5
98 4
12 3
49 91
72 17
32 53
68 83
2 11
12 49
67 48
56 64
44 67
15 65
59 64
6 85
81 83
33 48
48 34
32 69
28 91
69 99
58 96
6 80
15 33
77 3
92 89
91 8
94 23
38 69
67 87
46 16
4 73
64 90
9 70
4 16
87 58
92 22
23 98
88 69
56 70
42 46
43 32
99 89
8 10
53 95
57 73
89 44
37 94
4 58
72 64
64 37
25 8
81 11
21 16
39 40
9 14
65 56
81 100
2 88
2 25
47 86
99 3
57 97
10 28
59 24
12 12
48 85
3 46
35 62
35 5
58 67
28 59
30 37
8 55
35 20
82 83
64 79
23 63
71 77
20 36
46 26
86 13
44 43
26 36
7 80
34 35
34 1
71 35
15 86
88 88
24 11
61 71
86 42
81 8
23 50
97 66
92 71
70 87
99 11
78 84
57 91
56 77
5 42
38 27
63 84
40 61
71 62
79 62
14 23
41 38
98 98
60 48
27 50
41 92
37 36
33 81
26 78
23 36
55 15
40 63
10 24
78 78
53 86
47 65
10 37
27 87
43 82
2 7
48 73
93 44
31 91
4 64
48 21
36 84
93 42
63 4
27 45
64 3
41 17
40 67
4 40
38 14
51 67
30 41
30 58
88 2
14 21
7 87
10 37
20 88
47 50
71 12
98 65
51 87
17 29
7 1
77 73
12 10
60 59
76 46
4 54
91 1
32 61
4 26
78 85
24 2
66 81
56 29
87 57
6 97
47 47
91 48
95 63
98 65
72 89
76 20
37 18
38 61
82 58
98 55
57 100
80 7
20 18
6 64
30 45
36 46
65 16
58 18
99 8
24 75
34 15
3 13
66 27
17 27
6 38
95 11
40 80
71 70
50 91
27 36
28 66
49 90
69 84
22 80
98 6
92 24
97 51
34 24
81 36
78 9
83 30
38 36
10 67
2 47
95 51
39 12
89 45
59 67
49 81
88 4
35 93
34 47
42 16
100 19
50 73
99 5
47 82
41 52
21 74
96 24
19 88
48 91
96 65
39 23
21 23
93 71
31 98
17 73
26 94
63 85
46 81
60 23
52 20
55 100
61 21
47 71
46 11
50 65
5 89
46 43
89 68
39 81
31 89
30 35
91 51
80 61
28 39
37 84
72 64
100 64
84 8
91 3
47 7
80 24
29 25
67 29
72 94
11 74
35 53
50 39
74 59
80 86
9 61
25 30
87 85
22 34
71 100
84 47
71 98
28 88
29 89
11 18
18 20
59 77
40 4
8 71
90 89
19 95
96 54
61 52
18 58
80 13
51 55
16 16
11 89
32 31
82 96
82 82
42 5
68 49
83 21
67 15
47 34
44 33
92 44
85 70
65 66
14 44
68 16
87 16
41 83
48 4
97 85
59 3
6 80
