1000 24796
20 44
57 63
36 60
21 80
69 52
25 25
17 75
27 40
20 62
46 38
98 86
21 62
14 14
6 21
9 54
40 14
3 5
28 26
83 76
17 82
48 99
41 20
71 78
98 15
11 91
3 34
23 91
79 58
26 63
29 27
61 5
45 58
85 89
48 64
17 89
53 92
72 40
34 16
80 31
91 53
31 53
29 69
64 14
45 18
86 41
24 19
84 32
88 45
51 44
19 59
5 26
51 94
59 79
27 56
48 60
21 21
29 41
22 51
51 78
6 55
50 77
12 82
50 13
35 18
59 97
19 53
39 9
83 89
52 68
18 92
73 41
82 21
98 12
88 7
78 90
83 52
12 25
14 73
71 96
62 21
32 32
27 74
64 14
42 62
53 81
12 74
63 82
34 21
85 76
65 59
39 76
87 52
76 92
41 40
73 69
87 88
59 92
11 30
69 28
10 60
81 21
93 69
43 32
78 84
81 27
21 21
61 35
92 3
34 46
83 30
5 23
17 77
61 55
69 89
58 90
13 35
32 62
72 71
98 8
68 37
89 81
37 35
54 40
16 72
77 74
26 9
2 11
35 17
89 90
22 39
96 28
69 62
15 59
38 59
46 45
47 37
10 32
58 79
90 39
95 77
92 60
94 62
11 5
52 15
14 2
21 46
17 1
97 63
44 16
14 60
65 51
84 48
50 94
70 42
100 19
78 19
48 2
1 81
64 36
36 91
75 71
59 63
4 52
89 81
97 74
1 96
87 69
58 57
11 26
76 8
53 85
2 86
21 21
15 41
54 52
87 22
87 86
70 4
83 36
83 1
35 64
99 38
66 100
37 57
69 79
65 18
14 76
68 81
18 50
78 63
3 71
92 73
36 77
6 75
32 53
84 50
58 70
18 22
42 58
68 48
93 81
46 42
70 33
65 1
12 82
75 36
51 74
99 67
96 91
34 9
33 19
30 54
84 98
98 18
66 63
4 76
15 87
80 90
71 8
84 89
9 52
73 31
75 61
96 80
30 5
58 65
80 30
88 26
27 38
73 87
7 73
71 70
18 81
76 57
35 22
29 62
2 44
86 95
79 81
97 35
71 3
11 99
79 40
54 100
61 69
44 2
58 28
27 7
75 43
28 35
10 95
35 46
53 65
36 7
31 26
82 21
45 24
10 55
21 47
71 61
82 93
80 19
41 83
51 73
7 76
75 4
79 87
9 19
12 99
10 67
57 5
82 53
72 17
35 45
36 5
84 37
79 98
45 32
10 44
5 41
24 18
71 90
40 86
76 35
6 49
70 11
10 55
2 72
31 17
82 53
72 84
12 10
61 72
64 66
62 34
68 99
91 70
92 72
76 69
2 68
53 90
32 74
84 20
77 59
19 70
71 76
60 95
49 67
15 7
22 90
53 7
38 77
44 32
44 93
66 11
2 80
65 3
27 17
3 51
95 20
8 70
75 34
6 81
69 93
38 100
19 66
88 91
28 21
63 90
15 11
30 88
67 79
98 36
65 59
43 37
16 5
87 35
55 84
64 72
1 93
76 73
69 30
90 69
19 56
12 22
7 31
20 35
29 77
33 100
23 37
23 48
41 69
49 71
81 80
61 13
86 22
51 97
100 3
66 42
13 86
14 65
47 81
32 65
11 1
11 39
74 53
79 57
97 73
28 36
42 80
49 18
55 61
62 62
90 86
74 16
26 83
97 69
45 51
54 11
29 68
67 87
76 10
69 88
67 9
56 89
81 100
53 30
7 86
80 54
18 23
71 71
45 18
64 3
54 87
56 70
26 94
28 40
34 79
74 66
7 75
27 10
22 83
14 35
41 71
11 21
87 51
66 6
7 41
83 53
19 16
88 8
2 39
46 78
8 47
68 100
54 66
89 46
20 29
12 3
20 51
89 4
34 26
65 20
4 58
88 64
72 42
29 51
67 3
5 20
2 17
25 30
83 29
75 51
38 16
23 52
38 23
76 18
40 57
96 63
59 70
10 24
83 22
60 61
8 1
91 68
79 60
61 67
31 65
51 40
24 21
50 15
39 43
57 98
14 35
43 1
96 62
37 76
23 3
62 64
93 47
77 19
39 93
76 27
51 22
76 9
50 78
88 96
4 26
90 86
36 59
62 48
51 10
18 80
73 8
58 10
8 100
51 19
18 28
38 64
1 58
41 1
40 31
92 53
50 98
5 17
86 5
45 59
42 44
8 7
59 23
34 90
84 78
97 67
9 68
87 99
24 27
11 98
26 94
27 5
52 83
61 4
40 4
2 44
79 36
64 11
60 54
38 35
15 81
29 33
28 50
67 38
22 85
67 80
10 90
23 83
71 96
95 46
67 41
12 39
3 53
77 15
46 80
86 30
25 34
6 48
24 80
49 12
16 45
50 25
27 68
67 79
10 29
19 71
21 23
40 16
82 33
80 28
78 50
48 13
60 12
5 99
67 3
81 97
71 31
76 44
3 31
93 78
71 90
22 71
5 17
73 42
98 38
50 48
10 23
75 23
55 95
34 2
75 86
23 91
35 78
1 54
41 22
44 58
71 76
61 96
36 73
53 9
92 23
13 74
100 73
52 86
69 25
66 75
84 82
91 55
42 19
39 12
83 32
64 60
60 35
87 100
36 1
9 24
88 48
97 75
83 46
95 94
82 28
57 83
69 37
16 5
10 36
9 10
12 63
80 12
70 5
47 87
84 72
61 79
11 61
84 96
64 64
31 85
1 23
48 98
21 91
94 93
86 61
3 74
57 52
45 95
42 74
44 52
5 70
81 73
41 78
40 67
75 18
74 5
48 50
43 6
42 9
57 85
4 15
53 23
89 48
73 71
51 10
72 71
85 49
13 22
7 67
49 65
43 58
60 89
96 62
15 48
53 81
33 22
17 21
10 84
29 69
10 46
53 35
33 38
91 18
45 64
72 5
17 88
71 68
20 54
12 93
12 28
28 90
15 60
16 51
68 38
39 30
18 12
92 60
75 31
30 85
98 26
23 95
24 42
9 66
70 56
38 89
62 98
2 29
54 9
23 81
82 97
16 7
27 67
15 87
58 24
24 30
38 91
26 63
94 49
9 96
37 56
5 77
37 85
3 67
20 27
4 74
93 48
89 90
47 34
68 78
18 74
97 59
42 72
41 15
5 77
64 79
78 55
66 26
17 60
83 15
40 7
99 56
50 21
67 25
65 42
7 97
90 7
2 84
33 59
35 55
11 79
21 14
39 31
99 64
76 32
10 57
54 37
20 80
98 98
1 70
87 57
67 71
97 81
81 81
59 37
1 9
96 11
36 91
19 34
12 70
70 6
58 92
62 78
20 26
76 69
26 71
78 22
17 75
80 7
62 81
51 29
90 85
35 46
41 12
88 100
10 78
50 20
41 89
29 9
99 18
93 10
68 17
17 88
89 42
100 97
75 25
42 50
95 60
62 67
60 36
58 81
32 72
69 79
20 10
3 98
97 47
97 33
32 71
13 73
76 39
94 3
64 54
17 75
80 49
4 65
56 75
89 78
6 84
49 63
69 86
56 1
41 72
36 54
73 41
30 14
87 51
47 17
23 15
81 62
9 83
34 50
91 42
92 7
2 81
62 4
46 56
98 27
58 36
77 26
63 100
86 74
22 29
26 5
2 48
1 29
81 69
58 74
41 6
38 52
6 36
10 43
94 5
98 60
97 96
66 97
79 25
36 98
64 65
1 39
68 11
24 99
34 41
58 5
67 5
88 73
19 8
12 12
37 99
29 43
41 38
99 50
14 68
62 18
76 54
67 15
15 46
57 74
76 89
55 3
94 78
33 76
16 45
39 34
31 87
65 92
56 82
9 11
100 42
20 46
10 2
67 52
95 96
95 94
25 56
62 53
82 66
95 63
73 64
19 16
23 57
13 53
69 18
88 24
27 70
45 71
55 91
41 15
53 97
30 79
47 69
46 74
15 6
15 65
37 7
45 93
79 57
92 40
5 55
78 98
11 85
14 56
96 1
6 32
61 1
20 57
19 84
42 66
15 71
91 48
12 82
89 28
56 100
81 99
77 3
82 22
77 21
83 93
74 36
29 17
64 23
72 57
74 42
78 29
86 21
10 100
22 73
64 77
54 39
79 27
93 26
64 75
44 35
89 27
21 7
4 35
60 35
39 42
98 1
26 5
82 89
9 34
15 84
37 41
41 84
43 87
70 62
17 4
25 79
43 49
45 73
88 54
66 5
71 66
18 82
52 26
32 66
91 6
67 54
85 56
69 32
60 32
1 31
13 18
100 58
21 89
16 53
59 92
12 30
13 5
85 48
93 19
22 38
51 32
81 11
14 21
93 18
50 72
31 76
69 48
44 72
75 48
8 1
9 29
97 14
25 34
60 54
29 31
16 91
27 59
13 86
84 75
38 90
65 16
96 92
37 99
86 4
12 44
47 90
49 34
76 48
83 90
93 4
49 37
33 21
73 14
63 57
77 90
22 37
93 33
97 89
17 60
19 32
5 42
25 88
68 97
29 27
37 93
96 27
