1000 25806
41 80
92 51
91 17
75 78
100 63
65 71
41 58
96 39
66 60
100 30
10 81
83 46
7 91
48 65
74 19
25 54
96 62
65 88
46 51
6 48
61 74
36 87
63 89
78 97
36 85
83 45
3 45
91 77
29 5
50 61
16 27
69 84
41 63
59 43
96 13
92 25
75 13
36 71
88 64
40 24
87 100
49 96
22 22
46 42
97 12
48 40
70 47
44 73
12 27
67 98
1 73
24 52
55 36
16 61
2 1
90 72
50 58
56 45
32 48
79 62
6 57
100 26
99 97
46 20
58 68
46 9
90 96
32 32
33 31
77 11
23 8
20 82
77 58
45 29
17 75
25 69
44 20
38 22
69 94
55 99
5 71
21 66
79 50
59 6
36 78
32 50
100 30
86 87
87 46
31 29
16 100
92 55
82 55
66 96
90 26
39 74
12 57
31 73
70 6
44 39
7 84
93 65
15 21
35 41
89 93
83 95
60 62
32 64
21 68
28 7
38 62
77 38
100 72
16 64
35 96
36 1
99 13
86 25
21 88
86 11
68 5
36 39
29 17
50 59
1 87
70 94
40 85
64 43
100 66
62 42
60 33
58 49
6 6
26 5
93 42
94 98
9 100
52 55
77 61
29 67
31 61
66 75
5 57
30 84
82 38
91 52
17 84
32 2
28 28
37 23
17 64
95 32
24 14
98 80
96 43
77 100
67 73
36 27
92 42
19 91
97 68
51 26
76 91
2 73
29 31
20 32
47 22
37 82
71 38
75 34
17 100
53 98
40 8
21 56
35 81
73 97
63 7
3 17
5 51
90 34
92 91
73 14
36 18
15 4
70 46
84 60
43 3
89 70
71 86
35 44
7 60
19 5
37 22
34 51
72 29
65 52
54 34
70 2
53 33
76 72
44 35
69 32
29 69
35 95
41 88
15 2
60 43
3 46
17 18
16 93
44 80
8 8
88 7
32 97
75 12
10 52
67 8
69 14
50 21
37 45
55 10
56 33
7 1
44 31
89 83
78 29
8 82
42 68
47 30
61 66
18 39
42 16
81 97
98 60
76 10
22 84
64 61
87 53
76 30
32 30
2 45
72 61
92 37
42 3
55 9
66 100
51 54
21 68
86 14
52 27
9 12
41 75
59 59
15 12
84 5
47 93
92 92
43 38
41 60
90 21
55 3
10 51
31 36
36 99
59 10
58 98
9 35
74 22
97 50
36 16
5 51
98 46
7 28
96 39
39 49
61 88
13 39
41 54
33 55
99 52
92 80
41 18
39 78
50 90
55 81
74 82
49 82
98 72
16 71
41 42
87 92
23 73
2 92
69 79
58 23
60 53
79 76
18 9
33 74
75 77
53 76
89 76
24 75
60 3
85 14
63 75
72 42
97 52
55 28
5 96
47 55
99 60
45 65
37 32
48 49
52 45
10 65
48 31
49 16
78 87
40 24
88 59
100 11
41 15
8 38
9 34
52 19
38 65
26 94
36 44
64 94
78 70
25 19
88 68
89 72
61 84
50 42
61 66
9 88
56 21
17 61
56 94
54 80
61 78
92 26
54 29
64 22
54 42
53 11
13 38
31 29
93 34
52 96
82 39
85 48
11 85
90 24
37 18
49 2
15 18
24 61
12 95
44 39
100 31
99 62
33 62
12 14
100 55
45 27
21 53
56 75
61 88
28 47
61 55
73 65
71 72
14 35
37 38
24 65
67 45
1 75
6 45
11 78
4 23
87 36
95 77
14 59
28 59
83 94
62 60
94 28
59 6
26 54
38 66
58 36
24 67
22 28
22 1
76 21
18 54
94 54
83 48
78 93
21 100
43 2
2 9
43 23
9 88
90 47
19 39
27 32
90 73
24 84
89 9
93 47
63 19
35 37
7 6
42 29
18 30
20 17
36 57
28 35
45 71
73 74
37 22
21 89
46 53
58 74
48 62
63 7
51 79
30 9
92 51
23 78
24 62
45 60
66 52
84 49
35 58
84 43
62 32
24 82
59 26
50 40
69 29
73 96
85 76
27 34
15 24
54 57
46 2
2 32
81 43
43 24
74 58
17 16
15 13
71 10
75 89
62 74
85 16
77 68
43 34
76 19
100 97
18 47
20 78
17 1
54 95
54 87
52 43
67 78
30 68
62 20
17 17
98 96
35 15
53 44
24 81
1 90
58 52
21 83
2 74
38 94
15 58
27 31
6 9
29 70
49 40
32 49
42 95
33 8
9 16
36 28
60 26
60 65
6 26
79 55
76 65
59 20
85 41
79 7
25 49
66 60
40 26
93 65
63 56
26 92
97 60
38 88
78 33
54 11
58 22
31 6
43 56
73 80
9 36
49 16
53 1
57 76
80 65
95 96
89 35
88 32
82 75
48 60
99 96
87 1
79 14
26 60
97 72
15 6
4 18
74 21
80 65
96 95
18 37
94 72
73 38
15 49
31 60
51 71
20 59
88 33
81 76
63 67
12 12
42 64
11 82
65 65
98 91
90 46
11 60
39 25
30 30
92 86
38 84
28 25
31 38
16 97
6 37
27 10
82 2
9 6
52 82
13 18
56 53
70 70
6 90
29 90
36 18
36 49
31 60
55 29
76 33
63 88
69 95
87 97
4 51
79 76
3 61
2 93
21 74
13 72
40 17
2 3
57 57
77 52
81 79
87 95
45 100
86 15
65 56
78 53
47 73
69 89
91 70
2 25
38 58
96 59
82 14
25 76
32 59
12 26
79 4
59 92
75 13
48 50
97 88
78 15
78 25
100 48
31 7
50 50
64 19
70 75
51 52
72 27
99 26
32 83
10 73
95 25
17 49
75 28
72 77
15 21
43 68
62 46
17 45
32 26
58 57
50 11
56 53
41 15
62 36
86 56
99 6
36 100
85 5
95 45
65 66
15 81
46 44
96 72
64 31
62 14
17 46
15 34
33 41
15 23
98 16
43 65
9 47
14 65
69 93
81 75
81 37
63 60
94 72
49 34
46 37
51 28
98 44
53 89
91 43
59 31
90 96
41 100
46 82
75 52
36 45
63 47
41 33
33 88
10 70
4 15
94 2
26 67
18 100
79 94
93 89
15 68
21 58
53 87
81 32
41 2
85 61
61 20
55 14
79 32
61 53
100 50
29 60
58 48
4 91
72 54
69 78
93 86
12 53
66 11
19 38
99 49
28 57
59 22
32 89
37 78
63 88
25 42
15 44
32 87
3 87
7 32
99 6
75 44
11 70
31 89
67 98
96 82
43 9
21 11
74 14
3 61
72 12
54 25
60 9
75 2
25 30
28 38
20 40
89 34
46 49
38 77
87 83
73 57
97 50
18 23
62 35
11 37
95 64
76 78
42 75
49 50
34 62
40 81
24 45
44 83
22 69
90 42
91 65
64 77
63 4
64 30
66 90
86 16
70 54
78 50
13 69
46 35
57 87
32 8
34 68
2 87
69 36
21 2
75 44
17 37
90 24
88 30
27 25
84 87
63 59
21 100
33 36
96 72
12 32
8 81
91 55
34 52
49 74
82 19
97 81
11 78
97 48
15 70
49 45
18 53
92 19
61 13
64 87
48 57
92 73
97 6
50 44
12 60
69 8
76 39
81 49
59 31
63 20
59 73
94 18
25 30
79 72
26 5
72 2
43 55
33 37
14 8
76 7
34 11
95 78
24 87
44 40
44 77
38 8
92 84
61 29
81 26
4 48
24 67
29 34
95 72
73 72
30 29
59 32
93 31
5 19
39 80
51 62
67 38
97 52
97 31
43 68
28 76
22 35
66 21
70 82
7 24
79 28
97 88
40 34
26 5
72 26
35 73
69 81
62 33
79 8
29 61
42 10
82 55
5 79
70 44
29 27
77 2
99 72
39 10
21 33
3 43
29 41
72 94
21 32
77 44
68 24
63 99
4 71
41 10
28 71
25 53
99 33
7 98
73 92
90 18
84 54
45 18
77 42
52 34
6 50
55 49
32 46
47 60
88 4
36 24
69 55
68 82
64 26
19 78
58 43
85 58
74 20
86 83
8 3
94 52
63 26
27 78
9 2
18 97
19 87
36 73
43 1
18 72
94 22
67 92
59 89
77 76
11 9
35 31
80 9
16 11
41 31
12 7
15 70
81 86
99 30
35 76
48 19
63 55
53 53
58 61
99 64
26 73
43 43
58 66
20 24
57 21
36 43
28 25
75 69
54 82
15 49
69 69
23 53
9 71
35 12
82 93
37 46
46 21
16 75
17 6
13 83
57 6
80 12
79 4
37 43
78 42
13 79
36 62
92 48
66 31
93 22
42 12
91 55
88 65
99 77
62 78
44 37
34 72
89 55
18 5
88 53
56 55
38 25
62 5
64 25
73 36
43 97
52 22
70 8
59 72
20 28
82 90
67 29
99 91
13 45
55 71
29 84
25 23
90 32
20 32
42 54
35 54
62 95
85 8
22 70
12 71
46 38
17 58
98 42
87 44
87 14
37 46
42 98
24 38
98 50
57 75
96 25
41 99
8 96
17 33
99 22
