500 17617
19 20
69 43
27 72
16 83
25 7
18 97
3 13
1 36
22 31
9 81
50 63
1 15
96 77
22 75
82 59
98 85
85 66
33 39
68 32
85 65
92 82
85 78
39 62
76 19
29 30
34 90
72 15
8 9
51 71
17 70
7 76
69 42
37 13
33 99
84 25
61 71
2 95
39 37
13 6
23 26
99 18
63 21
23 92
94 94
36 95
5 3
43 30
21 60
89 41
11 61
57 76
80 74
95 91
48 37
55 44
76 20
33 78
27 10
83 81
83 48
95 80
41 8
51 90
31 92
25 6
87 14
43 62
26 100
77 50
56 19
100 77
75 19
70 91
75 21
20 64
5 37
31 23
63 93
77 48
19 15
73 6
86 24
98 88
19 96
33 12
5 84
46 67
65 90
31 93
80 47
99 37
77 72
20 54
1 26
7 15
96 11
87 91
49 28
73 63
15 93
56 47
73 39
89 11
25 89
47 59
61 75
30 26
77 33
23 19
58 73
47 47
47 24
43 48
44 87
65 71
75 60
48 70
63 38
91 49
30 62
42 36
41 85
6 86
14 42
42 63
64 100
9 52
80 53
65 28
82 14
95 97
20 26
6 5
35 8
45 14
52 15
95 34
26 91
80 48
17 52
83 16
26 94
15 76
78 63
21 80
32 98
4 22
21 1
94 87
95 22
50 15
35 75
87 59
8 100
100 16
28 73
23 51
9 19
8 25
87 78
42 85
54 74
7 55
47 41
88 81
3 21
50 55
35 14
28 11
81 54
3 65
62 26
6 48
18 92
39 41
78 79
49 42
43 14
98 80
42 28
89 88
100 94
28 2
75 46
59 93
28 69
55 18
81 43
88 40
62 94
68 73
29 24
15 67
26 27
27 64
54 99
28 99
76 70
88 12
7 10
56 24
91 29
20 87
13 23
8 20
59 79
90 1
56 13
53 93
40 80
49 41
93 80
39 25
76 94
19 77
49 69
3 15
73 46
29 12
90 54
86 39
48 36
70 29
52 58
73 14
96 44
58 56
100 13
23 13
45 68
58 74
30 88
87 48
78 60
42 10
46 67
88 91
84 11
53 32
92 35
23 42
1 72
84 66
13 67
77 17
54 42
61 35
31 31
79 87
89 98
73 36
16 77
89 85
42 64
20 34
61 99
90 7
77 90
13 63
12 20
73 9
22 36
42 7
60 56
99 47
83 69
5 74
86 37
18 79
58 5
77 71
40 72
10 28
12 88
4 38
38 45
66 29
64 25
69 27
96 67
5 74
41 63
11 44
93 59
34 26
30 29
5 9
23 85
58 70
69 71
35 56
31 78
91 58
76 14
90 85
89 4
10 82
46 59
27 93
80 60
55 15
3 15
71 84
65 43
67 3
75 21
2 39
84 83
90 97
22 65
79 50
94 71
62 79
41 45
38 81
96 57
23 25
95 89
18 41
80 95
63 11
4 48
10 24
5 68
31 61
51 9
46 23
93 43
97 19
72 15
72 54
51 33
26 82
42 37
67 27
92 84
16 10
21 65
75 66
58 6
42 82
53 67
51 28
4 12
46 63
41 8
51 68
68 88
35 48
20 60
99 82
49 58
76 59
9 5
6 77
6 20
11 65
51 100
98 62
7 83
22 66
69 67
10 16
47 47
63 4
28 94
91 30
30 13
48 59
65 48
87 70
90 92
70 66
90 98
45 3
15 29
30 57
95 23
34 68
16 57
66 34
32 49
16 66
41 93
92 5
21 43
47 64
3 70
71 42
96 77
61 4
44 59
17 43
22 19
43 6
79 46
50 13
33 87
60 58
49 23
97 34
47 28
38 66
66 52
36 77
34 68
32 32
17 85
28 42
65 99
32 41
46 28
97 99
47 7
38 72
40 55
68 49
36 35
94 76
90 42
32 11
55 80
34 100
48 53
28 98
76 57
78 99
29 62
60 44
37 8
78 36
56 29
35 87
67 1
74 80
70 15
1 21
5 11
38 100
80 62
70 61
21 40
25 89
18 59
68 46
63 60
9 66
87 46
50 46
3 41
28 39
81 56
57 20
61 91
80 61
36 70
88 47
9 59
65 83
47 90
46 18
42 19
55 71
80 5
8 71
80 50
2 71
8 91
84 13
91 70
88 5
5 25
12 62
64 45
74 36
31 59
78 57
83 1
17 5
28 2
85 41
96 95
60 58
93 61
9 85
40 18
28 30
96 32
100 28
44 12
95 73
97 97
85 82
1 43
29 1
45 53
80 45
30 24
4 43
15 9
