500 7773
13 68
35 69
78 46
25 52
86 22
28 11
31 58
61 42
83 11
18 64
96 39
94 58
88 57
23 90
48 5
55 21
85 13
6 92
71 68
18 77
52 34
64 60
45 54
30 70
23 40
9 38
98 44
48 7
71 57
37 39
12 66
35 76
23 59
89 11
59 80
60 80
69 74
90 37
20 74
51 84
59 100
67 64
96 93
46 8
42 54
43 49
53 80
78 18
100 41
23 100
95 46
51 26
39 59
39 99
32 47
61 51
99 37
30 42
9 57
21 45
18 80
72 22
55 21
40 91
61 85
14 52
51 70
81 58
55 88
70 95
31 93
13 87
89 59
78 37
11 46
30 64
20 38
63 26
7 81
72 30
37 25
53 26
74 55
75 35
43 77
6 53
88 85
42 13
35 94
48 41
62 57
4 26
19 15
69 29
95 16
31 99
34 80
45 37
11 8
88 67
66 32
93 100
52 5
54 42
70 88
14 3
35 5
42 25
28 80
93 85
13 54
65 56
45 62
86 60
91 90
88 90
43 12
30 27
81 2
29 58
77 67
94 11
32 83
48 81
62 39
26 50
30 31
95 71
70 86
41 38
34 89
36 69
85 89
38 46
41 10
55 77
51 48
76 14
48 53
79 79
20 50
60 7
95 34
65 64
97 18
85 23
4 53
92 30
15 1
36 55
20 87
43 68
29 17
52 21
90 100
43 55
29 70
72 31
89 77
51 55
64 20
75 66
86 24
48 9
12 11
78 33
54 37
14 10
53 99
1 89
44 88
25 48
12 47
38 21
89 11
61 65
75 95
44 64
52 46
89 96
79 70
71 84
83 15
59 86
74 4
25 66
1 92
3 73
96 48
90 69
5 79
59 68
16 86
90 54
6 76
27 48
67 87
12 64
92 57
72 85
12 4
36 96
96 84
24 3
73 68
36 47
84 67
99 14
31 62
87 64
39 61
61 31
57 47
22 75
19 68
31 2
46 93
72 11
85 26
93 40
13 31
89 4
51 7
28 16
30 58
8 34
6 63
48 96
19 97
97 71
71 32
83 1
32 18
18 15
58 3
57 85
53 61
93 21
55 99
35 74
79 36
46 59
95 56
35 34
67 86
66 23
17 35
64 78
89 86
53 60
56 69
1 16
93 63
58 76
80 32
74 72
65 9
85 46
22 67
36 58
81 69
44 98
18 10
65 86
62 65
27 12
73 71
66 77
19 84
79 21
1 51
97 71
24 31
47 6
83 4
42 68
12 81
100 38
5 97
100 66
4 49
60 66
52 33
97 63
17 41
31 16
22 35
34 1
15 62
43 1
21 58
48 82
87 51
38 67
12 67
100 15
64 30
36 89
65 43
34 65
14 61
65 93
30 35
90 92
64 51
12 38
31 11
75 83
63 27
36 8
27 48
19 75
47 73
30 32
67 38
16 65
61 48
88 24
1 17
27 9
31 76
21 75
74 90
69 26
58 93
37 8
68 92
73 23
72 97
84 35
58 87
38 9
1 79
87 74
27 100
64 29
50 11
57 63
90 11
65 38
44 70
68 10
83 64
91 94
98 42
49 53
58 10
58 89
36 76
58 26
84 49
18 52
78 52
10 90
38 77
87 45
46 49
57 21
11 67
70 97
41 55
68 5
59 6
41 85
6 78
85 57
56 14
7 89
93 19
45 76
71 78
37 88
13 86
5 93
79 33
62 79
53 46
88 94
71 19
41 21
45 20
54 67
58 72
74 71
15 8
48 1
12 15
13 56
4 73
22 33
34 53
44 79
41 90
92 58
36 63
98 67
76 14
91 28
4 7
20 33
88 4
75 36
56 72
52 41
79 29
86 57
13 71
84 74
73 50
83 89
24 46
69 69
88 7
33 70
94 92
3 14
32 22
5 58
67 69
36 94
78 91
100 21
31 72
70 80
91 30
67 86
67 98
18 44
57 14
71 5
37 28
96 69
97 92
45 51
47 9
27 20
82 7
59 31
10 45
55 57
41 19
85 91
75 77
29 25
70 60
69 20
83 38
1 33
25 78
49 58
88 26
3 20
48 31
19 49
72 51
90 60
85 34
91 48
7 55
93 47
61 4
43 34
89 15
9 48
87 85
35 75
35 67
69 43
94 5
97 12
75 51
86 23
33 54
1 80
66 99
54 65
21 99
48 88
7 97
46 76
48 46
94 74
100 47
47 28
12 22
23 97
36 39
48 55
13 97
42 46
41 54
25 52
37 79
81 20
33 99
23 15
15 95
20 18
43 10
60 51
