1000 24957
17 19
55 73
37 71
67 116
98 143
10 29
72 114
62 101
5 14
85 123
14 49
29 40
16 48
48 64
31 62
6 27
64 110
54 95
72 96
49 66
88 116
80 110
16 26
5 23
46 63
85 122
87 102
52 55
83 101
25 44
47 68
99 120
31 67
35 39
17 36
80 112
96 120
88 98
93 115
1 34
25 74
6 12
81 126
40 71
5 28
11 37
97 100
68 88
17 35
20 46
16 52
4 51
99 106
31 77
60 75
45 70
67 101
98 127
96 124
49 52
74 121
95 143
47 70
56 90
29 32
63 105
35 52
25 52
3 6
27 66
77 86
27 31
84 130
57 60
18 52
89 110
20 50
14 50
56 96
88 138
33 46
24 50
43 89
83 103
6 29
2 12
79 123
73 81
52 93
27 50
21 31
25 64
21 41
20 52
81 106
1 26
34 59
67 108
77 78
88 118
94 125
5 16
14 47
29 58
62 77
83 101
17 66
33 80
96 101
25 63
20 66
80 97
48 63
62 103
15 53
53 92
15 18
93 127
77 123
66 109
19 25
50 55
91 122
91 119
21 60
23 28
44 46
54 69
89 137
20 24
94 138
34 62
25 41
7 35
63 69
38 68
42 89
31 37
70 96
89 90
55 99
41 64
69 87
54 62
2 18
83 90
59 108
16 34
27 67
35 79
34 46
46 94
36 85
76 118
88 113
56 95
98 147
31 59
62 65
38 84
51 84
55 104
24 49
27 75
13 41
38 71
64 93
54 79
20 58
85 92
43 68
75 106
25 54
63 107
80 121
78 122
97 98
38 77
45 58
23 65
25 59
78 102
20 61
60 94
53 71
8 25
16 38
2 20
38 82
29 54
92 107
40 68
83 108
67 106
66 91
47 49
4 27
81 87
1 27
23 34
17 29
95 98
49 92
93 135
9 55
29 64
22 60
5 53
18 43
67 117
79 121
42 51
96 122
51 83
54 96
1 44
10 11
21 35
2 12
47 91
49 89
45 69
39 61
83 97
11 25
56 104
29 46
14 51
89 92
29 74
89 138
5 21
75 122
89 130
50 58
83 127
69 95
71 116
39 83
87 137
89 135
70 107
80 90
85 106
72 92
33 35
85 100
81 101
5 22
38 62
79 95
53 61
83 132
17 56
35 56
93 108
73 111
16 55
59 60
13 54
44 77
47 96
17 25
71 102
87 128
18 33
53 80
56 72
89 100
44 66
42 60
29 36
65 73
73 102
13 42
36 65
6 36
49 93
16 65
62 110
87 106
94 110
15 20
69 89
63 67
1 28
13 47
87 128
16 32
71 105
99 132
12 62
69 103
67 108
82 115
56 80
85 92
86 95
11 53
25 45
81 111
4 15
53 79
45 84
76 115
18 24
80 97
33 54
18 67
47 64
95 113
4 24
93 125
61 86
24 63
55 90
61 62
37 59
93 121
29 47
59 66
91 101
40 60
28 68
9 11
73 75
83 96
45 54
10 20
45 51
69 97
91 132
48 64
74 79
87 116
23 28
43 55
19 64
8 33
60 71
65 77
2 46
16 46
57 102
62 80
39 59
63 93
74 95
27 68
55 64
2 42
86 133
45 65
93 102
13 51
6 28
17 27
47 97
50 82
27 48
91 99
71 82
69 80
38 61
44 61
55 96
12 39
38 66
73 109
19 22
97 137
38 87
72 119
12 33
46 89
33 49
3 43
9 33
59 95
29 59
63 95
60 88
14 42
60 64
5 41
78 93
65 90
21 69
24 41
66 74
47 67
14 38
36 54
67 98
3 51
31 67
22 45
15 42
68 83
46 56
33 62
17 22
35 43
5 32
80 105
81 84
89 132
82 99
89 117
47 77
63 111
3 13
59 68
76 102
62 75
63 108
6 48
78 117
35 79
29 37
44 90
34 47
43 76
31 46
100 145
45 76
62 64
73 91
11 18
29 45
19 46
96 133
97 117
53 90
52 66
77 124
33 72
40 48
10 23
73 89
39 78
72 84
76 103
97 145
100 137
89 130
11 55
5 36
67 98
45 82
33 71
62 90
30 79
27 50
92 136
30 76
24 29
5 50
2 15
34 45
34 45
20 61
29 78
30 62
73 100
32 46
58 88
57 74
72 93
68 110
30 65
62 74
39 45
57 68
10 21
38 80
45 49
72 78
42 64
63 97
16 58
27 39
24 36
46 88
53 89
68 73
27 64
76 116
72 74
28 29
62 64
57 69
100 142
42 92
39 84
24 44
74 88
96 121
32 69
97 133
63 81
61 82
10 59
2 25
17 50
19 28
91 106
62 98
90 104
85 123
76 98
57 64
11 12
52 87
54 55
15 51
19 60
80 117
91 118
42 84
60 100
4 32
51 54
11 42
97 125
89 139
34 36
22 65
36 60
65 103
18 46
51 92
78 88
27 56
4 18
94 137
97 134
94 124
7 37
38 41
78 97
35 38
95 106
88 108
86 123
48 59
3 10
56 84
80 128
45 79
49 68
91 130
100 113
99 123
1 20
96 138
39 62
34 54
18 52
75 121
50 60
87 101
77 115
27 46
66 108
80 81
73 86
14 44
73 105
31 74
52 84
3 4
65 112
46 89
42 62
50 84
45 48
96 124
5 18
76 78
92 105
54 85
66 106
91 117
4 10
66 76
39 58
95 125
99 131
8 11
21 48
49 92
46 64
97 112
75 86
63 72
76 93
99 125
77 117
48 97
30 50
28 52
50 99
94 110
25 41
44 64
44 93
21 41
39 86
100 111
97 121
31 43
5 49
62 77
21 60
61 110
28 55
11 18
55 86
26 34
18 29
75 82
26 76
16 44
71 92
53 65
78 116
46 84
51 90
54 82
45 83
80 88
33 34
47 83
74 98
57 75
90 95
69 93
78 117
28 31
20 55
26 38
58 72
25 55
87 116
31 33
37 67
14 19
41 50
91 101
92 106
11 30
65 82
17 32
26 75
87 126
69 97
3 39
84 112
72 89
9 24
80 95
51 75
41 56
26 28
76 123
50 84
67 73
96 117
79 102
47 56
16 23
4 40
4 28
92 128
42 56
86 112
28 43
56 76
79 115
18 45
47 80
89 95
34 79
15 62
66 70
72 105
84 109
20 62
55 68
7 50
28 34
86 113
57 73
21 42
12 41
85 100
22 28
30 66
80 115
52 80
76 122
95 138
7 21
80 100
86 114
48 77
17 64
65 109
3 52
95 127
82 104
49 82
83 120
67 83
64 96
100 143
38 39
99 107
20 54
44 57
5 55
99 138
30 71
13 28
19 30
93 114
97 126
92 109
22 29
77 92
43 89
98 102
23 30
49 60
29 52
61 97
97 137
97 118
25 57
99 139
92 94
59 62
100 122
26 67
25 46
15 18
26 61
15 36
65 77
97 115
58 91
21 32
95 103
39 64
85 111
14 33
31 77
82 88
5 42
5 9
10 33
100 132
54 61
84 113
48 91
82 114
44 61
44 78
78 80
21 71
95 118
21 25
79 83
46 92
47 93
3 27
12 13
24 54
69 113
76 88
20 69
27 55
48 71
14 20
17 20
32 82
79 103
100 148
65 72
36 46
4 5
26 55
35 79
57 66
10 20
82 118
90 130
5 33
78 99
19 61
25 52
24 69
40 87
3 33
21 61
38 80
58 62
32 74
61 84
26 75
59 65
32 53
4 31
6 36
45 71
21 50
89 120
76 78
20 48
54 91
11 24
75 105
79 95
45 51
31 69
88 115
78 121
20 48
45 49
7 20
90 111
69 101
30 37
29 46
72 83
50 99
18 28
81 97
33 75
30 62
6 21
91 138
61 65
62 105
48 74
58 87
82 103
37 43
33 63
53 103
42 87
43 86
27 56
72 84
39 89
9 27
12 50
68 111
80 127
56 99
75 82
69 86
24 48
56 72
50 85
95 131
58 72
67 111
27 29
90 97
97 124
33 51
33 37
9 39
94 104
80 111
66 77
27 59
68 107
50 90
31 62
61 96
44 78
9 20
33 79
82 118
17 45
44 77
50 78
48 73
99 126
76 112
16 57
22 72
31 32
17 43
69 104
88 102
36 57
95 133
30 51
32 80
79 84
62 88
92 121
72 88
41 49
58 97
50 97
61 107
7 36
80 107
21 51
51 65
88 125
53 80
84 133
56 73
96 107
85 113
3 44
46 83
60 74
71 104
68 106
43 57
39 49
88 113
82 112
74 105
82 94
11 13
57 87
13 32
72 99
49 57
84 118
65 99
6 53
86 117
25 57
64 91
17 26
97 110
66 108
57 105
2 44
50 93
12 28
49 51
86 108
67 73
95 134
98 133
89 129
14 42
40 41
27 77
1 3
73 103
1 33
34 48
84 115
9 22
46 80
55 64
57 79
82 99
19 63
62 82
67 116
95 122
78 126
83 93
44 86
43 85
39 48
45 78
44 78
3 27
45 79
82 87
21 52
39 63
79 121
9 29
52 54
70 112
87 108
4 7
42 65
39 43
38 56
77 82
48 64
35 36
32 47
4 42
16 36
