1000 24873
100 148
96 125
5 45
46 87
37 75
37 41
88 120
28 36
79 126
54 56
10 35
58 95
63 95
6 47
10 41
91 97
62 110
60 82
71 121
98 121
67 85
49 53
28 52
90 127
48 57
2 29
17 27
26 56
14 58
31 56
77 86
65 107
78 81
81 82
10 42
14 55
17 21
50 65
93 143
47 48
3 19
3 29
56 95
65 114
60 76
66 87
8 12
73 88
77 119
30 34
70 109
95 104
31 38
49 61
85 132
30 47
2 42
53 61
7 53
15 51
35 67
83 90
80 107
12 49
15 22
41 51
77 106
84 96
90 114
69 97
30 42
93 135
23 27
86 88
9 49
34 55
3 26
68 114
6 44
31 47
98 99
27 53
26 53
80 89
75 115
62 87
9 35
77 108
14 47
67 90
91 109
100 116
50 79
22 66
63 65
64 99
63 68
39 71
99 146
4 33
59 69
29 39
96 118
82 97
66 80
5 18
15 52
68 106
72 82
73 99
98 103
21 31
99 103
75 106
100 119
26 71
36 42
60 106
2 29
1 39
79 97
44 89
52 57
28 75
18 56
14 21
43 76
32 75
52 92
42 73
35 58
11 12
22 65
31 77
44 61
87 95
87 97
10 16
6 51
10 30
82 113
55 104
31 60
33 67
30 62
82 131
58 88
17 54
94 138
11 18
70 96
72 84
6 7
21 51
51 59
75 115
35 73
45 87
6 40
86 114
38 61
41 49
48 78
59 74
71 74
91 138
97 119
9 22
1 3
2 20
18 52
34 66
57 75
100 112
66 84
38 87
82 95
75 124
54 89
27 33
37 42
23 35
98 117
95 100
44 88
100 126
69 116
30 61
44 62
75 105
67 77
34 76
67 105
15 57
44 50
89 131
5 43
41 70
97 103
57 96
42 90
66 105
91 113
50 65
66 69
8 49
87 101
47 64
35 75
41 91
73 95
23 67
15 29
22 63
17 18
10 17
21 39
38 87
39 78
16 53
64 92
6 7
1 29
30 47
20 62
45 80
18 29
76 105
85 100
66 82
33 52
78 90
31 38
75 115
28 55
96 107
34 67
66 108
94 121
68 90
6 49
66 116
43 60
73 79
39 81
59 78
82 94
11 23
48 65
73 74
27 75
11 58
78 79
27 55
92 107
49 91
23 35
9 34
24 46
7 36
26 67
8 48
37 77
57 106
34 65
16 34
4 15
68 81
81 90
98 135
87 121
39 43
15 53
29 32
11 20
54 84
40 61
44 65
64 105
87 127
16 39
42 82
50 86
93 116
21 38
41 91
93 109
43 74
2 27
17 54
2 11
27 44
76 104
38 88
35 52
62 70
53 73
39 66
29 50
33 63
36 51
67 73
23 56
2 6
48 56
33 75
55 90
87 116
29 41
71 96
25 45
44 78
12 29
26 31
89 97
84 119
67 73
81 104
27 42
68 100
49 60
80 105
46 96
25 63
17 44
81 97
86 131
21 67
71 115
66 83
5 30
6 16
84 107
28 36
7 21
31 61
12 61
14 62
17 27
40 52
84 109
94 123
84 131
47 88
19 54
72 76
83 110
37 78
52 80
61 103
4 28
1 41
40 58
2 26
77 106
56 100
82 123
14 39
76 117
52 89
79 121
80 96
9 55
62 76
59 84
67 78
45 90
71 96
32 41
13 18
10 48
67 102
6 39
93 127
14 41
77 97
16 55
48 51
13 23
68 86
8 54
69 104
20 27
47 61
70 78
96 133
2 11
3 4
9 20
29 79
6 43
39 41
60 77
14 46
52 69
19 62
32 77
96 108
89 106
64 69
9 27
98 104
30 69
66 68
43 82
95 112
42 63
58 87
42 61
55 87
25 71
49 66
23 40
96 100
47 79
92 116
91 131
100 140
46 72
51 101
28 69
51 63
41 45
40 49
16 62
93 113
58 59
47 87
40 73
98 117
62 106
48 98
47 71
44 78
14 16
89 103
90 140
55 77
47 89
32 52
61 65
23 62
32 70
83 103
71 115
79 98
26 71
61 96
78 89
71 92
64 101
58 59
73 107
4 44
97 109
88 117
48 59
6 20
87 107
88 134
3 36
48 63
35 80
1 9
43 91
100 148
90 114
33 82
7 27
88 103
16 37
67 92
62 68
47 55
2 48
32 81
77 104
79 121
45 79
55 92
2 14
8 30
64 103
74 122
63 74
60 110
62 88
63 86
17 31
100 146
50 68
19 67
47 59
36 49
19 24
42 52
36 46
60 88
74 84
42 73
47 92
89 119
60 67
61 63
87 125
13 15
92 94
64 80
92 136
36 71
70 74
93 100
95 103
33 75
18 22
10 28
44 88
79 111
72 115
60 67
30 59
21 31
30 36
77 117
8 32
100 112
70 71
43 79
60 102
43 54
36 54
58 94
31 71
48 73
70 109
17 46
60 86
62 102
32 76
51 72
49 76
1 50
95 123
96 130
33 74
13 46
57 59
76 112
43 57
28 74
87 131
73 117
100 105
16 65
1 35
7 38
16 26
70 104
2 18
27 28
64 108
89 122
36 74
94 130
36 43
6 32
62 76
48 83
19 37
46 56
50 55
67 111
46 54
45 79
14 41
31 81
9 26
70 100
6 41
51 83
49 74
93 123
75 101
48 80
60 88
27 36
7 19
75 115
96 140
60 87
53 95
59 97
48 59
89 121
4 29
36 56
94 103
18 56
35 41
12 38
63 110
84 96
30 49
60 67
28 74
96 142
90 96
88 102
65 90
96 139
91 136
66 68
40 62
65 87
13 46
99 101
44 76
71 115
26 67
91 117
30 52
78 110
50 65
30 64
66 81
5 44
17 20
11 35
74 102
51 61
74 123
88 113
34 56
4 22
48 79
14 31
51 66
37 75
1 33
15 56
84 114
91 119
80 122
23 27
8 58
45 69
74 79
51 82
67 86
99 144
41 49
49 89
28 56
42 64
78 104
46 89
99 111
94 122
56 74
72 112
44 84
30 48
60 76
77 88
85 120
7 55
90 119
35 36
95 130
43 53
1 43
79 96
85 124
33 68
1 21
92 130
29 40
26 52
94 113
95 124
76 96
87 115
43 64
4 53
80 130
72 118
49 92
30 43
65 90
4 14
2 4
60 74
85 113
13 30
37 63
21 35
71 87
78 82
7 24
65 66
72 87
8 18
43 62
57 63
92 136
96 136
100 143
20 24
73 88
46 59
66 101
49 85
84 125
61 66
52 86
63 105
32 34
100 129
93 97
49 75
55 95
46 54
8 50
92 109
10 36
96 113
12 45
32 74
26 49
19 20
96 140
97 136
78 88
91 105
5 49
69 72
38 41
5 42
40 49
10 27
2 3
5 48
58 62
85 126
17 66
61 100
47 81
49 99
60 77
91 129
49 74
67 74
88 133
56 74
10 35
97 119
4 39
73 82
28 41
29 38
91 100
76 84
77 124
20 38
18 39
34 77
88 111
55 78
38 67
79 112
16 57
39 70
84 111
74 118
23 47
100 125
86 119
21 28
100 126
46 47
64 108
48 98
64 71
51 91
56 76
25 57
48 60
11 15
97 137
27 53
91 103
88 89
2 36
67 77
59 79
19 23
100 102
99 141
25 54
89 121
77 103
41 62
79 92
60 62
66 81
53 89
12 38
51 100
26 68
63 64
48 97
89 127
63 66
63 71
39 68
18 40
87 126
38 80
80 107
84 114
65 85
70 110
23 53
18 21
88 89
81 131
89 97
40 43
79 122
13 51
28 64
56 75
5 14
59 109
67 87
22 47
11 46
30 78
25 48
36 65
93 143
24 47
76 94
7 11
39 69
15 63
24 51
25 45
52 94
3 8
60 62
68 79
24 68
34 67
86 101
11 56
15 47
74 98
50 99
45 72
38 50
30 64
52 99
95 115
88 124
71 89
68 112
50 70
52 67
92 110
38 88
44 61
68 110
13 32
2 24
6 30
27 44
25 74
82 125
31 39
79 82
42 86
98 118
54 103
75 102
35 69
65 110
41 51
60 67
14 57
38 76
98 116
43 71
89 123
44 83
82 95
11 13
11 45
32 67
63 81
55 56
69 105
58 92
22 65
81 86
60 66
27 43
60 83
36 42
8 18
42 74
67 75
1 7
39 40
20 28
76 110
26 62
84 86
68 113
85 127
50 96
5 38
82 94
44 70
46 62
77 127
26 66
56 75
88 122
9 33
70 107
42 78
77 89
28 50
15 45
9 27
39 68
93 140
68 108
74 110
52 59
61 84
92 136
53 67
100 125
12 15
80 127
25 35
47 52
47 88
61 62
48 98
52 75
95 109
92 119
97 138
71 87
17 34
4 13
58 59
25 65
74 121
51 87
53 56
53 74
65 81
61 81
91 140
9 21
81 92
16 51
61 81
41 74
8 38
13 46
92 101
71 105
44 75
68 86
17 55
90 112
29 50
65 105
93 139
23 59
8 24
41 79
45 46
24 56
45 94
3 4
100 124
70 115
5 42
4 30
22 37
22 26
16 64
64 80
30 47
