1000 25331
77 90
70 81
8 152
89 91
25 150
20 136
49 113
78 97
98 82
34 124
85 75
19 133
83 95
79 80
5 162
28 148
78 98
47 131
12 143
68 92
55 108
54 125
33 127
1 163
61 94
24 136
36 137
8 150
39 136
79 88
43 108
16 146
49 119
50 103
56 97
73 89
22 158
5 151
2 176
71 101
90 73
86 71
89 84
72 80
16 149
46 105
52 126
94 67
44 134
15 159
13 149
98 55
68 97
97 66
98 60
80 89
21 143
86 94
39 137
11 147
64 103
82 87
26 135
64 90
83 88
34 121
88 69
4 166
90 71
89 66
27 134
79 86
27 126
15 160
3 164
42 126
12 163
6 150
87 83
56 109
20 151
99 74
5 162
39 116
48 129
55 111
18 148
68 92
92 73
56 105
78 81
7 144
89 82
56 114
71 105
72 89
89 85
58 117
27 146
78 98
99 80
53 100
8 153
25 126
20 150
10 159
66 94
31 133
67 99
53 118
38 140
86 70
3 160
95 61
76 85
50 101
49 122
93 75
17 143
40 138
1 177
47 122
46 132
41 128
54 126
68 98
12 159
42 123
26 134
91 72
71 90
24 156
43 115
30 133
100 80
62 115
40 111
65 87
45 107
58 108
17 155
82 90
44 127
20 157
76 93
19 154
69 108
76 84
64 96
38 141
15 142
16 164
36 131
61 115
56 104
89 69
80 73
20 152
82 90
5 149
10 145
52 122
80 73
4 150
33 123
79 96
66 106
24 154
96 80
10 163
82 73
12 147
43 113
25 143
83 72
71 104
95 57
4 170
46 130
10 144
41 131
61 113
77 76
28 152
73 88
33 121
16 141
52 112
4 171
97 73
9 158
65 106
100 64
40 122
68 106
32 129
71 85
33 132
56 103
66 107
94 86
37 118
29 122
89 66
13 159
12 144
59 120
59 115
67 104
4 162
69 100
59 103
64 95
45 126
86 75
88 82
29 137
1 166
40 135
84 76
49 129
100 53
48 103
48 113
39 125
16 158
31 141
9 152
100 51
86 86
26 127
46 134
74 94
55 99
34 120
86 74
18 133
92 83
97 78
84 87
95 65
65 98
42 110
11 158
61 114
27 127
98 82
42 118
79 83
89 85
25 136
27 132
88 88
73 88
26 144
27 133
40 137
56 97
87 75
39 138
42 124
13 152
84 84
67 86
19 141
69 102
53 101
36 124
60 105
49 121
71 101
7 160
65 109
64 109
17 138
77 83
42 126
66 88
18 143
20 159
55 122
43 129
98 81
42 122
67 107
23 137
20 145
6 156
78 84
59 118
96 84
19 150
71 90
80 87
38 126
41 129
48 132
90 77
28 143
60 104
90 89
50 112
66 114
6 158
13 163
34 142
82 92
54 109
99 72
52 102
73 80
53 106
94 81
22 129
95 78
12 149
44 117
66 91
17 155
21 143
24 151
12 160
92 61
46 109
43 137
29 129
86 80
43 136
70 96
65 113
2 161
11 153
14 145
19 135
16 162
26 150
52 120
49 122
31 127
50 112
100 66
55 97
55 116
45 116
76 77
49 106
56 107
19 136
66 95
24 130
40 128
90 66
88 79
31 131
87 65
30 137
11 158
73 87
24 141
80 75
89 68
25 144
90 70
3 155
95 70
57 100
80 73
98 58
57 112
11 142
48 111
9 146
65 89
54 125
53 104
41 115
54 121
61 100
59 101
19 159
84 80
50 120
8 145
71 80
32 119
95 81
53 106
42 120
19 158
76 97
73 93
59 117
53 109
14 161
61 92
47 129
22 152
93 62
45 128
79 75
55 124
44 107
39 141
19 134
97 75
91 87
11 169
50 116
3 155
22 130
20 143
39 125
23 148
80 77
9 147
55 108
26 149
13 151
48 126
44 127
89 89
73 78
54 112
41 118
86 90
15 145
39 137
60 101
59 98
35 125
90 66
13 142
30 131
28 128
83 74
78 96
70 105
94 85
79 80
73 80
67 113
99 65
11 147
89 81
78 84
71 92
95 79
3 153
84 84
43 125
98 79
24 141
67 101
51 103
16 150
4 151
17 147
6 155
63 94
27 143
41 130
4 159
39 127
22 151
31 129
74 99
100 66
53 123
67 104
30 136
77 93
85 77
28 151
39 138
73 100
57 104
9 150
68 98
11 147
44 124
62 91
60 94
19 134
80 83
63 117
34 134
83 76
31 124
40 138
98 68
58 108
32 128
1 169
48 103
53 121
32 139
21 144
4 155
36 130
39 116
34 141
12 144
23 135
13 152
50 102
48 132
22 153
58 95
67 99
32 121
54 116
80 80
44 134
24 148
59 105
6 163
58 101
41 132
36 137
49 130
38 142
93 65
80 100
39 130
93 66
84 90
22 137
13 160
40 112
57 117
52 118
73 95
68 111
26 151
37 116
69 104
73 96
58 111
26 149
91 85
42 129
31 125
70 107
85 76
55 123
28 133
42 137
64 114
21 154
77 87
12 156
58 116
22 149
43 125
48 106
14 157
78 75
21 141
78 78
17 137
29 148
81 94
41 123
48 120
59 104
78 88
16 144
31 142
87 67
94 82
74 94
80 87
76 75
43 122
64 105
82 88
71 96
57 110
45 123
91 62
34 138
8 147
100 76
7 156
50 114
100 71
72 103
28 138
72 102
49 131
96 74
1 169
82 84
37 138
100 79
40 131
14 146
68 112
22 141
52 103
61 114
95 56
32 131
88 88
38 119
47 104
70 87
60 105
4 156
14 160
50 117
89 62
22 149
1 153
95 60
23 131
52 122
18 154
2 168
24 143
18 153
98 53
76 102
99 58
86 89
75 102
38 139
51 125
94 82
12 139
2 178
54 109
6 167
85 70
42 138
95 76
32 123
63 93
54 101
87 69
76 104
55 108
75 82
49 121
8 158
21 132
24 149
59 92
38 136
77 77
82 77
55 102
26 128
9 148
6 149
11 167
84 69
95 78
61 104
29 141
6 167
15 142
83 69
12 154
99 62
76 75
58 98
82 75
38 119
12 141
68 95
65 113
18 139
94 67
66 101
25 148
66 89
89 62
84 81
3 176
17 138
17 157
10 167
43 115
26 154
15 136
5 173
61 113
9 164
18 136
89 66
67 98
32 128
71 108
78 94
82 88
98 81
87 83
16 153
87 90
98 74
35 116
4 170
16 162
29 132
69 91
92 70
94 71
9 144
75 94
49 106
25 132
92 70
10 141
19 137
17 136
24 127
24 151
77 91
84 81
41 138
65 99
50 130
72 86
88 74
79 92
5 165
37 124
66 86
20 138
24 155
15 158
55 103
27 146
82 81
35 125
47 127
74 92
80 86
55 121
100 54
80 83
31 143
91 66
89 74
50 130
7 152
64 92
73 101
35 133
100 70
65 107
52 100
1 160
88 84
39 116
80 94
92 69
27 130
97 78
64 104
50 106
63 97
70 97
28 150
97 75
4 164
26 145
22 135
35 118
80 79
21 140
15 142
63 89
12 147
55 115
12 139
70 90
71 96
36 131
57 120
70 86
100 58
8 162
70 89
39 140
98 77
1 151
30 121
24 127
49 127
93 75
26 130
64 91
62 114
5 170
60 108
17 146
31 127
33 142
52 106
62 104
53 124
18 146
24 143
16 139
24 151
87 73
38 126
94 67
74 102
94 59
63 96
25 150
1 163
85 82
63 103
50 108
37 131
45 121
73 78
38 117
37 139
50 128
1 151
51 120
55 110
12 157
67 109
85 87
44 111
70 105
98 81
96 77
39 119
74 83
64 106
63 112
60 106
1 152
56 99
86 67
94 83
71 84
62 108
46 115
55 116
25 130
95 65
43 137
69 101
19 133
80 97
57 108
69 111
32 146
59 119
75 81
43 115
26 139
11 166
86 77
47 112
8 167
34 121
86 80
81 70
97 77
48 112
93 66
97 72
55 102
78 75
42 115
25 136
39 133
87 80
31 143
15 161
33 136
74 91
35 123
51 119
5 156
92 72
71 90
37 143
50 111
45 121
31 127
27 148
55 99
17 153
26 149
15 155
2 164
11 150
95 76
50 102
10 152
87 84
98 64
64 96
64 109
39 129
89 74
55 110
77 100
71 85
69 83
9 156
96 74
56 103
11 165
1 172
47 126
34 145
37 135
48 127
30 126
67 112
27 135
37 123
35 125
52 104
51 128
88 80
14 144
45 116
37 124
75 87
84 89
34 138
90 81
99 67
24 135
30 145
53 119
100 77
1 179
74 91
8 145
96 66
29 145
71 108
96 58
27 131
4 165
84 83
26 148
33 141
3 163
4 151
69 106
89 78
7 146
19 147
77 99
72 80
16 152
65 91
46 109
99 62
51 126
36 132
97 71
74 104
65 97
2 157
74 100
17 145
27 138
81 96
13 152
7 151
51 116
60 108
33 124
6 171
96 58
10 141
39 123
98 63
66 111
59 98
86 84
72 99
78 86
14 143
44 129
45 106
79 84
41 128
95 66
81 70
28 128
91 79
54 124
45 123
44 126
