500 7395
38 37
69 21
96 34
28 4
31 66
77 67
81 87
61 20
5 91
100 98
84 59
28 8
15 73
33 6
46 10
5 19
66 7
75 3
23 4
44 93
70 5
12 66
92 9
99 22
40 15
73 61
82 82
92 31
79 82
74 81
3 67
68 70
94 53
98 100
95 73
24 71
27 19
28 59
85 42
31 9
79 9
20 1
10 69
94 33
4 6
56 78
50 51
69 64
30 32
72 55
64 57
99 88
35 72
55 17
50 61
74 87
80 77
83 94
65 17
10 58
56 26
67 84
78 27
1 79
16 35
24 99
25 1
94 53
3 9
61 42
76 14
82 69
32 94
86 82
27 1
36 100
41 11
76 52
56 63
22 94
99 58
20 71
73 81
33 29
26 87
74 93
58 67
5 63
56 87
22 36
15 72
64 12
40 71
44 98
16 42
7 5
19 48
40 42
1 10
22 9
52 36
76 23
3 77
84 29
61 4
81 30
71 80
53 66
8 81
26 95
27 59
6 90
97 65
51 91
90 70
23 52
24 83
47 37
79 66
31 21
20 72
45 38
46 85
11 94
88 87
62 78
17 98
59 87
53 20
69 59
80 95
5 55
45 81
34 23
40 35
57 36
14 52
62 15
62 1
21 84
39 9
88 59
78 73
36 73
38 49
67 95
10 76
13 84
65 31
88 94
95 56
36 54
33 83
93 40
46 47
72 21
6 18
14 96
30 7
10 89
83 55
61 53
66 95
27 87
94 76
5 29
35 23
59 27
18 95
96 23
79 63
57 3
35 34
8 87
92 28
72 82
26 81
1 55
36 17
42 11
40 100
83 73
77 16
72 82
27 64
22 14
96 3
32 33
88 62
25 61
41 73
70 16
86 14
59 67
48 2
31 89
15 48
82 76
90 67
33 42
30 51
20 81
89 97
64 84
28 68
80 24
88 17
5 48
32 30
75 34
47 11
71 30
57 58
23 78
95 63
83 21
97 92
90 17
66 6
84 53
66 78
59 78
5 20
3 43
17 97
4 73
34 31
31 44
37 49
23 49
63 37
66 51
94 30
51 33
82 34
73 97
82 8
69 50
78 96
13 90
43 35
24 6
36 19
52 92
98 84
30 33
86 65
94 27
19 50
52 22
29 31
36 27
10 99
85 50
39 69
78 95
88 74
72 51
8 90
25 74
46 51
23 27
42 24
39 32
25 11
23 9
12 80
7 19
43 59
41 76
71 60
38 45
64 33
6 78
89 89
61 68
35 10
74 5
7 94
5 11
77 26
87 76
41 37
86 76
72 77
31 57
15 71
11 51
2 59
75 60
35 76
99 62
97 38
29 100
89 93
73 49
3 8
52 73
79 19
46 18
92 100
2 78
83 15
7 32
7 7
71 3
68 100
42 68
96 59
26 45
98 79
73 84
12 21
90 67
10 59
35 97
20 76
25 81
46 99
73 86
51 93
32 75
71 47
99 30
12 26
12 40
71 30
15 33
63 64
50 100
60 3
55 63
51 29
94 17
61 94
9 87
16 71
80 45
2 55
11 29
57 42
100 33
35 12
21 62
89 51
45 22
55 10
9 26
21 3
52 61
81 12
23 95
84 35
4 58
21 76
95 60
15 49
91 58
9 44
77 12
92 9
20 98
83 26
94 90
13 14
96 72
3 76
80 84
75 16
4 30
43 64
32 57
55 14
77 75
52 70
44 65
73 49
58 32
4 42
45 3
10 92
36 53
67 97
93 26
39 63
87 24
39 37
5 11
78 33
100 32
34 75
69 42
71 30
16 52
63 31
36 43
11 23
17 58
15 79
38 91
20 88
57 42
21 99
75 53
34 69
24 69
70 69
58 69
81 100
25 11
3 71
42 43
60 15
69 19
86 20
51 77
8 94
25 8
55 40
37 27
76 39
40 66
57 20
46 68
56 17
19 2
81 63
18 92
87 59
96 93
55 82
7 46
52 86
75 80
33 51
37 6
50 100
2 19
95 74
31 51
26 81
49 96
72 93
37 96
69 14
58 64
87 24
76 8
34 71
94 15
12 34
9 10
33 80
21 5
54 29
40 49
91 6
35 91
10 92
78 64
30 35
64 73
84 62
33 21
91 4
68 12
22 78
40 56
21 82
16 4
22 58
98 15
16 99
46 51
34 62
84 13
3 66
73 85
12 72
88 37
18 100
75 5
96 46
2 31
95 61
1 74
42 31
86 66
35 17
3 22
63 29
16 3
66 46
98 90
1 75
8 2
65 53
22 53
100 57
37 87
