1000 24423
96 52
78 65
38 55
3 81
9 45
88 79
2 4
97 64
68 12
44 43
65 21
43 73
51 38
55 48
6 63
9 75
92 54
24 17
27 95
69 20
66 70
4 14
63 25
2 7
52 88
24 84
68 55
39 37
11 17
84 23
93 86
58 69
13 39
82 40
61 1
74 83
22 70
14 4
70 47
89 82
9 46
87 19
84 6
59 35
41 66
89 68
20 9
85 72
64 36
98 3
53 91
30 6
54 16
67 68
83 12
5 55
90 51
2 18
95 92
52 19
85 92
39 29
10 87
49 31
21 69
22 87
22 65
42 38
35 42
44 11
30 71
43 87
30 82
65 77
54 73
22 99
6 44
25 81
6 70
69 32
22 35
10 13
50 89
75 2
28 80
32 52
32 57
17 82
85 70
78 100
21 100
21 13
17 80
30 39
70 95
37 48
51 77
91 60
78 86
37 19
34 22
59 8
31 57
15 3
24 84
84 30
37 2
81 80
60 62
94 23
49 11
82 97
56 87
99 51
8 98
83 66
82 2
91 6
100 99
19 23
69 57
72 99
39 36
85 37
1 37
60 30
21 84
3 65
51 89
50 21
39 83
36 11
8 29
69 92
3 65
83 64
5 73
91 18
63 43
64 34
84 93
12 5
97 30
91 79
62 55
5 80
74 45
95 57
47 85
25 95
13 79
15 94
96 93
4 66
51 82
48 81
63 48
71 17
50 46
65 88
20 38
40 80
53 50
80 18
60 71
55 15
62 33
64 43
45 84
77 28
80 29
80 76
40 32
76 58
71 55
1 39
32 89
44 51
47 95
79 26
20 45
12 25
45 19
15 38
15 43
96 100
62 70
29 90
18 16
63 67
94 77
90 5
54 47
46 27
69 74
13 69
52 93
82 7
29 64
96 76
58 34
60 44
75 52
97 17
35 1
97 6
49 55
19 42
40 56
96 1
49 67
59 52
59 78
93 37
25 41
73 20
40 36
38 11
1 9
58 3
52 77
46 37
47 60
5 75
91 15
67 85
18 96
42 7
48 91
98 11
89 83
58 76
57 54
16 86
54 45
43 6
12 43
55 99
61 47
4 50
2 52
9 13
14 1
60 29
54 49
91 42
84 48
93 36
28 52
36 56
50 91
80 80
82 44
48 2
84 7
24 59
14 86
53 2
18 65
14 29
50 12
6 99
71 56
58 17
73 36
24 100
1 22
85 78
30 51
61 69
40 27
31 2
22 33
53 80
90 30
27 34
95 21
73 77
19 21
23 24
9 84
21 63
54 55
42 27
20 64
37 61
65 85
34 50
42 14
82 2
47 78
43 77
40 100
69 85
1 93
12 36
92 85
1 67
48 65
74 35
13 35
87 44
4 36
34 19
92 23
94 65
60 4
86 95
18 41
31 25
60 18
78 76
3 87
13 24
19 2
22 51
2 85
36 39
7 52
43 50
17 40
53 81
85 27
8 91
21 65
37 71
20 78
65 49
37 37
19 43
38 35
50 23
58 86
93 70
35 42
1 60
86 86
47 45
38 54
56 78
29 21
98 23
85 53
31 8
62 46
4 7
4 10
15 82
39 45
11 61
57 84
7 84
63 41
94 10
15 74
36 57
30 80
86 4
52 58
19 69
56 46
41 92
20 91
13 83
33 14
54 32
13 94
71 99
52 29
3 47
78 77
80 49
52 21
62 29
62 8
13 18
65 35
66 17
28 52
55 31
76 29
36 35
14 14
90 21
81 96
80 40
77 78
63 27
65 43
80 87
81 95
20 40
20 78
100 86
85 74
5 91
5 69
49 67
75 90
9 49
51 65
4 18
40 98
2 85
65 98
2 57
67 2
82 85
19 74
94 5
36 15
46 54
81 39
49 81
35 75
62 34
28 20
64 4
24 13
44 14
43 90
4 7
16 5
15 67
55 92
100 78
19 10
59 13
100 44
45 51
19 61
51 60
48 68
59 10
4 44
64 17
60 67
70 97
45 1
30 92
63 2
81 68
75 97
44 92
81 48
61 71
5 78
61 19
24 26
80 90
56 84
19 15
83 48
23 88
33 34
89 40
22 17
3 43
47 4
74 60
99 45
66 64
24 71
98 12
76 26
27 14
61 80
35 92
97 62
6 33
16 35
11 15
38 100
90 31
6 59
18 99
50 54
62 36
30 69
26 79
41 77
38 52
44 94
75 24
60 91
28 79
63 15
34 7
82 21
62 18
7 18
80 17
79 34
30 88
77 28
54 59
8 53
37 59
40 2
56 14
42 91
55 88
19 81
79 42
44 18
24 39
49 40
45 23
86 74
30 60
70 2
26 2
67 63
65 47
1 25
27 53
44 25
63 40
60 11
25 97
24 57
18 28
4 13
2 42
99 67
80 92
55 100
6 19
69 50
94 1
14 85
10 93
100 88
32 65
41 34
43 58
55 3
89 26
40 80
92 28
18 85
61 33
18 29
85 100
26 79
70 5
63 52
69 55
84 44
74 63
46 3
8 53
91 42
49 15
61 94
89 9
81 58
68 46
46 27
49 60
13 46
11 11
58 52
13 86
42 27
50 37
7 95
49 81
38 14
46 74
40 60
8 51
59 7
9 40
44 50
84 37
30 45
6 1
4 44
14 40
31 15
49 46
21 92
73 9
50 61
33 38
13 17
30 70
52 83
58 95
30 29
65 80
21 58
39 32
29 17
14 84
89 69
87 11
14 17
26 82
85 37
54 76
33 32
43 95
14 16
76 81
78 31
44 60
33 34
33 74
57 51
63 100
34 20
29 95
35 8
83 32
13 32
47 24
64 1
65 66
57 71
93 30
81 97
29 28
31 13
9 14
42 63
19 81
95 76
56 79
97 15
79 12
61 55
81 98
73 6
26 70
57 79
50 37
21 81
41 64
83 62
77 31
56 63
16 33
57 25
90 23
98 64
22 8
89 46
13 17
86 25
97 68
5 98
18 22
77 95
87 10
26 87
18 58
58 43
72 62
25 88
54 57
3 74
85 42
34 54
75 79
63 63
42 84
25 67
83 95
83 99
59 29
12 78
38 62
74 61
20 54
79 84
23 77
41 62
19 81
35 93
78 38
67 1
39 42
95 59
43 95
77 51
72 45
13 4
34 93
96 7
37 92
87 49
98 32
74 85
73 55
24 10
36 100
14 38
100 77
18 94
48 37
58 57
29 71
37 50
31 69
49 25
16 85
53 45
41 38
86 17
87 89
19 75
5 17
77 30
13 86
47 64
6 33
37 82
59 67
39 25
32 40
48 10
78 26
81 71
21 95
50 80
4 33
56 94
63 69
56 61
25 39
63 57
13 17
6 10
99 6
44 37
6 86
66 42
48 34
46 75
52 59
87 22
64 1
56 27
15 4
29 86
54 90
20 36
17 20
13 57
59 12
48 59
12 66
36 37
80 82
32 12
85 16
35 14
39 57
99 85
90 74
63 96
61 93
3 42
68 57
12 99
98 78
25 94
77 92
45 63
71 68
28 50
31 37
86 20
35 77
46 40
66 58
89 18
17 27
82 77
53 74
75 38
81 35
64 92
62 75
60 16
47 55
98 42
47 81
85 12
49 78
36 54
47 7
61 71
90 47
67 15
72 21
87 77
91 8
49 12
84 39
13 75
28 14
14 75
99 46
63 42
11 66
64 3
3 59
28 92
98 79
55 85
54 82
78 66
70 28
16 8
90 33
16 82
13 49
36 66
100 93
61 79
23 71
98 51
22 1
13 18
16 65
45 21
51 94
7 24
93 32
34 84
71 98
21 97
100 11
21 96
35 38
10 76
37 98
37 97
89 20
34 29
43 33
43 1
63 46
64 60
10 60
4 78
79 41
22 60
91 43
30 86
35 38
14 14
79 88
8 38
78 83
95 5
52 10
28 28
53 28
97 94
14 11
23 78
69 90
13 73
44 73
3 28
22 49
80 70
91 76
63 20
65 50
33 8
5 72
27 95
48 67
14 31
83 73
78 59
87 90
73 67
59 44
73 28
38 32
37 84
80 17
15 14
83 88
84 27
95 93
35 15
80 20
8 56
10 92
100 9
72 28
5 64
2 88
93 28
36 86
92 63
7 47
52 35
76 22
11 18
78 30
75 40
76 48
12 54
52 99
15 38
85 20
10 94
87 17
22 4
46 77
19 33
89 69
29 64
54 11
35 62
15 79
85 30
94 17
76 70
84 39
65 96
80 86
85 78
9 24
67 71
28 93
16 70
18 5
55 14
78 40
96 34
29 54
6 87
59 87
32 52
20 76
43 59
41 97
58 92
17 62
38 74
76 77
57 30
66 37
29 87
91 43
33 67
13 17
84 11
8 37
48 7
48 7
88 74
84 84
56 82
54 44
63 76
23 51
72 48
17 42
1 42
19 34
97 95
6 29
29 20
28 98
25 4
72 30
20 94
82 48
40 91
58 19
10 24
96 73
75 56
90 62
86 15
7 74
55 78
21 78
15 62
2 36
68 36
54 35
86 72
75 17
59 78
48 99
98 19
82 78
17 40
98 61
