1000 24781
7 72
41 27
68 88
96 31
80 29
48 20
47 20
79 96
18 70
97 51
76 12
24 95
15 70
92 46
78 52
89 98
97 74
90 56
10 83
61 65
85 67
29 81
74 22
90 48
78 34
41 57
77 90
4 35
47 80
58 69
86 37
53 52
98 48
5 25
1 34
78 28
52 96
99 53
8 23
70 65
47 3
35 86
45 59
61 72
26 32
74 10
49 22
74 57
15 17
10 56
34 21
51 35
91 88
60 43
40 34
68 21
100 51
68 76
72 55
98 30
26 96
9 44
2 33
75 43
14 20
54 66
4 70
65 15
53 19
11 45
86 79
99 73
45 30
82 89
60 97
22 61
55 98
60 70
47 18
70 66
70 25
81 38
20 52
60 12
92 32
12 85
79 84
91 82
79 60
2 90
40 64
56 56
11 33
41 96
31 98
76 4
95 14
34 68
40 18
99 84
97 12
78 48
97 56
93 41
59 36
8 52
15 54
66 85
20 21
61 71
35 50
41 97
93 60
6 53
100 60
84 44
69 38
30 43
26 77
48 97
32 85
17 40
3 52
94 17
58 88
33 2
69 21
4 53
19 21
60 90
54 36
15 32
89 38
2 91
7 24
48 73
10 95
73 29
65 58
81 67
86 99
51 59
21 16
78 11
56 12
72 75
14 54
25 49
1 70
91 82
24 97
84 54
8 74
78 1
77 22
17 13
63 2
97 42
72 65
81 22
57 84
25 100
95 5
45 21
26 42
1 80
44 45
87 88
26 9
8 54
67 55
11 7
58 13
39 70
88 69
66 76
10 96
53 74
42 76
63 65
96 56
65 72
46 70
3 81
42 72
75 92
19 93
4 73
71 85
42 57
36 46
79 68
66 8
30 50
76 40
91 49
83 30
19 85
30 37
8 38
79 38
48 43
18 96
88 2
87 64
57 65
53 77
48 59
62 90
94 52
10 76
57 97
10 76
8 45
11 77
4 99
82 36
29 69
59 72
4 21
70 77
95 69
83 40
87 84
76 19
58 80
29 85
58 100
28 16
58 73
17 37
6 5
58 15
86 84
94 7
44 78
95 100
98 35
43 88
56 90
44 39
5 63
64 38
53 66
64 8
74 15
8 64
45 43
54 35
67 87
48 15
75 12
13 56
30 55
61 95
88 26
39 86
89 31
98 25
67 1
99 3
14 13
72 5
56 69
52 48
17 63
51 98
46 48
15 50
93 86
53 89
10 40
49 48
16 26
14 5
12 7
89 40
22 20
8 2
42 75
40 7
56 16
68 38
52 62
37 22
28 84
39 39
76 7
68 15
36 63
94 59
66 69
2 27
65 16
73 38
53 74
34 78
23 35
50 21
100 79
68 72
2 61
9 70
16 72
69 87
74 26
80 78
57 78
95 46
87 79
50 4
34 52
94 47
17 41
85 65
83 68
96 77
76 3
10 27
63 91
63 65
3 85
81 59
16 43
19 100
53 48
20 16
52 30
76 35
69 37
3 60
95 6
22 49
63 30
62 29
90 35
37 55
41 7
98 65
31 100
80 37
47 68
17 3
73 35
15 61
53 67
7 55
62 37
80 69
16 81
25 27
43 85
18 17
5 37
58 27
89 17
57 37
78 95
92 98
84 71
98 83
95 57
78 28
20 31
9 38
40 57
9 66
45 93
32 15
7 30
28 44
11 3
5 49
44 47
36 38
72 9
48 65
42 92
33 45
28 86
58 24
9 23
70 70
27 40
13 12
79 49
67 8
22 100
8 43
59 57
57 22
6 77
5 14
87 49
25 7
13 51
78 57
85 72
10 95
9 23
43 53
37 39
20 26
100 2
32 37
7 63
71 62
79 1
48 6
55 59
58 86
57 81
64 33
79 8
36 20
28 44
58 8
2 80
1 95
17 2
12 36
58 16
22 78
16 1
96 65
98 84
81 52
73 73
83 8
90 46
81 96
77 60
78 36
52 73
76 13
9 72
58 35
46 27
39 73
6 92
53 85
49 10
14 72
16 17
27 17
49 43
95 13
36 24
51 22
96 7
53 77
62 10
5 23
74 54
30 10
100 39
24 38
62 13
24 63
6 45
51 11
4 10
82 56
80 46
8 82
10 21
88 70
65 68
55 47
78 42
22 59
7 83
26 3
36 82
74 99
5 72
84 25
69 63
40 47
86 98
16 22
92 24
100 7
72 96
18 77
29 69
23 86
41 14
90 81
46 48
98 10
92 91
49 58
31 66
71 37
56 91
40 86
10 58
73 59
47 84
87 51
94 69
5 66
65 53
81 51
79 16
69 24
17 27
99 79
60 71
2 24
66 52
4 94
53 83
37 99
21 22
33 51
59 84
13 36
22 83
4 83
10 97
65 74
4 92
92 62
87 62
12 83
32 99
96 19
84 41
78 82
35 69
29 61
82 99
51 73
62 11
12 15
71 97
78 37
10 45
30 19
31 13
75 96
85 64
84 47
63 94
5 85
16 49
21 29
69 72
90 31
24 11
30 69
6 56
80 3
22 82
93 69
91 85
53 81
40 39
26 77
30 14
74 59
6 37
63 13
76 32
67 100
75 79
46 80
44 88
36 23
28 50
27 100
11 70
12 13
10 98
73 15
69 97
77 46
46 43
37 21
66 77
21 53
67 89
72 84
100 7
40 70
16 53
90 43
92 2
55 43
67 19
73 16
81 2
73 8
35 80
56 85
39 7
61 58
54 16
35 94
97 32
81 65
61 46
59 1
44 29
70 43
31 15
12 25
98 41
28 9
1 97
16 17
49 13
19 85
87 52
48 20
58 55
54 56
90 62
49 8
8 99
56 33
73 23
40 52
28 40
59 54
96 36
67 98
20 63
1 51
1 43
16 94
33 67
61 88
26 94
76 95
82 83
8 60
88 71
79 23
36 68
40 68
94 91
84 81
58 52
32 42
31 52
15 58
37 50
20 65
15 66
97 48
76 97
39 40
36 51
3 88
97 46
83 38
21 37
68 8
83 88
73 80
35 2
15 6
85 19
60 47
43 100
66 53
68 7
30 22
97 75
3 26
21 89
42 17
86 58
78 93
26 11
16 9
44 2
14 60
88 26
10 19
10 59
15 22
48 11
46 9
69 62
44 56
80 46
90 50
64 15
15 85
14 29
98 68
29 42
99 100
58 15
71 41
16 52
25 73
52 62
64 79
79 50
24 3
58 95
64 8
1 95
35 57
31 68
96 48
48 16
18 93
5 67
58 26
84 67
52 77
55 34
53 80
48 84
34 31
42 29
11 98
48 67
7 10
8 66
29 8
5 9
17 80
51 48
21 12
93 4
55 62
84 42
71 53
78 16
41 89
34 12
31 10
75 45
17 80
26 57
75 13
86 24
31 75
32 38
70 90
82 3
38 24
22 21
81 86
23 54
15 50
91 84
23 21
21 59
51 1
3 28
26 19
19 32
53 28
98 82
12 35
59 41
33 24
82 39
37 56
26 12
68 51
67 17
52 56
36 82
44 25
26 68
21 5
74 100
9 58
42 47
8 2
46 81
63 67
88 88
21 34
29 16
31 23
43 6
2 26
33 23
97 86
79 96
51 54
49 13
76 78
62 40
60 53
8 53
44 78
48 60
85 64
63 80
66 76
37 71
98 61
9 100
62 91
18 18
83 99
23 48
60 64
90 53
20 28
74 82
29 92
40 13
55 50
59 14
34 71
56 27
91 88
30 56
34 23
42 41
31 20
61 52
3 80
90 24
20 4
98 9
89 83
5 67
12 89
54 58
41 89
9 1
62 57
54 79
79 18
44 8
76 26
90 33
85 60
96 5
15 67
14 51
87 70
69 16
72 64
21 40
76 42
15 51
2 95
9 16
56 43
32 14
21 67
10 74
73 37
93 70
60 82
61 19
97 88
71 22
14 28
89 77
80 23
28 84
94 7
10 92
71 91
22 33
99 25
8 50
17 89
13 91
21 52
55 58
34 58
44 15
75 97
9 99
58 17
29 43
70 15
65 11
60 56
90 33
27 84
85 44
82 3
86 18
97 14
30 42
56 39
63 41
18 70
87 13
90 77
64 77
96 5
12 67
85 61
46 81
19 69
53 49
59 23
39 20
7 7
92 80
35 87
34 55
52 30
92 55
62 98
21 96
9 66
73 5
11 29
35 1
57 49
44 83
20 18
54 14
74 24
27 9
68 55
43 46
14 21
57 31
58 22
9 25
68 49
42 82
55 57
87 17
94 30
65 79
77 89
1 88
8 10
11 75
34 43
59 40
55 81
95 92
80 35
63 98
67 96
42 63
49 99
76 96
37 45
68 68
81 10
10 21
46 76
48 64
5 66
59 49
4 46
62 39
20 25
23 46
4 20
26 82
9 63
49 1
90 12
86 3
1 89
49 22
48 29
34 83
7 61
2 9
80 74
38 95
16 7
99 69
31 10
64 57
26 65
68 6
83 24
6 74
29 26
29 52
5 89
85 43
39 52
60 86
47 81
58 76
82 31
2 52
83 9
43 45
2 53
24 21
28 47
3 93
