500 17507
84 86
15 51
29 39
46 95
40 51
13 66
55 73
80 30
5 17
65 26
77 68
67 66
84 53
34 1
39 98
79 50
30 17
21 76
96 53
97 44
19 11
38 8
50 25
34 17
75 68
11 44
45 33
50 47
7 98
23 26
77 80
43 35
38 76
6 18
88 30
29 27
18 35
95 54
60 8
74 52
59 79
37 27
40 17
94 31
70 27
31 67
72 81
51 96
3 94
20 85
48 39
21 4
57 44
49 15
54 20
83 63
59 10
51 5
84 10
17 59
73 30
61 89
11 93
10 58
66 58
99 74
39 84
35 93
45 27
50 91
9 44
3 5
86 69
100 12
48 36
8 48
82 30
19 68
58 43
84 23
38 52
5 33
5 26
47 47
53 99
10 98
81 10
63 8
60 54
65 19
32 18
33 35
77 59
42 10
94 92
94 16
92 84
84 27
28 60
36 62
34 17
88 55
90 67
19 38
40 67
37 54
78 85
21 48
8 21
36 79
57 71
97 24
40 11
61 48
95 70
45 9
22 97
76 79
7 68
34 50
40 49
90 85
66 85
16 7
84 46
11 28
61 75
75 81
47 55
88 34
63 43
32 23
28 89
52 9
2 60
19 7
41 14
80 44
39 54
100 34
15 22
47 76
48 9
54 84
7 24
43 30
50 44
81 20
18 9
9 63
14 22
9 9
98 99
31 6
76 68
81 45
93 33
36 42
8 77
39 39
75 75
70 19
70 62
54 15
73 79
72 21
72 21
65 92
51 17
63 27
64 77
65 90
9 2
12 37
70 74
68 77
6 67
20 17
48 97
75 27
28 80
13 18
83 35
77 78
43 75
10 2
58 74
87 59
97 43
65 51
26 98
23 70
86 21
47 11
77 36
58 52
18 31
100 9
23 95
20 47
62 35
38 72
36 37
23 88
1 8
6 62
90 65
6 26
77 30
89 13
80 52
56 9
1 82
14 39
32 39
95 8
75 40
41 64
81 66
23 35
57 66
58 15
46 56
42 87
5 25
74 43
100 90
74 8
73 51
74 84
94 6
87 37
63 55
81 94
9 77
64 15
86 55
50 41
69 92
14 85
38 53
1 44
69 45
90 34
14 82
53 35
36 41
41 73
93 99
68 58
63 7
50 16
26 25
8 14
43 2
82 1
33 57
94 43
55 8
58 59
67 27
100 66
44 96
82 33
81 59
4 72
45 47
18 66
5 64
65 91
32 2
42 16
65 34
52 46
83 1
31 67
4 33
18 93
71 39
49 31
37 2
33 98
50 98
62 26
93 11
92 52
43 27
25 19
86 94
50 86
82 78
4 20
1 51
77 25
85 53
81 62
80 48
81 51
51 27
84 11
46 41
34 28
77 78
10 26
85 73
11 30
40 92
41 5
80 22
62 31
41 87
17 75
95 28
90 37
30 1
87 90
33 88
25 79
11 61
70 81
74 64
45 38
74 1
26 67
21 14
10 5
59 28
53 61
91 55
9 54
88 23
88 48
94 81
17 100
49 73
30 5
27 81
41 65
70 62
59 54
2 47
62 100
75 28
96 26
3 36
56 28
34 67
36 23
80 58
97 27
5 56
5 74
41 64
30 56
31 40
61 29
92 60
41 67
65 89
34 66
49 72
53 63
21 13
42 4
69 62
69 86
23 60
47 94
9 2
45 21
57 47
11 48
6 73
31 75
58 25
9 60
39 54
92 91
96 83
18 12
88 18
52 90
75 85
80 33
82 45
57 76
40 62
25 56
97 94
5 2
58 21
97 65
9 65
78 86
38 68
29 78
98 23
12 79
75 72
7 76
56 100
32 18
69 23
62 24
14 44
26 47
22 83
4 50
69 89
17 17
22 13
8 6
68 6
48 49
87 39
1 2
4 24
79 100
25 57
100 17
35 53
34 30
96 33
43 17
11 67
85 52
71 95
61 89
96 30
97 18
67 64
52 81
80 87
87 38
65 4
46 31
64 36
86 39
49 32
33 24
2 55
22 44
92 82
21 13
21 92
79 20
22 14
24 15
9 71
98 23
23 83
43 23
32 4
70 15
37 92
94 70
6 66
59 86
6 10
2 47
55 3
72 73
5 28
87 89
10 62
69 83
84 71
74 49
54 21
84 2
58 24
7 28
58 97
1 5
27 40
78 88
79 76
100 5
2 54
39 98
50 27
76 36
81 73
33 30
98 2
17 64
78 51
3 19
75 1
84 60
4 66
82 3
7 84
60 45
20 43
17 45
28 27
3 66
42 45
81 100
