1000 25809
41 118
33 144
11 142
48 116
36 124
58 106
92 72
59 109
50 103
12 161
20 132
9 171
45 110
93 62
68 101
45 126
20 138
94 84
85 89
2 150
9 170
39 135
66 112
95 74
94 69
91 77
60 95
89 75
54 119
97 82
100 71
94 57
30 145
10 155
41 123
65 112
19 159
85 84
23 141
68 104
96 58
95 62
28 143
92 66
39 114
96 63
37 133
59 101
41 137
73 91
60 93
49 127
63 94
78 94
96 61
9 152
68 91
7 154
97 77
73 78
4 147
96 68
67 106
33 135
57 121
59 119
49 115
75 92
43 124
24 145
94 65
91 79
70 105
21 150
34 135
8 169
68 104
70 89
18 160
8 161
94 70
30 142
9 156
57 105
7 156
4 159
65 107
26 145
62 111
13 144
99 64
65 100
60 102
65 90
49 103
16 135
75 77
50 107
42 125
70 90
73 102
87 80
60 119
94 67
7 151
93 67
53 104
75 104
15 153
71 105
82 85
8 165
100 67
90 83
64 90
58 121
45 110
80 95
83 78
7 162
92 59
81 92
23 131
3 159
97 80
72 105
70 84
72 99
21 133
11 159
93 87
45 133
97 60
52 119
38 113
56 100
96 84
90 67
30 124
62 105
12 163
63 99
22 129
11 142
5 150
37 117
20 132
49 102
17 161
3 151
7 155
60 110
35 142
30 135
63 110
84 81
1 152
32 144
7 148
73 83
95 62
99 56
17 159
43 120
2 173
54 122
98 70
49 125
43 131
27 136
63 89
55 113
42 133
84 68
17 154
46 125
20 135
89 75
46 125
88 86
43 124
5 147
48 107
77 78
34 124
62 115
12 158
86 75
93 71
70 104
58 100
39 131
20 150
26 127
82 93
73 83
79 99
79 75
22 157
73 99
58 109
36 136
79 72
99 54
19 146
48 115
96 77
38 123
36 140
93 62
26 128
78 77
97 82
25 155
6 153
82 96
86 82
18 152
19 161
30 121
39 125
28 130
69 94
59 116
53 107
50 107
31 120
83 97
28 124
4 167
56 107
37 131
39 124
34 121
87 75
57 112
81 87
82 72
47 133
68 87
27 124
24 151
45 106
75 104
48 127
51 109
57 119
85 77
20 151
27 149
14 141
10 144
55 120
82 85
20 151
7 169
31 134
3 168
90 85
11 155
6 155
97 82
47 129
97 68
82 72
34 123
5 171
15 156
67 86
3 172
82 85
93 60
26 135
79 89
68 105
25 152
81 96
76 84
9 142
52 115
2 175
23 132
61 102
56 115
4 159
81 72
15 152
35 142
83 82
56 97
45 109
40 127
52 100
43 136
36 138
33 122
76 80
93 76
47 120
95 85
95 60
81 72
87 65
21 144
59 111
6 160
45 117
39 119
81 94
54 108
90 85
35 137
76 82
2 177
90 64
31 131
82 91
56 114
17 141
16 163
11 154
13 140
56 109
14 152
56 96
43 115
47 123
83 96
35 133
45 111
77 101
30 142
77 81
16 163
50 107
35 135
21 143
46 114
25 152
54 126
51 112
14 157
88 83
78 84
16 145
29 138
9 164
49 126
85 71
25 155
17 156
47 123
90 62
72 108
61 116
45 130
66 113
59 99
79 94
1 166
55 108
56 114
82 98
32 131
23 137
83 95
18 134
95 70
28 129
43 135
48 117
31 130
8 153
87 90
8 164
75 88
68 95
68 96
24 156
4 157
45 110
40 124
50 122
34 145
63 100
62 107
78 95
28 126
20 156
56 102
80 90
75 76
63 106
61 100
58 97
85 94
43 116
75 103
80 75
23 134
69 106
79 90
53 115
77 100
18 140
12 147
51 101
85 77
80 85
26 125
88 84
24 145
17 147
89 67
57 102
79 90
51 115
86 66
59 113
70 91
93 58
90 71
96 57
8 161
51 112
5 152
92 75
45 126
32 122
23 141
67 111
100 71
54 120
71 94
76 83
71 80
83 82
79 81
7 148
62 117
4 148
46 122
37 123
21 145
34 139
93 75
51 103
84 74
30 131
61 114
6 155
22 139
51 126
53 110
81 91
1 158
58 104
25 155
97 75
89 68
47 116
64 105
88 81
52 105
86 89
16 154
74 105
68 83
46 125
80 73
81 99
49 124
77 94
17 134
21 159
11 152
9 151
24 129
46 117
90 81
84 85
3 170
64 109
34 123
56 121
44 112
86 71
65 115
68 88
83 95
5 174
67 101
98 60
44 123
18 148
83 69
59 119
44 121
3 150
4 165
75 92
83 91
5 156
52 105
100 66
77 83
14 148
60 115
100 54
59 107
50 107
84 80
14 166
13 167
69 101
69 99
56 121
55 113
85 83
76 76
89 77
89 77
42 120
86 87
32 142
11 166
20 147
43 129
6 155
22 139
98 62
81 89
5 149
54 108
32 144
56 113
31 132
45 134
15 148
82 84
55 109
64 106
65 114
68 95
76 85
86 74
88 85
84 95
40 137
24 136
11 140
80 74
12 155
4 158
65 104
96 56
66 114
36 119
90 75
72 89
10 155
39 127
52 128
66 94
93 84
35 132
21 157
75 84
31 135
35 117
56 110
85 86
99 64
21 143
5 171
26 139
58 107
44 124
61 103
97 65
68 101
71 93
76 81
31 146
26 141
92 83
26 152
92 74
79 100
15 148
63 105
88 67
54 124
66 101
53 111
98 69
100 54
25 136
72 103
30 131
60 95
27 134
66 107
10 157
99 67
70 90
87 65
56 95
66 103
100 65
4 150
33 124
22 148
31 129
63 90
48 108
74 103
41 132
39 124
53 122
55 122
53 98
92 88
60 114
18 149
97 66
9 143
69 93
21 145
80 97
50 114
32 138
59 120
15 164
41 137
9 147
37 121
80 99
65 91
2 167
79 76
20 131
86 89
100 74
51 102
48 122
99 72
24 155
88 66
89 87
28 137
95 85
41 135
20 144
6 159
10 144
68 101
15 152
30 128
88 88
46 109
79 84
20 137
56 97
46 115
12 142
65 93
34 127
91 62
29 127
87 92
21 158
48 108
72 93
73 92
50 130
71 105
71 84
26 152
11 168
12 160
53 110
5 165
52 115
24 144
62 93
14 157
91 87
28 143
43 127
31 142
26 149
74 78
2 177
81 88
19 144
13 140
45 123
52 121
56 121
25 148
90 73
76 99
25 146
13 164
100 51
74 96
83 82
23 133
99 61
93 70
34 135
4 168
49 126
37 119
79 72
11 168
50 118
22 157
90 71
45 112
52 119
15 162
18 140
53 109
96 69
36 126
17 147
92 82
39 137
72 80
17 150
80 100
100 68
41 138
92 85
99 70
66 102
74 79
21 145
17 152
19 138
6 148
72 80
67 84
43 116
50 103
29 150
92 76
23 128
19 132
36 138
74 89
85 92
5 169
78 96
80 73
40 137
95 84
72 105
30 143
66 114
40 115
9 155
17 151
32 121
100 60
16 140
97 65
26 128
88 83
65 86
44 117
94 80
36 116
62 99
36 139
38 138
91 61
79 83
60 108
61 91
67 111
86 65
45 126
71 92
63 111
25 148
63 96
9 164
48 113
44 129
27 137
87 78
53 104
43 108
18 141
4 154
58 98
66 105
29 133
98 70
31 132
24 140
91 63
18 138
86 88
78 100
55 97
76 91
56 95
67 94
36 133
74 104
52 109
32 119
97 55
66 111
56 117
59 102
75 86
55 121
2 173
1 173
93 67
6 167
43 132
62 99
10 141
53 119
80 71
90 64
50 110
10 145
14 153
92 63
79 73
99 53
21 131
86 89
26 143
76 98
52 104
13 166
2 162
55 111
44 135
98 67
20 142
52 111
56 111
94 78
58 100
9 153
46 120
51 109
15 161
41 111
64 106
76 100
93 80
43 119
65 106
94 80
4 154
30 149
37 141
83 76
80 93
57 114
68 86
5 148
84 81
71 88
17 134
85 93
25 141
13 158
34 128
96 82
64 111
41 130
90 71
21 132
50 102
87 81
23 131
16 161
27 134
87 78
43 122
19 135
29 147
7 170
64 113
33 142
89 79
100 67
67 86
68 92
8 149
34 144
25 137
92 71
56 100
93 61
28 132
32 140
5 161
62 102
27 134
20 140
54 100
68 95
41 113
3 174
55 118
15 142
70 95
81 72
1 170
12 159
52 104
30 128
71 97
15 160
62 90
59 118
67 86
28 149
78 78
26 125
13 161
2 157
17 147
20 152
47 107
97 76
51 104
51 118
10 168
77 88
71 107
63 110
97 72
63 89
18 151
51 110
77 103
87 89
31 133
78 85
51 115
82 79
59 111
21 154
49 128
72 92
31 140
15 156
51 101
60 108
40 132
15 152
14 154
9 146
34 124
60 111
57 112
36 126
62 97
66 93
64 104
84 95
80 71
60 97
46 126
49 113
10 149
75 96
88 69
93 71
4 171
38 126
74 93
62 95
10 149
22 141
85 85
40 131
88 88
35 128
51 100
80 87
49 130
64 104
40 123
34 123
75 76
96 55
