200 4986
14 91
19 36
97 21
73 97
65 86
95 33
71 39
8 16
93 59
36 54
56 75
4 7
45 10
21 79
75 31
92 60
48 64
42 94
44 67
64 92
26 93
57 30
16 86
13 33
40 19
65 17
91 5
23 44
74 63
41 81
72 63
87 53
59 69
21 35
12 1
75 54
67 67
34 92
82 21
60 77
69 45
89 95
15 35
13 6
62 73
41 18
56 18
9 37
83 11
99 84
24 80
60 3
56 14
92 66
25 36
47 84
8 82
15 92
69 27
81 97
55 24
92 89
20 1
65 44
12 23
31 54
92 98
31 42
64 45
73 18
90 70
32 89
14 65
56 5
96 95
75 37
97 22
51 12
35 25
79 32
1 47
58 5
90 86
8 60
1 22
14 73
54 44
9 55
81 16
22 22
89 51
87 40
66 11
8 4
4 83
29 85
90 57
95 32
59 78
53 1
19 2
100 48
36 41
32 66
56 4
31 35
58 54
52 25
33 98
92 31
82 8
34 97
2 35
23 93
41 56
2 8
37 66
95 51
62 62
69 33
68 73
51 13
55 72
33 35
10 16
58 7
14 71
100 24
52 90
72 1
4 24
71 91
72 100
40 64
54 56
27 3
22 51
64 62
30 27
55 100
7 92
63 34
40 96
8 78
85 78
80 4
62 85
73 95
26 54
23 46
41 28
46 78
25 10
96 51
30 12
87 77
53 9
43 35
38 100
57 99
15 35
41 23
79 89
38 34
32 39
32 97
64 36
54 41
95 58
45 14
60 40
2 1
7 99
99 88
61 78
91 28
30 91
74 62
64 23
8 44
49 7
56 2
5 22
25 17
51 52
34 85
11 45
56 13
29 19
48 45
12 11
95 53
41 19
90 51
32 38
72 57
73 99
47 73
77 49
20 56
