200 7431
11 70
88 94
51 46
15 64
43 71
32 7
42 3
4 1
8 49
12 32
2 88
31 31
48 20
1 33
26 22
95 51
58 23
42 21
32 10
60 1
66 9
44 30
99 48
95 52
54 53
20 11
20 57
84 83
98 80
35 28
95 93
60 1
74 21
97 91
75 64
17 43
28 49
68 18
72 96
36 97
79 2
73 35
18 79
78 21
26 67
44 100
73 23
83 41
37 72
56 85
42 41
2 81
51 14
93 89
48 84
56 19
12 99
19 40
92 1
61 30
54 19
86 46
21 30
79 91
82 36
95 46
95 34
62 84
62 63
19 81
49 32
93 64
43 15
66 62
70 37
68 33
61 13
94 11
50 74
97 84
49 95
44 66
50 16
99 61
36 54
97 99
55 79
99 4
16 90
46 79
11 33
21 60
83 24
31 15
99 51
64 11
77 60
46 36
25 46
91 74
64 16
73 29
83 38
6 30
91 90
4 26
26 14
51 2
98 36
27 87
100 38
98 31
70 53
1 53
49 43
57 58
98 4
55 21
7 14
65 45
52 51
18 98
85 5
34 75
100 12
35 55
49 37
29 23
80 42
26 83
19 97
95 9
50 11
53 86
1 90
40 1
56 11
26 3
43 54
5 46
52 90
94 91
55 28
74 94
94 44
3 22
82 3
91 99
57 42
89 16
7 43
8 93
58 14
43 47
93 19
9 25
78 53
41 55
37 48
9 46
66 37
7 96
4 54
16 100
59 81
56 43
7 100
67 91
33 46
49 5
23 88
36 87
94 96
77 68
9 32
88 91
79 89
43 34
30 89
87 83
83 50
37 31
94 75
40 63
31 30
38 45
100 87
8 34
79 99
37 86
69 80
96 88
43 81
24 85
63 87
54 13
79 28
70 38
72 3
11 73
