100 2681
52 21
19 83
81 43
88 88
43 24
9 22
59 46
65 63
67 17
54 99
50 23
77 51
72 65
55 83
79 1
61 34
53 63
72 22
19 25
18 85
80 5
78 18
39 55
68 78
51 97
69 49
72 10
92 83
31 41
57 72
82 7
82 61
27 6
14 1
21 48
69 82
22 22
80 45
85 44
41 38
33 44
86 19
69 88
5 8
40 53
99 41
17 93
44 15
70 14
88 18
13 100
1 18
17 35
51 6
68 47
19 83
72 54
92 57
10 17
2 46
48 80
43 23
35 7
26 85
56 23
56 6
46 66
30 45
87 51
30 62
22 34
71 46
67 80
90 22
27 53
7 32
40 62
96 46
2 99
9 27
83 15
67 50
61 45
51 49
69 55
28 91
70 83
40 60
71 99
31 99
93 6
70 78
74 73
80 64
95 15
81 47
87 69
40 32
62 91
73 71
