100 2537
58 4
91 58
84 77
47 89
30 40
51 6
54 75
11 6
66 1
60 28
60 73
79 59
30 96
97 91
58 88
66 98
70 2
13 19
2 92
45 11
52 97
3 26
68 82
42 20
30 59
59 64
6 68
48 45
49 36
60 23
95 95
6 40
50 80
30 23
5 80
80 20
81 28
10 54
42 77
98 28
69 33
2 49
76 39
98 80
50 91
85 78
15 77
20 92
49 96
16 68
64 55
100 93
19 45
83 36
42 64
100 55
93 52
99 31
99 100
41 87
10 53
45 94
99 26
60 85
75 16
3 57
91 56
7 96
12 62
32 32
4 75
80 94
85 33
31 65
77 73
35 23
67 42
44 1
54 67
15 90
59 68
69 21
67 34
29 65
51 8
60 97
80 19
43 59
10 79
79 18
35 46
20 32
23 63
33 23
31 68
97 31
35 32
21 23
3 26
98 93
