100 1542
49 80
55 79
98 55
49 68
75 82
64 98
29 45
65 48
23 26
3 83
49 97
7 21
61 5
96 13
70 30
98 71
21 82
26 98
79 8
73 75
29 42
1 60
9 88
38 59
92 76
27 74
20 93
14 96
45 10
96 10
49 93
45 41
3 89
46 99
94 8
77 70
9 97
74 53
94 17
84 22
76 35
94 65
90 94
88 91
89 78
11 24
85 61
61 11
36 73
15 69
85 86
64 15
16 80
93 73
53 73
59 7
71 46
73 17
73 2
16 55
20 27
73 95
60 95
22 15
19 45
5 54
51 36
79 41
78 6
44 5
62 15
5 92
37 69
4 8
92 34
26 98
14 31
29 95
38 9
50 56
43 15
23 94
65 70
10 46
15 66
70 94
69 53
86 63
42 62
93 54
53 69
13 40
65 100
64 15
35 6
35 45
69 68
37 42
66 37
98 26
