100 3301
51 23
16 10
13 89
42 39
44 87
3 1
21 79
7 35
88 47
15 35
16 26
99 11
75 73
98 100
85 90
80 14
90 94
21 18
81 22
71 10
88 21
98 95
16 92
87 32
35 86
62 48
3 46
74 40
51 31
43 15
83 71
1 5
58 24
47 60
94 96
54 11
49 60
15 74
60 45
37 59
29 8
27 71
35 21
55 32
24 22
71 63
35 97
13 67
44 32
67 18
35 28
83 4
64 13
3 19
69 35
50 50
64 18
71 32
23 90
66 1
66 47
57 12
18 5
75 70
4 23
12 100
28 80
4 35
78 25
39 77
40 45
6 84
65 99
26 65
61 68
40 72
49 79
47 64
5 38
92 11
65 82
39 17
74 14
28 46
41 88
43 49
29 47
57 5
65 32
51 36
22 5
30 78
60 100
92 62
5 48
15 74
55 13
84 79
18 8
32 90
