100 3518
71 93
34 95
22 52
100 83
42 79
30 39
100 71
74 53
82 1
2 33
32 15
71 55
46 57
50 76
21 49
82 14
29 13
47 99
17 59
83 71
63 49
97 65
26 12
74 63
16 27
2 40
47 28
46 89
24 91
63 9
13 47
94 83
48 56
86 50
45 17
41 34
16 88
45 87
67 38
49 89
98 72
98 52
19 95
43 80
47 80
39 96
76 93
75 92
37 94
92 51
58 62
51 94
89 68
35 25
24 8
4 94
88 65
22 87
1 35
11 7
84 96
13 81
56 90
83 51
99 31
1 58
24 36
66 70
97 45
42 25
14 10
94 68
91 28
84 5
36 47
37 7
23 100
63 91
63 98
11 45
55 94
72 11
62 90
43 61
6 88
85 97
98 6
45 4
7 84
51 40
55 10
42 31
15 73
11 51
77 33
13 55
63 9
52 68
30 24
59 5
