200 7585
40 26
53 45
49 62
23 5
29 28
19 2
99 17
42 64
28 75
90 62
12 41
20 10
39 77
21 70
56 7
98 21
52 85
69 63
31 81
80 30
6 50
98 8
6 30
32 29
19 51
33 95
71 50
60 27
27 74
59 63
78 2
66 51
11 59
78 15
41 8
92 38
96 68
91 24
33 1
75 42
81 37
44 93
94 52
19 13
17 15
1 58
68 34
68 51
70 73
98 66
99 81
27 22
47 73
4 62
59 50
17 75
88 56
29 51
76 1
67 81
40 65
53 54
32 84
50 23
82 20
24 91
93 61
77 87
15 66
78 13
3 29
47 3
21 58
48 80
65 67
37 72
49 89
84 52
57 22
18 61
81 17
55 54
96 35
79 89
11 15
54 84
95 15
50 22
35 35
70 15
16 3
74 51
75 68
100 86
75 74
56 87
75 28
68 34
85 26
89 93
45 46
87 54
87 47
17 3
35 85
3 14
6 26
83 25
86 65
62 48
52 38
18 82
68 53
47 72
96 22
30 68
53 7
90 37
80 41
87 93
60 51
47 43
60 44
86 71
46 80
34 17
41 9
73 7
53 2
25 34
61 100
97 99
12 39
48 98
66 2
98 23
50 11
71 79
32 48
88 76
84 78
83 85
5 9
3 31
81 8
1 30
33 50
33 14
90 18
64 90
19 7
1 21
10 85
30 50
86 91
8 64
64 66
79 51
80 71
68 67
3 37
92 22
65 65
66 75
91 19
82 18
15 50
93 30
52 49
46 49
80 57
87 26
80 85
84 17
89 56
61 92
36 98
21 57
45 5
26 16
36 99
64 11
78 36
98 83
45 60
16 78
5 46
60 77
94 80
36 68
28 43
48 16
79 89
44 60
66 43
22 60
25 29
80 92
14 89
76 77
