100 1388
100 32
21 72
32 96
56 35
76 30
29 30
23 42
79 46
8 60
43 11
100 50
3 30
74 98
99 62
21 24
82 36
4 99
27 65
93 99
7 19
25 57
38 3
36 2
61 16
71 67
21 97
11 35
57 11
67 83
29 38
61 86
18 14
49 61
45 81
73 49
77 90
25 11
48 42
7 87
85 22
90 4
6 36
87 3
63 1
4 98
59 26
96 37
60 96
37 90
88 87
18 67
61 98
25 41
53 68
21 66
96 8
25 16
84 100
4 70
91 98
12 38
64 56
8 64
12 98
60 36
33 64
40 40
85 98
80 57
46 26
69 72
21 60
52 62
7 74
35 13
7 11
17 52
31 1
18 58
53 93
18 87
35 24
13 43
43 79
39 44
86 8
90 38
63 59
21 7
93 8
53 9
84 96
8 63
13 24
95 46
68 50
45 87
35 85
4 100
24 95
