200 7478
92 40
97 53
55 75
76 37
65 78
62 54
67 10
62 38
19 61
71 26
77 72
17 30
82 99
64 6
99 1
41 8
93 84
96 96
18 68
73 64
64 34
12 3
40 84
4 14
23 53
82 24
63 5
4 88
25 25
3 37
32 30
16 16
99 89
86 56
91 52
63 19
48 9
57 14
77 56
18 69
80 91
5 79
34 51
61 41
69 85
84 3
53 100
61 20
31 98
22 67
85 83
94 32
86 21
25 19
98 97
60 26
58 42
12 2
63 13
83 19
15 38
95 94
50 34
65 79
32 50
93 38
80 97
79 10
49 3
56 4
96 31
80 45
60 83
81 33
92 86
28 19
16 35
45 37
41 38
47 84
18 4
77 72
92 67
55 76
53 90
89 64
15 1
11 32
53 65
29 13
45 50
67 54
75 59
94 35
31 84
7 60
86 24
10 32
37 69
87 78
17 36
85 99
66 23
77 70
17 83
58 60
56 88
33 17
54 48
48 77
31 1
23 3
25 48
22 67
78 79
77 38
63 82
44 79
39 21
15 46
72 44
83 70
81 52
47 54
77 56
63 35
5 13
14 32
25 67
41 81
52 9
41 54
77 32
18 83
17 23
94 14
27 94
25 10
26 83
32 42
72 86
56 35
54 44
48 85
29 53
83 74
77 22
91 35
26 5
15 42
5 32
98 48
98 63
37 83
96 53
26 71
100 70
100 65
91 2
24 88
92 97
43 62
16 41
69 80
12 97
33 63
62 46
90 90
9 24
39 28
21 83
80 61
46 62
26 79
80 45
74 14
9 52
56 19
65 100
34 56
70 12
21 32
83 55
19 75
10 66
78 7
96 97
9 35
29 23
87 98
84 74
21 20
29 11
51 14
89 99
92 7
35 28
2 96
81 49
43 3
