200 7042
42 87
43 49
11 93
37 99
62 95
42 66
79 1
50 51
75 63
67 52
32 31
76 19
50 98
58 3
38 21
31 24
2 64
77 20
64 16
1 53
14 47
95 88
88 59
95 84
80 86
26 12
7 8
7 8
63 55
62 74
31 43
4 94
56 23
93 35
93 92
17 69
34 52
71 44
66 19
60 14
90 95
50 1
36 84
39 45
7 3
25 4
69 68
9 18
1 23
84 35
61 23
15 70
79 22
100 33
61 5
58 7
25 96
19 12
16 67
39 51
80 38
98 61
42 96
35 60
90 95
86 87
3 28
75 98
57 83
69 99
86 63
46 77
18 99
21 46
36 73
76 54
98 49
56 40
36 71
50 24
39 74
96 45
16 45
17 48
47 78
76 49
26 6
71 73
47 13
93 72
9 75
78 50
90 32
3 70
65 61
31 78
88 9
67 40
5 75
96 91
35 38
91 37
93 19
4 37
63 82
80 92
32 42
60 83
35 83
67 12
62 6
74 9
63 57
77 2
42 8
61 86
5 50
20 13
32 58
51 14
12 37
92 85
28 15
54 68
94 6
92 75
84 98
34 66
59 67
89 24
81 56
45 4
31 13
26 27
1 92
93 94
5 70
32 33
5 28
40 4
50 45
66 85
65 12
64 53
42 86
6 19
25 90
46 88
25 84
56 47
48 53
89 20
99 83
76 68
42 87
45 89
19 94
77 36
30 54
29 60
65 60
10 62
26 64
47 72
35 88
26 55
40 17
92 9
9 88
44 45
83 12
58 84
61 81
47 24
74 88
2 67
4 94
98 77
100 54
81 77
5 75
47 6
21 96
3 10
74 25
62 35
47 98
93 19
38 22
76 3
21 30
55 81
38 64
46 93
53 4
24 3
23 100
92 73
15 11
83 39
