200 3055
44 72
50 20
58 57
21 53
79 44
44 16
67 99
45 85
76 5
33 92
26 17
38 100
36 95
87 100
34 22
89 52
84 21
49 48
76 59
70 32
29 21
62 63
9 63
56 75
64 46
17 69
61 81
88 75
62 89
10 3
47 96
5 13
60 74
4 4
77 65
38 17
99 71
95 15
34 54
26 28
28 58
59 22
64 27
63 52
46 22
97 100
3 55
81 42
97 48
78 13
50 26
26 68
91 27
59 88
81 94
6 72
27 8
94 75
94 99
40 49
3 29
92 46
96 13
14 3
95 49
72 77
51 71
46 72
19 43
37 76
71 99
46 1
47 98
34 25
60 4
92 19
82 24
14 59
24 12
79 23
91 23
74 89
56 43
34 50
84 29
88 36
39 73
62 88
81 62
84 71
2 36
36 91
75 16
97 48
49 45
22 17
21 76
100 67
67 88
39 71
88 43
37 86
36 71
34 40
23 62
47 26
78 10
56 37
60 36
1 73
34 12
2 59
26 62
41 54
35 60
9 42
29 41
26 32
23 29
61 3
9 55
76 17
96 45
36 22
72 64
45 41
57 38
44 92
96 7
23 25
34 62
83 49
11 62
69 84
16 88
85 75
67 9
45 97
41 12
26 45
46 70
26 23
80 55
71 83
67 28
66 66
32 24
47 68
91 49
54 4
7 22
52 3
29 20
55 66
87 25
52 84
51 6
43 14
48 27
46 65
17 91
81 88
80 13
27 52
2 23
47 1
12 79
68 83
92 49
4 90
46 79
37 70
29 64
25 33
7 4
47 43
90 50
90 27
93 10
33 99
43 31
52 84
84 53
23 2
58 1
70 77
75 85
8 59
12 43
22 63
53 23
80 33
54 2
84 35
6 84
55 24
30 87
69 62
23 7
21 88
