100 3489
63 12
85 79
13 48
34 83
42 36
72 93
57 58
31 7
69 39
88 4
33 55
9 56
33 78
89 30
64 5
53 12
20 68
62 94
19 82
3 50
100 34
15 5
36 100
84 62
57 19
73 78
82 25
10 86
21 33
73 3
87 88
83 44
9 81
52 87
68 26
50 68
23 31
77 84
80 75
92 22
64 39
64 29
52 77
49 16
52 58
16 33
1 79
23 25
77 78
19 60
25 26
76 11
33 17
13 25
12 72
89 87
85 54
45 49
51 24
5 86
69 51
37 11
87 29
77 83
88 49
7 6
26 51
11 32
83 41
57 25
54 53
98 31
72 5
5 81
46 98
24 14
20 13
47 76
46 38
48 42
65 88
23 63
76 53
50 56
35 39
87 76
90 42
19 44
83 76
40 65
24 29
51 78
77 28
62 9
27 13
64 28
68 66
4 15
26 59
50 7
