200 3158
24 34
32 100
52 91
57 27
48 46
28 66
3 86
17 66
60 5
72 76
58 68
89 39
27 100
14 42
93 31
69 13
93 28
13 73
66 1
37 71
53 53
82 35
90 47
99 38
46 97
79 79
26 8
69 7
84 19
85 48
16 97
59 52
16 47
20 87
16 31
15 45
99 53
70 16
83 62
58 57
93 91
41 29
47 47
71 42
6 71
91 78
91 55
98 50
3 2
56 7
35 21
55 54
89 42
24 19
54 44
86 90
55 98
31 3
7 48
90 68
67 51
74 44
48 72
82 49
93 31
15 2
49 93
91 35
36 17
31 54
1 91
28 59
71 83
47 90
50 100
29 5
89 67
40 6
26 54
91 68
47 13
12 26
98 73
88 6
88 97
3 16
73 95
42 46
85 71
79 43
31 13
52 21
53 38
30 36
33 69
97 68
45 37
33 14
40 54
80 5
64 67
40 97
60 63
34 1
38 86
9 63
62 57
26 52
1 68
40 11
68 19
47 80
51 36
65 43
86 37
90 84
67 11
59 32
31 29
52 81
89 26
13 42
3 1
93 63
43 77
87 21
90 83
87 66
20 34
29 88
18 70
83 53
20 84
77 33
68 5
57 69
38 95
82 62
82 20
38 62
21 24
49 90
36 94
23 59
66 33
22 30
13 43
32 95
32 13
95 23
83 75
20 90
8 64
37 27
65 5
50 93
76 47
54 39
88 58
95 33
34 26
5 79
29 37
53 10
34 11
96 41
61 78
71 57
29 54
42 50
60 71
1 77
42 91
47 64
76 88
7 75
20 45
88 82
91 69
51 10
34 4
25 43
23 51
41 20
62 21
87 55
42 12
89 68
92 93
29 21
83 52
77 71
86 99
63 88
81 80
19 62
10 80
41 9
89 18
39 34
