200 6430
12 1
60 20
12 9
63 61
51 15
66 42
35 97
53 71
91 43
7 94
36 28
17 19
17 67
97 27
76 69
87 18
40 13
41 49
4 3
42 20
45 67
14 51
8 17
86 6
69 51
5 85
45 38
19 14
37 76
70 4
49 2
100 29
29 23
12 62
62 89
31 90
77 4
48 37
83 12
19 98
6 82
70 91
35 69
22 49
66 17
10 37
8 66
5 81
3 86
12 20
99 1
99 52
77 22
6 69
84 9
45 25
11 53
29 46
64 38
99 81
98 2
64 92
98 9
78 76
75 53
12 49
8 65
3 8
11 38
42 28
22 58
17 19
11 18
8 26
38 67
28 35
18 14
46 85
33 67
72 51
9 56
83 19
70 55
85 78
88 87
54 63
29 2
50 92
34 61
44 91
48 72
31 14
59 34
98 80
60 89
85 39
61 80
19 6
88 98
71 17
60 33
61 55
87 36
22 51
68 32
25 54
1 37
37 46
22 90
33 3
8 48
30 98
67 22
30 2
14 75
55 60
83 17
94 28
4 51
68 77
38 18
4 22
98 90
96 52
1 53
9 30
81 42
61 33
27 87
20 39
83 1
38 20
32 94
70 88
11 22
51 77
94 94
11 10
88 74
15 35
96 64
47 22
44 32
62 37
76 23
9 6
68 97
10 91
2 33
72 47
77 67
91 3
27 69
26 8
39 6
27 73
34 90
19 47
39 5
12 76
90 85
21 58
1 47
21 30
42 45
63 20
23 59
35 38
74 29
10 32
1 73
21 93
9 53
96 4
34 29
36 28
4 62
2 25
46 18
58 46
25 24
74 37
48 100
51 44
100 96
86 5
29 16
85 85
56 3
67 73
49 13
97 40
39 30
49 59
17 21
81 26
64 79
92 79
67 64
37 59
