100 1546
46 38
51 90
69 54
66 14
59 69
3 99
64 61
41 62
97 63
24 87
48 36
63 40
17 71
69 100
8 97
34 29
62 27
60 64
96 35
76 72
66 41
16 52
15 38
65 6
30 44
73 71
61 48
49 88
66 29
98 67
74 30
63 66
48 56
95 84
28 31
58 25
97 34
43 91
51 38
45 48
66 29
98 74
7 39
82 100
19 25
66 36
67 80
80 51
78 51
14 14
7 75
43 44
29 17
74 12
59 49
10 61
46 82
20 96
59 100
63 62
69 62
84 82
25 79
68 18
30 17
52 61
26 94
26 2
47 4
28 31
70 50
12 32
77 56
28 88
46 31
95 81
94 75
12 62
27 83
23 26
78 28
33 57
65 69
6 96
58 20
75 17
68 8
55 53
46 12
78 60
17 14
14 25
13 41
41 44
82 94
43 57
45 57
59 87
68 58
91 60
