200 3055
86 57
75 81
11 8
30 70
60 14
28 94
95 86
58 55
55 33
25 97
7 28
41 23
11 57
19 74
62 67
74 94
47 26
5 7
15 55
55 4
10 22
17 68
58 68
71 9
65 78
45 75
58 34
5 82
33 74
60 73
14 97
70 82
86 53
24 4
99 4
45 66
51 98
45 89
2 21
6 82
69 85
61 100
98 5
31 93
31 25
60 23
56 87
29 50
64 29
70 41
83 6
25 2
38 8
92 73
96 10
54 37
36 48
5 43
11 70
20 73
16 16
24 67
89 54
2 20
48 22
40 57
98 38
50 71
84 45
52 10
55 53
5 82
64 9
53 9
87 74
94 33
64 31
43 60
22 35
79 11
64 52
56 40
4 12
2 11
99 64
51 21
7 100
86 63
55 16
17 69
5 87
23 31
41 35
93 41
76 2
40 9
32 49
73 39
89 79
68 94
76 100
44 31
72 75
39 8
48 39
58 100
84 93
11 21
100 60
5 79
41 31
64 63
12 18
44 42
17 74
10 33
46 15
23 73
47 48
53 30
40 41
51 34
75 60
32 28
96 74
50 13
71 88
27 23
74 4
59 66
46 68
50 3
54 49
17 94
88 63
53 87
75 93
24 55
15 60
26 4
80 33
56 90
41 67
92 2
51 84
9 40
53 86
97 98
32 64
100 33
49 27
23 56
2 67
75 38
6 35
97 40
76 50
76 22
76 14
49 5
86 40
21 33
50 8
92 88
38 26
90 70
44 26
64 71
13 24
59 85
41 74
92 8
14 75
82 92
35 61
64 10
90 83
40 46
60 7
73 46
91 79
60 85
47 54
92 45
86 22
52 88
89 36
61 23
27 62
16 2
62 28
65 1
36 34
11 35
56 88
25 12
52 56
99 13
88 82
64 31
