100 3300
73 24
19 10
76 25
34 69
39 75
49 100
16 43
85 48
67 40
7 47
2 87
42 22
35 66
98 84
46 51
1 90
51 16
7 25
82 16
38 23
88 97
5 45
85 32
82 93
96 93
52 94
84 18
52 64
96 50
81 26
77 22
69 25
99 35
4 47
2 45
90 9
4 98
17 87
26 8
71 38
75 85
27 47
12 59
62 51
77 30
9 61
62 40
79 46
15 86
43 7
16 68
54 34
47 52
53 51
88 78
95 96
4 96
23 95
46 11
51 97
3 20
74 32
19 21
54 7
29 78
20 65
43 15
32 76
88 4
68 23
2 65
15 88
46 69
65 23
76 90
74 50
74 36
89 29
53 95
40 73
31 36
20 14
46 6
29 39
72 16
33 83
23 86
27 11
55 30
20 96
78 59
10 1
45 27
48 79
63 7
25 57
20 96
5 74
57 84
59 51
