100 2640
37 77
100 17
15 22
32 95
42 61
86 23
79 22
93 46
41 49
89 61
34 27
67 78
93 94
82 95
44 60
62 96
52 84
6 14
27 67
79 100
92 56
46 94
27 1
83 23
72 95
50 95
7 22
13 25
83 33
58 90
90 14
71 61
58 6
4 88
2 8
51 18
89 10
33 29
43 64
29 58
73 42
28 42
95 87
65 35
10 37
39 99
26 82
13 72
96 12
4 100
91 72
88 20
49 93
69 24
70 94
73 40
70 18
76 16
37 16
5 50
85 5
26 29
75 62
42 10
29 68
77 69
45 28
69 77
61 50
39 43
50 86
33 91
67 84
44 73
49 77
28 72
34 23
27 59
40 44
30 34
30 58
82 67
69 5
31 3
2 90
38 99
55 42
72 59
65 14
91 57
76 8
49 70
68 37
50 21
43 31
48 5
78 42
39 10
16 33
90 91
