200 6902
69 44
39 9
67 41
9 47
86 10
38 59
57 21
98 64
6 64
45 53
21 92
53 74
36 10
32 61
23 70
48 81
99 26
22 32
40 43
25 64
86 27
61 33
99 3
45 47
62 21
45 25
45 27
21 65
98 86
60 65
54 82
18 29
98 26
72 75
26 75
83 35
9 33
34 48
80 98
67 48
30 52
53 41
71 21
17 61
36 2
93 91
64 42
35 79
14 22
3 36
11 94
52 100
15 21
10 49
48 98
28 41
6 73
44 25
48 57
55 10
3 41
53 38
72 39
100 66
24 64
49 65
82 100
33 97
82 64
14 97
51 96
63 15
18 90
21 17
31 76
53 43
66 7
94 17
39 21
31 80
48 4
50 67
34 79
15 24
59 15
81 28
42 16
16 39
77 52
42 72
71 1
79 93
94 10
42 39
31 58
18 25
91 55
64 10
2 21
24 71
77 6
52 17
39 85
46 47
24 85
69 60
51 89
89 43
63 28
89 10
72 22
62 32
38 28
5 52
28 7
48 42
86 79
70 23
64 32
14 83
63 94
34 32
92 27
8 55
27 22
74 36
25 80
17 29
38 45
78 100
93 99
66 3
81 68
31 83
64 49
5 4
99 95
14 38
45 46
13 22
2 99
16 19
27 53
92 26
73 22
54 60
39 19
10 1
75 82
2 50
23 35
89 27
87 34
66 61
97 82
14 7
40 96
73 61
82 87
29 93
51 12
26 85
94 95
31 32
8 20
9 43
87 35
59 14
22 32
84 81
71 35
76 30
51 99
49 40
67 55
23 21
55 51
5 73
32 73
29 84
59 75
6 59
18 10
97 60
72 71
66 91
62 66
63 18
38 3
96 53
91 10
88 15
21 89
36 4
71 98
29 60
45 99
9 32
87 73
66 30
