100 1473
6 10
42 16
96 7
16 89
41 21
19 84
66 36
37 61
43 6
68 45
51 57
7 88
93 38
36 53
40 14
28 6
43 86
67 81
63 73
72 34
96 58
85 9
90 55
38 30
47 37
25 52
25 73
73 95
67 14
9 33
82 42
24 75
50 48
77 48
91 64
42 69
95 31
56 99
31 81
90 89
23 43
81 89
48 28
67 33
68 41
87 93
46 38
62 78
53 73
8 11
34 63
1 82
44 71
23 70
38 11
90 8
100 21
15 35
63 54
18 87
23 68
44 48
41 61
24 67
20 95
31 76
66 35
66 78
86 75
48 67
7 18
60 69
28 55
54 45
78 1
48 47
40 90
23 91
9 77
45 62
31 1
42 91
45 44
26 23
17 60
34 6
16 82
68 33
48 93
78 88
37 71
70 60
21 35
77 31
46 78
92 81
59 59
63 65
9 58
96 33
