200 3114
80 47
41 29
74 19
26 86
22 49
21 69
27 90
54 23
22 35
47 93
82 62
56 56
38 54
47 14
57 67
51 92
100 27
50 18
90 66
8 38
24 86
7 88
50 1
15 51
78 26
92 99
48 2
87 74
16 73
42 48
78 28
95 20
34 28
51 46
20 57
7 77
71 14
98 98
60 99
44 1
44 90
93 12
99 56
81 95
91 25
7 74
83 86
91 4
57 91
73 3
98 41
80 29
79 42
99 93
46 79
8 68
90 43
93 32
94 93
5 16
86 31
23 20
51 87
71 59
74 18
23 95
77 87
96 83
20 92
88 85
92 83
64 34
81 48
42 91
96 28
71 25
49 64
79 66
61 28
5 7
51 68
10 20
36 35
81 10
8 64
81 65
89 29
50 6
25 96
34 73
6 73
63 27
57 45
57 11
33 37
30 62
31 5
10 23
77 96
50 49
49 59
68 31
65 82
29 6
10 21
61 61
52 30
10 36
39 26
64 9
14 42
41 46
74 80
1 28
21 7
33 43
33 44
61 87
34 1
9 40
95 59
40 25
71 18
51 3
48 36
56 6
32 16
78 92
17 28
60 12
27 40
65 38
80 42
44 73
94 95
41 14
4 34
97 25
50 49
42 11
60 85
15 43
34 8
33 65
15 22
54 14
18 59
99 66
67 52
51 59
7 57
61 11
42 84
78 74
63 65
89 71
85 31
46 81
66 62
1 10
5 44
45 54
65 47
84 85
88 78
10 41
24 50
43 63
6 17
73 50
36 74
66 2
39 92
69 33
98 18
53 14
74 99
67 76
3 31
40 50
70 87
10 87
100 12
11 22
39 12
14 77
52 92
23 42
59 9
17 5
23 51
64 52
13 10
87 49
99 88
52 88
97 89
23 37
94 50
54 58
