200 5031
34 56
30 78
43 84
26 92
54 35
60 84
57 32
14 2
27 25
76 49
54 33
45 51
6 38
78 71
12 8
98 95
39 83
80 56
5 89
93 7
56 80
21 42
87 58
23 81
26 83
27 80
55 80
70 57
59 37
66 13
13 49
92 92
47 90
55 33
70 35
53 76
14 68
26 66
66 29
92 44
1 14
71 62
37 94
58 3
48 32
48 53
55 50
38 66
79 60
11 38
82 24
34 40
32 31
69 82
8 72
57 13
47 61
62 4
26 22
5 97
80 16
90 70
49 40
26 57
44 54
18 27
30 33
9 21
43 44
47 61
100 16
95 10
18 22
88 9
4 12
17 6
35 13
58 13
55 71
65 73
69 2
36 47
50 64
52 33
56 28
58 87
8 45
3 40
19 90
85 18
59 36
98 57
26 88
7 27
76 14
69 41
76 5
5 46
29 14
70 49
52 58
80 29
64 10
21 32
68 90
67 73
37 37
54 2
77 86
91 59
19 26
97 87
79 57
68 41
48 19
86 84
25 28
7 16
40 23
44 17
43 33
99 10
93 26
68 20
57 37
68 39
36 13
33 93
25 36
16 26
2 41
76 93
95 54
18 2
96 76
62 95
36 75
84 64
16 97
64 60
27 23
34 74
60 46
5 79
53 15
7 17
42 15
78 42
65 84
34 37
73 10
7 16
84 47
17 35
74 88
40 35
85 73
61 100
24 79
61 8
76 77
78 72
36 53
71 82
47 73
83 28
84 77
82 47
66 92
51 25
46 6
92 66
84 98
57 4
48 96
89 12
16 72
42 10
18 5
80 55
75 99
90 15
39 70
58 97
6 1
12 9
49 31
42 26
73 60
73 61
54 33
100 36
2 32
41 37
22 18
48 5
23 65
6 46
81 51
41 8
