100 2631
81 94
97 14
86 71
63 80
60 23
14 67
42 79
5 31
49 3
100 35
51 32
67 56
55 24
3 99
51 95
52 65
94 6
39 30
31 49
24 35
79 49
66 69
20 80
71 86
10 100
38 85
29 16
89 79
95 3
96 72
84 88
75 48
93 37
22 10
38 28
4 59
35 77
31 6
61 42
83 79
31 40
11 73
49 86
37 15
13 71
99 32
88 31
58 28
89 62
18 79
82 14
19 62
35 47
1 93
89 99
44 46
91 78
70 66
84 76
85 32
17 37
20 16
12 31
9 73
41 25
49 58
65 84
75 53
79 15
25 25
10 31
9 6
35 49
58 68
97 20
99 71
9 100
84 3
57 50
49 13
54 81
90 64
68 74
88 80
42 8
8 72
84 77
32 37
77 38
19 53
69 20
94 26
38 20
80 51
54 51
78 44
80 60
18 34
5 97
10 75
