200 5080
38 61
14 44
15 72
47 50
100 97
29 45
54 73
76 55
34 4
51 76
7 6
47 86
45 20
83 24
28 64
44 57
7 98
92 71
1 36
13 83
76 92
4 97
61 23
29 87
70 71
94 88
75 63
86 5
97 5
69 32
25 31
35 65
35 27
39 54
81 66
34 23
19 98
86 91
10 77
5 53
88 66
68 34
51 90
84 37
2 58
78 54
28 94
9 55
22 76
80 81
73 37
49 67
36 29
34 11
77 5
57 51
79 98
3 68
43 56
76 54
24 99
67 38
62 70
58 25
57 43
42 88
43 99
75 40
79 78
52 27
31 44
67 95
72 61
82 34
2 84
73 18
11 39
29 29
81 24
84 14
9 9
54 61
32 33
44 90
39 71
60 37
100 92
69 21
15 56
94 99
44 26
90 6
60 36
57 96
47 82
16 30
98 83
89 80
43 69
29 12
93 59
73 65
47 6
64 19
6 50
48 89
36 88
69 88
29 17
69 11
52 53
89 78
74 23
36 37
32 19
12 46
47 26
83 10
80 18
61 81
77 9
76 43
2 39
88 96
32 38
48 20
4 26
82 72
89 52
46 46
62 83
81 10
18 10
8 89
96 80
76 11
7 29
83 67
44 98
35 98
3 29
95 3
75 27
76 52
82 39
6 45
39 97
29 64
41 6
71 66
41 97
69 66
46 8
43 35
56 62
29 46
42 6
59 39
62 17
30 9
56 36
23 52
62 70
26 98
82 92
9 49
1 8
41 20
44 67
44 6
27 69
46 96
90 60
2 47
22 99
72 98
59 91
60 47
52 14
99 49
30 12
44 10
67 14
27 19
86 96
75 27
8 16
80 53
33 65
69 85
61 62
41 53
44 36
23 83
66 50
77 27
83 32
66 57
17 98
26 50
