100 3638
96 83
48 7
38 60
16 99
22 3
28 17
65 47
57 46
8 16
12 1
81 54
95 13
77 56
86 43
33 21
93 71
21 9
70 82
55 50
50 3
17 36
14 25
2 14
44 75
92 76
9 71
52 25
39 99
82 34
35 47
89 53
29 16
34 54
79 65
96 14
7 8
58 33
60 13
16 53
65 48
23 13
96 58
60 13
100 20
82 100
44 33
92 91
54 9
66 14
46 40
55 63
82 2
11 16
56 76
77 76
55 91
64 46
28 53
93 42
97 79
14 99
34 46
25 47
47 52
12 62
20 60
6 11
21 94
32 24
21 15
85 94
6 36
16 72
96 6
5 8
49 72
92 90
48 98
2 32
57 3
46 89
56 94
38 4
56 4
64 69
67 32
10 46
79 66
94 84
55 39
76 45
60 82
88 85
100 91
58 86
51 46
72 2
63 48
71 92
55 78
