100 2303
6 34
52 49
87 40
38 64
17 82
11 85
13 66
10 14
12 64
31 66
99 62
31 94
51 26
32 6
95 44
10 36
80 97
14 100
69 60
59 12
83 34
66 79
42 53
98 9
88 81
61 29
28 77
19 95
83 67
5 98
64 10
88 100
8 46
50 49
78 16
24 27
12 85
42 33
86 92
23 48
72 98
36 54
54 94
22 23
20 11
100 37
83 11
99 7
65 36
51 22
9 18
48 22
68 100
2 23
45 30
8 32
62 51
24 6
78 26
44 70
28 3
41 87
84 21
35 100
42 35
61 88
11 79
54 71
2 20
96 70
28 18
73 17
31 75
33 63
46 92
50 85
33 99
28 2
1 44
97 87
31 23
9 13
44 8
98 74
11 35
40 89
5 5
24 38
63 94
83 82
68 7
42 48
75 68
3 79
77 47
17 54
63 67
87 77
22 24
16 86
