100 3121
77 27
30 7
33 90
25 80
83 7
75 66
9 89
25 26
70 48
51 61
59 12
62 49
38 3
1 6
18 81
2 11
60 28
2 65
13 78
3 51
90 19
13 4
97 29
20 94
70 70
93 98
22 74
66 82
2 74
55 78
52 49
78 52
84 84
37 39
54 31
18 43
63 4
62 19
42 68
84 3
64 32
52 31
98 51
54 86
5 36
15 83
55 97
16 64
68 99
68 74
18 66
57 70
32 77
15 95
28 63
1 98
7 44
50 37
18 80
60 17
4 66
70 80
89 69
39 49
58 18
94 51
9 43
20 73
56 22
50 10
4 27
71 53
54 92
1 77
76 38
58 28
67 11
83 86
73 43
35 10
2 59
43 60
43 31
33 87
57 6
23 93
85 37
15 49
24 81
3 68
27 18
79 46
24 47
67 38
17 95
81 17
61 88
25 89
52 89
68 9
