200 3204
98 14
7 97
38 5
24 49
99 19
50 83
33 85
33 74
95 39
91 7
31 90
25 79
75 26
84 31
21 71
48 17
23 85
9 20
70 32
84 27
10 47
97 89
84 7
95 28
83 91
23 27
6 66
38 50
36 15
87 49
68 9
85 80
94 45
57 65
60 80
44 64
6 47
44 64
76 89
53 38
34 23
6 78
77 16
60 48
89 9
50 39
7 16
64 45
58 58
28 48
47 24
67 4
77 36
83 30
61 84
59 27
5 9
67 1
49 28
92 23
5 49
68 88
76 55
50 46
25 52
87 34
93 9
82 51
30 50
69 97
34 88
15 72
26 27
63 55
26 71
67 35
12 45
32 87
30 79
69 3
12 34
76 54
87 58
88 21
10 84
99 93
98 99
15 44
17 45
46 79
58 66
22 46
14 66
86 72
71 91
90 18
72 6
16 99
23 68
54 55
36 47
57 55
68 78
61 73
71 61
94 48
27 59
82 6
77 86
56 90
2 60
88 71
84 43
40 69
75 44
93 78
38 62
73 42
59 21
7 58
70 20
17 39
80 3
35 38
2 10
2 93
24 55
25 67
17 43
47 22
78 21
52 42
55 28
46 98
13 66
25 40
91 98
91 77
58 45
19 35
99 18
11 4
7 58
82 60
50 73
33 1
26 90
87 86
57 94
85 62
93 43
27 66
53 100
72 98
13 3
54 62
74 42
89 57
78 28
42 37
87 30
56 1
94 78
41 9
53 50
58 95
17 48
95 99
48 71
26 45
13 86
46 88
36 48
71 43
79 100
85 72
56 95
5 41
23 57
64 88
41 2
68 52
42 53
93 54
91 1
55 7
98 15
64 42
43 15
75 94
58 30
29 96
82 46
51 7
21 4
86 96
60 54
89 4
32 94
7 24
