100 2654
47 77
41 30
55 94
21 11
56 10
46 28
58 74
6 93
99 10
1 3
92 78
73 33
13 38
51 5
98 39
100 57
91 21
54 51
37 46
84 38
35 65
95 14
83 79
2 9
25 65
82 23
7 16
91 78
58 90
30 69
29 86
56 18
22 50
35 79
29 29
77 60
32 58
86 54
83 4
30 20
86 56
26 81
54 52
50 45
77 85
51 90
49 1
67 58
4 93
37 99
3 95
90 57
83 12
37 25
43 65
8 28
18 48
49 32
50 5
28 89
78 53
30 91
83 7
99 2
64 21
11 87
76 13
95 79
96 40
58 16
76 50
33 47
83 49
81 1
35 43
11 85
31 43
83 43
30 42
86 35
72 93
84 36
75 43
54 5
20 13
17 8
13 32
90 60
65 91
63 89
17 100
42 43
92 79
51 58
93 97
8 51
62 44
68 9
54 81
9 35
