100 2443
94 87
28 73
62 9
40 56
41 17
44 35
32 74
40 32
73 88
63 18
22 53
62 51
21 22
81 47
24 41
56 70
79 79
30 23
32 48
30 70
69 73
17 20
37 49
66 97
63 7
29 32
68 66
76 59
71 70
32 96
7 66
64 8
11 68
68 26
3 16
4 84
63 61
86 89
95 68
36 100
100 58
17 72
49 51
73 79
97 18
73 43
28 100
27 96
54 17
59 47
9 65
22 89
27 67
97 66
39 85
41 73
26 97
59 2
69 84
48 66
90 97
75 1
11 26
52 17
94 26
66 41
55 100
9 38
3 29
50 67
44 38
3 38
18 38
44 40
75 16
66 7
16 82
54 15
45 55
21 98
12 62
53 71
43 86
90 80
49 36
81 22
31 4
26 85
39 75
99 39
73 2
80 24
25 39
36 27
32 40
70 65
53 67
38 39
78 2
55 47
