200 7035
27 38
2 51
5 95
67 21
49 53
57 94
97 58
33 56
26 15
79 95
86 22
71 95
85 89
25 26
11 62
25 99
98 40
18 31
72 38
31 53
15 84
17 49
3 5
82 94
41 82
43 30
64 10
89 11
68 88
68 48
16 12
47 25
69 50
73 58
65 45
17 3
81 3
61 54
2 10
6 17
91 100
39 84
28 11
76 40
64 9
39 24
52 39
13 48
56 54
23 28
43 53
22 89
39 77
97 57
3 34
80 58
91 87
18 96
68 20
59 74
85 43
36 83
57 50
6 93
60 92
21 46
74 95
40 94
33 51
27 56
97 10
24 50
66 39
25 72
51 90
81 47
63 95
2 80
93 47
70 100
76 7
87 99
43 88
14 83
83 7
45 74
45 93
74 45
14 69
65 64
84 70
98 11
52 99
92 19
55 55
11 90
12 64
29 1
2 84
96 14
7 57
98 45
71 16
72 95
22 17
21 5
52 94
36 11
22 84
96 40
57 11
97 42
82 90
99 50
63 77
65 48
95 23
59 69
90 93
8 43
75 84
25 62
58 54
26 82
16 33
12 60
36 72
79 96
92 61
37 55
26 62
51 69
87 99
97 77
22 15
60 67
17 33
26 60
96 78
91 68
21 51
4 40
39 9
55 40
3 41
1 37
71 88
49 64
12 5
12 32
57 6
86 41
36 45
66 11
12 22
3 77
29 23
99 93
33 25
73 35
88 99
58 38
23 3
74 50
54 14
96 69
33 16
23 98
21 29
80 45
13 65
94 79
84 84
51 25
100 71
38 25
4 62
70 10
86 40
67 18
81 41
94 97
52 10
16 85
59 60
15 32
70 14
88 82
14 76
2 38
60 68
1 27
11 75
34 22
74 28
65 40
29 90
58 43
87 37
2 18
