200 3196
3 78
85 47
57 23
18 97
70 23
13 54
60 5
19 10
39 39
22 47
17 10
21 58
57 95
22 75
23 60
57 81
50 82
59 45
15 1
92 69
74 12
37 50
24 99
75 46
24 20
60 19
99 100
10 65
21 59
57 52
49 63
76 89
41 99
58 37
45 85
62 21
70 42
57 41
81 83
60 81
78 40
49 44
33 90
34 86
70 70
55 1
42 66
20 52
65 97
57 66
63 20
38 8
93 67
87 70
13 53
68 38
46 40
63 5
30 2
18 99
71 56
78 16
93 39
63 6
35 52
90 23
25 27
56 94
46 63
57 61
16 74
75 54
5 4
48 15
8 40
27 74
54 16
49 57
98 25
70 12
57 75
60 96
8 20
2 41
98 17
72 24
69 79
43 57
86 28
98 32
61 7
56 36
28 48
5 45
18 41
14 99
94 19
94 19
70 44
91 33
50 79
85 69
65 87
7 83
84 84
72 26
85 8
89 51
73 34
82 84
58 62
81 8
93 31
65 33
82 49
91 47
88 9
51 79
85 55
73 36
100 10
45 13
80 23
27 9
2 57
50 64
41 8
47 75
43 82
10 51
38 8
93 13
46 20
2 94
99 47
81 55
26 71
35 54
69 5
50 4
16 89
26 18
30 64
60 19
43 51
12 12
50 17
82 11
14 42
35 72
7 98
13 3
31 84
86 21
92 12
84 93
35 84
32 19
31 19
78 17
93 21
68 26
22 29
90 92
21 71
72 75
70 46
46 93
6 28
90 2
95 49
73 16
67 20
25 12
32 86
9 22
88 75
34 3
91 32
1 16
20 26
97 29
65 70
50 61
34 49
56 81
86 5
21 84
87 51
16 24
98 1
79 72
35 1
71 29
20 15
55 72
94 4
89 61
1 16
99 83
