100 2259
93 27
77 80
16 67
24 24
98 53
21 24
8 5
11 28
18 32
6 93
37 68
32 61
7 13
33 90
32 45
13 69
24 79
14 71
72 26
74 22
64 55
29 83
52 91
88 32
92 35
18 41
34 99
13 49
49 25
77 78
83 49
94 51
53 9
51 15
17 26
2 62
71 91
24 30
12 89
88 22
81 74
100 56
71 34
39 87
33 97
2 79
51 7
8 28
67 1
23 32
81 49
30 8
51 67
84 39
17 39
95 53
1 31
2 37
7 53
50 56
78 66
41 1
43 58
30 75
91 67
11 36
31 36
13 57
87 65
94 76
100 30
67 91
46 31
22 64
6 77
30 80
23 94
56 35
89 7
41 94
30 67
21 55
22 53
33 85
5 46
90 91
27 89
57 28
92 79
85 41
58 35
69 45
25 41
52 45
51 19
16 59
63 80
33 6
28 16
49 96
