100 3666
91 78
11 38
37 88
95 2
43 15
87 93
8 15
55 91
62 66
97 2
97 69
1 49
11 64
1 12
56 65
1 91
28 66
49 46
44 27
56 52
66 40
72 87
85 100
93 50
32 74
97 5
72 70
97 88
63 100
31 77
55 86
53 29
93 67
92 26
99 30
36 81
30 18
58 96
42 23
91 35
54 49
90 92
44 35
16 65
42 3
51 100
16 55
70 20
100 97
11 82
77 72
17 37
82 68
61 71
61 86
65 41
10 75
32 7
62 81
24 26
62 83
16 66
77 6
55 49
59 91
27 35
42 82
88 61
85 83
83 4
31 47
90 31
73 47
26 82
6 47
14 49
76 81
21 2
35 21
27 77
32 83
63 92
43 65
65 2
76 14
3 2
82 42
37 40
35 8
43 74
60 66
48 91
10 40
36 71
54 91
69 82
15 58
95 24
8 94
99 92
