200 3102
62 35
64 13
51 96
33 65
75 9
88 15
54 92
1 25
90 86
85 69
68 68
67 38
66 13
38 38
80 16
14 28
18 43
84 64
50 43
69 37
7 12
50 38
92 65
8 45
30 61
6 5
31 69
85 88
18 80
46 46
68 99
32 66
10 58
70 95
64 82
36 18
57 9
18 73
89 94
99 47
2 93
56 14
17 84
19 57
93 51
96 52
33 36
63 45
32 15
82 78
83 81
90 78
83 67
74 97
49 75
12 79
31 53
79 95
97 66
49 84
77 92
16 17
32 49
38 49
37 63
95 30
25 18
93 71
12 54
13 12
43 17
66 47
69 25
12 53
84 3
13 27
59 4
68 91
75 71
90 70
1 68
9 3
80 48
83 87
82 52
80 74
47 65
65 4
11 68
43 83
65 88
87 60
10 51
96 36
76 60
46 13
90 66
100 30
90 35
54 71
65 41
33 4
71 17
85 17
44 56
54 72
97 95
54 59
74 62
24 17
44 28
26 81
32 19
75 27
9 19
66 70
54 100
7 84
30 26
16 20
49 18
46 13
54 79
10 68
41 100
29 90
55 32
82 17
81 19
44 66
35 88
45 11
28 69
5 56
29 79
23 76
11 27
77 73
77 34
84 40
52 89
20 14
9 73
84 60
46 92
69 91
1 81
51 92
75 74
82 6
67 11
75 43
27 70
20 41
84 62
19 22
1 82
90 93
100 90
81 1
34 11
35 77
77 63
61 31
91 85
5 42
84 7
1 63
33 14
60 92
36 3
85 55
31 5
97 75
20 14
76 97
17 65
20 94
26 40
44 91
53 52
44 2
18 85
79 21
64 94
54 99
97 94
64 75
43 91
48 84
96 27
28 53
82 12
72 90
41 84
25 96
28 31
24 90
25 59
60 96
