100 2461
13 87
38 81
75 71
50 6
76 32
2 59
34 42
51 43
97 49
92 66
57 84
100 91
38 85
42 58
4 90
100 46
21 41
67 46
99 12
8 37
8 43
54 10
43 49
21 14
53 23
16 18
56 64
33 87
24 65
52 50
30 76
36 51
42 30
57 46
85 57
17 13
58 56
70 50
67 55
7 56
14 15
76 90
58 46
51 51
17 47
61 87
3 97
89 40
79 32
1 60
96 76
86 26
6 22
38 25
6 91
58 44
6 94
13 55
42 83
81 58
17 4
71 58
16 61
58 86
79 55
52 17
74 98
37 10
21 66
93 5
95 17
34 32
68 94
52 62
37 82
36 93
12 100
91 78
25 32
90 31
91 90
20 7
75 8
48 11
10 83
32 98
57 6
67 77
45 52
98 88
47 86
13 56
20 97
14 46
70 93
99 51
65 14
95 90
87 12
37 79
