100 3831
29 93
67 80
40 67
68 28
58 16
91 7
89 52
48 47
19 50
45 99
91 22
10 62
30 77
96 41
40 85
42 43
84 30
100 99
63 43
61 90
99 40
93 75
56 51
24 98
82 65
45 2
2 14
80 62
49 1
25 15
47 54
29 93
44 94
86 72
96 21
1 9
28 78
37 24
100 7
46 27
33 22
90 29
55 88
62 50
37 21
95 24
56 44
72 2
94 74
18 87
32 43
44 13
11 61
88 93
19 10
92 77
32 47
72 75
24 39
32 47
49 89
70 44
60 39
92 82
7 15
7 11
44 43
34 92
43 34
95 1
79 70
75 7
36 29
85 57
89 57
24 49
31 33
44 100
96 50
24 6
61 38
79 93
19 19
23 50
66 37
38 28
15 27
49 83
61 55
90 17
80 29
9 43
59 60
91 20
52 77
65 74
98 30
47 71
50 65
40 16
