100 1519
70 2
59 76
91 9
25 25
99 59
74 12
57 36
73 62
35 75
40 70
50 5
14 18
96 27
18 17
10 78
16 32
86 68
69 35
20 56
49 30
28 75
86 51
74 44
68 44
29 95
19 1
76 76
85 40
6 48
86 31
44 43
27 49
44 58
87 4
51 25
94 16
60 15
8 61
67 29
46 89
47 30
68 34
60 58
94 9
38 2
21 35
61 92
23 69
41 21
81 47
24 98
69 47
66 49
49 93
36 90
46 44
67 93
64 66
83 83
72 92
49 48
78 77
98 41
44 6
64 80
1 65
38 73
23 46
8 77
56 2
21 86
6 7
23 35
32 43
51 67
60 36
4 29
12 58
35 56
44 50
44 57
58 5
12 48
61 5
6 97
100 38
6 48
72 41
63 55
40 82
96 33
63 2
18 11
93 25
58 59
81 42
45 41
95 32
56 88
4 18
