200 5415
73 9
5 77
39 48
32 98
88 2
93 91
11 32
23 68
47 24
71 71
85 34
17 84
100 21
37 17
21 31
51 82
19 87
82 59
9 58
10 32
56 79
79 44
76 18
88 83
75 34
75 23
44 49
97 84
86 10
30 63
48 40
11 18
86 40
86 40
94 67
73 41
30 30
56 98
95 60
28 54
26 21
32 46
45 37
25 41
68 62
65 67
28 22
38 100
99 77
36 32
100 31
6 55
66 27
75 49
94 89
41 61
1 23
89 38
37 44
39 32
18 100
36 83
49 1
3 91
73 22
94 19
27 84
55 4
50 17
74 95
82 57
75 37
5 92
78 45
52 29
24 54
95 63
31 51
61 53
93 39
66 34
60 36
98 45
83 60
87 84
43 34
75 20
39 58
83 71
64 15
29 41
100 22
99 50
29 41
54 65
72 23
23 59
33 100
26 26
72 27
6 94
59 34
98 15
62 86
37 78
49 44
85 91
31 92
79 46
97 95
75 82
96 79
57 30
24 27
31 38
95 65
67 60
5 10
33 22
49 82
68 24
62 62
1 55
19 25
42 54
6 19
90 48
64 13
90 18
67 73
35 91
95 64
25 59
33 6
8 1
61 88
33 49
92 43
43 80
64 94
89 89
17 61
11 24
97 19
41 39
93 61
91 35
59 50
98 22
75 57
59 31
17 46
88 70
11 38
35 70
30 24
17 56
76 69
93 88
6 26
42 94
80 78
53 41
67 52
64 35
12 93
79 39
48 83
4 35
74 70
63 28
44 23
90 83
74 51
92 93
82 21
66 64
34 28
40 71
15 85
8 36
99 53
84 30
48 57
9 90
18 52
77 80
77 98
94 72
21 19
35 75
87 65
52 49
39 67
5 16
67 83
50 59
36 7
15 18
5 45
