200 5066
38 30
89 14
56 46
88 88
76 64
33 83
16 16
66 60
46 97
90 76
61 30
53 60
91 87
34 70
21 15
94 50
19 68
65 56
6 87
37 84
61 7
68 85
42 69
80 31
19 14
79 21
88 91
17 7
4 34
37 22
25 83
93 63
25 87
32 29
81 2
52 50
17 63
96 18
69 10
62 11
85 45
29 91
66 23
27 31
15 60
86 89
72 32
33 27
3 44
78 19
21 62
63 51
97 55
62 30
42 33
15 68
93 2
30 24
84 75
48 35
66 97
60 57
40 50
42 84
91 37
20 51
45 33
7 100
67 20
13 94
69 62
3 17
93 84
86 84
29 47
7 95
72 72
1 31
39 21
26 16
30 49
12 34
88 18
26 55
25 63
82 50
93 75
17 64
63 25
76 49
16 51
80 22
35 57
56 52
21 57
77 46
75 54
65 89
84 45
94 26
29 35
4 6
96 42
21 18
89 42
25 40
80 13
12 13
25 70
70 85
37 80
6 70
81 19
77 97
31 25
6 33
10 99
23 99
74 49
72 75
50 99
90 99
51 48
36 7
97 2
23 4
13 52
71 7
87 45
48 48
64 32
67 79
51 6
60 25
87 48
91 47
36 65
66 12
55 59
12 86
36 49
43 91
17 8
68 67
71 87
47 84
25 51
80 37
22 82
51 99
51 12
71 32
40 49
1 11
7 38
36 50
23 15
19 42
58 57
61 59
18 89
74 40
27 89
68 46
85 65
66 88
10 92
72 81
83 100
64 3
83 18
70 48
59 93
99 25
38 66
29 31
97 8
62 68
9 68
18 41
64 67
11 31
41 72
3 67
12 41
47 62
90 69
86 7
17 3
100 77
99 65
34 43
25 16
77 5
53 89
61 32
42 93
14 32
32 12
77 44
