100 3825
44 51
34 87
72 6
71 65
90 50
70 38
78 65
41 40
60 97
27 72
85 83
53 63
90 44
74 38
65 80
29 18
22 89
71 95
32 65
57 24
10 7
93 22
87 54
34 75
44 23
19 27
88 81
4 17
38 76
12 72
8 90
81 78
45 11
79 47
52 94
86 60
100 84
81 58
26 99
11 32
7 29
62 33
64 95
48 24
35 70
80 26
76 93
8 10
50 21
7 57
65 33
12 79
52 31
51 38
45 6
95 53
22 16
33 86
98 21
11 91
96 58
57 62
92 20
92 20
87 8
95 13
77 79
86 43
27 70
2 29
96 75
85 51
63 61
11 69
33 74
49 83
91 46
8 67
56 92
92 18
67 75
72 77
55 97
18 5
75 66
52 2
64 9
96 82
84 87
13 82
6 72
31 96
69 43
49 92
22 15
55 3
95 4
50 93
92 45
21 26
