100 1439
31 92
27 11
53 51
38 89
24 76
6 91
36 59
13 55
96 92
64 77
74 49
48 2
55 13
69 2
70 42
14 95
27 88
4 62
98 30
19 65
91 69
68 40
30 99
25 7
51 79
7 81
57 22
9 41
71 80
67 62
93 50
54 23
93 24
45 53
43 63
16 99
50 43
78 22
28 53
45 34
42 50
54 54
92 88
96 62
22 55
14 81
61 56
48 42
17 42
11 37
66 7
7 62
78 77
47 57
83 69
28 7
54 37
91 90
88 47
24 17
57 51
80 49
29 39
50 74
25 1
71 54
65 24
26 43
49 75
45 29
71 29
42 24
98 82
14 68
89 38
19 36
27 48
1 93
19 29
95 42
11 82
84 87
53 3
89 58
31 43
35 71
68 16
36 32
26 12
8 15
11 48
82 62
87 63
40 38
83 87
63 63
10 91
48 63
41 57
10 17
