200 3060
100 18
31 26
64 97
47 74
73 54
63 86
71 53
67 45
3 68
79 4
7 7
56 56
30 42
11 77
9 91
82 21
18 69
75 31
76 83
32 25
21 29
5 79
28 94
66 56
64 22
83 17
61 70
17 16
38 99
7 99
40 86
37 16
37 76
3 35
36 42
62 29
17 72
6 94
80 74
71 40
84 97
86 32
27 95
66 90
97 60
87 85
47 63
14 28
14 68
22 97
97 53
34 96
79 28
76 98
99 51
42 1
11 14
12 20
58 16
100 13
18 71
97 1
37 80
6 98
52 35
24 21
19 79
20 59
81 66
99 4
43 98
16 15
84 35
21 44
81 4
80 94
7 80
80 18
45 22
20 99
53 15
94 26
53 95
31 94
69 23
4 97
72 94
79 89
15 69
29 9
79 53
84 91
78 9
67 32
41 88
81 96
42 53
60 18
52 54
22 18
58 21
94 3
37 84
93 7
14 46
70 40
25 1
73 77
49 57
69 74
44 76
53 23
62 51
49 22
84 16
83 73
52 18
55 9
61 13
18 38
36 17
91 65
1 80
65 78
9 97
41 20
45 25
50 49
52 37
96 30
71 18
61 58
90 32
60 2
54 64
55 29
29 41
78 16
27 5
29 49
98 41
71 32
81 24
12 43
71 53
64 39
94 16
22 23
71 100
6 28
39 12
58 68
97 93
91 92
22 97
5 41
31 11
66 21
7 41
35 47
13 50
77 10
95 56
2 33
88 11
100 72
9 61
16 3
29 39
35 18
96 4
27 80
57 49
77 27
38 74
27 54
92 17
31 89
100 76
62 16
36 69
38 39
19 84
84 13
28 30
40 32
41 53
11 40
57 53
47 93
97 39
70 54
75 54
91 46
23 87
15 65
43 69
31 99
30 19
71 8
