200 3056
68 46
74 38
39 57
69 41
100 72
12 84
74 83
17 13
53 73
49 94
84 44
21 67
39 48
19 63
85 53
69 65
51 28
37 50
60 81
3 88
81 28
50 84
8 27
34 88
96 45
46 83
50 55
64 56
97 64
21 49
23 31
64 62
94 38
61 40
84 2
46 62
73 23
57 84
14 74
77 95
57 30
97 69
97 62
96 77
16 31
81 66
64 93
18 11
69 15
75 73
72 98
1 42
25 9
79 76
86 81
72 53
25 10
88 88
87 8
73 26
8 36
10 91
36 87
53 25
22 30
72 40
50 86
94 52
28 75
63 59
70 47
37 4
12 27
18 8
32 33
79 10
50 25
47 25
96 20
70 39
21 50
67 69
70 33
97 10
45 97
8 65
20 14
21 6
95 52
7 21
93 31
54 39
16 11
81 69
58 64
37 40
4 8
8 49
83 44
31 83
22 60
4 90
67 38
33 38
74 49
50 22
11 47
23 73
96 47
58 18
45 63
69 48
24 39
66 95
17 57
21 35
73 60
37 22
41 92
19 63
43 42
86 75
24 2
10 5
18 43
82 17
98 96
21 3
41 65
32 39
3 37
14 76
88 80
22 74
99 14
61 28
71 48
61 12
35 52
19 46
19 82
31 15
39 93
42 20
97 61
55 1
62 6
21 72
43 22
55 97
40 35
85 15
92 23
15 88
46 71
9 18
48 4
96 67
81 20
88 20
27 57
83 56
54 96
66 37
4 81
52 61
78 16
27 28
64 24
13 68
45 73
82 5
95 34
83 17
76 76
91 46
89 69
89 81
12 18
32 90
43 30
3 4
68 57
86 52
17 43
66 27
46 69
65 46
61 45
78 40
4 17
39 2
61 95
9 12
5 90
16 28
12 24
82 5
42 7
76 48
