100 1658
62 61
71 15
6 25
23 77
96 6
18 60
85 38
99 72
70 19
43 88
44 38
56 24
18 81
86 90
87 6
61 16
45 17
24 20
72 88
3 68
31 6
80 79
99 36
45 1
55 78
96 89
95 49
41 56
80 89
94 15
87 60
41 49
16 81
44 85
16 77
63 86
14 96
100 66
14 58
83 66
94 5
57 47
91 89
12 86
94 37
77 47
24 1
38 5
100 66
95 88
92 72
83 71
26 66
42 59
27 71
80 95
37 48
73 71
72 2
68 88
18 37
10 62
61 89
33 70
54 98
76 65
48 55
67 93
27 83
61 64
49 59
21 87
17 11
39 99
84 72
62 99
15 97
59 25
99 3
67 63
6 64
42 26
1 85
31 82
84 84
27 8
63 28
72 83
100 78
86 30
40 23
69 67
96 91
100 11
2 36
49 88
27 27
1 42
67 32
53 9
