100 1586
16 21
78 45
76 34
5 62
33 80
10 19
72 48
18 36
82 93
18 98
59 54
67 9
22 55
70 15
34 48
3 65
18 37
94 68
53 82
41 9
77 63
82 9
94 17
72 27
6 61
59 24
85 39
91 57
98 31
87 82
100 93
66 3
64 26
75 79
70 64
97 58
36 49
93 64
66 93
18 41
10 13
25 99
36 49
84 67
46 13
69 48
38 31
64 1
63 16
91 64
56 61
91 30
24 24
2 77
62 56
81 37
60 52
99 46
71 93
58 35
85 27
70 38
75 37
100 5
97 16
44 53
48 62
32 64
89 16
14 6
1 56
50 80
90 4
36 56
85 98
35 68
5 3
23 80
50 68
19 70
65 43
6 80
9 99
40 19
59 8
23 6
21 55
18 60
21 51
43 99
27 46
57 30
65 36
1 82
8 34
61 51
97 86
56 95
44 66
85 53
