200 7100
28 72
45 25
19 83
10 54
96 46
12 41
31 52
59 1
91 56
53 82
43 9
78 73
5 79
25 60
34 35
47 64
28 2
66 25
44 23
99 60
84 39
70 69
64 39
84 38
36 100
31 68
67 7
94 11
89 19
84 90
38 37
17 91
80 15
56 71
26 44
75 60
19 11
8 47
85 61
61 67
60 80
80 21
38 39
17 10
56 81
72 25
63 74
35 34
37 2
58 96
33 45
20 40
27 16
48 83
4 77
62 68
31 3
22 83
7 78
19 73
57 73
96 15
87 15
36 87
51 37
65 10
11 46
22 48
72 8
47 58
82 66
84 88
78 31
20 4
52 97
33 63
91 81
66 70
67 96
27 82
23 17
52 41
98 21
1 85
51 75
53 97
14 52
81 29
26 32
20 29
52 54
82 4
15 95
90 68
18 42
17 32
54 30
80 39
38 31
78 37
26 49
20 96
13 24
4 79
91 51
64 21
88 41
81 31
81 42
7 88
59 12
3 59
58 80
8 84
55 43
8 7
61 81
68 46
41 35
38 64
87 74
44 40
20 67
53 21
85 8
37 60
69 4
39 89
16 50
59 34
68 25
93 98
78 29
32 49
96 28
20 79
95 21
36 68
100 62
27 62
42 8
10 73
81 72
99 87
17 57
35 66
58 45
29 89
2 11
50 32
67 52
40 85
45 71
86 70
44 57
30 30
74 81
64 60
20 18
89 30
22 45
87 43
33 28
51 25
70 91
81 7
70 55
64 63
16 75
21 16
42 24
57 34
30 41
22 48
7 72
99 49
56 13
16 17
79 37
9 24
66 48
97 40
100 60
62 18
34 61
43 16
91 48
7 41
6 27
62 65
47 22
80 23
100 7
80 1
30 47
69 49
60 8
100 1
84 63
27 34
