200 4824
8 28
42 8
69 16
55 28
69 62
37 81
70 89
99 83
89 19
23 49
49 63
5 38
93 45
33 19
97 27
34 93
49 87
6 28
49 68
80 84
89 59
79 94
88 89
4 10
3 69
56 97
49 44
56 1
92 82
59 86
22 85
99 9
100 45
90 52
6 37
20 7
79 85
27 25
70 89
19 3
49 74
18 51
23 92
93 70
2 21
20 70
79 62
51 7
77 98
27 29
82 43
65 8
5 22
69 31
20 17
7 42
77 79
69 12
15 43
68 60
27 97
88 79
18 21
78 42
29 82
23 57
97 100
7 66
49 33
18 88
25 21
97 58
35 91
48 64
90 27
36 63
19 34
20 40
38 70
47 31
46 68
20 64
64 90
3 41
40 94
83 58
61 83
16 25
51 69
75 77
83 84
77 66
62 7
1 56
6 59
43 88
75 12
54 58
49 54
24 97
71 97
26 26
72 6
57 87
25 89
13 33
93 2
43 22
32 72
82 23
41 4
78 92
1 86
4 93
32 32
41 31
87 50
92 66
56 55
37 19
19 42
91 39
66 84
32 100
91 94
23 94
74 88
17 58
77 51
23 93
40 6
47 99
48 18
12 11
4 38
72 58
76 43
48 39
66 80
8 67
29 61
6 83
37 58
82 46
62 76
68 41
74 76
48 77
59 7
29 31
36 95
77 100
71 21
53 30
9 100
13 66
76 23
82 39
30 75
52 25
56 31
69 80
50 76
3 100
32 91
5 13
26 57
8 85
52 3
43 36
67 51
33 63
1 71
3 60
14 60
62 98
70 1
87 87
9 74
80 7
67 69
96 21
57 58
38 89
49 50
17 9
2 7
24 25
98 47
31 81
27 1
54 77
100 13
76 76
8 76
83 3
81 88
34 33
42 87
84 90
