100 3413
7 47
4 50
25 43
5 1
69 45
92 65
76 10
47 87
56 56
65 97
9 4
89 43
82 67
23 19
86 9
21 3
23 2
32 46
25 35
54 44
20 66
82 24
32 1
19 12
95 92
31 27
44 12
7 11
61 53
4 26
48 84
20 99
7 27
73 78
24 99
75 71
64 43
52 8
74 9
19 50
16 57
82 64
59 44
49 75
56 82
44 52
69 78
78 83
28 50
46 12
32 79
47 15
79 87
15 79
17 79
73 30
97 58
60 90
31 40
57 10
63 67
79 75
76 60
70 94
51 53
52 58
96 16
66 95
3 17
21 25
37 96
70 25
55 88
95 39
71 100
10 22
91 91
91 29
88 56
18 92
36 40
71 34
64 6
14 79
85 13
32 36
38 60
81 70
43 78
69 100
89 31
6 44
47 74
17 90
27 37
49 78
20 99
74 5
14 72
22 15
