200 7184
23 93
31 95
63 1
36 71
61 34
60 22
2 44
65 78
30 93
1 39
20 29
41 14
32 61
27 44
67 81
98 3
85 35
63 77
84 49
8 1
12 69
58 77
27 71
75 15
71 12
77 75
81 86
51 92
73 78
29 83
53 50
47 22
12 30
16 3
83 44
24 63
27 76
84 87
88 92
56 69
36 26
60 21
96 34
68 86
86 16
63 66
17 40
70 51
77 43
100 88
77 3
41 11
57 16
55 25
15 25
80 79
32 100
95 62
30 71
56 29
76 97
34 72
2 3
39 26
49 26
36 46
62 40
27 2
71 33
50 31
82 22
7 10
61 51
78 55
26 47
46 67
92 21
42 86
67 69
20 15
93 25
96 71
60 77
2 92
50 96
74 53
81 70
33 95
21 15
62 92
40 75
96 11
95 64
42 77
34 88
96 89
77 75
47 27
22 42
100 7
48 9
56 63
6 68
8 60
33 70
31 66
5 78
76 42
24 51
72 46
95 8
16 27
19 16
7 84
17 18
68 11
80 36
49 87
53 57
100 2
10 31
92 84
47 64
57 94
85 60
80 51
4 34
14 34
79 29
25 76
13 92
26 38
80 90
18 11
34 49
64 11
100 76
38 26
91 52
23 78
61 23
38 11
38 4
79 38
44 94
7 73
99 1
23 82
55 12
51 9
75 83
17 42
94 92
21 47
73 35
31 4
53 49
76 20
44 37
31 78
52 95
56 81
8 15
84 37
25 43
41 15
99 47
76 19
31 40
90 51
98 96
91 14
27 61
87 52
22 51
22 7
45 24
20 3
96 88
100 35
22 12
70 70
16 76
15 3
43 16
40 62
97 58
47 65
67 82
40 95
29 94
70 28
47 27
36 60
53 64
71 69
29 74
4 63
46 39
59 65
