200 3045
10 43
88 6
62 12
1 68
3 66
49 75
27 69
48 6
30 40
96 47
9 64
34 7
90 15
59 1
5 17
11 82
66 25
16 53
30 21
58 7
88 43
81 13
28 75
38 41
20 87
59 56
99 36
99 34
68 14
17 27
84 84
77 56
56 32
46 47
29 76
59 97
94 21
56 44
58 55
76 13
51 43
66 70
61 19
92 57
24 70
65 35
2 38
41 47
80 87
83 10
99 5
19 81
63 22
78 79
56 21
82 60
89 34
55 9
33 94
8 47
23 35
16 29
84 55
78 66
61 75
65 30
36 14
7 47
20 25
93 20
82 59
22 67
10 89
42 78
13 75
86 59
6 64
67 64
26 57
37 3
49 74
76 61
55 35
64 95
54 39
62 8
97 7
94 25
16 16
29 100
1 23
90 50
45 80
84 29
68 67
57 6
100 58
55 32
63 52
19 35
100 52
96 11
40 53
9 92
37 40
5 80
94 2
94 55
23 43
72 58
30 9
23 68
47 18
36 44
86 15
52 9
98 51
35 21
45 33
65 66
63 72
45 7
7 15
59 51
81 36
74 33
16 56
80 45
80 64
30 59
51 79
79 15
26 21
42 84
88 7
14 12
46 15
33 60
8 67
20 57
4 18
89 75
95 25
3 35
77 18
80 91
54 95
26 20
66 11
99 79
42 85
29 82
43 86
48 51
39 84
75 21
73 83
6 91
55 65
53 99
36 49
57 96
31 65
13 22
98 79
70 23
26 33
96 93
55 83
85 51
15 1
10 100
26 78
9 77
12 86
2 95
41 67
66 33
27 67
6 29
16 11
68 51
86 62
10 96
16 54
25 45
85 16
88 88
30 87
91 81
92 86
17 88
47 76
75 51
81 9
44 6
96 25
7 93
39 98
50 7
