200 4865
20 100
90 69
4 25
90 23
49 75
15 32
39 89
49 54
2 29
13 88
7 56
70 10
33 54
65 19
11 96
34 51
73 48
69 60
58 79
72 72
49 19
59 86
48 79
13 93
34 81
76 46
15 79
74 75
8 68
54 87
15 60
79 19
95 7
71 36
21 41
43 34
85 67
59 82
44 39
38 47
71 69
2 94
8 56
55 74
18 65
70 52
89 24
43 64
38 11
98 2
14 88
38 29
56 39
61 18
51 73
42 72
88 63
17 52
67 46
95 30
22 90
33 57
26 49
16 49
3 92
46 41
59 34
88 10
4 74
54 72
25 57
27 95
55 17
84 12
81 68
73 33
5 63
21 44
15 97
42 25
71 45
28 36
32 54
26 36
40 53
34 26
19 7
28 67
2 29
37 52
74 49
24 71
70 8
51 49
39 71
72 51
96 89
49 4
11 60
52 63
2 27
36 16
78 57
9 43
71 28
10 76
33 76
76 42
83 19
47 24
69 19
53 16
26 59
52 72
30 3
17 63
85 49
49 9
96 29
87 30
37 12
22 29
62 52
6 71
72 77
100 74
78 21
68 66
1 77
88 80
19 80
54 3
75 48
48 88
62 97
98 27
57 15
46 72
73 20
91 34
44 95
93 38
43 1
69 5
45 61
73 3
38 67
81 10
73 63
33 48
19 91
9 74
6 76
80 42
67 96
78 53
80 15
44 16
45 70
32 43
83 47
15 1
85 97
58 94
62 88
99 93
7 20
70 54
44 17
79 40
61 87
88 11
71 77
55 39
8 16
67 38
79 41
45 34
48 99
3 3
30 81
66 41
64 28
35 9
46 34
30 23
64 61
77 48
73 38
8 82
8 42
7 37
74 82
44 90
16 30
87 21
42 34
22 2
9 74
86 50
