100 1457
91 28
37 42
93 61
72 89
4 69
30 57
59 12
4 59
22 58
39 24
45 91
55 61
26 52
47 57
12 73
20 42
70 16
80 29
51 28
81 38
94 13
50 7
95 48
56 21
40 64
33 12
70 45
82 6
95 48
26 58
99 56
85 27
63 99
91 16
8 15
18 19
20 25
18 79
21 30
93 82
57 2
17 20
48 94
34 53
16 28
11 67
53 94
85 95
90 47
56 73
17 33
35 59
5 79
63 80
42 31
44 42
96 44
11 76
26 100
42 91
89 33
76 55
79 17
3 83
66 22
86 32
72 1
37 46
56 62
93 30
29 27
12 63
9 1
28 21
45 67
24 28
39 39
49 60
60 75
80 85
4 33
77 7
67 95
61 63
39 38
8 26
56 5
86 81
71 53
33 4
28 71
11 85
8 10
6 40
65 67
25 31
43 23
36 19
61 77
98 84
