200 5208
93 94
13 85
13 42
21 14
51 63
80 50
10 79
92 72
13 94
8 81
46 13
46 78
100 63
74 36
54 47
33 89
96 38
66 58
32 29
86 49
47 56
73 60
22 12
28 89
14 19
3 22
48 1
48 5
56 3
73 68
97 9
48 97
85 4
9 2
69 62
36 66
88 52
78 40
79 89
53 97
38 20
24 1
98 75
37 34
49 36
3 21
70 75
45 25
68 31
1 3
82 74
14 38
26 63
55 85
93 78
39 33
9 59
92 78
86 89
65 61
64 45
83 50
12 9
49 1
43 3
32 70
36 66
31 54
10 61
66 55
83 3
47 32
89 7
32 77
35 18
38 43
34 49
4 92
34 19
53 79
57 94
67 92
66 68
82 8
73 29
10 45
20 92
81 87
1 74
58 33
45 47
64 19
92 82
9 8
64 19
34 84
40 29
51 36
64 90
49 90
16 42
98 92
47 73
5 49
81 20
82 90
94 43
66 20
37 81
79 61
18 51
93 27
97 5
35 18
74 86
69 33
44 63
46 78
1 19
44 36
55 10
98 17
60 6
46 43
6 24
23 76
79 26
45 53
74 64
95 15
46 94
89 5
44 58
44 66
45 5
25 29
77 56
90 99
90 49
14 88
20 12
8 99
58 14
68 16
42 68
32 100
88 48
38 30
29 29
89 66
81 18
83 90
86 34
40 75
80 32
91 58
15 3
58 57
87 62
40 66
52 24
84 7
80 22
96 33
28 24
77 79
72 62
4 31
18 77
61 62
69 19
38 88
20 60
27 84
57 55
14 27
10 83
45 2
51 9
90 63
33 19
83 78
24 52
70 53
75 52
3 83
60 62
41 6
60 92
98 75
80 71
64 15
82 81
59 45
11 99
61 4
35 23
82 60
16 87
5 99
