200 7413
69 88
75 84
74 66
49 75
50 10
13 10
15 27
43 70
89 54
20 76
72 70
15 31
78 49
19 44
24 40
2 13
5 71
73 94
72 96
27 69
76 51
2 91
59 31
91 46
46 98
15 61
94 61
97 90
87 51
56 86
35 70
55 91
82 21
60 35
3 65
31 30
72 96
70 44
26 99
60 49
89 19
97 69
27 79
66 19
67 12
50 70
20 32
72 35
75 64
91 79
50 3
50 66
44 21
8 85
40 11
90 18
22 45
85 23
86 7
8 48
93 9
73 28
14 38
74 81
32 62
17 54
57 11
4 9
38 97
82 61
15 57
26 67
30 81
93 88
44 86
96 45
43 57
63 69
19 31
17 72
5 47
68 85
18 38
49 67
76 69
9 48
90 37
97 14
94 71
75 95
57 61
38 31
99 23
22 50
63 11
31 36
90 55
19 73
86 45
27 4
100 86
52 53
5 70
29 66
45 40
48 55
77 10
39 97
62 23
95 40
7 68
18 21
63 24
24 57
66 40
38 45
32 5
55 76
86 58
77 27
82 22
94 70
14 9
80 44
16 71
77 71
62 80
5 25
95 44
99 76
84 28
47 29
51 28
88 98
75 94
95 20
87 52
51 56
33 16
48 27
46 47
91 35
17 99
60 23
14 92
35 38
49 67
97 48
41 65
34 76
26 26
22 87
80 45
39 34
54 82
47 15
67 4
67 13
3 91
14 99
66 88
86 19
60 79
68 16
73 16
86 25
62 35
59 19
89 80
46 2
58 97
86 78
36 88
75 96
45 100
1 31
9 85
93 18
49 30
1 2
78 45
74 55
23 40
57 41
65 40
28 21
55 55
31 96
46 34
58 98
96 94
11 73
43 16
55 73
30 40
16 83
93 97
91 74
26 53
81 28
