100 2440
10 8
79 52
32 51
58 58
47 98
4 37
28 44
98 84
6 95
77 24
10 7
38 11
92 91
35 64
17 92
100 71
58 79
46 96
36 36
47 11
50 91
56 95
73 29
69 72
58 62
23 69
64 12
17 12
8 25
12 40
43 47
17 32
43 43
75 49
74 90
89 40
78 38
53 85
38 75
35 32
29 8
99 81
72 94
21 99
85 96
41 37
72 69
42 74
86 33
7 56
89 37
87 75
14 50
13 65
55 46
23 12
35 85
70 57
92 75
42 9
82 97
34 73
10 41
24 39
60 22
83 82
64 31
89 59
35 18
53 5
23 42
15 78
51 38
95 87
87 76
35 33
35 23
58 96
28 59
72 7
17 51
16 47
58 34
30 53
80 11
64 79
53 64
66 47
33 36
44 90
7 56
66 84
29 62
68 48
41 74
89 35
50 81
4 56
29 45
36 98
