200 4895
81 48
13 77
50 76
38 28
87 81
15 9
34 34
3 68
9 16
25 62
45 83
12 95
26 90
30 29
84 2
19 50
28 14
78 59
45 38
70 60
61 94
72 17
23 86
24 5
61 77
6 41
20 21
43 43
47 80
78 8
38 84
27 28
90 36
40 11
64 55
28 17
54 20
49 40
82 36
14 35
73 54
27 18
25 82
50 43
8 47
61 83
20 44
87 60
38 93
65 81
56 71
50 38
36 49
30 57
73 42
48 25
87 49
44 62
42 68
85 29
21 22
31 3
64 8
62 57
70 14
27 62
41 73
76 85
28 2
23 61
89 71
52 7
1 78
66 52
54 49
8 76
26 86
73 45
46 36
15 31
37 25
53 58
64 68
24 74
35 66
88 10
23 98
21 15
32 23
16 65
58 95
4 44
47 68
21 54
18 1
68 33
99 15
58 25
43 17
26 68
32 85
84 39
30 74
84 15
1 91
83 75
43 90
26 28
55 19
88 77
92 58
44 95
41 35
7 26
19 20
75 100
94 87
42 70
47 66
77 61
57 86
4 12
81 5
55 53
24 65
50 57
23 37
23 32
59 33
17 5
100 51
91 70
100 44
81 77
26 84
52 86
63 3
69 25
77 65
70 21
56 54
20 23
65 67
48 88
26 100
83 39
74 39
72 38
76 8
73 57
48 98
33 93
76 68
80 54
39 98
52 85
29 10
61 34
26 68
40 95
78 91
25 18
82 64
29 34
6 94
7 99
81 71
20 96
75 23
9 35
89 68
83 76
81 9
53 87
82 15
6 8
88 25
8 54
29 45
63 32
80 62
77 95
47 76
55 81
8 48
86 73
58 65
89 58
46 7
83 32
28 52
75 97
60 2
9 67
56 82
17 47
67 65
88 52
36 95
42 87
