200 5012
70 9
9 43
73 59
67 43
64 92
68 45
31 78
35 23
30 19
35 62
89 18
28 61
1 12
10 29
24 18
2 83
71 76
6 7
27 2
30 5
66 71
11 83
18 95
98 41
48 41
87 80
2 90
64 71
32 56
4 5
71 26
1 65
12 47
43 36
67 59
75 39
62 80
97 88
61 61
91 98
32 50
49 30
70 10
84 13
11 10
93 28
85 47
81 85
50 86
63 100
62 89
16 8
74 34
79 36
65 1
73 75
65 15
66 90
88 97
96 23
21 47
58 74
96 87
85 93
52 61
15 97
59 83
65 92
11 84
72 95
56 42
94 85
72 24
25 51
78 49
82 33
70 30
14 95
14 70
19 16
77 47
76 10
86 75
2 80
6 45
50 75
26 6
71 12
67 17
13 2
18 34
88 63
22 27
66 72
24 55
73 87
80 20
82 90
37 79
90 3
5 84
44 20
36 88
77 60
21 22
65 36
10 92
42 52
78 83
24 13
12 19
6 29
51 23
98 93
59 8
8 67
99 68
36 14
30 30
66 84
48 67
48 15
5 98
21 46
13 38
28 4
45 32
44 57
61 93
34 62
85 60
66 77
77 33
20 47
94 36
49 55
84 34
3 79
90 6
14 16
78 92
2 24
71 44
80 66
51 68
30 4
88 32
49 35
65 69
17 14
14 70
65 35
16 28
70 19
85 80
80 66
49 23
30 64
23 22
10 15
15 77
8 33
27 43
91 62
79 31
72 30
92 16
15 65
74 61
33 73
28 32
4 4
34 48
50 76
35 69
84 15
79 31
74 52
85 2
96 99
43 65
50 71
12 85
58 93
20 90
96 17
90 10
20 64
77 80
12 31
81 30
91 8
71 64
7 73
34 69
50 94
30 54
25 84
64 10
56 14
