100 1635
85 49
73 85
76 45
71 50
68 37
42 66
58 17
96 3
51 75
13 31
97 98
7 26
17 79
45 13
64 59
65 49
82 58
63 87
5 89
36 82
97 14
89 29
37 70
7 14
13 34
48 85
48 85
54 36
79 54
87 17
23 33
15 54
12 1
98 78
85 55
79 38
91 95
94 71
74 92
41 69
6 53
71 89
100 47
74 83
15 53
63 5
38 32
48 63
25 91
42 72
83 44
73 56
31 52
71 13
79 22
95 85
70 49
79 6
100 73
100 3
65 22
22 5
14 8
76 23
19 34
50 63
54 12
61 28
43 85
80 3
54 97
48 38
2 44
53 43
21 72
16 48
67 99
58 3
15 10
43 42
52 27
97 53
16 49
82 78
19 17
94 70
28 63
41 66
72 76
28 35
40 20
89 49
49 91
54 27
64 71
20 25
3 89
70 82
80 52
46 26
