2000 50634
61 95
34 36
33 32
56 24
71 89
96 52
51 47
11 100
25 35
36 62
36 67
46 91
8 84
25 45
97 28
96 42
45 79
20 3
28 98
64 5
34 57
73 98
100 21
3 11
22 34
15 38
66 90
48 50
46 12
39 13
8 2
59 6
24 48
40 33
66 82
95 89
87 36
68 80
5 88
11 71
3 42
93 7
8 13
62 77
17 51
4 41
57 18
61 29
76 95
85 16
76 85
61 3
9 13
27 58
63 66
82 99
94 95
80 55
30 100
91 58
18 68
37 1
49 16
94 67
76 85
67 97
88 55
14 73
34 76
44 95
76 95
89 69
36 1
84 59
50 45
4 3
39 99
59 63
65 83
14 46
95 30
92 19
74 48
3 94
71 76
88 65
37 92
64 22
68 20
66 92
54 80
37 87
2 44
55 95
82 5
29 81
21 43
69 60
42 53
6 70
65 54
17 99
94 39
100 6
52 57
96 35
4 8
91 8
54 49
20 90
56 53
48 78
63 8
82 52
2 72
33 36
69 17
38 15
96 57
88 88
55 58
2 88
77 74
56 54
56 34
58 30
36 34
28 28
79 89
29 38
33 98
43 94
98 36
27 88
42 99
49 44
74 74
97 58
39 51
27 23
16 47
47 55
26 52
31 7
28 7
79 75
63 42
96 75
69 42
11 50
36 62
23 99
12 90
12 87
31 4
67 23
21 16
66 89
46 51
99 57
95 26
78 100
41 50
92 13
4 87
35 49
92 57
77 12
83 58
83 59
55 34
99 5
29 14
32 38
81 63
56 20
63 12
95 56
3 46
31 53
5 5
38 7
5 4
68 94
49 45
35 7
86 69
22 60
1 96
31 19
20 68
47 73
9 70
13 18
90 86
64 8
47 18
81 94
41 19
29 75
15 52
47 53
79 31
43 65
31 42
11 93
50 36
93 53
6 48
53 33
23 6
10 5
90 91
27 9
78 50
91 35
62 67
63 18
12 47
14 62
94 88
83 14
12 87
54 57
95 83
1 24
17 16
93 100
33 17
9 35
74 27
48 20
56 39
52 57
42 37
86 80
63 2
92 24
78 32
20 1
96 57
52 89
29 5
85 47
30 49
58 7
27 34
91 68
73 24
90 32
56 29
18 64
73 97
67 67
71 72
19 80
67 90
87 88
12 79
52 6
48 22
37 5
99 78
3 12
88 14
40 14
40 91
2 15
83 89
69 74
73 15
78 45
72 63
2 72
15 44
1 63
11 78
93 29
44 30
83 53
83 60
99 11
52 68
7 56
18 77
74 40
77 35
36 67
13 79
40 66
87 24
60 100
76 22
37 1
14 63
16 35
29 66
5 53
69 1
11 55
73 26
42 68
41 51
96 40
43 39
55 46
96 55
5 68
47 74
39 84
40 72
81 85
90 46
91 40
39 41
7 23
65 31
16 27
42 41
77 9
7 44
81 64
88 60
83 66
17 17
1 22
98 52
45 34
5 26
66 5
56 40
29 3
7 72
96 91
24 43
1 62
2 88
19 49
6 29
100 14
10 32
97 52
33 98
99 78
87 43
71 90
5 52
3 73
38 17
98 92
31 33
45 12
78 7
18 44
79 77
95 75
18 65
76 81
39 9
22 42
93 85
46 48
50 45
100 56
93 90
25 39
52 17
94 30
44 87
57 97
94 43
53 70
53 100
78 40
3 99
92 43
48 30
59 50
46 15
38 98
56 93
77 100
34 9
86 52
46 43
12 38
32 26
64 60
39 70
22 86
37 1
31 54
68 86
39 45
30 61
60 27
63 35
82 29
6 56
58 21
90 77
51 98
62 91
95 76
28 90
64 41
38 18
27 71
22 91
83 85
64 68
30 35
11 84
49 28
67 38
57 26
60 17
98 16
72 85
50 86
19 1
60 38
81 91
38 38
98 34
62 3
50 65
13 69
95 31
55 72
22 41
37 59
57 22
84 83
31 35
84 11
99 24
20 4
10 33
73 14
54 88
26 52
54 100
65 71
74 79
20 38
73 49
86 48
69 53
44 33
35 85
39 5
3 22
15 76
77 43
53 56
29 78
78 59
17 76
23 61
32 30
38 16
59 19
88 3
73 99
41 5
23 13
72 22
12 9
32 97
44 87
66 96
9 48
97 86
30 19
83 79
68 75
54 67
68 26
36 79
97 51
2 10
74 36
51 73
69 37
2 78
55 80
97 67
31 88
23 55
71 27
62 69
61 70
30 97
1 72
85 20
22 54
75 36
56 41
34 14
59 33
51 27
99 9
67 80
47 65
80 79
49 58
14 91
85 97
68 35
1 22
81 48
22 97
27 57
83 72
90 33
80 34
90 51
38 99
11 73
12 5
8 77
24 41
24 26
89 26
77 12
9 46
63 31
51 48
16 38
96 44
9 80
67 65
46 4
76 11
65 81
77 83
76 69
31 23
61 79
96 55
31 44
93 78
17 51
9 100
27 49
58 36
89 85
68 51
95 86
99 57
80 7
2 63
22 98
55 33
43 40
98 61
15 30
5 70
1 8
83 67
52 13
9 39
49 83
97 16
36 50
65 15
25 50
64 70
95 38
37 81
59 24
78 81
29 58
75 27
86 33
7 59
84 62
74 17
75 9
78 47
24 26
6 16
31 61
98 75
60 100
73 52
95 35
27 81
29 73
47 43
9 47
80 85
56 81
9 82
28 53
43 82
73 96
4 54
58 51
20 85
40 34
16 27
97 18
20 92
42 53
34 50
27 2
25 66
60 18
53 10
54 12
83 43
58 77
85 25
80 69
69 28
9 28
27 4
95 8
90 1
73 98
3 7
69 37
80 78
63 40
49 89
75 12
36 87
52 43
32 62
55 72
92 28
100 88
3 89
11 71
93 92
36 90
89 72
18 57
95 59
41 34
23 21
30 54
50 10
59 45
61 22
19 90
68 24
39 25
13 49
9 24
12 22
68 7
77 61
43 52
30 46
77 49
69 63
65 33
29 43
1 76
71 4
72 23
52 16
73 44
34 93
44 7
61 85
75 65
13 64
55 43
15 98
36 36
36 96
65 59
94 32
97 18
35 48
13 55
35 94
47 49
21 79
98 16
66 55
50 39
93 19
96 1
26 39
61 33
12 85
6 34
13 8
83 40
77 56
64 23
7 83
63 100
8 82
67 19
37 64
20 97
74 61
51 13
55 32
9 9
67 72
1 63
57 78
1 71
65 17
92 71
100 19
86 47
41 38
65 74
87 37
33 56
60 26
64 76
46 40
24 10
70 61
58 48
58 49
98 68
22 22
64 83
60 67
29 55
83 53
96 83
100 51
56 13
99 95
55 82
16 73
17 18
7 96
73 50
70 41
71 65
16 21
69 59
8 11
56 10
85 84
94 48
41 66
97 61
10 75
86 57
20 22
31 35
43 56
77 22
28 2
16 78
40 56
40 68
44 32
74 8
87 50
44 35
29 73
85 97
50 16
97 45
54 14
8 64
69 95
23 54
78 28
36 67
91 65
38 90
91 76
75 100
83 37
83 93
23 61
92 63
68 50
42 34
22 97
63 5
18 56
2 50
78 34
10 11
41 70
22 18
83 19
27 71
17 52
64 91
64 67
18 19
12 35
17 33
25 82
80 81
39 38
54 61
67 99
81 54
91 51
57 75
7 54
74 39
40 19
30 66
17 2
59 68
23 99
39 50
21 25
41 6
92 52
99 10
2 17
32 21
72 27
36 35
10 43
40 30
99 77
25 62
57 49
10 63
41 94
33 82
41 44
31 83
86 95
7 94
63 89
77 45
16 68
22 42
2 35
7 87
3 59
18 36
65 6
25 9
8 38
38 30
17 15
99 89
36 40
18 83
82 61
7 18
54 69
92 55
98 48
4 45
16 16
54 48
66 59
9 61
86 81
58 54
91 44
71 75
17 48
54 32
99 19
84 15
27 25
52 54
90 53
29 35
70 41
6 59
5 95
29 30
43 40
22 61
28 70
30 31
91 43
9 30
88 49
96 63
52 85
85 48
100 7
68 52
90 95
17 66
28 13
75 75
74 19
18 8
98 2
90 66
23 91
96 72
73 33
49 67
48 25
14 85
29 53
69 18
72 95
34 47
97 47
66 35
7 60
76 17
48 17
97 54
85 98
35 65
93 17
36 34
72 12
92 75
55 86
61 58
60 92
34 50
36 85
33 63
52 57
85 86
75 80
74 99
32 57
99 12
75 65
31 34
65 49
3 17
99 51
36 95
88 15
48 49
53 81
94 26
23 17
100 98
91 80
59 67
87 62
83 96
47 100
58 26
26 22
53 37
70 83
85 14
87 86
5 19
69 76
38 94
41 4
43 7
63 92
73 13
42 71
89 8
3 46
58 19
92 76
2 48
93 65
79 91
1 48
97 46
25 16
23 65
97 43
15 47
82 31
83 56
49 42
28 82
92 33
26 16
80 19
61 68
62 29
66 56
18 86
30 56
55 50
58 42
25 14
70 93
30 54
18 84
10 1
33 99
75 2
1 76
86 98
19 19
32 18
86 45
15 64
56 34
60 61
11 58
22 80
41 91
45 65
70 74
20 25
36 50
47 41
52 43
97 17
8 21
69 98
14 54
37 76
24 99
23 95
13 89
45 92
53 48
30 25
54 92
37 98
4 78
7 19
74 95
74 96
90 37
59 92
89 11
97 22
18 52
51 20
70 1
11 95
96 85
39 26
82 19
83 34
85 18
33 13
79 2
44 38
2 10
44 55
32 65
77 61
67 50
45 6
73 52
71 97
74 30
26 95
7 47
30 7
84 13
80 41
55 3
25 1
90 32
43 13
73 22
59 36
94 33
42 75
21 30
41 69
80 100
3 48
23 54
16 70
35 60
54 55
11 7
88 21
97 9
43 72
64 81
15 10
87 77
36 84
85 59
12 6
14 30
43 5
93 64
49 95
22 97
48 66
74 95
63 81
42 31
46 17
22 16
87 15
40 91
42 45
27 35
19 42
44 44
2 88
87 11
31 3
55 94
97 18
18 75
3 54
39 41
34 8
18 64
77 69
69 91
54 74
89 26
34 73
97 78
33 89
83 67
70 26
80 7
8 13
33 6
22 89
5 29
6 73
8 55
44 71
47 17
87 89
15 13
43 12
88 28
53 75
25 14
42 73
1 44
94 41
44 26
92 84
27 48
13 41
68 52
48 90
19 14
8 29
81 62
15 43
41 18
15 28
36 69
72 24
74 93
68 26
93 64
79 21
73 99
53 18
74 92
72 67
39 58
88 56
66 79
26 85
92 82
90 44
19 57
93 26
83 84
14 34
84 61
62 31
79 27
3 65
9 21
97 92
11 93
41 34
11 35
3 10
56 14
98 55
74 85
29 6
66 80
19 100
59 78
90 30
71 17
33 21
13 97
61 74
72 76
78 27
38 10
64 58
67 70
8 18
8 35
2 6
21 52
43 95
63 88
99 30
45 11
71 60
47 21
7 4
11 94
9 55
61 65
18 7
7 61
35 2
47 12
24 93
5 1
5 89
13 22
27 70
89 10
26 70
87 43
13 37
3 96
24 5
28 46
22 66
31 22
35 32
23 71
3 25
29 27
85 10
54 54
25 89
7 70
100 75
84 92
69 63
9 81
44 9
87 69
15 94
30 10
33 32
90 86
34 62
89 72
2 59
60 31
30 33
79 29
46 26
42 70
34 24
21 30
69 67
55 89
3 3
55 99
29 11
58 28
83 77
65 21
11 33
7 65
23 90
62 59
90 9
91 4
70 92
34 17
77 24
36 85
15 26
61 55
25 22
49 87
50 78
79 80
8 18
79 11
57 8
6 95
72 80
42 32
78 24
40 98
48 72
33 26
94 96
28 35
90 5
28 24
92 55
52 90
34 89
14 96
13 48
76 97
57 51
35 39
61 13
33 74
70 75
75 90
94 28
47 96
23 76
95 5
77 76
83 45
25 15
85 35
40 39
96 46
27 66
69 14
87 96
74 90
1 92
32 43
2 24
42 48
59 67
45 30
93 37
44 7
11 25
6 85
71 55
67 75
40 75
31 67
99 48
61 50
6 8
44 27
59 97
80 83
38 83
35 72
14 80
62 50
20 59
5 70
9 47
46 24
74 84
95 42
71 13
26 75
78 85
24 88
68 22
36 3
69 17
12 59
32 9
31 93
69 95
2 63
97 67
60 69
33 81
47 66
73 70
90 88
43 44
31 67
21 22
80 27
18 90
87 53
94 28
37 48
91 23
54 74
34 24
16 6
49 16
56 88
42 32
78 52
80 76
61 53
14 54
100 92
24 63
97 62
30 85
93 9
98 76
78 3
52 78
82 56
76 21
76 99
23 95
18 64
7 65
44 16
98 42
24 55
30 69
43 21
12 54
72 91
96 95
97 77
88 48
96 62
52 65
81 79
74 13
83 40
41 83
39 18
82 83
64 46
35 79
63 67
8 54
84 6
92 22
12 83
18 61
68 42
87 82
40 55
85 57
45 98
35 22
34 99
20 4
16 90
28 71
31 58
88 32
24 65
27 34
27 79
71 26
31 50
7 57
44 90
13 41
99 40
82 7
47 24
14 37
68 37
9 42
22 42
4 42
53 63
33 25
21 54
20 4
71 58
60 60
56 61
16 55
47 82
42 11
87 59
62 23
69 81
18 68
1 55
44 98
96 1
27 33
15 75
26 3
33 42
10 65
39 43
83 33
44 23
37 18
97 69
11 60
97 60
18 62
14 53
49 74
2 86
86 7
20 78
24 95
46 66
28 90
91 2
44 99
69 52
78 60
5 22
89 84
95 27
6 76
85 33
42 79
84 60
51 8
68 33
69 53
60 72
58 76
51 85
3 94
46 45
47 5
66 5
42 4
16 67
31 58
91 30
69 4
17 16
62 59
93 51
14 33
89 100
83 52
57 32
57 51
60 11
13 53
98 86
6 89
70 80
82 71
48 19
54 91
84 78
67 52
74 44
43 1
76 79
24 80
98 46
21 23
23 85
15 51
62 79
38 3
97 60
4 8
7 58
65 75
66 66
51 8
30 7
54 65
33 59
86 90
63 67
45 21
51 94
12 4
50 61
20 73
45 74
49 80
25 64
28 3
15 83
50 59
70 3
42 61
74 38
19 49
62 83
48 74
33 51
76 61
37 76
82 10
31 20
95 34
46 36
96 85
45 93
76 42
2 1
78 52
13 84
64 19
22 24
63 77
27 23
23 85
35 50
71 48
72 64
11 65
98 51
86 46
61 23
19 53
80 58
86 60
38 53
93 40
33 34
22 3
68 53
21 61
3 12
99 72
16 46
49 47
46 9
60 39
24 41
47 61
89 90
36 76
62 80
10 13
51 52
88 2
33 97
85 1
58 49
56 12
95 17
7 99
93 9
7 39
26 4
72 66
92 51
63 56
65 58
76 36
84 11
84 62
97 96
87 74
34 33
12 42
87 73
80 93
71 80
10 13
78 54
12 21
97 88
92 85
21 33
47 91
79 86
5 82
83 44
89 86
12 45
30 60
95 37
5 6
36 51
20 40
76 23
80 1
34 47
92 80
55 36
70 57
76 41
3 83
56 83
61 26
14 24
94 55
40 70
37 55
3 19
70 75
48 75
51 58
61 59
20 60
98 48
91 96
77 93
80 91
79 82
88 89
9 51
26 18
92 94
97 53
97 9
20 17
76 53
31 7
11 48
82 40
100 16
38 41
85 74
7 98
99 66
50 50
100 52
90 87
86 4
54 70
11 62
85 31
4 27
71 72
57 42
53 74
14 68
85 86
85 17
44 49
72 74
45 19
69 18
16 68
41 71
18 26
35 36
68 23
48 84
97 35
50 14
99 99
87 75
34 87
57 96
37 92
83 36
56 47
78 79
21 92
61 68
89 92
57 74
64 94
11 63
65 15
69 20
76 30
49 100
53 88
20 78
21 25
49 6
40 47
88 92
90 76
57 72
74 79
9 50
56 56
22 14
58 63
54 6
8 88
43 1
10 2
96 80
26 89
17 100
74 10
98 80
29 20
14 1
54 53
45 65
76 63
71 19
13 36
52 45
19 18
17 23
71 22
39 42
65 28
10 69
78 86
6 3
19 92
51 16
15 4
74 99
73 81
24 66
80 57
32 69
67 19
41 58
28 100
92 7
10 9
53 61
41 38
38 80
66 13
46 42
82 45
41 75
16 60
94 80
92 71
35 77
10 3
14 45
25 70
27 30
24 13
3 7
32 85
42 56
53 23
98 88
67 7
77 3
22 6
46 63
9 23
88 76
87 72
36 74
31 82
96 32
88 34
23 71
85 12
53 46
68 12
67 56
45 73
84 71
60 87
37 43
70 99
22 89
50 87
46 68
100 71
25 51
48 27
83 7
18 59
53 49
81 94
85 17
29 3
54 51
82 79
37 78
93 26
20 2
24 51
75 7
67 85
11 37
97 29
52 96
15 34
64 40
18 3
60 58
99 10
29 90
48 1
20 8
50 30
49 39
66 28
49 52
26 42
65 54
84 58
43 100
17 54
64 52
79 16
98 8
69 54
13 46
86 85
61 80
32 99
10 88
35 38
99 83
72 76
83 67
2 31
39 9
98 6
19 85
50 67
97 68
47 26
97 19
68 75
49 56
97 9
33 54
49 7
22 50
50 59
32 17
17 1
18 12
47 20
47 68
15 72
15 73
59 65
53 8
27 52
91 63
14 47
13 90
41 98
85 22
95 8
42 80
23 83
93 65
12 64
72 1
41 32
10 90
20 71
8 7
10 97
69 79
93 12
11 3
90 81
42 71
42 71
58 81
59 34
41 90
5 1
26 57
7 63
63 65
78 65
86 14
53 80
91 11
98 55
45 29
27 85
45 14
38 8
50 67
37 79
49 71
73 19
77 10
59 12
45 89
36 68
20 8
13 67
80 80
30 63
54 47
21 2
24 33
12 28
32 35
64 23
16 80
57 92
22 85
78 44
86 8
7 50
83 23
76 70
57 57
27 51
2 54
1 70
65 10
3 72
37 100
65 33
28 90
65 10
75 44
72 78
52 29
