2000 50986
64 90
58 82
96 51
61 31
2 58
26 5
95 10
95 47
70 66
82 84
48 23
63 69
49 29
4 51
78 24
75 62
66 10
87 92
57 78
96 97
73 5
92 85
67 44
89 17
69 15
20 75
86 75
44 92
31 41
31 85
65 10
47 82
89 66
61 60
59 13
42 24
38 16
53 22
36 70
59 33
34 58
36 44
21 53
82 86
39 46
50 77
56 48
57 56
36 20
12 77
52 4
60 77
55 61
70 47
48 93
23 75
41 73
86 19
18 18
72 13
16 3
83 27
70 95
56 20
95 39
28 7
98 95
84 54
80 80
85 16
42 39
13 89
20 60
15 91
94 75
11 5
64 19
2 74
67 12
52 91
65 50
70 67
11 67
20 62
91 13
11 11
94 88
32 38
96 29
12 6
55 50
63 83
46 32
24 96
19 2
40 22
51 54
68 49
75 28
82 86
52 64
16 66
94 74
24 75
82 56
39 100
34 32
46 75
92 73
52 95
49 17
57 74
73 62
11 83
28 35
15 26
73 93
73 23
98 63
68 73
84 80
52 13
83 55
81 63
27 60
1 8
20 85
29 14
20 8
94 64
10 99
71 72
62 29
3 72
46 98
43 36
94 72
79 29
40 62
85 96
82 24
40 78
41 70
6 37
51 60
20 56
21 62
23 4
93 30
18 77
43 76
28 9
22 41
25 82
9 24
48 100
77 42
80 8
77 13
96 49
26 71
86 11
18 72
87 51
41 35
64 70
29 86
34 6
94 98
21 100
18 53
76 73
60 77
11 22
33 9
62 89
82 30
5 23
85 92
74 59
75 51
27 20
2 20
96 91
3 1
62 43
95 90
79 42
41 2
23 55
26 91
66 24
61 65
43 62
52 74
53 99
6 83
33 11
38 56
100 81
5 10
55 9
27 5
64 39
17 82
11 66
26 79
99 11
16 40
62 70
24 22
90 90
40 89
77 93
37 80
42 42
38 87
83 21
72 83
79 88
58 75
49 25
96 11
70 40
91 39
100 36
22 90
49 21
84 98
59 98
100 53
88 8
65 6
78 10
3 98
34 39
88 75
80 76
32 50
3 14
41 97
55 23
44 55
32 38
32 15
32 34
25 79
21 1
15 54
96 13
99 40
24 29
44 38
47 2
93 20
87 28
46 37
66 61
87 100
29 34
24 58
86 5
68 93
40 15
63 14
70 42
73 54
50 40
50 17
4 55
5 53
42 66
11 77
100 59
26 3
94 43
32 92
50 81
66 95
98 97
46 93
17 86
21 77
41 82
63 87
65 96
79 61
8 75
30 9
65 61
88 8
5 66
2 17
55 53
44 81
64 30
24 94
17 34
66 69
25 63
72 40
22 73
19 28
34 16
21 31
44 30
79 10
52 74
93 62
45 56
49 70
90 6
61 41
21 47
83 88
23 27
37 94
61 100
82 1
66 2
78 12
69 60
22 20
79 28
23 64
66 100
95 9
98 58
34 85
60 77
23 20
5 24
81 1
41 99
91 91
1 83
36 28
69 52
5 56
28 89
13 7
5 78
18 94
73 47
26 76
100 33
47 25
62 69
12 85
28 77
80 23
89 96
96 88
1 94
20 24
18 52
18 45
14 32
68 9
51 29
73 61
90 80
8 4
5 13
82 30
98 46
57 96
17 57
18 97
61 3
44 97
31 55
66 80
13 42
55 53
91 7
64 27
2 77
4 28
28 11
81 5
35 50
68 6
77 92
36 43
87 81
46 43
53 87
100 65
13 3
56 67
24 77
54 34
63 22
28 89
35 63
60 19
85 36
3 71
29 15
45 91
47 19
59 21
62 70
11 61
66 73
4 29
27 39
19 1
8 56
54 49
99 5
94 5
21 6
27 96
29 99
60 39
25 91
34 37
59 55
37 45
89 55
83 31
43 79
51 28
62 19
77 93
62 46
98 7
80 16
90 12
43 97
78 34
1 32
56 18
40 46
18 56
60 46
66 84
36 56
67 1
71 84
34 60
60 57
44 42
61 7
41 7
3 80
85 97
26 95
13 34
73 42
14 49
95 16
15 72
16 28
9 86
44 16
29 73
6 92
75 31
70 36
100 88
4 65
22 67
56 58
43 10
39 22
15 3
61 46
74 77
33 56
31 29
60 88
44 64
26 70
72 95
36 71
28 1
56 91
61 65
93 86
80 84
26 66
39 1
47 7
41 93
47 87
42 23
21 18
53 30
16 5
91 53
4 18
19 69
12 72
59 27
13 31
3 45
73 29
73 76
76 22
57 36
56 4
35 9
1 100
81 26
6 55
36 22
61 78
13 46
49 86
53 64
45 81
74 3
43 64
91 88
15 48
90 2
32 10
87 65
94 32
99 14
29 17
97 1
69 35
93 40
8 27
81 65
95 85
32 7
54 92
70 58
89 95
61 95
57 18
89 94
41 72
62 73
76 15
53 50
27 18
24 52
57 13
71 50
98 55
100 28
13 37
64 2
41 82
96 98
2 18
34 13
94 64
31 86
82 65
62 50
23 26
89 43
42 14
17 62
21 49
47 57
38 19
9 43
7 3
94 36
49 88
100 75
8 8
76 2
4 76
34 77
52 54
61 88
56 27
49 60
12 67
68 15
64 13
4 48
63 13
65 82
37 12
8 28
47 67
70 28
21 77
69 44
59 70
14 42
37 5
31 19
61 98
27 23
91 13
67 100
72 59
91 1
18 74
31 18
66 54
22 49
64 95
17 59
34 88
71 73
17 70
97 7
90 87
32 82
100 6
52 51
49 63
88 70
11 78
95 82
57 97
31 54
16 77
67 67
45 95
4 82
97 37
57 92
30 56
87 1
23 92
54 66
77 53
93 17
84 84
95 7
14 18
100 30
63 65
47 57
70 54
32 87
43 15
60 40
63 68
94 21
63 91
11 83
81 42
26 20
58 16
37 38
56 74
73 92
4 56
52 68
28 25
100 92
8 12
58 81
39 45
83 55
11 46
67 97
75 23
46 81
13 3
40 40
45 10
76 20
38 49
15 63
7 6
80 63
26 55
21 25
73 35
40 97
84 59
5 76
65 16
41 26
41 66
21 41
65 70
44 21
24 61
92 94
96 65
32 72
1 74
86 9
66 26
63 72
4 57
92 100
9 52
17 60
31 40
5 14
44 31
68 40
19 28
2 88
99 54
96 34
22 64
23 89
36 82
57 75
27 16
100 50
97 100
67 81
72 90
13 69
63 54
48 50
57 15
10 70
31 73
9 40
95 30
96 50
72 11
50 86
87 50
32 15
66 97
69 41
36 80
61 27
36 80
7 7
62 66
34 85
54 93
36 30
56 73
89 74
92 4
34 41
41 23
41 55
52 73
64 13
5 24
14 26
11 14
61 38
23 47
41 39
70 77
69 76
36 40
93 40
71 62
74 89
76 54
36 58
42 81
63 85
49 37
77 12
21 91
10 2
62 97
75 83
97 31
69 69
15 9
89 86
2 61
55 31
81 41
54 34
71 95
85 64
19 59
81 61
98 53
94 6
22 99
19 81
14 33
9 90
11 72
84 94
83 79
38 25
72 4
76 11
100 61
20 40
5 23
73 52
81 41
66 19
47 86
78 24
87 39
13 94
18 9
40 100
68 77
98 49
45 33
90 23
34 64
16 43
70 83
31 68
9 100
91 33
49 49
22 33
52 23
11 20
58 78
34 53
48 97
29 81
61 63
100 57
48 20
65 37
72 60
80 13
83 55
70 98
9 36
69 46
82 43
26 44
60 97
1 19
75 93
5 81
90 42
9 8
20 75
12 76
39 76
80 75
54 9
40 24
1 59
5 83
50 95
58 88
90 87
50 43
38 69
51 1
49 100
37 40
15 38
72 11
17 52
97 44
93 8
25 87
17 89
26 51
3 83
29 37
79 21
29 27
33 17
68 62
37 34
4 92
31 90
28 9
83 18
85 50
67 84
35 28
89 32
68 31
45 15
79 70
17 73
82 35
81 70
17 24
71 75
95 7
40 35
87 26
44 51
32 94
63 65
12 91
58 96
65 47
40 28
88 17
46 73
24 96
7 30
82 58
79 87
38 19
61 19
61 56
22 68
27 2
48 83
62 51
47 84
44 98
40 20
63 57
77 32
20 42
80 32
47 58
67 48
19 18
33 84
62 50
3 64
48 100
73 93
12 59
64 98
65 72
99 75
9 70
88 67
5 5
91 79
67 6
42 75
3 97
79 61
63 43
30 51
78 96
25 45
28 34
21 93
16 17
90 42
98 76
88 58
69 74
44 34
54 57
40 43
29 69
15 59
42 6
76 20
39 51
53 65
39 17
3 74
51 39
48 38
43 40
55 95
38 16
9 97
49 70
40 13
39 58
63 64
21 63
17 53
39 8
48 96
37 97
55 76
90 38
86 24
42 85
10 63
30 9
47 42
49 57
58 77
13 52
42 63
33 96
51 54
94 27
71 64
6 27
96 17
18 1
48 18
3 64
7 17
8 15
3 33
99 29
98 24
65 48
71 43
14 28
4 55
71 38
3 24
58 83
60 27
88 99
51 67
21 41
17 8
49 60
70 98
26 36
61 11
63 60
58 84
63 64
9 38
81 47
68 42
4 6
98 48
67 60
58 69
57 64
26 74
60 53
7 44
24 97
25 100
77 86
37 24
80 7
99 23
39 99
37 89
10 2
79 49
39 7
31 42
95 56
39 67
52 91
21 92
51 29
14 50
30 75
13 45
22 39
10 73
33 86
78 45
60 20
51 45
35 65
16 83
77 70
95 18
22 26
100 18
71 17
50 63
88 93
50 75
49 86
27 43
38 63
58 39
57 92
28 22
88 32
3 99
66 40
91 23
75 42
16 68
5 72
5 16
80 64
26 63
14 89
12 2
3 7
25 60
63 98
90 23
40 43
91 68
36 40
13 20
90 85
6 9
15 83
77 78
7 83
63 20
55 72
96 98
72 10
11 63
23 71
12 41
14 62
40 10
2 63
88 3
7 29
6 87
44 71
86 93
84 49
10 11
50 46
38 55
34 70
64 43
27 77
26 64
54 62
62 69
90 36
43 47
67 29
4 70
71 76
25 63
18 41
26 99
20 12
90 50
88 62
94 82
53 90
53 75
33 91
6 53
41 77
39 72
64 39
36 99
77 16
47 87
45 61
78 61
84 93
79 31
41 3
63 21
56 46
46 65
24 41
45 33
40 63
43 69
49 2
10 90
67 32
66 42
87 88
87 43
7 43
75 1
80 77
11 33
27 75
65 67
17 85
19 4
55 38
32 75
55 54
83 53
30 13
51 15
60 65
13 57
81 97
52 20
75 77
36 94
97 36
51 70
81 27
88 98
93 38
29 80
98 39
59 21
46 74
36 78
97 16
5 16
10 31
29 92
67 48
89 57
93 10
83 84
7 12
47 100
66 10
13 66
30 4
95 22
16 32
41 69
8 78
96 28
93 88
34 7
32 73
41 23
36 76
12 51
29 72
28 65
92 31
78 62
87 86
89 4
13 91
83 53
45 71
75 21
11 44
12 19
63 30
55 5
94 54
21 41
54 56
60 16
86 6
35 60
54 37
1 89
75 80
13 67
96 68
19 19
99 73
79 41
60 93
34 100
42 91
40 16
62 64
33 73
69 77
100 1
74 76
33 19
34 53
18 99
59 92
97 48
29 17
21 21
3 5
75 22
94 61
56 60
86 37
31 19
90 71
39 26
83 7
65 50
4 92
30 75
83 68
54 16
9 67
94 60
39 67
50 9
85 75
52 30
35 82
5 3
51 83
8 9
38 74
37 87
25 7
96 65
85 87
6 75
69 85
87 91
80 97
14 97
43 2
65 85
96 15
32 73
55 10
78 74
96 22
10 53
7 100
31 42
63 20
15 18
76 1
2 86
17 26
13 28
53 68
51 7
17 82
56 2
10 16
6 55
44 88
86 22
54 71
28 74
91 97
74 55
14 16
70 45
87 4
56 18
86 81
82 70
88 90
93 91
11 43
35 11
2 95
17 94
17 52
17 15
84 11
45 5
18 52
100 37
57 84
22 19
50 95
25 65
29 20
59 10
83 72
72 60
44 84
36 42
99 33
87 32
9 49
65 49
8 28
47 52
20 66
94 8
80 21
59 7
86 98
90 16
46 17
39 45
6 9
14 21
55 11
89 72
58 25
24 62
40 8
66 8
98 81
89 54
91 24
26 52
99 64
73 47
50 11
95 99
60 89
100 96
81 82
68 89
64 96
88 9
66 40
36 61
81 16
45 12
94 67
18 66
34 27
91 35
57 10
91 88
5 55
63 20
32 59
62 31
87 81
71 18
80 38
84 13
60 71
70 14
61 17
10 86
94 60
10 79
4 84
53 100
62 74
84 17
72 88
25 69
72 25
37 79
60 81
4 41
81 91
6 99
22 58
66 69
96 34
30 67
56 56
52 40
44 38
87 66
66 71
30 70
58 83
45 60
65 35
69 54
66 73
26 3
78 91
11 85
87 81
82 27
15 84
48 55
65 43
86 24
25 75
88 68
74 2
36 56
92 60
6 44
93 6
65 17
71 13
41 91
46 35
78 68
92 31
89 24
17 34
57 53
71 93
74 68
53 12
35 79
94 73
18 37
12 81
23 64
28 21
99 62
4 90
42 56
98 68
21 32
79 79
22 42
60 51
4 33
10 49
3 10
9 76
2 7
67 26
31 88
42 97
64 12
9 8
86 79
5 35
25 93
94 31
75 80
50 60
47 95
9 58
95 33
16 83
21 91
17 96
44 55
71 52
21 37
37 10
68 71
93 20
68 41
42 64
52 71
71 73
51 65
55 80
32 48
4 71
73 58
62 88
98 19
89 69
22 95
83 98
93 56
46 87
76 80
67 35
47 98
74 26
27 44
41 30
90 8
47 34
58 77
85 62
69 37
30 65
21 24
37 7
74 85
40 64
30 71
77 55
63 88
32 87
83 86
94 87
35 57
56 95
7 74
84 75
96 64
29 68
66 24
88 71
26 6
94 4
6 5
73 4
67 29
32 100
65 85
56 89
31 34
74 14
40 2
99 70
3 78
13 25
87 77
28 14
4 40
16 99
5 68
66 79
99 85
87 6
11 66
86 93
94 100
18 39
69 67
89 15
46 59
35 91
28 85
71 16
80 46
33 41
95 19
46 26
65 41
60 56
54 14
47 74
33 21
93 16
97 43
88 50
57 92
84 71
15 64
61 84
51 21
19 83
78 62
2 57
58 88
89 27
87 49
51 88
6 18
55 16
40 2
3 76
89 58
67 87
25 91
68 3
52 27
20 62
66 80
68 19
31 69
19 94
14 92
15 89
63 61
10 87
54 38
20 52
45 9
69 53
80 35
48 82
39 36
57 97
49 38
96 23
97 75
35 87
99 10
2 92
41 54
90 12
56 19
82 11
8 50
81 62
1 65
59 28
100 23
66 44
26 47
82 43
36 89
91 90
48 31
99 49
53 28
2 20
18 1
49 89
70 73
49 87
48 70
60 60
57 35
96 7
8 82
54 10
82 93
6 44
55 53
75 46
47 55
11 72
56 8
54 56
43 85
56 24
65 83
94 7
22 68
42 81
75 1
57 56
33 71
22 31
55 57
37 50
23 2
24 9
85 38
44 26
72 95
33 7
56 85
29 82
80 14
63 67
82 91
14 58
20 10
88 95
88 56
18 16
50 18
43 63
71 23
92 2
98 87
87 5
85 60
71 6
29 86
11 60
28 13
13 8
33 42
34 69
49 57
7 44
10 77
33 95
3 21
81 72
17 1
58 6
61 53
97 66
72 24
94 95
10 76
91 85
82 41
49 31
8 52
83 59
91 45
30 74
75 60
88 31
17 78
11 72
11 88
97 15
22 83
90 1
9 22
6 25
23 69
57 79
12 20
32 46
41 73
14 40
65 69
58 25
23 45
25 73
6 91
94 68
71 67
67 18
36 4
52 7
15 48
95 55
34 17
5 92
25 28
60 29
44 75
93 6
71 100
54 62
41 20
92 82
43 62
49 42
97 58
18 31
57 72
60 77
1 28
49 44
26 17
65 96
6 68
48 13
42 68
63 10
94 33
12 86
29 79
29 36
15 44
43 26
24 91
100 61
47 70
100 18
60 89
91 44
44 75
30 40
96 5
84 47
73 73
39 19
84 88
21 31
56 1
40 11
80 7
8 28
88 54
57 75
25 75
46 73
57 88
66 94
8 35
50 72
29 79
89 13
78 7
95 74
31 91
1 97
94 86
78 60
52 67
53 74
20 3
95 41
34 65
67 59
78 87
6 90
5 77
61 26
26 20
12 77
52 36
58 78
72 56
92 41
66 53
96 30
89 66
22 92
13 75
48 100
71 63
93 53
36 64
1 21
87 79
67 54
1 18
80 64
96 13
5 36
85 90
67 67
99 28
18 54
85 26
77 15
76 43
90 54
89 92
53 14
53 83
93 80
10 92
24 38
84 20
28 96
71 20
24 37
49 39
83 94
71 36
72 1
75 99
59 52
72 21
13 29
77 57
24 90
93 92
24 22
28 25
29 81
90 88
27 53
46 87
74 65
55 19
73 81
15 19
95 62
26 95
20 53
87 41
35 38
95 90
22 13
14 85
66 61
97 49
63 23
100 7
68 37
34 23
27 57
78 88
5 95
39 85
54 96
80 37
83 76
77 17
8 13
11 9
18 57
86 65
9 95
43 21
40 35
81 27
10 91
86 97
6 21
81 43
25 89
93 10
75 85
46 1
6 94
92 97
95 50
20 16
44 3
62 38
5 90
70 59
91 25
61 37
8 43
44 20
41 73
91 71
20 89
48 85
53 79
89 45
85 2
61 25
31 65
24 88
94 51
92 8
61 84
51 24
72 50
85 25
95 33
47 86
83 25
1 79
90 83
77 26
72 46
33 85
90 63
77 88
2 96
80 39
37 24
62 90
23 11
77 48
52 60
94 99
76 32
56 90
34 43
60 85
17 14
16 59
35 73
62 65
8 18
96 8
12 88
79 20
32 32
7 72
77 5
14 57
59 50
67 39
