2000 82336
9 31
9 17
6 36
23 37
22 34
9 10
24 25
25 17
19 36
6 34
18 37
22 15
18 22
15 36
14 27
19 29
19 13
13 40
12 40
7 36
24 28
20 31
21 19
9 20
20 13
8 18
17 29
8 22
8 31
11 38
24 20
11 21
20 17
7 18
18 11
7 33
13 35
8 28
13 19
13 12
16 39
11 19
10 30
7 24
24 37
5 24
9 35
11 26
19 10
25 13
17 33
20 26
21 17
25 28
8 40
9 35
20 40
17 22
20 33
10 36
23 15
14 29
11 11
24 38
5 36
11 10
20 35
14 14
21 28
17 25
17 19
12 24
6 19
6 35
14 29
10 26
11 37
9 30
9 17
18 35
22 25
19 29
21 17
23 18
12 22
9 22
5 40
7 37
12 29
18 18
11 17
24 40
13 37
7 40
6 13
20 15
17 25
9 36
15 25
18 26
13 34
21 23
10 32
12 39
23 35
11 27
20 39
16 12
6 11
16 37
13 32
21 31
20 34
6 36
25 25
24 40
13 17
17 39
13 28
7 18
21 11
7 21
15 16
15 30
9 23
17 18
10 24
11 18
10 21
25 20
24 22
14 11
13 29
20 27
23 33
22 24
9 25
5 27
14 16
7 33
15 29
7 27
25 37
17 16
19 34
10 40
11 35
18 33
18 37
12 26
7 38
6 18
23 31
23 38
15 40
22 19
15 30
15 29
9 28
13 30
13 19
13 25
10 29
11 24
10 23
10 10
16 36
19 29
11 11
19 19
11 15
17 24
11 22
6 16
6 37
11 19
25 22
25 15
15 40
25 21
21 25
7 30
14 28
18 33
7 32
14 25
19 27
6 25
25 40
11 35
12 24
11 38
8 38
14 34
12 28
12 16
17 24
12 16
5 39
17 26
22 63
30 46
39 62
32 43
30 51
37 55
29 40
21 58
23 51
22 61
38 53
31 65
33 59
25 64
34 37
33 44
37 45
29 44
30 51
31 38
36 54
36 62
25 41
32 59
26 37
39 58
38 52
28 53
25 60
21 35
30 62
32 60
33 63
38 47
21 55
21 46
29 40
38 63
30 62
38 35
40 41
35 50
22 45
25 35
36 49
22 35
36 41
27 48
35 62
30 50
26 42
30 55
24 35
26 57
35 39
26 57
37 46
29 37
21 40
23 60
36 36
38 63
40 54
38 44
25 38
24 63
35 52
24 54
40 35
29 47
30 36
22 49
31 43
22 36
21 52
24 64
29 55
25 57
24 36
37 56
28 56
38 46
35 36
40 59
30 45
21 39
39 40
24 57
34 35
40 57
28 54
30 36
23 48
21 48
36 55
36 50
39 55
26 52
35 61
20 56
32 46
20 48
25 47
39 60
24 58
30 61
38 37
28 51
31 50
28 62
25 37
29 49
36 42
32 43
40 41
31 38
33 58
40 36
29 51
31 47
34 43
25 53
39 65
32 60
20 37
35 53
22 65
26 57
35 63
25 39
29 62
23 53
20 55
34 54
20 46
20 48
23 39
22 63
35 37
28 52
31 43
36 39
22 36
28 45
37 56
29 63
23 56
20 37
32 35
31 47
38 52
21 61
32 59
20 58
35 44
35 61
27 44
34 59
31 54
21 39
30 51
28 60
38 50
35 48
21 50
40 57
32 55
37 53
23 39
26 41
21 53
37 36
29 62
33 38
29 61
23 57
22 44
30 51
38 45
29 39
25 57
35 57
28 42
38 57
24 53
22 60
20 60
31 65
26 51
26 38
36 45
29 57
39 44
35 44
39 37
33 44
29 38
40 37
35 43
21 57
52 75
37 90
53 66
40 86
48 61
51 90
54 79
38 85
36 83
44 73
54 74
36 76
39 81
53 86
51 65
52 85
53 89
42 85
43 81
49 83
37 74
44 87
46 69
49 85
42 84
45 84
36 89
41 80
44 83
37 74
53 88
49 73
51 88
40 87
46 85
39 63
40 69
45 66
37 80
41 77
36 67
45 76
37 77
40 80
52 77
49 62
39 69
39 66
43 80
38 81
40 80
43 78
52 85
38 74
52 83
36 83
35 66
53 60
37 69
49 88
43 82
45 64
46 70
45 64
35 71
48 69
50 79
48 86
51 77
41 83
38 66
44 65
50 79
41 63
40 84
49 78
38 87
36 75
51 60
45 60
35 71
53 70
36 62
39 69
41 74
40 87
46 73
49 60
52 64
37 89
51 63
47 72
52 66
43 60
36 71
37 75
51 67
48 80
44 88
45 87
37 90
36 89
41 82
52 72
45 90
36 80
45 85
55 86
38 86
50 66
35 86
38 87
49 74
44 69
45 71
49 80
44 84
36 79
42 74
49 67
49 71
35 73
40 87
42 63
38 62
47 85
49 88
54 86
44 62
43 81
39 66
40 80
50 86
39 71
36 69
52 78
47 73
49 81
49 64
39 87
54 60
35 60
41 69
51 67
39 88
43 82
37 65
52 88
52 80
52 65
53 85
45 74
43 81
38 70
36 86
52 90
54 88
43 79
49 85
49 73
39 81
36 79
47 75
55 82
52 84
38 87
39 77
35 80
49 72
45 88
43 66
46 87
36 86
42 65
53 68
43 67
53 82
38 80
39 70
50 65
51 63
46 80
43 70
46 83
46 68
49 84
40 75
36 75
54 63
52 86
39 65
48 67
46 85
43 89
52 61
47 66
53 63
46 82
46 60
39 60
68 85
67 104
69 97
56 109
52 104
59 108
56 103
54 101
67 108
60 99
61 99
53 112
52 94
62 111
61 114
61 99
61 101
59 96
55 87
52 94
64 105
61 96
60 112
63 102
53 96
65 94
52 102
53 95
58 104
62 88
57 114
56 96
59 102
55 95
54 108
69 91
65 103
67 102
70 98
56 86
62 85
68 103
68 100
62 93
61 115
52 102
53 109
66 95
70 103
55 113
56 93
70 104
58 103
53 92
55 88
60 109
58 103
54 103
55 89
61 87
68 90
65 113
70 99
61 93
59 110
68 94
67 90
61 109
63 113
60 109
70 92
60 89
55 109
63 107
58 102
52 114
64 93
53 104
53 115
55 108
58 114
52 106
69 110
55 109
53 96
57 109
63 85
59 95
59 103
53 104
50 107
70 110
69 93
51 105
65 91
59 111
60 94
54 90
50 113
67 112
52 95
53 109
69 98
62 86
60 87
51 88
69 89
69 105
50 92
67 99
57 103
65 100
65 108
50 114
53 99
64 110
67 95
70 88
57 104
68 108
52 107
52 96
69 107
66 88
51 91
60 94
67 111
50 103
69 96
52 89
65 92
57 100
63 100
53 94
64 103
62 108
67 112
67 85
63 87
60 97
52 106
68 113
52 97
58 85
64 114
52 99
53 86
68 104
63 96
61 104
68 114
52 89
65 99
57 94
56 93
68 104
67 95
55 97
61 113
67 98
69 100
61 113
53 107
66 115
56 97
70 112
55 111
68 86
64 88
55 107
70 112
57 93
65 109
58 112
51 85
58 98
50 87
70 112
53 110
67 107
67 92
61 97
64 102
70 95
59 104
55 115
52 92
50 104
50 109
69 106
62 109
67 89
50 97
63 101
56 105
61 91
50 107
70 115
58 113
70 110
84 117
68 137
80 138
79 124
74 140
75 120
79 113
75 126
82 118
77 125
72 115
65 134
65 117
85 113
82 140
66 127
65 130
79 127
69 137
70 115
80 110
76 126
83 133
84 127
84 140
80 138
74 133
76 111
78 119
81 110
69 112
70 120
85 138
81 119
67 136
80 128
77 134
66 139
67 114
67 127
70 125
69 118
73 110
69 113
65 121
75 123
80 128
71 116
73 128
80 116
65 134
67 116
76 136
84 112
82 125
74 111
79 138
80 114
68 124
85 114
79 119
68 118
84 118
85 118
72 134
77 113
83 114
80 112
79 119
82 138
75 130
76 133
82 111
65 123
85 111
83 119
70 110
85 113
72 136
73 140
74 132
83 112
78 120
78 133
68 115
80 120
79 124
79 119
71 135
69 140
76 115
82 112
85 131
84 119
73 122
81 111
71 119
65 137
68 115
66 115
84 117
80 112
83 123
84 116
85 140
72 137
65 119
69 115
78 111
68 121
72 131
81 125
73 125
73 127
72 140
78 110
67 112
81 136
76 123
85 128
75 114
84 123
70 121
73 118
66 110
83 133
72 140
84 128
72 125
69 112
80 135
81 129
65 114
78 118
65 124
85 135
81 119
84 137
79 132
81 139
82 130
65 118
68 135
81 110
68 139
65 132
78 114
77 127
69 132
85 129
80 129
75 130
75 127
74 124
79 125
82 136
77 140
76 131
80 135
66 139
69 131
79 121
78 134
70 139
73 132
82 128
85 134
73 114
76 128
78 124
83 137
77 115
68 116
67 125
72 122
78 131
65 138
68 135
73 137
72 114
73 115
79 135
70 138
82 115
80 125
65 126
80 135
85 112
76 122
76 140
65 137
67 136
72 129
76 120
74 118
72 140
84 116
69 117
65 131
85 125
86 165
85 150
89 151
95 157
100 135
94 154
87 144
98 151
100 165
85 144
85 146
83 153
90 135
85 150
84 140
82 158
82 159
87 161
86 159
87 138
82 142
83 154
94 137
98 145
89 164
100 142
92 159
94 156
88 152
87 146
80 164
99 158
92 144
90 165
80 138
81 158
93 157
87 160
84 146
96 159
85 157
81 148
94 158
95 142
91 141
90 160
88 157
90 160
92 138
94 165
93 158
92 152
99 135
91 141
82 148
92 152
98 162
80 156
85 138
90 159
95 149
83 145
87 140
97 138
91 160
87 148
85 159
86 165
97 143
83 138
80 137
82 159
84 155
86 151
96 145
81 163
91 162
88 162
93 145
92 141
94 135
84 154
96 151
99 149
84 154
86 147
93 139
99 154
89 151
100 147
97 145
90 152
80 151
82 141
80 142
96 161
92 164
91 162
87 164
96 138
87 158
91 140
88 152
92 153
92 159
97 162
88 143
92 145
81 158
100 151
86 159
94 139
90 157
100 138
92 142
83 139
93 155
96 161
83 135
93 142
94 145
100 163
93 151
88 142
82 153
92 139
99 135
80 136
90 140
100 143
93 144
98 148
95 154
83 136
96 154
89 146
80 147
89 149
97 147
82 137
80 145
84 145
99 145
80 165
82 147
86 162
80 153
98 151
93 148
89 159
90 159
94 163
84 146
99 165
94 163
99 154
91 136
88 152
84 141
94 158
86 158
97 140
99 159
98 150
90 139
96 138
82 146
87 165
88 142
86 146
82 159
94 145
82 162
80 138
87 145
89 153
91 148
96 143
98 146
99 142
97 164
85 146
80 142
84 163
94 139
91 151
92 140
86 155
82 152
96 136
98 154
99 160
88 146
96 138
80 158
88 139
85 154
94 163
100 154
94 142
100 160
101 178
100 174
101 167
112 189
108 186
97 187
112 175
95 180
106 185
96 187
110 162
103 168
104 167
97 181
115 178
98 162
95 187
111 171
109 176
98 169
115 182
110 188
111 166
100 183
106 189
98 183
105 189
105 185
112 188
114 178
112 163
113 176
101 164
113 189
95 161
98 188
101 168
109 189
101 170
98 170
96 164
113 165
110 161
102 165
114 170
98 169
97 171
104 169
105 180
98 163
102 172
102 172
115 183
105 190
111 188
115 169
112 170
102 163
98 169
115 163
110 190
109 188
95 164
96 183
100 172
110 171
102 182
96 172
114 161
103 175
96 179
104 190
95 165
101 163
102 166
95 187
99 176
110 173
108 190
104 172
111 188
101 163
98 174
100 162
111 186
106 171
109 169
107 167
107 166
109 183
114 175
112 176
99 173
98 181
97 162
108 182
109 180
114 176
99 168
109 174
105 162
107 174
95 189
110 184
112 189
105 175
95 164
110 172
111 187
113 186
101 190
109 186
100 168
109 181
105 189
100 176
102 188
97 170
114 174
114 189
97 177
101 184
107 171
97 162
110 163
96 165
103 169
113 183
98 169
115 161
111 178
107 163
115 170
103 170
101 172
105 163
107 182
100 176
108 188
102 168
102 172
100 162
96 169
100 166
108 165
109 181
100 178
104 165
110 165
96 179
96 181
98 172
98 173
110 171
109 172
96 170
103 189
104 171
102 164
105 182
109 183
99 189
100 164
97 164
103 178
112 184
106 172
115 177
98 161
105 163
112 175
108 164
112 183
105 176
108 161
96 162
95 180
98 160
110 162
98 190
102 187
102 185
110 189
107 162
96 167
108 170
106 177
113 162
98 186
106 160
101 184
114 177
109 190
105 163
101 182
104 175
103 186
104 184
96 180
129 206
128 214
126 202
120 195
124 206
129 190
115 185
121 205
119 193
113 187
121 199
118 197
129 193
125 192
127 212
113 209
126 206
111 196
113 188
111 208
112 210
128 196
112 208
119 193
121 199
114 193
128 185
128 213
117 208
110 190
115 214
127 215
128 202
117 208
119 215
127 197
114 195
127 200
129 205
124 187
126 215
116 187
120 214
116 188
124 215
129 191
115 191
126 197
120 197
111 196
118 204
119 187
118 196
127 185
121 192
123 188
117 195
125 189
110 185
120 213
114 199
122 210
129 187
117 194
116 196
116 210
114 193
114 210
130 196
126 203
118 208
120 207
113 207
118 194
114 215
124 204
112 190
123 215
121 205
118 205
117 209
119 209
116 193
111 203
119 194
120 187
111 208
119 188
114 201
113 189
122 202
123 209
110 191
121 211
113 214
114 207
118 214
130 206
130 187
126 206
121 198
114 196
112 199
122 203
118 208
123 195
119 201
122 212
118 210
127 199
128 189
130 200
119 202
128 191
123 198
124 212
124 202
124 212
118 203
112 210
128 190
122 200
128 191
123 193
112 215
125 208
117 209
114 188
119 196
130 213
118 186
114 200
120 212
128 200
111 212
121 205
122 196
114 205
114 199
120 200
114 203
115 200
126 197
113 204
115 209
112 198
126 190
125 196
114 193
110 199
117 187
114 186
121 193
113 212
113 201
127 186
124 201
128 197
117 215
120 201
113 200
110 203
129 210
111 206
112 207
115 187
118 191
115 189
124 207
120 187
128 193
112 194
116 198
127 202
129 206
110 188
124 214
127 207
124 200
120 207
129 200
115 213
110 211
113 186
125 213
119 211
127 188
110 213
117 209
123 213
127 199
112 201
122 205
129 187
127 201
129 194
110 201
128 204
120 187
121 215
134 233
139 215
129 235
131 220
130 223
139 239
133 216
135 217
139 228
144 240
141 240
126 211
142 221
137 235
143 218
131 221
141 222
134 233
135 224
134 234
137 216
141 232
141 214
139 215
138 214
142 233
133 219
126 226
141 221
132 210
135 210
141 226
134 235
128 230
143 215
136 211
137 212
130 231
135 228
137 234
135 238
133 235
127 215
143 234
142 227
132 212
139 213
134 210
130 231
144 215
126 237
134 216
136 238
141 211
135 230
126 214
136 215
140 232
140 214
134 233
138 217
140 219
140 219
131 219
138 233
145 235
134 226
129 225
142 233
144 236
129 215
128 235
131 236
131 228
131 238
133 232
132 213
127 225
125 215
144 219
135 213
129 224
127 240
141 239
130 221
128 240
136 232
127 236
125 216
138 226
126 232
127 216
145 213
133 213
135 221
136 211
125 222
139 240
128 223
126 240
126 231
141 217
133 230
131 236
126 224
137 236
143 222
133 235
139 230
140 229
144 217
125 223
143 214
145 239
126 216
130 217
125 236
136 215
137 225
140 216
137 216
139 210
142 210
127 240
139 229
137 229
143 218
132 225
129 220
137 234
130 219
129 221
138 224
138 225
132 220
143 236
135 231
132 212
134 224
139 220
127 227
135 239
139 237
138 213
127 233
126 230
145 236
134 212
139 222
140 216
132 214
144 216
145 231
145 225
135 217
129 217
140 229
135 227
132 225
129 231
132 223
138 215
132 217
143 226
126 230
125 220
125 227
125 228
143 231
128 219
134 233
143 230
142 227
135 237
132 233
136 217
141 234
143 222
130 227
125 229
127 225
137 210
140 220
145 214
135 228
144 237
130 236
144 232
144 231
129 222
144 210
142 229
142 239
138 232
127 234
128 229
138 214
130 217
129 213
142 221
143 256
148 265
147 256
146 262
151 239
148 257
143 260
159 261
154 242
159 240
144 260
158 244
154 244
142 241
143 257
148 235
151 255
150 263
159 254
141 254
144 265
156 259
149 253
146 251
145 240
156 261
143 244
145 259
152 249
153 262
142 250
159 252
153 262
149 249
143 239
158 238
156 243
153 263
144 249
145 254
141 264
156 250
150 247
160 259
141 242
157 263
148 250
153 260
142 260
149 257
148 241
150 236
157 255
145 243
160 241
145 255
147 241
142 245
157 244
155 244
151 255
158 239
143 252
158 250
150 238
148 241
151 264
159 255
157 237
143 254
150 255
154 246
146 243
150 242
156 256
156 265
154 254
143 249
144 264
160 249
146 235
150 239
141 259
140 249
150 252
151 235
147 243
155 263
158 264
151 265
147 252
158 261
140 264
154 245
141 239
156 259
157 245
140 235
152 255
151 261
140 249
141 246
143 240
159 238
159 244
152 252
156 264
142 264
147 256
156 257
146 264
152 261
155 248
156 243
151 242
146 243
145 263
156 245
141 259
145 235
160 250
141 260
160 263
147 242
157 265
153 244
152 247
141 237
155 262
151 261
141 245
152 258
142 256
151 239
158 247
160 250
146 255
150 240
140 236
152 238
157 244
155 262
145 247
154 249
151 239
141 243
141 246
160 254
158 264
142 248
142 261
148 240
158 241
152 263
152 257
151 240
143 243
155 253
160 263
145 262
151 243
142 250
154 237
151 251
146 259
142 245
151 261
154 265
145 257
144 241
146 261
140 245
157 246
155 258
141 260
141 241
160 255
141 253
141 255
142 254
143 235
153 264
152 245
142 260
150 259
151 248
157 243
144 256
145 249
144 256
154 235
157 243
148 249
144 244
146 263
153 249
147 260
140 257
148 241
154 241
