3000 76362
94 67
61 9
66 35
39 7
100 77
73 53
90 47
82 12
50 63
46 26
20 79
4 97
72 74
72 93
8 58
45 21
14 55
95 87
68 75
76 64
38 70
12 59
37 59
59 68
28 89
85 6
95 36
60 74
62 98
96 4
58 62
7 65
8 12
75 48
45 23
8 41
99 1
86 69
41 52
49 15
31 47
13 82
52 12
54 20
36 75
12 21
50 92
49 81
58 59
17 66
25 44
96 80
80 77
61 54
6 48
59 17
45 60
53 83
71 91
58 57
100 38
28 4
17 73
8 1
55 51
13 96
15 41
53 3
99 64
7 93
53 18
29 10
19 26
57 81
35 81
7 100
20 1
84 72
55 32
77 12
53 90
79 28
24 91
84 66
91 81
30 38
43 82
87 92
34 72
13 24
45 1
33 9
92 27
13 73
40 62
46 30
25 68
6 2
51 32
23 84
13 46
3 1
4 93
83 72
59 81
90 26
89 23
78 34
25 97
96 55
55 45
29 86
74 34
30 35
13 3
17 14
11 25
7 85
3 6
44 96
19 60
99 6
29 57
62 87
11 30
68 18
8 68
88 98
26 71
58 51
10 81
90 69
12 52
65 25
72 92
71 84
54 50
13 14
48 69
79 99
60 20
54 13
7 36
85 53
36 100
71 39
1 19
46 76
77 75
56 76
42 23
95 34
54 33
22 79
9 72
17 62
89 48
16 39
4 59
14 71
25 90
65 91
55 39
36 41
82 16
79 30
58 76
35 65
91 95
58 45
65 15
2 67
63 9
24 51
86 71
98 60
94 89
87 89
96 35
71 63
42 64
89 10
17 48
47 96
10 88
25 20
15 58
50 88
92 58
70 68
16 58
68 47
87 59
70 48
56 39
68 26
48 29
13 15
2 42
90 23
70 11
19 57
91 41
85 71
42 7
77 12
82 31
35 47
15 100
29 17
57 61
8 16
17 26
26 8
6 63
78 66
50 27
21 20
28 53
94 37
42 40
43 62
61 35
28 50
12 61
16 74
95 75
12 89
29 40
49 16
1 11
50 2
67 72
44 52
34 72
8 78
20 15
68 2
94 76
86 14
48 71
3 36
93 81
65 96
28 44
98 44
42 13
29 22
70 15
21 17
22 10
64 54
63 78
83 45
91 3
27 38
50 18
38 29
90 78
78 9
86 45
90 41
80 10
4 16
33 92
65 81
63 46
4 58
84 35
56 21
89 71
32 57
58 9
33 4
48 52
37 52
83 47
89 17
66 25
52 61
62 33
87 35
15 67
76 11
21 79
58 21
2 100
71 48
95 50
91 78
100 56
80 94
33 18
79 17
83 61
17 61
96 97
45 6
21 18
79 83
52 79
61 40
10 39
62 87
94 43
57 43
98 90
76 41
98 59
63 66
79 2
59 91
50 100
94 20
34 53
70 30
3 40
88 53
40 29
97 89
30 82
92 84
28 82
14 51
70 100
10 95
31 63
65 49
6 52
3 80
96 31
9 30
63 71
5 22
70 68
56 66
14 64
68 57
31 6
11 22
82 75
10 59
21 64
83 26
55 78
6 17
53 56
57 18
45 21
44 36
53 58
27 54
35 20
80 92
40 4
57 71
41 86
70 66
73 71
98 37
72 97
68 54
6 67
87 19
25 75
28 86
42 84
38 38
47 95
25 42
100 11
28 69
86 52
72 74
11 94
40 30
29 42
15 1
48 99
74 62
10 37
52 8
100 67
45 8
83 99
91 70
53 30
23 84
13 87
77 1
72 73
36 83
45 54
29 91
22 2
21 80
56 76
64 37
10 17
2 70
40 30
61 79
30 90
25 82
32 52
92 84
64 63
12 46
6 36
11 13
85 7
15 24
14 20
36 26
11 83
96 71
27 95
63 13
70 54
39 82
40 65
41 26
74 16
36 70
69 68
96 69
56 49
77 44
11 58
17 17
78 65
50 87
77 95
59 55
74 20
60 98
50 90
89 82
71 43
55 25
51 46
56 2
70 1
64 66
91 27
32 83
59 88
69 21
95 95
28 41
7 54
86 11
20 19
81 22
73 80
40 86
28 42
28 28
16 81
38 99
44 44
46 46
87 38
72 38
4 52
12 57
31 36
54 41
100 91
1 78
60 17
2 36
8 31
81 17
65 53
51 57
13 100
75 40
19 30
59 46
2 33
26 35
44 57
73 3
58 56
16 36
12 40
85 98
95 16
28 21
74 48
90 59
73 18
12 85
61 49
28 21
23 42
91 36
33 61
74 32
43 65
93 29
27 19
51 96
73 98
91 72
1 52
37 97
65 63
71 33
95 94
18 95
96 68
38 2
42 97
5 23
5 90
53 37
41 72
51 5
32 9
14 20
40 15
56 78
25 56
52 15
84 98
99 97
94 50
68 10
24 80
37 67
60 38
50 51
39 62
85 35
92 74
39 65
21 83
8 36
9 50
68 29
77 83
57 17
5 30
18 79
61 91
62 19
23 67
54 63
12 23
54 27
67 34
4 90
62 4
44 89
55 4
97 53
94 38
49 6
64 62
70 69
85 72
76 100
19 19
23 85
60 86
63 92
13 1
32 21
70 28
73 2
99 49
99 10
29 18
56 78
68 40
42 9
69 49
90 59
95 23
80 23
96 85
13 56
83 12
57 41
56 96
90 68
53 93
50 33
38 25
16 55
19 2
74 48
91 6
89 20
96 84
2 91
3 64
60 84
86 63
25 91
32 38
84 11
23 52
13 55
91 41
90 43
54 63
59 89
80 1
100 37
91 63
75 38
12 92
25 27
83 78
20 88
14 94
35 70
21 72
51 18
2 24
91 73
24 17
45 81
79 45
71 100
98 72
82 8
30 35
83 86
6 50
14 72
19 97
80 53
26 27
9 89
69 95
31 41
20 29
100 48
30 78
10 91
26 85
93 21
34 17
8 62
12 60
48 62
94 31
32 32
50 31
48 7
22 56
74 47
92 87
53 52
96 46
89 10
86 11
26 81
24 96
43 60
91 52
42 44
22 64
16 30
50 32
42 59
98 71
69 60
94 6
27 100
30 2
19 42
71 20
64 19
79 3
83 32
11 32
72 33
66 63
60 63
71 91
40 70
85 9
62 78
92 22
81 7
3 87
29 32
58 87
26 34
71 44
100 90
67 77
44 7
15 20
68 8
37 17
12 42
89 19
30 74
90 93
18 21
1 15
60 12
33 91
31 69
94 43
43 22
2 2
60 57
55 84
73 44
99 27
91 45
86 21
42 48
23 51
40 60
22 31
32 89
65 45
44 74
31 30
83 22
87 33
97 49
3 81
75 1
60 42
91 100
57 75
1 34
60 20
9 41
61 98
93 62
39 10
6 92
87 83
40 63
17 49
93 67
64 6
67 27
36 11
2 79
60 26
58 13
41 90
81 56
42 1
58 34
24 82
72 30
40 55
62 14
21 31
94 36
37 14
80 24
36 87
93 40
81 10
96 58
53 81
93 7
40 19
91 42
98 98
78 1
82 4
67 98
71 19
46 9
33 76
58 81
99 39
93 1
67 93
91 28
73 9
8 45
48 62
97 90
32 27
40 16
58 55
52 9
33 3
46 20
31 32
69 89
90 12
63 41
16 46
42 92
55 99
55 64
32 85
5 97
84 65
14 88
23 46
6 35
11 48
55 22
63 16
9 87
99 22
30 8
51 66
24 30
37 5
99 27
20 71
68 31
38 95
29 25
71 91
22 97
27 97
54 22
90 86
16 8
16 15
57 31
58 51
23 13
63 47
41 35
79 61
47 63
54 74
1 7
52 97
16 73
7 80
15 12
76 11
6 53
96 72
27 77
29 35
32 76
25 3
100 5
52 58
14 97
80 82
74 48
87 46
6 30
27 21
77 83
22 37
43 35
85 65
31 39
17 100
48 11
71 73
95 60
94 73
77 98
95 18
45 22
92 70
53 49
11 33
68 81
58 2
6 56
94 57
38 36
90 83
70 11
37 92
93 92
35 60
17 25
66 39
21 57
22 54
45 12
49 39
95 42
87 98
34 3
25 80
3 97
81 14
48 4
49 9
26 38
24 53
95 78
22 59
15 23
47 27
85 44
82 55
57 28
90 99
27 63
94 15
31 34
96 73
83 58
75 25
30 84
51 35
41 16
51 40
24 88
37 27
99 78
19 82
23 76
32 81
95 13
77 73
64 46
42 69
77 33
89 35
65 21
71 10
63 94
80 95
69 36
47 89
13 49
25 15
88 39
40 11
71 81
19 72
35 36
5 39
93 97
17 19
7 73
85 64
67 11
30 12
21 90
17 40
100 45
95 65
1 20
95 10
23 89
64 17
88 78
99 73
5 52
5 50
21 83
67 97
84 45
90 70
65 85
48 45
66 85
52 75
87 56
88 17
70 47
74 43
44 7
15 95
90 13
50 31
51 58
8 23
80 95
24 99
24 63
31 39
18 15
24 34
77 48
93 4
40 3
65 77
91 28
96 54
69 27
64 10
62 2
4 23
5 80
26 38
3 67
70 16
29 12
90 74
10 32
99 10
15 16
53 39
65 4
56 29
55 69
15 13
63 51
86 15
38 11
38 65
16 54
8 78
14 99
93 53
100 81
53 53
9 82
90 8
48 6
29 8
5 70
61 59
84 82
9 1
38 96
86 48
31 16
66 59
27 22
40 99
16 69
41 37
44 89
80 24
96 65
50 10
47 89
10 68
35 24
36 99
48 32
51 29
43 76
61 82
95 82
42 8
65 34
3 63
84 68
64 91
31 22
88 89
24 1
14 3
49 89
13 96
51 2
79 56
30 55
78 23
70 54
46 75
18 12
65 95
77 50
66 28
15 4
75 38
75 47
49 79
11 89
74 31
99 8
53 64
34 12
45 89
47 24
50 98
47 3
30 43
13 40
29 76
69 83
36 41
94 30
17 71
100 88
45 31
47 26
30 94
74 6
16 31
27 68
43 17
81 77
3 18
8 44
95 80
78 55
35 91
95 59
40 43
60 21
46 18
92 59
46 84
90 6
90 34
95 33
89 60
19 28
8 25
17 87
40 10
95 17
63 16
56 80
95 4
59 46
3 57
76 98
32 51
70 39
2 17
74 19
50 16
56 86
34 15
96 47
85 41
20 57
91 57
24 35
79 29
36 74
68 45
24 64
77 31
57 30
19 97
65 42
28 57
78 21
34 28
67 66
72 37
96 43
74 97
18 92
54 41
28 5
93 89
37 91
98 96
46 58
62 62
99 63
2 43
47 76
47 9
86 35
18 32
89 18
10 22
97 60
76 91
77 66
72 23
52 74
85 96
42 71
17 15
12 4
19 43
50 43
78 22
43 31
97 37
4 70
12 23
2 77
31 27
5 63
90 20
80 22
2 20
51 81
79 84
3 15
50 56
25 44
89 49
67 39
65 13
50 70
15 50
40 56
78 88
87 72
91 29
62 35
80 95
7 95
74 90
51 37
8 89
3 11
93 20
56 26
6 81
4 42
57 2
89 7
60 56
46 21
68 80
62 28
49 53
46 15
16 42
98 8
22 58
4 42
16 98
86 23
5 64
31 47
25 78
82 3
69 71
68 6
44 37
48 65
26 52
69 26
50 53
86 41
23 89
42 72
41 66
29 69
98 65
98 19
17 27
9 73
43 40
84 58
22 52
43 92
82 72
38 45
40 52
55 81
93 86
56 49
93 3
98 1
38 48
69 80
31 3
6 18
88 37
26 39
5 34
14 89
46 17
55 86
99 29
69 5
48 10
39 46
49 25
97 26
36 64
65 51
6 98
31 55
100 8
79 1
73 99
33 31
68 45
65 50
40 11
61 31
72 50
84 14
10 83
9 97
4 45
92 86
14 66
92 34
18 76
70 99
5 22
63 92
24 85
3 2
83 96
24 46
93 47
31 72
20 71
81 62
47 74
25 21
63 17
99 81
56 21
87 15
83 63
23 66
51 16
22 74
83 48
22 17
57 39
44 30
30 66
61 35
36 67
95 31
52 68
5 43
17 30
56 89
19 86
92 66
10 42
54 34
15 11
54 88
84 5
35 33
34 50
31 79
11 53
48 18
81 11
66 26
35 32
63 74
89 43
85 99
37 99
23 42
59 15
93 37
67 23
40 32
53 71
54 90
87 63
4 39
10 84
3 92
11 79
28 69
94 9
72 21
81 2
9 19
26 60
17 7
43 51
11 61
99 85
53 56
59 78
79 47
71 33
93 61
93 20
59 27
29 11
29 18
81 68
87 78
22 6
47 90
79 9
26 77
52 31
65 71
30 67
61 66
67 14
92 97
41 35
12 22
64 17
73 36
20 92
41 29
89 94
14 95
51 41
87 30
19 50
9 71
17 77
89 34
53 83
10 96
99 60
82 94
38 66
79 27
20 71
11 71
78 68
50 31
37 99
29 51
14 2
18 65
42 16
32 67
61 14
82 50
44 41
76 30
54 38
15 32
16 10
95 83
81 26
19 51
33 13
51 27
79 21
50 89
91 60
32 55
11 36
89 71
65 48
100 1
67 49
36 70
11 24
44 17
86 1
99 22
25 19
99 54
68 39
66 86
83 72
28 52
47 88
26 12
4 33
52 25
92 44
19 43
98 7
24 69
37 45
31 71
74 48
16 17
32 59
64 59
99 71
42 95
52 30
15 71
93 47
71 78
50 40
55 70
66 46
35 92
53 92
90 64
86 45
20 30
55 50
68 17
100 33
53 37
45 80
3 65
57 13
88 23
73 59
54 71
12 44
62 3
84 42
85 91
77 71
67 52
1 49
27 42
60 46
4 30
41 64
53 93
74 8
42 3
7 14
40 53
77 47
12 5
29 69
14 91
83 86
36 70
33 59
82 18
88 58
77 39
84 83
96 22
16 13
57 41
50 92
27 56
18 96
85 85
64 98
46 66
52 37
64 99
24 59
11 34
67 28
16 22
63 26
93 87
57 25
22 40
32 92
85 23
33 96
12 60
98 13
67 34
99 81
30 24
49 51
87 90
58 14
84 85
34 11
74 78
92 26
83 54
52 34
61 73
68 39
15 83
58 38
19 75
78 33
81 97
29 8
97 61
96 70
44 86
89 47
5 46
17 77
72 90
89 68
1 24
83 49
87 33
67 57
82 81
68 8
15 8
20 70
26 21
99 44
53 80
51 98
90 21
88 34
2 83
51 93
55 24
17 18
8 83
25 50
46 50
41 31
53 57
94 62
88 100
48 94
82 61
92 46
64 22
53 50
81 13
64 46
88 51
19 45
31 2
21 31
86 52
97 61
92 53
63 24
95 5
96 32
13 74
37 25
83 17
67 8
39 18
89 40
35 77
98 100
13 41
32 27
90 30
18 98
26 88
78 81
65 43
7 48
69 26
81 65
12 50
1 91
96 62
51 100
19 87
78 63
71 30
5 91
75 76
14 82
19 14
21 32
61 66
32 39
9 56
44 34
50 99
47 25
84 26
84 75
97 76
97 66
67 1
86 57
66 15
92 41
15 38
30 58
99 40
36 15
62 74
62 89
36 5
58 35
12 88
55 92
35 49
34 70
11 82
9 24
47 3
29 47
82 55
7 68
12 38
90 63
2 2
61 36
89 87
86 27
96 10
85 15
34 44
63 63
22 71
99 59
54 55
89 60
80 16
4 94
24 75
42 41
17 35
59 31
51 75
28 22
65 74
37 23
61 43
75 7
98 99
59 46
4 54
79 5
18 65
67 91
68 19
19 66
28 78
8 6
56 44
75 87
92 72
41 40
89 49
66 94
39 98
43 55
54 54
71 65
98 49
77 80
64 5
15 83
87 62
14 31
94 56
52 36
50 5
55 51
26 94
47 3
65 96
81 99
77 60
82 60
48 41
97 78
53 78
27 18
4 35
8 73
1 5
48 6
49 12
90 5
65 52
39 61
84 60
18 57
9 25
33 60
46 88
72 81
99 94
32 49
37 11
93 49
35 36
39 16
47 51
13 30
37 70
63 46
45 80
14 81
45 58
92 21
10 59
97 87
70 38
65 45
56 11
23 42
12 3
56 75
64 99
76 54
47 35
99 10
45 10
7 12
31 69
90 97
31 92
30 62
74 97
67 3
22 62
60 85
57 70
20 13
72 66
94 91
82 10
17 45
7 72
78 19
60 65
68 30
26 5
82 3
84 26
34 16
4 96
96 28
89 42
67 94
23 81
87 76
65 3
68 42
94 39
47 23
9 90
24 31
28 84
34 39
42 85
49 98
94 23
99 54
20 62
17 88
92 44
54 71
85 84
50 15
31 90
45 49
69 96
9 46
26 51
52 22
42 13
81 98
99 1
82 54
47 92
22 82
69 82
63 46
41 75
62 20
61 21
1 65
37 50
89 56
87 3
78 34
89 53
32 77
76 39
9 14
48 16
19 35
14 37
33 99
68 1
44 26
29 47
36 97
4 71
6 49
40 70
45 36
86 47
38 70
79 89
84 90
11 3
47 70
46 87
51 78
60 90
58 7
4 94
96 91
46 63
90 48
73 77
35 67
21 24
1 67
95 33
20 39
19 1
8 69
52 37
87 2
3 46
32 36
74 50
7 68
37 84
65 71
3 3
22 30
3 40
81 44
5 71
13 95
27 13
2 58
16 72
38 54
60 64
19 17
33 97
5 78
8 64
58 25
91 97
28 87
58 91
85 81
99 77
76 92
92 49
51 65
14 45
95 46
34 100
40 46
53 65
71 84
4 16
55 20
92 65
58 7
88 63
49 36
71 1
66 75
2 93
38 72
4 81
61 8
56 40
36 29
18 38
15 3
45 53
60 34
94 41
2 43
45 14
92 17
30 86
88 14
42 82
95 30
34 11
76 33
34 27
38 75
98 16
90 42
45 94
41 81
99 49
32 56
89 68
21 49
97 83
43 60
58 73
52 15
55 19
13 12
40 43
72 56
27 15
84 95
84 41
72 7
86 37
80 54
64 76
67 75
67 19
57 57
61 56
53 81
84 41
47 83
90 56
81 57
88 24
34 1
22 89
86 24
65 9
62 56
7 73
14 43
4 67
64 97
17 57
59 85
29 8
56 51
82 93
7 74
40 45
65 33
79 33
77 33
44 39
42 8
43 7
63 9
98 16
55 15
15 90
82 56
1 97
56 45
14 64
40 72
90 97
87 52
26 96
6 5
49 59
32 20
71 47
4 77
47 68
88 55
14 14
27 27
95 5
48 6
34 53
34 1
64 90
64 85
62 34
60 28
5 92
4 92
22 89
54 7
11 58
88 78
87 14
63 54
95 74
53 78
3 26
36 70
39 29
28 73
42 27
87 40
11 44
64 73
43 16
57 11
3 80
56 81
36 37
98 84
55 38
69 89
31 85
19 28
32 73
45 70
78 7
88 16
100 13
51 95
93 22
10 71
38 72
32 36
73 76
32 97
84 65
75 53
20 67
22 93
54 25
13 45
61 84
64 20
76 69
3 52
72 30
79 48
10 32
7 19
28 84
17 70
27 7
10 68
35 49
10 32
54 89
12 55
97 47
54 53
62 50
42 21
15 23
51 73
25 8
87 99
34 22
8 72
13 51
53 40
81 16
66 28
65 84
41 52
81 47
93 52
95 3
53 29
23 100
57 34
11 47
50 83
73 55
38 5
59 2
59 3
47 36
65 42
70 58
96 35
18 94
83 59
89 7
32 69
85 83
13 66
71 67
18 56
20 37
83 69
23 95
52 4
1 48
87 78
45 55
81 47
31 82
91 57
33 75
53 33
47 43
96 73
2 67
71 49
33 77
13 20
29 52
31 65
77 61
50 61
26 51
46 6
84 71
14 57
29 74
68 5
26 22
99 92
86 13
97 10
34 61
60 7
49 13
34 60
46 37
45 20
14 6
77 18
35 28
99 80
81 2
34 22
94 52
83 68
4 71
78 81
47 39
85 74
8 45
75 99
86 86
86 95
20 56
70 8
99 3
48 30
89 64
77 24
47 21
26 76
25 33
80 33
85 83
25 97
65 93
31 71
69 68
78 50
59 40
4 96
76 30
39 41
37 17
21 33
73 60
92 87
98 65
71 98
28 12
58 9
45 48
66 97
43 55
64 3
35 4
93 57
64 84
75 20
21 32
10 5
1 95
46 16
41 89
85 29
22 65
5 33
67 99
91 32
34 83
25 90
46 27
62 64
16 30
34 96
82 48
40 41
25 82
32 13
11 90
5 94
41 73
55 37
70 42
83 80
71 92
56 98
27 88
34 75
30 17
48 20
95 31
30 63
45 87
35 72
67 92
66 51
91 4
33 42
56 35
76 38
10 32
53 13
37 53
77 13
86 8
71 53
16 6
63 90
54 17
26 95
67 35
94 89
33 84
88 28
76 20
3 75
43 25
2 8
36 1
24 93
1 79
30 32
6 56
45 17
16 3
72 99
11 20
58 58
56 40
18 54
33 48
65 23
71 66
22 100
41 88
8 74
44 52
57 93
70 15
97 68
34 87
88 1
90 9
18 70
27 28
17 80
20 96
21 5
70 87
7 97
45 49
71 17
88 80
2 56
15 34
3 82
73 54
25 53
12 91
28 46
95 6
97 38
45 20
65 23
18 90
85 7
24 48
61 93
93 99
94 62
57 13
79 38
33 62
98 73
96 59
60 42
66 52
68 55
80 98
35 39
26 3
76 98
5 7
14 82
77 54
72 40
68 15
1 59
48 44
80 5
81 4
42 1
76 95
25 76
58 24
45 84
61 82
82 71
57 76
54 33
27 85
65 40
84 70
59 98
62 12
31 28
70 39
27 64
98 34
2 88
13 54
76 36
77 86
18 60
89 69
54 39
41 100
56 83
54 49
88 95
87 40
34 53
82 96
62 34
10 80
39 19
58 17
71 61
72 41
14 44
76 93
50 25
78 84
59 14
61 23
91 95
41 94
30 13
69 10
39 27
31 1
82 63
14 63
8 38
51 23
54 31
13 28
91 74
9 66
18 76
30 68
48 5
4 80
11 15
61 38
13 59
2 33
19 6
83 72
25 74
84 1
10 16
75 50
14 36
20 30
35 72
4 83
61 23
16 37
25 92
51 49
99 37
6 7
16 63
58 26
56 29
69 46
70 53
98 54
29 11
39 28
27 73
76 67
42 60
90 88
37 56
55 18
43 72
7 61
89 89
67 97
90 13
51 5
41 47
3 49
70 86
27 70
59 83
30 8
43 6
83 74
80 8
93 94
40 80
47 71
50 19
47 60
15 68
71 71
44 65
96 30
9 51
22 38
23 96
51 10
11 25
59 3
57 79
53 96
17 15
45 68
72 45
59 27
47 24
64 91
13 27
17 9
91 60
23 9
98 68
85 66
5 35
30 75
77 59
96 66
76 97
78 78
42 26
43 64
48 100
85 90
38 45
56 2
59 79
60 92
6 63
69 55
71 94
62 42
74 3
87 8
59 61
97 47
97 35
5 36
60 37
10 61
73 44
2 48
32 22
71 63
38 13
89 56
100 37
14 24
84 73
75 86
43 53
26 98
17 1
90 4
62 40
6 46
46 6
20 70
66 37
3 68
41 25
88 31
65 61
66 27
26 90
75 21
62 25
23 24
31 56
73 13
32 37
4 51
75 60
15 10
74 65
12 25
3 65
25 54
78 48
39 37
51 39
20 52
16 87
20 39
62 55
77 78
25 36
7 60
49 47
42 25
9 80
41 23
29 7
25 40
6 1
55 96
99 13
19 25
77 72
30 20
91 37
60 8
85 71
17 49
26 17
10 35
81 73
29 33
34 88
10 20
19 21
84 78
81 71
34 59
3 69
42 77
62 36
80 56
48 89
10 35
21 80
9 68
50 9
50 38
33 59
7 62
4 34
84 71
25 38
32 5
65 91
68 27
91 64
49 13
36 75
16 32
58 99
68 47
96 64
43 39
77 18
66 36
26 16
58 40
51 95
81 36
51 16
13 82
60 92
99 4
74 68
80 71
59 23
76 77
81 61
43 82
82 38
36 94
26 4
59 27
67 50
42 46
78 53
9 13
42 58
13 27
77 44
99 57
33 25
24 59
93 95
9 42
90 94
71 62
18 33
40 40
51 98
69 1
4 22
62 89
19 4
78 41
93 11
77 79
53 17
74 71
19 12
86 6
9 16
97 15
44 33
76 65
90 61
73 37
36 29
32 18
86 64
12 24
82 26
18 88
36 82
75 72
78 82
77 28
45 34
96 14
68 67
47 83
64 14
72 40
8 23
34 70
1 81
100 33
10 100
5 49
73 56
80 11
90 7
34 71
28 25
86 91
61 88
18 37
58 27
96 16
49 7
95 42
8 92
30 84
64 82
95 25
56 56
42 63
23 52
100 41
89 28
90 71
46 23
4 94
13 62
53 45
37 15
13 94
5 29
98 14
69 43
29 84
29 24
59 1
62 7
57 100
96 43
22 94
26 89
53 69
18 61
26 95
48 63
77 4
7 78
63 44
23 29
63 85
56 58
45 80
14 25
44 85
86 2
60 47
47 30
99 64
64 43
35 44
63 9
68 72
84 9
84 51
49 7
13 84
42 3
10 13
21 84
37 45
84 58
98 72
41 66
1 71
23 18
40 28
29 74
29 47
3 23
51 2
43 32
58 80
47 34
57 56
54 16
84 87
16 55
52 46
34 2
31 49
87 41
97 11
51 20
70 50
32 13
99 79
34 33
25 16
60 91
6 68
13 12
43 1
3 91
53 77
43 71
25 60
93 4
23 96
6 7
47 26
25 50
48 38
56 57
71 35
4 45
9 73
55 21
71 99
61 70
88 75
2 48
99 62
36 85
52 19
20 63
19 49
2 97
54 96
43 64
61 40
59 15
55 76
4 92
14 58
8 4
98 62
38 17
52 8
21 9
95 23
50 85
97 10
43 12
5 94
20 44
46 57
14 18
26 17
17 7
26 87
65 91
70 54
24 48
53 27
21 25
43 11
71 75
74 73
48 58
14 91
34 12
59 24
68 18
37 3
72 81
27 21
87 16
61 98
30 80
7 77
56 72
79 65
55 86
98 84
84 10
74 30
95 40
49 27
99 98
63 46
74 13
64 88
32 52
49 12
16 66
4 28
91 74
86 40
77 100
39 83
51 30
11 12
49 59
19 47
99 66
20 39
97 20
85 34
80 88
27 99
43 10
87 60
5 15
98 47
84 95
40 24
71 76
31 34
40 50
22 25
93 31
13 14
85 12
77 34
13 78
52 77
80 61
4 3
89 69
9 61
94 38
40 50
71 24
94 96
58 49
69 89
13 34
6 68
6 74
44 74
32 66
48 35
31 85
37 81
97 82
66 79
28 4
20 9
96 64
68 6
41 34
41 94
32 71
25 97
69 28
45 48
28 26
48 88
100 51
16 94
8 100
45 40
55 95
78 23
38 35
64 43
99 64
50 20
70 10
4 89
45 93
1 28
51 24
75 77
89 8
100 5
41 7
17 63
19 13
88 70
36 20
59 98
80 64
67 91
35 95
48 43
63 90
62 20
96 82
62 92
77 65
55 82
58 31
84 59
33 56
95 65
47 2
31 19
96 85
16 63
34 8
41 29
69 90
36 83
