3000 76413
20 43
41 41
93 12
65 30
38 4
77 81
27 54
75 68
59 3
69 100
27 42
51 6
36 71
24 16
25 20
80 89
19 78
28 80
41 60
99 10
53 81
70 46
73 69
61 42
79 29
73 82
60 47
10 45
44 34
62 55
12 18
16 77
2 95
4 30
80 6
39 50
33 10
59 59
13 17
43 12
27 11
91 11
45 18
15 81
15 78
22 89
94 21
85 7
49 68
86 80
35 69
1 1
55 78
59 37
13 42
85 58
31 70
72 41
94 2
26 3
33 95
57 19
41 79
86 89
13 100
21 37
24 39
45 9
31 47
89 7
39 73
57 57
31 17
84 42
71 89
45 47
5 30
16 10
81 53
5 49
1 41
15 21
57 49
7 70
73 9
69 43
91 79
55 78
40 83
36 80
33 81
24 29
45 51
73 11
9 17
57 50
45 47
84 7
53 11
75 46
24 14
91 83
84 54
55 82
26 76
54 95
51 28
82 5
22 4
84 33
86 5
22 96
98 53
42 54
81 18
23 14
62 96
23 96
29 43
1 30
11 28
61 75
76 58
55 30
86 86
36 26
11 79
30 84
72 33
15 41
57 29
95 98
5 23
40 35
1 31
83 50
45 29
52 11
64 54
66 84
35 43
50 11
40 79
84 47
43 64
20 48
58 60
5 11
94 44
87 3
57 40
4 71
99 29
85 49
58 52
84 14
20 74
20 30
66 50
91 58
34 71
74 78
38 55
91 45
13 64
38 86
73 95
9 92
41 48
36 100
75 75
27 90
37 10
66 6
11 36
32 25
37 53
20 48
36 35
30 96
6 2
44 26
34 18
5 30
28 74
43 69
88 96
100 100
15 51
5 45
42 57
100 73
78 74
79 12
90 69
42 38
69 49
14 15
51 29
9 96
50 15
77 4
88 37
38 76
42 9
50 72
69 53
78 13
69 71
56 39
7 9
27 72
52 65
92 78
31 54
31 90
87 99
70 49
30 89
1 1
75 93
24 46
100 73
4 18
2 9
42 93
46 55
22 9
55 8
96 36
83 4
56 74
72 39
70 92
94 49
13 99
19 63
14 53
90 11
87 86
22 92
48 71
13 9
73 8
40 1
95 62
55 97
26 99
17 62
85 38
78 99
43 6
60 83
77 23
46 24
61 43
18 15
91 30
35 51
25 22
86 65
17 6
80 95
9 55
86 97
25 96
73 5
56 11
91 100
62 68
94 96
12 91
62 90
59 5
36 98
1 90
53 18
42 47
78 40
69 80
26 84
55 90
63 37
85 18
83 12
9 12
98 60
53 79
99 42
84 10
77 52
37 6
100 15
56 99
97 13
37 11
33 46
70 17
92 21
23 45
83 84
37 69
86 36
44 74
95 73
73 85
96 15
48 42
14 83
73 55
68 73
92 66
27 96
31 10
28 35
62 60
91 21
77 94
14 38
41 62
60 55
90 89
77 20
59 69
97 39
26 32
47 31
29 84
95 100
90 52
3 29
77 36
27 20
40 16
73 61
21 44
12 100
68 75
20 85
78 83
41 81
40 10
69 100
19 77
22 19
48 35
80 36
12 91
25 80
45 25
52 5
84 35
34 65
81 24
95 3
83 4
58 7
41 34
63 87
52 58
83 37
66 15
80 93
9 8
57 82
52 5
81 3
69 82
20 80
53 39
98 16
12 12
92 48
18 67
82 40
65 18
65 53
62 27
76 9
89 33
6 51
79 13
25 67
92 68
11 88
19 21
74 71
68 46
11 6
36 9
71 55
93 94
53 76
3 100
53 1
62 57
54 4
34 55
30 90
25 35
38 94
79 5
88 47
29 41
96 24
70 86
93 11
60 76
83 65
20 19
49 8
40 67
50 83
73 26
31 34
13 22
43 47
56 56
80 19
5 4
44 65
3 73
98 98
48 40
5 72
2 50
9 48
10 76
87 5
90 38
87 10
24 50
68 94
74 8
52 42
63 17
43 46
96 52
75 45
77 10
67 70
75 52
17 28
69 4
99 30
99 62
81 25
41 28
55 69
12 43
45 31
50 33
14 68
94 80
97 24
18 39
96 30
58 72
80 66
82 86
47 61
66 28
58 35
67 54
39 87
9 76
81 71
34 32
57 80
55 15
10 93
75 49
81 18
26 21
43 5
79 99
25 82
23 29
71 26
31 2
35 24
68 9
80 35
48 43
61 88
28 10
18 33
8 69
85 33
97 99
42 6
84 93
62 78
99 92
50 47
52 64
59 20
30 69
85 48
67 99
37 35
47 40
42 47
17 4
72 60
84 3
48 3
48 93
7 84
18 28
30 95
93 7
85 88
61 81
92 1
98 76
89 90
9 33
57 96
25 23
57 83
98 2
8 67
70 60
48 93
9 13
22 24
7 12
91 33
58 23
73 10
79 67
4 62
66 9
95 71
28 22
50 11
42 73
27 66
8 94
12 52
57 12
52 52
96 40
17 92
43 52
45 67
57 34
4 85
2 14
82 8
60 67
51 15
41 74
82 79
99 60
2 39
55 54
57 71
92 71
12 76
29 33
70 38
68 37
47 93
16 60
47 10
48 3
10 84
73 76
55 49
21 35
29 87
6 52
68 26
98 31
100 4
13 44
54 64
3 40
14 58
35 71
63 58
64 24
28 44
96 88
14 83
29 82
50 41
70 6
72 53
61 16
51 38
41 42
80 5
97 30
8 1
26 14
44 84
17 84
99 41
50 32
37 70
79 80
7 36
5 48
76 62
6 91
69 91
30 25
9 82
82 100
16 47
23 39
97 24
95 90
18 27
11 58
23 24
67 19
32 63
94 28
79 35
82 100
86 21
11 91
78 81
94 21
36 56
73 65
62 56
86 49
22 48
51 77
65 80
28 83
55 24
40 41
86 73
75 67
21 65
46 54
56 66
37 11
68 45
4 41
83 52
37 23
66 99
6 27
55 41
98 61
51 54
33 27
79 13
89 74
95 17
9 93
34 46
31 73
81 57
95 53
16 73
55 57
97 30
80 52
82 39
51 5
72 92
19 64
25 71
92 8
64 17
32 89
80 70
31 13
88 29
63 73
19 35
53 79
20 100
73 76
2 92
22 5
58 54
33 4
10 31
52 71
41 96
95 28
34 95
73 5
42 81
50 19
27 61
38 62
81 70
61 51
41 18
4 61
79 14
17 89
48 20
43 83
1 29
79 89
25 95
88 9
93 13
44 30
92 40
12 12
68 57
94 31
86 17
77 10
26 34
47 99
81 32
18 81
42 26
14 78
90 37
35 58
15 96
69 97
72 19
96 65
29 100
12 37
99 77
59 13
81 77
98 96
1 95
81 57
77 36
78 42
68 65
69 49
73 23
59 4
81 12
40 79
4 86
18 80
69 40
81 19
64 78
49 24
98 52
57 4
62 1
40 88
91 61
77 97
8 37
63 32
24 13
88 36
26 20
74 90
46 100
6 96
72 37
99 95
38 4
48 25
76 88
5 20
68 25
48 10
16 76
100 36
39 88
71 61
17 16
7 79
52 32
81 93
7 2
49 83
89 48
21 3
40 70
80 9
49 51
47 58
94 40
72 63
34 45
71 59
97 4
32 45
29 6
20 93
30 91
66 61
19 69
5 78
71 80
87 45
4 87
38 55
86 80
42 26
8 16
3 47
1 4
11 47
35 92
7 6
60 81
23 91
79 60
51 2
2 99
27 62
98 60
47 90
50 24
83 4
18 100
47 80
14 100
46 5
18 24
95 90
11 17
37 92
99 67
33 97
23 36
2 53
22 51
8 67
96 78
82 18
10 66
96 34
92 16
96 9
54 91
3 96
19 99
33 2
54 50
72 50
11 63
3 9
19 39
61 86
85 64
36 91
59 17
51 64
33 95
76 92
45 53
95 12
12 35
96 72
80 60
86 70
49 24
53 62
94 89
44 54
34 32
55 6
91 39
26 47
51 66
45 29
80 95
21 64
29 30
33 44
92 65
39 92
87 4
10 4
51 29
72 19
97 94
9 98
74 34
81 40
37 89
70 39
76 3
100 24
17 10
7 14
86 45
66 85
59 76
31 85
9 90
93 7
37 42
100 28
70 5
39 7
96 8
49 99
59 71
24 89
34 94
3 87
14 32
20 49
12 90
65 61
43 20
61 35
25 10
68 5
41 27
61 98
90 43
68 81
61 73
6 4
74 95
98 70
71 89
85 22
28 54
32 30
77 28
16 96
31 10
98 32
55 2
26 17
98 83
13 24
1 58
31 28
15 11
14 89
3 29
79 52
78 1
45 100
91 39
3 10
65 4
83 17
15 60
54 99
51 97
27 84
59 2
76 43
24 53
82 42
60 64
3 59
13 72
88 43
19 6
43 33
85 27
73 7
20 1
83 9
37 83
20 58
65 88
4 45
85 99
67 68
82 48
15 99
64 67
24 86
69 61
80 23
6 54
83 72
33 21
8 51
10 55
43 22
84 45
85 60
24 16
43 9
88 18
36 39
83 51
6 23
30 71
67 77
30 81
1 71
1 37
66 15
20 81
66 77
69 11
57 79
84 44
2 59
71 29
99 63
25 96
39 89
78 85
83 50
73 12
62 57
90 52
82 67
5 30
73 96
67 78
80 45
68 56
6 47
16 83
50 7
11 21
97 5
68 35
92 1
98 28
69 24
57 68
69 8
86 100
78 30
25 38
21 95
79 88
47 66
20 57
56 36
85 7
49 93
38 37
58 18
11 49
79 40
91 36
67 79
4 87
9 65
46 23
23 43
14 11
13 58
24 1
76 31
10 62
91 87
67 84
59 89
11 10
76 3
79 48
48 9
53 32
56 37
69 4
83 72
2 3
40 12
38 59
87 61
88 5
27 95
96 30
50 53
58 86
86 66
16 31
61 72
47 30
62 6
83 66
60 93
74 15
6 66
88 23
35 76
48 53
6 58
45 17
59 62
81 60
24 16
6 23
85 92
79 53
74 26
68 63
32 7
65 89
57 21
18 67
53 93
84 67
65 96
2 46
41 52
3 13
70 28
53 75
49 95
31 85
87 41
60 87
56 99
92 58
99 9
43 27
39 10
5 67
87 95
49 24
37 78
62 62
7 46
22 69
92 14
80 23
89 83
24 72
97 11
45 3
93 38
49 4
80 21
58 86
2 1
72 24
60 98
71 80
76 99
60 92
53 17
62 39
71 30
9 67
53 48
70 91
3 45
44 58
74 9
41 39
92 81
62 86
3 53
98 78
83 55
46 66
30 100
23 37
69 38
78 62
20 92
62 27
26 17
99 12
71 12
79 69
23 36
82 62
50 1
98 86
41 5
2 17
60 76
11 87
62 35
64 23
80 77
64 80
7 80
5 85
57 70
51 12
67 70
59 22
100 41
1 76
4 40
81 40
24 65
25 77
58 54
95 56
86 55
35 70
93 19
8 19
14 39
67 6
89 32
63 39
65 43
81 88
16 7
76 18
43 74
30 41
39 41
75 50
45 20
98 72
79 34
1 90
100 36
97 56
11 63
99 76
50 31
15 2
32 68
25 47
91 30
41 21
19 54
28 85
76 42
63 25
35 55
89 32
30 30
23 86
3 70
46 73
3 73
70 28
21 42
97 47
99 69
11 34
71 96
44 40
8 58
2 82
44 81
7 93
98 89
55 44
58 20
99 71
21 45
89 39
23 18
11 75
29 11
93 71
38 11
56 53
56 95
24 17
96 84
37 77
46 2
98 6
82 1
100 26
20 33
54 94
96 24
18 53
64 28
19 72
13 93
72 85
20 53
9 73
30 29
17 93
15 16
87 100
68 63
35 13
27 39
90 80
97 87
56 1
83 3
86 49
63 53
90 49
61 65
59 89
26 77
58 18
8 46
59 77
9 95
27 78
12 23
4 19
97 83
75 50
74 90
61 75
98 86
93 94
69 47
28 14
62 86
83 63
66 65
29 48
69 75
93 3
70 80
17 13
100 4
4 82
54 13
62 8
93 82
14 29
72 48
70 59
71 46
80 93
28 87
79 92
58 23
39 9
35 10
54 5
66 58
8 99
15 31
15 95
1 92
35 77
42 60
14 29
18 91
60 25
42 77
38 17
52 79
11 56
55 81
3 82
15 89
8 93
16 42
59 70
74 73
88 41
29 28
44 70
67 34
56 15
75 62
76 8
47 75
61 71
30 64
12 33
68 22
96 94
26 79
20 65
30 22
20 39
33 94
99 13
79 63
26 70
37 81
82 41
89 77
91 62
84 75
3 65
50 6
51 16
13 86
75 79
38 56
41 14
71 48
56 41
97 80
45 9
32 100
95 54
5 80
13 63
6 38
24 1
60 8
83 17
96 65
89 30
2 55
80 10
40 94
32 69
6 79
76 74
13 9
46 7
18 87
48 83
100 23
19 93
99 50
12 9
94 23
88 58
53 22
64 70
44 50
1 53
60 31
27 50
95 6
16 62
39 64
52 44
91 14
98 24
34 12
38 30
38 5
36 18
18 40
77 98
67 86
75 70
4 23
32 94
20 77
21 62
31 29
19 51
40 54
81 30
82 59
85 28
69 39
34 32
100 49
64 89
86 84
59 79
90 90
80 90
26 40
80 5
83 85
68 53
29 28
17 96
6 83
18 84
52 65
23 74
95 33
70 50
49 43
50 56
53 95
20 71
71 17
84 23
90 22
62 22
64 5
71 80
98 1
84 43
57 12
97 49
47 31
42 95
7 28
36 72
74 36
84 19
67 77
56 72
51 72
95 56
72 67
56 6
13 40
75 83
30 79
59 72
97 32
78 73
60 79
49 27
49 44
30 47
84 1
38 65
43 20
48 5
9 96
40 20
83 48
65 7
88 69
30 30
58 54
94 48
17 2
31 89
77 66
84 78
87 61
28 89
30 85
10 79
35 46
42 76
85 14
65 76
52 100
81 45
94 49
12 78
81 23
43 92
93 77
65 24
80 8
88 96
64 28
40 3
27 16
46 27
56 62
67 36
75 57
14 15
60 83
92 58
96 55
89 100
27 87
34 67
68 89
56 23
44 98
2 34
50 99
80 11
66 10
53 98
60 7
12 10
64 27
92 30
54 53
9 3
56 53
85 60
96 99
19 32
77 14
74 66
17 59
32 75
40 53
91 15
97 41
52 35
34 24
45 96
92 34
12 10
78 14
11 74
68 32
21 63
12 8
17 82
100 73
30 69
21 31
11 80
41 78
37 58
3 9
94 82
45 12
10 13
30 41
92 10
81 44
6 6
17 27
97 54
90 81
9 79
39 68
86 73
60 65
25 43
30 20
3 51
36 52
60 34
13 76
55 36
80 96
76 35
71 69
32 21
5 3
44 100
94 100
97 32
80 57
96 60
42 13
24 68
58 24
72 5
15 30
38 67
77 11
83 8
86 21
18 43
91 39
24 40
4 15
2 55
100 83
85 35
4 57
36 86
96 20
68 33
90 73
76 15
44 67
13 42
59 35
100 70
56 41
52 86
97 53
35 49
100 97
38 18
10 68
9 20
61 74
76 49
46 39
90 36
58 9
83 11
7 78
49 99
6 50
62 45
50 53
58 84
99 31
6 10
93 70
94 2
73 42
34 42
21 16
68 8
98 35
79 3
68 29
5 27
83 40
16 34
91 27
34 89
53 51
100 47
42 8
66 76
27 47
87 98
55 12
37 55
69 8
13 41
85 53
26 58
75 37
86 58
83 41
73 19
43 67
27 62
18 20
16 60
13 56
39 88
35 19
10 42
69 90
2 48
67 69
51 81
17 33
57 95
84 69
22 83
9 93
25 29
87 10
35 40
63 26
93 21
71 94
83 34
5 62
7 99
61 43
31 50
45 56
95 35
55 69
87 74
22 49
73 88
54 85
86 4
63 75
89 3
47 45
31 16
42 2
13 65
34 97
59 34
22 12
69 17
32 68
30 4
46 97
18 78
16 43
8 23
62 98
39 89
43 8
18 11
97 39
3 2
49 13
93 46
97 36
3 81
80 71
70 84
27 68
85 55
7 39
89 43
25 57
54 36
72 10
67 59
18 100
5 58
25 92
39 63
25 75
56 12
20 67
70 71
25 89
88 61
78 45
38 38
78 1
20 4
55 1
74 39
74 5
3 13
67 84
70 41
58 93
98 6
92 76
36 12
34 60
98 67
25 6
59 17
51 2
48 16
25 27
21 1
4 73
1 70
59 16
28 99
8 81
31 82
98 22
84 69
18 94
75 66
21 7
47 95
46 70
75 59
72 33
19 26
30 71
38 69
40 18
39 63
87 74
31 94
74 26
73 86
29 60
50 32
31 2
31 13
97 47
7 80
51 65
100 71
59 49
62 80
80 70
66 30
92 61
77 91
49 50
61 55
3 8
21 8
7 1
100 29
47 66
78 85
18 55
76 36
68 5
9 72
66 50
6 31
92 17
40 76
30 16
20 28
41 7
60 69
2 40
38 5
18 48
5 5
89 75
76 48
66 84
68 44
41 77
9 97
96 86
41 27
21 3
98 94
61 86
27 3
97 22
8 52
56 87
66 28
35 87
75 92
27 100
1 89
33 74
18 16
92 64
62 89
89 44
32 22
74 57
90 35
21 26
91 56
94 39
62 100
67 3
11 23
81 96
59 80
19 19
77 81
100 58
39 21
26 74
12 95
17 75
23 48
71 46
25 61
40 75
58 85
51 4
66 26
58 73
83 77
83 94
1 36
97 65
71 37
32 57
70 73
13 23
5 34
12 28
6 62
66 33
78 83
69 84
46 28
89 14
87 54
74 61
40 23
26 26
100 86
51 17
94 100
22 33
74 63
18 60
13 60
31 47
69 16
79 85
40 19
3 44
61 78
40 6
99 61
84 66
23 14
68 33
96 89
27 47
80 13
53 50
44 31
9 95
21 85
42 11
97 8
60 38
15 71
36 30
37 63
14 56
39 46
30 62
87 41
12 60
48 73
100 100
42 58
68 40
30 36
81 28
70 84
42 14
72 33
69 44
25 79
94 98
88 28
72 19
21 96
19 40
77 68
16 27
80 86
97 4
57 89
28 45
8 41
72 59
16 26
44 55
37 66
54 24
74 68
24 58
17 83
73 93
75 9
10 41
92 32
4 45
42 68
61 67
45 10
65 53
81 10
22 40
58 50
21 38
93 59
30 98
91 29
69 78
46 76
70 15
18 82
2 64
50 11
25 74
25 74
65 37
21 81
62 91
70 60
94 48
85 49
38 42
18 92
11 9
47 34
9 76
14 53
40 2
21 42
10 14
4 54
2 4
31 54
13 55
22 93
76 12
43 52
12 21
96 89
88 79
34 87
13 70
41 42
83 98
90 44
66 15
99 34
62 24
27 58
68 93
55 23
63 58
5 86
24 67
73 66
3 20
32 94
86 71
94 21
4 35
95 84
97 26
5 90
78 37
9 32
78 82
53 48
3 36
42 55
100 89
42 14
75 41
13 58
83 56
9 90
54 53
48 22
7 75
15 28
26 79
74 67
21 3
88 36
30 5
96 69
60 54
84 24
79 62
97 24
77 96
82 48
43 7
25 73
87 90
20 96
85 4
16 71
24 95
88 39
57 77
24 83
29 53
83 18
88 93
63 60
91 59
93 97
62 81
49 34
59 77
87 12
74 52
79 79
74 99
55 56
74 99
85 52
38 31
52 12
81 75
14 78
85 11
24 34
38 50
71 100
95 81
23 54
87 23
19 75
62 44
95 99
94 10
42 48
78 68
81 2
5 59
20 27
73 50
66 92
69 12
31 26
53 3
94 63
61 4
78 1
49 71
86 54
63 5
86 1
89 65
43 79
100 79
73 76
18 64
89 80
96 27
13 44
63 85
34 49
83 19
24 29
28 100
76 28
66 28
5 67
56 81
22 87
77 45
80 30
87 78
45 56
62 56
91 32
90 19
74 11
69 84
38 41
59 65
83 88
24 41
99 81
25 19
75 71
23 8
95 82
15 3
18 35
7 78
78 87
51 35
89 48
53 67
79 34
64 27
70 47
35 1
71 7
43 33
11 97
2 88
30 62
7 53
63 95
20 45
97 23
88 6
40 80
34 63
98 70
22 68
9 55
96 50
99 38
35 26
70 58
93 71
2 80
88 44
51 48
79 66
90 78
91 95
83 85
68 64
6 21
5 31
55 16
76 79
47 15
65 12
29 67
28 76
24 64
91 61
100 72
20 86
30 18
39 51
5 100
27 39
13 70
66 55
74 89
63 59
100 32
43 98
7 30
1 11
30 93
57 29
31 76
20 22
47 76
66 12
39 85
4 48
22 42
45 100
31 27
68 56
10 64
59 45
48 83
33 79
1 57
47 54
4 65
30 75
37 57
8 64
56 13
49 78
25 70
81 53
11 37
77 1
23 2
17 66
29 11
5 94
25 94
60 39
76 68
23 69
77 50
66 52
26 69
98 92
11 4
56 95
17 99
20 19
14 91
64 82
4 97
14 99
10 87
59 13
95 73
47 43
18 77
2 38
47 21
43 98
82 42
10 57
19 99
5 96
78 74
47 61
9 89
3 19
58 99
36 8
25 40
34 1
1 12
3 8
83 44
11 15
10 54
100 42
82 33
24 44
63 75
85 81
89 42
25 62
43 94
36 67
23 56
13 22
37 56
69 28
55 19
19 97
30 36
73 17
75 92
8 9
71 78
83 33
10 28
29 28
70 40
86 67
14 28
70 51
40 26
49 71
81 17
50 79
48 65
62 1
25 22
62 39
99 82
65 15
86 100
93 75
100 81
60 8
5 96
37 36
81 35
11 14
55 85
10 71
35 83
29 28
17 31
6 12
63 60
78 58
86 39
84 52
16 76
51 67
53 54
7 1
99 89
85 71
56 79
46 53
99 23
32 52
60 92
49 4
97 67
97 43
41 30
96 99
57 50
98 77
84 87
37 85
8 43
90 71
98 7
43 25
18 98
67 37
100 36
32 10
44 47
85 74
15 61
11 22
35 92
20 66
18 75
86 81
4 88
25 5
31 85
54 11
57 57
42 28
2 66
53 23
39 71
43 96
100 73
47 72
92 24
84 59
35 8
99 66
73 29
32 14
93 90
43 79
98 51
92 77
26 88
94 97
28 3
93 100
4 70
15 94
12 17
21 44
100 26
67 5
98 49
82 63
21 15
54 57
24 90
22 32
6 31
62 12
16 79
57 3
60 84
7 3
92 62
94 91
58 68
65 42
25 57
50 10
59 20
23 59
94 86
36 59
68 7
21 88
28 10
71 76
35 34
91 27
44 72
86 59
58 83
41 72
68 21
30 49
94 28
91 63
51 80
51 58
4 74
19 59
59 60
63 9
25 61
51 21
56 100
82 80
67 15
32 8
84 89
25 34
6 66
77 75
12 45
73 72
49 62
40 54
44 99
36 95
82 32
39 70
21 6
91 66
31 41
88 78
20 14
76 20
30 40
23 94
26 77
33 14
41 4
84 89
47 22
65 16
86 9
54 73
99 95
52 75
38 80
34 84
76 9
43 97
62 10
88 5
16 20
10 23
79 10
11 19
45 18
60 42
1 40
66 75
51 7
31 33
5 52
22 73
6 52
35 92
44 18
83 29
67 57
84 21
18 69
66 78
1 88
4 29
71 3
51 82
55 4
8 34
84 17
83 12
51 83
97 26
22 16
18 2
6 49
100 25
80 72
3 18
11 18
80 64
20 44
13 77
10 96
24 95
35 1
67 47
58 38
78 18
1 27
77 94
14 90
18 95
94 24
66 77
73 24
64 78
16 10
28 27
72 11
51 27
62 90
74 93
47 4
83 57
91 47
4 4
34 33
70 70
58 73
44 51
49 33
77 16
9 79
10 28
1 63
43 79
28 27
10 100
72 96
28 5
86 46
37 37
97 100
79 21
2 13
70 75
43 98
69 22
97 53
66 60
71 100
10 94
39 5
69 56
92 50
29 3
73 59
25 82
50 72
82 32
20 84
50 5
59 99
28 14
59 84
11 61
70 92
38 10
20 13
94 39
65 15
58 58
30 75
61 66
88 30
84 39
30 92
30 27
52 13
78 44
47 38
23 12
87 37
85 42
91 67
30 38
65 96
15 78
54 71
66 68
97 61
74 55
15 24
7 59
53 20
25 7
17 72
23 64
62 17
88 84
68 54
26 83
45 93
49 81
39 48
33 22
32 19
20 39
14 100
84 31
98 34
61 37
58 95
36 22
97 31
48 13
66 59
14 78
15 90
71 81
31 45
63 50
44 87
46 68
69 61
97 7
70 75
37 32
71 70
84 43
24 15
90 23
9 77
21 7
38 3
99 24
53 80
70 74
19 14
18 79
53 4
68 99
30 67
62 98
3 20
79 49
61 63
20 30
92 27
75 52
91 10
74 23
37 54
86 97
19 91
57 14
82 55
41 17
93 97
4 24
24 11
69 63
93 98
84 87
89 21
31 53
83 62
93 100
52 26
1 27
10 30
56 29
68 25
40 48
17 79
22 96
18 97
77 41
42 77
61 75
52 44
32 38
34 97
40 49
17 34
5 39
49 14
51 40
45 55
93 10
6 63
20 17
61 72
99 13
3 3
1 92
81 65
85 64
93 43
84 90
37 90
3 72
39 70
4 66
42 20
55 100
78 61
11 68
31 92
19 37
71 42
34 36
2 75
56 38
74 84
18 60
60 77
74 98
20 100
4 83
66 59
26 14
75 100
79 31
76 26
78 54
79 74
8 90
14 70
72 69
91 31
51 11
74 92
29 1
6 77
67 63
83 100
83 89
77 30
13 92
1 78
47 23
47 79
2 4
54 13
72 14
72 63
14 41
45 63
91 14
69 23
10 22
16 80
44 74
40 4
43 57
21 80
19 29
50 99
34 49
90 97
40 29
36 59
15 89
68 81
42 87
81 3
50 81
24 76
9 33
15 24
77 53
7 7
13 54
30 56
60 19
84 67
53 70
73 59
28 82
44 36
42 34
89 3
11 67
85 59
29 58
54 23
57 38
99 86
55 21
42 38
88 35
95 50
78 97
2 75
62 30
19 35
34 77
64 62
94 10
42 61
78 37
22 14
48 68
90 90
4 21
59 38
25 9
56 43
32 49
4 90
51 78
25 34
92 44
14 96
9 92
72 1
19 18
17 82
70 86
73 39
58 19
9 72
67 40
35 67
62 46
29 21
5 2
47 75
44 83
51 63
40 35
21 71
72 77
87 54
62 61
75 49
46 44
86 21
83 91
29 92
89 10
33 20
53 77
32 53
46 15
13 20
56 53
64 33
29 1
77 90
37 23
38 72
38 14
55 62
25 90
99 59
35 34
29 43
46 33
78 68
31 6
85 20
50 39
3 34
24 73
11 51
29 82
21 68
48 71
11 25
49 59
88 80
96 44
53 87
20 84
93 11
65 7
27 88
57 43
45 59
3 29
45 17
82 30
40 42
99 30
58 72
91 53
86 63
39 14
88 85
63 31
69 71
72 56
13 21
23 4
47 81
75 71
52 38
19 48
23 41
14 14
19 7
62 72
9 57
71 45
81 7
2 19
87 51
7 94
10 61
31 10
62 74
6 29
65 91
53 16
56 58
22 14
