3000 75695
5 24
5 3
97 95
57 21
51 84
47 41
36 78
96 31
11 76
42 26
96 5
23 78
2 3
17 27
58 89
7 76
45 3
30 96
72 37
45 4
96 1
75 33
71 5
91 74
33 74
14 45
64 71
2 45
20 32
32 1
24 42
77 8
88 55
73 36
33 28
39 90
19 28
68 57
34 20
82 55
61 82
82 25
56 33
62 85
98 3
65 21
20 12
95 5
94 68
91 48
39 60
89 20
66 32
61 16
79 45
98 57
75 60
94 16
51 1
94 43
77 68
27 95
70 2
65 22
99 30
54 30
55 11
69 10
21 38
40 82
2 64
33 20
21 6
9 96
47 56
19 60
25 68
66 67
13 16
18 35
9 66
3 75
58 7
74 49
64 90
88 51
23 5
38 1
81 66
25 57
83 44
58 33
3 51
5 45
22 6
53 33
58 26
28 68
74 42
31 16
67 50
75 57
63 35
88 7
36 53
9 42
58 67
60 72
27 60
22 34
30 7
35 25
24 9
87 13
60 73
39 50
75 15
82 29
28 51
55 81
58 37
11 46
64 65
61 88
67 42
37 71
13 72
76 20
64 38
38 13
6 35
83 39
65 21
21 21
70 46
100 73
81 62
79 64
11 45
7 21
100 97
40 3
93 97
75 5
79 67
52 21
66 7
5 81
33 49
93 9
11 13
43 37
55 54
75 30
55 24
73 95
11 52
19 47
49 66
27 41
57 11
6 100
9 80
21 32
26 20
30 25
20 4
59 33
8 40
82 100
17 53
59 36
74 54
10 49
85 93
52 72
61 69
2 99
8 5
46 69
47 7
18 69
88 6
1 12
92 98
42 81
74 58
55 49
60 28
74 24
33 42
16 38
79 75
93 21
88 69
57 95
22 97
7 25
67 27
81 36
41 76
83 32
91 71
14 82
92 32
27 15
17 53
53 53
29 13
24 57
98 21
75 71
41 26
37 78
27 34
85 75
30 59
52 92
91 76
89 38
25 67
23 17
57 27
56 41
15 37
44 96
64 35
88 85
3 72
30 14
68 20
43 47
12 97
10 42
8 28
56 28
36 9
24 33
60 80
16 73
47 89
9 53
90 44
39 66
45 30
69 29
75 41
74 40
20 20
65 16
14 77
97 86
39 32
70 4
52 27
5 20
66 51
67 13
44 4
20 22
96 78
63 75
14 20
59 74
72 68
21 48
66 54
60 76
44 80
25 33
75 49
42 20
33 85
17 44
32 38
77 67
85 72
7 78
2 6
56 44
23 45
16 83
52 81
14 28
37 38
55 59
70 47
54 88
21 24
14 2
73 61
16 1
76 76
86 80
27 27
100 95
6 79
92 32
59 23
1 10
17 64
85 71
94 30
1 1
1 66
78 67
30 67
37 89
36 96
31 72
93 84
58 40
98 6
96 65
23 19
35 43
51 23
93 65
88 82
71 46
58 66
13 42
39 99
33 93
98 22
65 77
84 87
4 52
8 8
42 9
56 62
76 23
27 31
2 43
77 23
79 48
79 61
6 41
68 37
14 56
88 13
60 72
23 47
86 70
7 36
46 65
72 13
57 11
90 81
11 46
28 56
47 98
23 88
66 6
31 90
21 61
82 34
15 28
76 12
89 41
56 37
83 73
65 16
34 19
84 67
93 90
65 67
62 27
50 31
32 55
27 34
89 43
43 78
50 32
26 12
49 14
47 48
97 76
58 24
36 28
60 22
85 31
82 25
82 61
2 89
12 66
54 21
83 22
26 94
81 84
23 15
34 82
64 9
39 30
19 52
99 75
31 19
35 70
13 2
32 49
66 24
39 87
21 43
60 2
40 19
46 7
61 67
86 18
95 34
18 42
21 46
54 7
2 72
54 22
35 67
55 12
18 88
41 39
89 34
95 33
21 23
11 100
28 14
36 31
50 29
99 65
87 57
32 99
33 35
99 10
64 100
51 10
89 97
36 94
10 63
29 67
81 52
22 81
66 84
75 86
39 22
87 81
28 44
92 46
92 3
15 11
46 57
9 42
7 1
34 42
4 74
79 23
97 41
83 39
15 5
46 69
33 55
53 14
29 20
66 89
51 23
44 19
68 51
91 19
79 64
29 65
19 37
60 16
51 46
85 21
34 53
89 67
23 1
14 96
81 64
14 55
80 58
78 21
23 96
86 59
12 62
78 21
64 33
8 3
60 59
30 90
5 23
93 14
82 3
85 42
10 54
32 77
29 12
77 56
75 96
7 28
5 21
93 32
66 43
55 18
29 4
52 47
96 36
51 5
65 94
28 100
17 59
44 52
5 20
91 7
29 62
68 33
68 27
44 46
75 87
27 86
74 35
31 10
71 51
55 89
16 3
80 56
39 66
44 67
8 64
13 13
50 94
65 84
57 96
68 88
71 53
86 100
19 34
66 88
88 56
35 79
93 87
4 14
78 30
50 58
94 20
58 43
17 91
61 47
53 89
44 29
40 84
26 23
74 38
62 86
33 64
41 41
42 93
23 29
84 59
1 56
87 93
86 52
65 91
43 88
53 91
36 43
80 87
23 76
53 31
20 42
57 54
98 69
75 8
86 84
47 27
69 27
95 26
63 69
81 25
47 66
6 97
72 60
25 89
80 87
34 97
9 4
72 79
27 90
31 32
56 37
79 97
69 24
93 40
44 88
63 63
97 30
31 82
43 50
19 5
83 64
14 43
27 10
80 33
88 50
12 93
26 11
8 29
58 71
89 31
41 5
4 88
46 79
64 17
80 28
77 65
49 13
88 31
49 95
75 54
70 62
4 83
54 3
38 37
48 22
49 90
1 100
44 3
79 71
95 1
14 59
13 35
8 95
40 69
93 19
47 97
3 13
70 29
55 77
60 35
10 11
95 81
15 23
56 89
10 49
47 50
32 6
59 14
34 81
80 100
33 19
56 94
35 83
38 21
93 83
34 56
38 10
45 82
77 59
68 33
39 34
42 17
81 19
98 28
81 85
73 37
45 76
35 50
94 17
51 52
46 84
4 27
45 85
61 6
59 67
54 33
59 56
42 72
64 46
92 88
22 24
97 65
99 81
8 6
86 37
92 63
42 13
76 47
88 96
70 71
43 31
27 29
12 40
23 49
76 9
44 76
47 37
20 36
79 25
41 5
70 88
76 9
44 83
66 72
36 14
54 49
72 56
46 21
95 21
35 54
38 8
68 44
83 70
88 41
28 1
21 6
79 3
69 13
96 4
67 99
38 36
90 34
45 79
1 27
13 34
20 39
45 2
11 22
92 75
75 79
51 26
13 14
50 87
46 8
31 37
38 52
99 57
54 92
83 25
46 29
88 97
72 32
13 24
23 66
60 72
40 76
43 24
90 27
60 40
90 27
8 25
50 75
79 13
4 55
2 1
43 46
76 46
46 55
54 68
19 72
72 33
4 45
31 85
74 71
2 53
61 21
63 22
100 61
66 64
97 98
97 41
54 13
69 30
62 64
28 30
80 53
1 39
22 53
21 79
13 30
11 32
29 55
62 5
41 44
32 62
63 57
84 89
59 7
61 63
89 8
77 30
84 47
44 53
8 14
9 17
45 57
20 86
71 91
97 17
86 1
68 88
93 9
91 13
88 69
54 72
18 43
67 22
7 62
39 47
87 52
19 43
1 78
67 59
32 47
93 21
51 72
46 56
28 62
9 30
58 70
16 69
86 59
42 17
60 73
93 24
50 33
56 29
64 61
73 23
52 97
1 61
40 11
45 5
91 26
27 31
50 28
60 20
45 52
56 41
50 66
83 56
26 84
2 44
50 66
9 82
95 16
100 37
55 37
74 77
8 66
12 7
90 46
93 76
5 75
1 18
37 99
7 7
56 99
53 59
79 82
8 95
53 71
70 44
4 100
96 96
48 74
5 27
7 15
44 78
61 20
9 33
26 33
38 3
10 76
27 98
47 84
56 91
26 86
1 73
30 20
86 51
64 79
19 65
30 26
21 53
71 34
67 76
27 11
26 84
71 34
57 44
85 79
23 56
78 87
40 30
70 52
77 13
45 8
77 18
20 90
57 27
85 2
97 74
94 29
46 77
24 71
40 65
2 20
1 56
92 37
83 39
86 58
8 15
53 55
16 35
28 19
23 40
34 10
6 81
48 24
4 95
14 25
85 2
26 50
43 63
24 83
48 53
19 75
68 90
24 23
90 64
24 17
60 24
38 37
70 97
5 53
61 59
61 61
58 72
62 66
5 97
40 62
99 75
64 63
92 68
14 9
91 33
66 7
47 70
48 14
66 82
2 64
13 90
50 35
80 66
55 4
25 17
27 70
73 79
45 7
2 92
14 94
20 75
13 16
51 83
89 71
17 20
64 41
50 84
27 43
25 59
6 80
18 4
75 33
69 95
62 71
89 94
11 27
27 29
87 15
58 92
44 11
41 31
70 33
93 45
20 96
76 37
18 14
46 17
100 15
14 20
99 9
13 8
33 46
11 76
63 42
22 16
79 95
26 35
23 51
5 37
2 93
28 31
75 92
29 77
48 77
36 14
69 22
58 3
14 94
55 37
67 47
58 4
47 67
88 79
2 1
66 14
63 15
71 14
63 30
62 29
84 85
61 38
26 89
17 30
71 65
88 82
38 97
50 11
66 16
12 48
6 99
19 60
91 30
80 90
47 37
38 6
67 55
15 10
47 60
81 49
22 46
13 6
38 52
68 64
52 85
91 4
86 77
14 99
62 17
48 59
27 80
45 1
9 48
52 20
61 82
79 13
91 1
50 79
80 75
8 17
61 26
86 74
79 76
51 7
17 63
25 64
40 12
84 18
92 74
86 71
64 66
65 71
98 29
53 69
84 87
1 13
43 73
69 15
14 11
56 41
17 73
92 42
1 94
25 21
95 61
61 75
55 85
38 62
63 53
87 59
45 78
23 30
72 32
23 5
26 36
88 47
100 69
65 99
23 16
43 94
51 22
38 33
7 16
100 50
90 1
90 2
1 14
85 25
11 69
66 24
40 18
27 41
10 66
92 11
3 13
4 78
5 85
9 49
41 39
67 90
95 8
38 68
41 19
18 91
12 73
66 7
58 89
63 93
83 57
80 4
5 38
85 30
18 36
63 53
36 79
59 89
5 7
88 44
95 13
15 75
6 68
35 30
93 67
15 85
26 92
95 80
70 62
82 77
55 80
63 53
48 18
50 87
100 20
89 88
19 30
11 92
6 94
76 18
26 36
88 3
56 74
30 73
24 32
25 9
45 26
60 63
83 97
49 84
47 6
78 62
15 58
52 25
64 43
7 76
18 61
41 35
53 55
88 75
23 63
59 87
2 27
22 80
8 73
1 46
10 67
27 54
63 90
68 13
54 24
40 25
7 15
9 97
70 98
31 98
33 57
66 75
90 12
68 6
66 58
88 18
97 67
80 67
92 94
60 61
38 42
61 55
52 95
42 49
100 29
74 57
100 35
1 7
96 36
60 59
53 52
57 55
38 65
68 41
24 67
91 88
7 18
83 33
52 36
76 15
13 30
36 92
93 89
54 42
55 97
58 98
93 11
51 15
89 64
84 4
10 28
78 5
45 10
62 22
71 5
44 90
87 31
23 39
97 96
34 18
82 50
49 100
91 72
71 14
16 92
66 90
13 1
23 9
100 22
16 36
50 75
12 52
52 79
43 63
17 45
6 28
52 12
10 55
9 94
41 75
45 10
70 21
18 32
41 72
83 95
89 36
37 61
70 25
11 27
33 9
3 94
44 76
81 8
45 66
66 89
49 51
63 55
78 41
71 60
62 29
94 28
20 34
26 80
97 6
14 49
94 76
54 85
66 60
55 82
62 79
6 87
100 43
84 99
75 18
92 14
66 93
15 5
28 27
35 69
77 83
12 87
90 63
20 58
45 94
86 80
85 98
93 44
100 34
15 38
15 55
14 62
60 17
86 41
39 93
8 23
100 89
32 20
13 7
65 100
87 1
27 37
22 86
38 44
10 36
48 55
81 57
75 80
63 12
9 35
62 49
39 94
72 21
51 11
59 52
68 66
88 42
95 1
60 62
88 75
61 91
74 16
53 89
72 7
60 56
91 33
79 29
11 96
74 53
92 88
27 96
12 53
18 76
48 33
1 48
27 11
95 88
82 5
53 43
57 99
42 39
14 43
48 92
65 12
16 5
58 95
33 77
4 46
52 96
92 38
43 72
65 86
18 54
95 60
36 44
29 61
37 45
67 73
39 57
62 49
10 12
17 4
26 53
79 87
64 36
26 1
57 50
10 23
59 57
9 44
19 73
100 95
75 86
66 17
17 58
90 90
23 11
49 35
45 35
26 58
92 72
39 6
90 95
9 77
33 18
78 39
89 38
21 14
96 63
79 46
35 62
5 26
95 49
60 14
35 64
10 84
37 14
91 13
20 59
96 22
51 8
38 31
47 69
25 93
55 99
15 26
15 34
77 10
63 60
59 68
2 19
55 84
98 26
44 14
63 60
82 95
73 52
4 97
55 8
68 66
82 94
89 69
24 91
29 42
100 34
10 54
38 26
88 100
100 19
9 36
35 21
50 26
46 18
34 89
27 71
100 17
48 15
41 4
28 78
11 26
51 24
82 96
65 9
100 49
77 61
79 69
34 43
49 12
82 17
88 2
68 29
16 11
28 70
43 19
44 52
79 55
52 73
33 29
66 54
3 43
42 16
1 27
4 68
39 34
34 15
30 90
91 50
81 81
22 94
18 27
91 7
25 17
51 74
7 15
24 17
27 35
86 35
9 11
27 98
19 52
48 12
46 27
86 14
75 81
88 45
81 17
5 87
91 69
14 98
71 93
45 11
7 13
23 19
49 31
45 46
8 85
30 20
35 47
88 66
4 65
5 25
31 24
28 81
7 99
89 90
3 49
34 33
74 77
12 59
60 30
45 80
59 70
58 56
30 93
86 2
45 53
11 9
90 89
88 73
24 6
12 81
32 84
82 71
34 51
32 66
26 16
93 35
14 85
13 63
33 52
17 50
69 87
63 27
44 82
75 37
51 17
46 31
60 69
77 93
9 89
72 51
21 72
68 11
29 58
50 16
53 12
25 62
60 76
94 52
12 35
35 34
6 32
96 18
16 4
91 34
79 83
94 71
84 69
92 19
58 85
16 72
8 20
26 24
30 99
3 54
52 60
32 67
1 84
12 81
8 59
9 24
83 31
28 82
76 34
11 40
30 49
80 98
35 2
41 24
74 49
99 36
28 57
79 33
46 53
95 12
21 66
24 87
88 83
4 34
16 57
97 67
71 6
75 77
22 42
100 56
30 30
74 2
84 22
30 65
37 82
91 32
38 40
19 64
71 65
66 26
81 3
52 13
45 23
15 4
92 88
18 23
65 39
71 97
48 55
10 43
66 8
69 73
86 81
5 42
24 58
1 38
2 61
47 15
27 66
75 2
98 70
56 47
100 55
81 91
37 63
36 36
72 22
27 2
54 51
94 38
92 79
86 54
45 50
88 1
1 9
88 38
6 76
17 48
11 34
5 30
79 90
28 93
25 54
64 71
32 35
49 12
16 60
85 47
47 26
42 25
12 48
44 96
50 71
11 3
25 38
86 85
47 90
48 12
12 86
52 41
93 49
55 65
38 46
37 99
43 17
90 54
76 88
100 92
58 1
86 73
56 74
36 43
13 17
81 27
99 65
97 3
81 90
66 24
33 49
27 16
8 100
44 97
70 63
9 22
7 51
46 100
46 6
5 92
45 11
10 43
56 84
37 60
64 7
45 29
73 10
58 76
86 83
1 49
9 19
44 35
38 21
65 92
31 29
3 37
45 71
82 93
99 40
25 12
47 68
83 40
3 27
6 67
79 36
24 89
14 40
85 38
70 41
60 45
89 30
14 51
21 88
96 13
51 62
84 46
93 94
75 71
94 21
78 76
27 19
2 92
73 62
65 91
66 35
4 43
67 80
62 5
37 87
17 71
38 17
83 55
99 10
40 95
89 73
77 98
16 36
2 13
13 35
85 76
13 9
1 16
50 26
33 48
49 81
52 40
69 94
41 74
79 62
14 66
70 1
5 33
67 57
43 62
69 23
33 92
98 56
87 54
46 48
34 43
3 24
36 16
68 97
54 86
27 11
56 21
82 83
42 98
10 85
95 69
78 73
74 94
47 85
28 50
59 41
47 65
31 89
79 86
87 38
9 51
92 52
9 90
14 83
58 60
3 3
34 57
42 51
100 59
21 11
40 51
85 1
75 86
75 66
4 49
80 71
1 28
60 69
62 53
43 25
21 54
8 22
20 49
94 99
6 58
99 99
52 39
53 74
30 39
82 25
91 63
90 89
73 28
99 52
3 71
83 87
1 54
37 80
76 90
52 12
9 90
15 40
88 12
35 75
89 57
92 12
15 98
42 37
3 81
28 2
84 13
75 34
87 75
55 62
68 32
92 32
6 12
72 22
96 5
87 50
53 98
39 19
76 39
78 25
37 70
31 61
60 64
90 76
67 92
35 5
93 39
27 81
2 96
33 51
61 8
90 52
76 14
27 57
31 40
78 94
54 58
66 53
4 79
92 33
73 66
71 62
36 64
30 77
94 36
31 21
16 78
99 33
69 91
43 68
76 10
58 61
73 29
87 25
99 88
91 20
73 29
91 26
17 53
74 24
75 28
30 12
16 27
50 42
8 68
46 19
79 35
14 25
64 23
82 66
5 57
88 88
5 27
40 73
17 16
98 62
23 45
84 93
96 95
43 35
26 61
23 56
52 47
51 41
9 80
50 34
41 12
82 60
93 60
10 16
55 83
67 39
39 27
70 61
69 80
98 94
68 79
47 15
11 71
83 1
29 80
16 79
70 40
33 58
7 3
38 55
30 20
29 47
21 100
78 66
24 34
98 12
100 21
75 80
48 52
9 52
25 66
89 15
42 11
69 77
98 31
48 45
87 15
88 57
70 5
55 95
85 3
89 36
2 61
96 25
71 88
30 92
63 3
92 28
14 49
21 6
29 34
95 20
50 4
1 85
72 85
73 37
98 96
24 57
99 69
46 99
84 60
75 34
86 66
25 70
43 10
35 96
24 66
30 76
22 4
45 71
36 70
58 58
33 58
37 30
5 34
55 97
18 73
19 37
46 24
83 22
40 94
26 10
78 93
41 49
26 46
1 30
65 38
76 94
24 86
63 6
73 44
59 98
38 91
58 9
35 19
32 52
92 56
59 85
13 27
65 60
3 7
49 49
74 69
88 64
37 78
79 3
42 60
55 3
97 91
40 36
37 24
88 36
65 97
66 16
28 84
43 42
67 97
92 21
18 87
42 83
55 78
90 31
53 32
92 68
99 39
87 50
75 71
42 47
97 34
88 98
58 6
52 40
36 46
31 26
39 55
72 75
61 28
32 67
78 77
10 70
71 54
67 52
97 5
88 50
32 20
25 41
30 43
50 16
16 13
99 30
44 50
70 91
40 12
96 81
13 10
90 2
34 83
88 81
83 48
31 16
27 30
40 5
34 8
62 75
22 31
72 62
33 1
83 10
55 80
63 78
92 32
26 33
29 81
88 36
65 82
60 100
64 28
46 77
62 68
80 41
44 58
5 17
1 83
35 69
52 50
66 44
24 22
85 32
5 24
6 70
67 99
31 5
97 26
100 6
92 31
18 8
23 20
76 32
52 18
78 99
38 61
43 49
55 84
66 93
83 36
19 17
78 45
46 64
16 93
39 12
25 56
11 2
95 80
78 38
45 70
46 81
43 81
20 92
82 12
47 57
77 13
49 11
29 61
73 38
48 68
20 92
42 46
23 39
47 75
94 15
100 90
85 87
36 15
54 73
2 79
70 2
24 89
31 23
16 65
39 34
69 86
92 20
1 35
63 66
21 57
45 57
60 46
63 90
16 100
42 10
61 46
92 12
90 72
89 58
64 1
89 39
60 1
5 98
11 30
7 75
50 64
62 19
43 13
86 78
67 43
96 92
7 80
90 83
27 66
22 96
80 16
47 52
66 16
80 3
62 69
86 24
76 59
21 14
1 65
91 10
14 75
61 62
34 73
55 46
2 20
97 73
44 37
61 20
54 23
6 66
19 47
55 86
68 36
61 59
40 64
34 30
9 2
47 95
76 12
87 20
20 90
7 80
33 71
85 57
39 82
46 39
23 33
14 92
19 4
23 97
57 1
32 31
83 59
90 73
87 76
36 30
39 97
82 64
97 49
44 19
39 81
15 47
98 5
58 68
28 58
90 20
44 97
88 11
88 14
19 9
74 30
7 55
77 88
6 100
44 64
15 69
4 90
18 96
81 12
22 46
40 44
37 12
53 76
74 54
78 36
91 3
10 83
16 32
24 67
6 84
11 3
15 99
72 82
9 7
72 67
51 39
98 78
15 63
38 50
37 43
85 71
63 79
43 97
62 10
21 31
38 60
76 30
24 72
55 7
8 41
45 17
94 3
44 4
49 44
68 56
74 39
92 47
29 91
41 23
15 65
34 74
52 25
81 63
57 55
60 83
53 81
60 46
9 60
19 44
49 95
45 2
4 66
12 25
39 50
65 28
32 7
29 62
92 57
55 79
83 20
100 50
99 95
29 22
95 53
99 39
48 78
68 44
90 37
76 68
61 66
57 53
61 93
12 42
37 67
69 99
71 24
89 48
28 44
31 35
60 43
77 90
75 88
63 60
88 15
65 89
79 87
19 21
93 50
70 96
25 51
28 70
21 45
75 46
8 91
68 49
73 36
55 20
87 92
63 24
82 39
47 9
19 76
42 31
58 50
7 42
10 30
80 25
48 89
90 25
10 59
7 83
66 15
36 98
69 43
53 81
53 87
47 29
23 53
45 36
68 24
47 4
72 57
89 20
21 1
79 100
8 69
93 88
85 19
94 12
7 11
66 10
41 73
77 86
59 40
98 74
84 79
21 21
78 99
83 20
10 98
39 9
89 2
27 12
75 7
9 44
31 44
27 93
7 73
53 48
23 80
74 48
51 51
47 37
14 20
23 3
77 88
21 88
67 90
62 58
15 51
74 100
79 67
55 23
2 37
90 59
4 49
37 16
62 31
81 99
19 35
23 28
72 7
59 36
49 91
98 65
67 32
79 34
76 9
73 56
83 82
98 89
99 3
33 84
96 77
64 22
55 87
73 64
85 61
21 76
86 21
51 64
46 28
64 40
57 38
48 64
5 98
12 86
36 79
66 28
45 84
55 65
88 56
16 43
13 53
88 46
13 59
32 84
66 32
88 68
56 39
100 65
37 8
54 41
32 48
33 84
18 15
38 34
5 99
54 27
11 62
90 19
56 90
56 89
5 10
12 28
55 52
62 7
75 65
91 83
27 35
19 49
97 47
67 42
34 43
9 99
6 39
46 1
92 82
24 22
85 68
48 72
23 86
22 75
1 65
7 34
54 10
70 79
44 19
10 8
75 57
6 32
51 79
30 99
62 72
7 88
93 26
68 24
68 95
68 90
58 58
47 81
86 90
6 56
13 22
72 32
15 7
18 12
69 33
58 40
41 34
54 52
5 12
16 19
27 27
58 76
22 4
32 36
79 6
17 75
41 96
54 62
23 6
43 74
35 60
36 78
49 61
28 37
3 53
17 7
47 79
13 62
63 87
84 20
18 17
27 60
55 52
84 23
96 72
24 36
94 63
89 57
29 87
98 26
4 75
55 65
7 1
77 31
86 53
38 6
93 5
78 48
91 19
67 62
20 73
25 31
2 91
20 85
4 19
57 95
36 92
50 97
21 56
50 30
86 69
90 73
76 90
40 20
26 47
24 13
63 7
19 61
12 69
91 45
68 86
67 95
97 62
27 38
43 25
82 14
64 43
35 81
11 13
6 14
2 43
30 37
30 96
55 85
50 21
86 66
11 80
37 64
87 63
83 87
87 94
72 83
73 59
14 35
12 2
98 58
37 99
26 60
68 18
100 19
69 4
87 56
66 13
65 65
13 93
8 90
99 30
76 88
95 70
9 94
81 53
48 64
91 30
63 48
2 49
92 51
100 13
65 80
80 14
38 27
47 66
66 59
10 9
71 77
32 93
73 62
68 86
68 43
50 21
87 55
68 61
18 77
74 10
85 74
35 93
38 3
93 15
33 23
14 42
87 84
93 16
46 94
34 100
35 98
60 93
87 100
26 100
11 57
51 79
58 65
49 84
98 96
23 24
58 44
68 72
6 68
82 58
88 9
26 11
31 30
26 64
93 23
1 6
99 73
29 96
87 99
37 27
21 10
71 73
2 68
59 46
63 40
99 13
44 97
50 37
11 5
83 96
27 88
21 62
33 26
84 53
69 97
82 21
59 76
26 92
2 45
64 95
59 49
41 53
89 57
42 79
66 16
33 80
42 36
17 89
62 75
28 86
5 67
34 37
50 58
58 35
93 34
64 50
56 47
88 30
13 86
66 4
70 77
40 26
87 65
55 2
23 78
7 13
36 22
81 5
85 4
37 18
97 99
43 5
29 71
85 56
84 83
95 38
70 35
77 70
11 78
31 61
56 56
67 45
16 49
5 65
24 31
60 34
69 14
31 29
48 15
81 52
97 32
69 91
72 77
35 48
23 92
95 54
93 60
11 66
27 10
77 16
99 83
23 8
72 20
28 5
60 15
55 54
22 95
29 49
84 23
84 72
11 62
39 30
2 68
26 62
44 95
25 98
86 96
64 60
55 79
85 10
96 11
3 62
53 53
68 39
89 10
28 44
14 44
82 21
38 61
40 53
10 36
36 96
15 61
81 55
15 100
74 75
36 8
36 46
54 76
19 31
71 18
64 89
9 12
72 85
89 50
4 6
48 35
26 97
67 66
3 65
10 59
63 28
57 26
63 11
82 19
46 35
90 6
95 62
79 56
79 67
86 15
88 43
14 62
100 27
69 98
29 13
73 53
56 57
16 59
78 80
74 87
39 28
41 68
82 51
62 12
82 70
86 56
10 98
7 18
4 73
64 62
17 28
18 53
20 88
79 38
99 71
17 74
20 44
45 84
47 81
98 62
31 98
35 24
63 75
30 76
55 21
91 87
55 29
10 77
59 45
32 8
35 16
49 72
73 28
16 66
10 36
54 49
53 73
71 85
12 18
9 98
34 99
28 46
26 2
6 86
58 83
77 24
74 11
77 78
21 7
21 92
26 91
51 57
7 15
89 65
81 32
61 87
31 52
87 12
70 15
89 48
18 72
4 82
89 72
42 99
71 99
99 59
47 99
76 24
69 43
59 16
36 73
55 41
86 13
61 74
12 78
44 48
37 49
37 89
72 77
10 55
9 32
98 68
60 11
15 98
38 32
92 95
27 36
68 35
78 6
48 50
9 35
96 77
3 84
97 6
37 27
26 82
47 16
36 25
1 5
68 58
94 93
36 77
74 51
31 57
48 2
85 80
26 4
37 50
21 20
98 81
46 57
30 51
47 48
5 67
96 48
84 31
49 13
75 83
51 18
26 19
22 85
11 4
73 47
25 68
8 9
62 74
50 1
54 76
97 50
2 6
73 33
90 94
89 34
46 35
20 51
88 88
30 15
46 54
