3000 74318
37 77
45 62
94 41
73 10
2 85
36 69
100 77
65 47
42 38
99 92
89 42
4 31
53 85
58 57
23 53
60 50
75 67
53 11
54 59
100 41
68 40
99 57
26 5
46 81
15 85
82 86
93 84
72 65
100 58
17 83
82 88
36 34
62 97
27 28
61 95
63 81
62 49
12 71
80 79
3 86
11 15
68 72
58 16
15 99
25 28
80 20
74 100
51 94
84 82
28 59
2 34
52 22
78 67
79 90
97 54
92 51
12 27
41 89
63 68
11 84
58 71
96 55
99 70
19 19
22 35
59 64
33 99
83 83
70 35
12 29
38 20
32 49
31 1
95 87
98 99
8 28
27 6
72 99
58 74
10 39
51 9
12 59
13 12
28 75
90 1
9 65
71 78
2 27
2 53
33 45
64 11
59 76
29 51
62 32
77 46
2 85
72 95
61 97
85 19
42 81
73 25
74 38
73 81
3 25
20 76
71 32
10 5
46 81
94 30
20 30
8 72
96 90
31 88
20 83
23 64
72 40
81 48
93 93
25 67
82 52
77 89
41 29
40 79
57 40
2 60
68 25
59 76
74 6
28 21
95 95
67 87
52 97
20 84
91 19
55 22
39 60
13 50
16 26
37 92
6 31
87 55
44 15
1 20
17 94
63 98
75 84
41 34
43 97
19 28
65 52
24 100
48 17
5 32
15 31
4 56
59 91
34 7
14 31
84 48
62 27
8 77
50 34
65 23
27 13
40 5
19 96
18 24
5 54
87 73
54 67
62 37
73 27
97 82
63 56
42 73
59 79
89 91
34 58
54 27
60 19
50 9
77 26
7 35
55 40
92 8
62 42
65 82
77 14
76 24
100 29
38 92
35 53
49 15
3 67
14 65
40 19
73 62
31 40
44 24
11 35
36 6
6 60
84 13
32 39
20 68
77 85
42 69
60 58
10 94
95 95
19 76
59 54
72 73
77 62
65 45
15 80
39 3
81 26
91 94
14 27
80 7
81 85
48 79
80 73
35 51
13 95
20 43
59 65
43 86
15 66
22 99
78 91
72 78
5 11
61 82
43 45
33 48
3 50
55 54
42 93
49 45
73 82
52 47
72 69
2 43
17 91
86 100
40 98
49 69
29 93
5 76
29 27
61 30
4 54
8 99
47 32
17 100
79 41
57 96
11 85
46 58
78 94
89 27
17 87
34 57
1 8
12 83
66 56
55 58
66 37
59 48
4 54
90 70
63 46
75 74
91 12
79 37
13 73
82 61
79 57
93 66
86 36
7 83
5 47
90 41
15 81
51 78
6 92
45 73
59 74
16 76
90 30
37 19
56 55
59 17
22 27
9 14
70 51
88 34
63 71
87 87
98 82
66 76
28 56
60 79
93 1
71 20
90 15
5 74
52 32
69 23
97 91
90 68
27 5
1 37
79 60
41 37
3 66
36 52
86 9
61 91
3 27
27 91
49 10
11 33
85 59
71 88
19 47
6 9
10 22
33 69
92 48
59 55
99 97
72 55
19 33
91 97
42 26
60 100
47 70
93 58
80 22
95 60
82 77
7 79
95 48
12 36
99 15
49 14
99 87
84 76
61 56
2 66
63 18
10 65
12 98
47 76
32 5
82 96
53 36
41 26
14 65
96 83
99 80
64 61
67 90
69 64
6 57
8 15
81 63
52 79
53 24
60 85
46 90
86 100
66 15
92 38
50 36
65 81
92 3
48 74
100 56
53 58
49 39
62 25
62 75
12 89
61 52
93 31
45 84
65 88
85 56
59 100
60 22
35 87
74 12
79 11
56 50
80 21
38 26
36 13
83 99
90 49
95 49
81 40
28 1
13 63
72 77
77 36
77 43
64 31
76 9
76 51
16 41
77 100
90 75
29 67
88 40
50 27
73 97
85 75
66 66
9 52
95 75
77 87
43 90
68 38
55 98
98 39
99 58
93 75
85 3
82 8
34 75
80 51
62 48
13 75
92 65
85 76
89 62
20 8
100 59
65 23
47 10
15 99
93 22
36 84
95 65
80 13
37 62
19 61
16 87
2 27
27 64
10 13
31 14
22 53
78 51
85 63
71 43
76 8
29 37
56 46
9 68
15 63
35 48
70 15
27 38
78 13
7 42
68 51
97 20
6 100
84 73
95 29
73 98
76 46
31 64
67 14
7 58
19 78
38 74
23 97
73 4
64 89
32 9
3 69
85 41
61 59
39 31
8 84
89 19
68 19
63 81
97 38
82 82
49 28
19 4
8 71
78 40
25 45
75 21
74 11
82 97
10 46
20 91
54 94
85 91
2 55
73 60
92 1
21 32
10 85
14 49
45 87
73 74
97 57
47 56
10 66
10 68
37 86
17 49
50 38
4 5
31 81
98 27
85 38
79 9
16 30
45 8
56 100
92 26
71 80
81 11
74 22
81 25
100 1
79 68
17 68
2 7
51 27
8 20
74 90
60 11
73 68
18 77
85 36
22 76
16 84
46 2
31 43
52 21
14 2
80 32
8 77
44 83
77 58
92 14
22 91
45 87
88 73
29 90
88 13
11 53
9 52
13 86
43 77
60 53
92 53
59 96
13 11
42 79
19 15
86 53
54 42
91 82
55 81
38 77
12 58
70 64
83 78
94 52
74 36
96 80
73 84
81 13
39 62
2 93
24 78
12 4
98 32
64 51
40 45
85 96
74 55
100 97
98 81
16 31
11 1
41 34
74 27
24 63
34 64
44 41
61 15
87 5
35 75
16 95
24 82
98 32
37 58
58 59
92 35
10 94
53 90
16 18
42 58
43 3
17 63
66 35
6 6
14 94
29 37
97 3
51 89
54 91
48 51
100 21
69 74
59 51
40 54
94 100
34 65
25 18
38 92
94 80
12 74
24 18
61 74
87 55
21 49
98 84
45 66
12 84
59 29
49 55
80 53
53 86
44 58
96 67
18 72
49 15
62 60
98 9
98 17
64 100
51 99
45 19
63 21
71 72
3 69
54 26
16 23
36 86
78 95
5 67
30 65
41 69
28 84
90 38
28 75
1 85
39 73
24 40
64 20
50 1
72 47
43 24
2 38
67 56
91 91
19 10
16 22
52 2
68 70
65 91
15 2
70 20
9 9
29 74
92 44
12 30
82 99
59 66
47 15
11 46
64 84
28 79
52 14
43 68
70 68
79 40
95 4
60 41
2 80
59 23
9 93
25 78
53 98
10 83
92 85
43 88
80 44
59 6
46 90
47 13
23 96
60 43
68 32
31 57
88 16
59 75
42 86
21 66
70 93
41 52
32 11
33 28
20 30
83 76
27 47
41 49
13 16
22 50
1 41
14 47
32 24
9 86
90 24
84 22
19 68
81 60
27 61
50 11
39 65
72 2
49 23
13 13
84 44
16 6
44 21
23 11
27 33
37 58
96 29
96 77
29 9
27 39
80 4
1 90
61 67
58 51
41 90
73 82
79 100
41 31
38 80
62 76
2 16
27 55
46 49
72 35
8 14
24 9
21 45
98 30
47 63
69 19
11 94
82 58
37 76
6 14
5 21
15 60
94 71
100 49
10 36
75 31
78 39
41 40
75 20
38 5
98 42
15 10
62 38
29 93
8 92
99 17
90 68
61 59
77 71
87 16
32 45
36 36
62 77
4 89
34 66
9 91
73 59
96 59
90 48
61 86
53 25
46 68
75 46
98 47
97 16
84 81
72 78
26 7
76 72
46 49
15 11
73 13
13 10
76 1
53 58
72 1
26 17
43 25
32 11
3 40
81 93
63 55
90 75
43 21
66 95
23 92
51 11
90 5
70 3
92 58
50 91
74 27
90 78
24 88
72 73
38 45
59 20
43 2
64 51
34 92
41 51
78 62
59 56
53 60
6 14
11 13
24 13
31 30
5 90
7 75
85 21
86 34
69 30
75 48
28 54
86 76
49 39
30 16
28 33
71 41
73 25
77 23
44 19
62 2
1 62
67 44
52 47
11 81
62 45
15 97
45 72
2 47
44 10
55 80
6 59
49 23
65 44
81 23
32 5
22 33
87 97
68 77
7 66
7 78
42 24
86 71
92 6
43 15
15 86
19 38
65 7
87 11
48 60
60 26
1 64
100 21
27 21
4 10
10 53
88 65
18 59
6 25
41 64
13 20
60 56
46 22
62 95
77 99
26 44
45 99
98 84
12 40
12 75
56 1
70 70
6 51
41 72
13 75
100 65
55 9
84 12
64 23
93 19
31 23
23 100
45 35
30 43
1 20
48 96
91 95
88 37
17 54
49 71
28 100
30 26
8 78
25 21
43 20
36 77
50 64
87 18
85 60
13 55
50 44
40 60
82 24
55 46
80 83
47 98
6 62
34 92
30 9
69 85
79 62
60 31
44 84
23 96
41 25
44 56
71 92
83 72
32 92
39 97
31 94
11 91
68 22
91 72
88 63
62 93
26 100
37 26
100 10
11 11
2 32
50 6
50 22
35 56
56 3
30 5
81 5
62 65
15 48
10 66
82 1
93 61
21 48
25 36
68 9
13 25
69 91
90 52
96 48
52 82
28 100
26 41
14 24
48 22
16 64
1 86
9 14
94 15
90 63
9 76
4 25
43 95
10 33
5 99
77 2
17 35
86 55
10 58
30 51
1 2
71 23
12 51
45 14
44 23
88 87
64 22
56 47
56 77
53 73
3 94
59 11
33 73
81 86
73 34
80 46
48 2
25 72
88 11
41 16
14 34
48 38
96 93
56 80
9 70
1 91
85 33
26 57
86 45
94 91
55 7
38 98
16 13
18 58
35 11
59 35
6 96
50 85
15 33
13 72
55 9
17 78
72 34
87 81
49 64
96 68
66 78
97 65
20 91
5 41
37 32
86 76
5 78
33 76
93 56
13 100
85 66
29 88
90 56
22 62
74 30
45 14
12 11
90 95
14 23
98 74
48 81
19 18
47 58
62 14
32 42
1 66
31 91
3 75
87 99
79 6
50 94
4 28
75 22
21 36
9 68
64 54
58 12
65 46
48 29
51 67
77 45
32 47
31 6
67 52
5 60
5 36
63 65
16 71
94 82
76 40
65 44
41 62
95 57
12 1
55 75
78 50
64 18
85 18
32 25
3 68
15 23
81 70
6 96
42 45
1 6
66 63
5 50
59 17
30 60
52 30
61 35
59 4
35 28
91 92
25 7
91 88
47 79
39 24
59 58
40 60
14 63
23 53
33 22
60 19
86 5
87 48
37 69
50 22
23 65
20 45
4 42
37 40
100 14
61 37
78 84
53 19
79 51
34 85
63 87
8 11
37 66
23 21
18 66
71 94
65 13
94 73
14 81
64 43
32 96
72 90
3 3
98 58
46 42
35 24
57 28
32 46
21 23
46 96
33 19
43 88
65 92
36 60
32 27
17 6
96 48
9 62
69 76
74 99
43 46
31 63
34 9
79 11
5 35
3 74
2 56
21 99
97 98
67 88
84 42
28 93
38 77
39 96
25 2
83 70
73 19
34 30
66 15
46 93
79 77
98 86
40 80
95 69
85 45
23 58
11 74
33 93
32 19
79 1
58 43
26 16
61 15
91 51
56 79
65 50
46 76
9 34
38 100
42 26
27 74
21 41
69 18
64 50
59 36
46 72
99 20
84 6
79 1
16 86
81 99
9 29
14 23
72 30
3 97
50 68
95 88
14 22
82 12
78 58
44 23
40 6
55 26
5 89
30 56
62 4
21 38
27 83
71 89
58 38
68 8
97 62
31 30
89 78
13 64
89 66
34 1
63 35
24 23
64 53
30 20
56 73
72 81
43 43
28 3
26 78
93 62
22 42
91 51
74 25
51 99
35 25
65 30
5 76
39 14
47 37
66 79
11 3
73 71
88 20
69 40
41 31
37 33
99 70
29 8
1 48
39 87
14 8
15 82
63 61
77 60
44 54
18 34
100 92
39 48
97 88
25 21
83 61
70 29
16 72
8 85
20 79
50 48
73 66
76 55
40 61
19 54
94 85
2 64
91 76
81 56
70 55
31 6
69 89
20 76
11 65
21 36
59 62
24 24
35 70
73 75
52 35
31 23
42 8
51 27
69 70
91 95
76 47
3 30
60 75
43 70
10 66
80 53
44 18
34 83
7 59
35 30
52 88
100 44
36 45
95 63
33 99
58 100
77 69
53 39
77 75
88 85
74 27
87 89
63 9
60 96
11 63
15 43
90 18
53 22
65 21
10 39
43 16
92 20
64 20
54 90
34 89
74 85
85 94
29 58
59 19
92 53
63 88
11 6
91 48
99 84
57 68
75 98
8 83
33 88
28 37
84 10
20 73
1 15
23 50
35 81
12 10
33 12
49 75
2 79
37 33
65 96
63 17
79 100
57 15
79 36
85 41
42 55
52 72
69 34
71 13
62 42
60 38
85 52
72 47
3 37
35 35
28 66
77 35
42 70
13 54
56 23
26 31
32 78
56 37
48 80
18 10
68 46
80 43
66 84
21 76
17 27
83 31
35 92
47 26
91 45
13 79
83 18
32 52
16 2
52 3
54 64
78 43
63 41
91 67
1 41
17 77
25 53
81 58
46 63
67 74
93 11
1 85
44 4
76 40
9 21
91 83
94 49
28 18
22 77
11 33
100 45
90 3
93 15
34 88
89 28
35 60
99 66
71 97
19 63
66 19
74 100
24 78
95 13
89 92
14 44
96 5
5 20
39 48
28 63
50 83
5 22
20 25
3 19
48 77
95 65
11 40
90 12
40 13
38 9
63 88
51 97
37 54
5 91
95 12
22 41
45 70
30 23
72 59
67 19
48 85
90 29
41 18
71 62
84 94
29 9
85 57
31 98
85 80
75 56
58 60
87 62
31 29
77 37
89 33
30 6
24 1
99 72
19 69
63 65
88 32
33 56
13 14
76 37
37 98
60 77
49 78
81 20
41 99
21 88
48 38
88 35
62 16
40 55
10 48
45 9
20 15
46 56
76 59
4 46
72 11
85 70
90 60
2 40
62 6
78 92
31 97
85 6
28 15
1 65
47 23
67 46
34 20
12 36
42 83
22 70
23 12
91 12
3 89
63 62
63 51
2 26
2 48
24 18
41 32
11 47
20 79
12 98
9 2
95 37
15 43
80 12
80 6
57 2
34 3
93 64
86 93
64 99
29 21
14 7
65 63
27 43
80 5
50 35
38 30
74 39
71 4
12 93
64 2
25 44
74 54
78 4
78 21
75 53
53 21
70 4
38 99
72 99
81 1
98 100
19 87
48 95
29 64
50 45
4 97
62 66
94 8
89 41
78 17
22 28
54 100
94 79
48 23
86 56
43 65
38 52
59 46
65 20
49 45
74 47
90 63
75 50
51 50
19 35
1 3
55 22
89 38
38 53
26 73
69 38
87 53
96 11
16 33
16 68
45 55
71 81
29 33
38 14
60 73
6 49
59 94
65 24
99 80
59 16
50 79
93 44
96 19
60 24
58 16
96 15
33 22
99 78
70 65
35 23
17 13
71 19
89 97
57 50
60 71
67 69
26 40
47 75
62 79
93 24
14 42
59 86
16 4
42 75
96 51
75 28
48 75
7 44
91 52
98 6
65 11
93 30
91 2
12 82
52 6
100 17
59 96
85 79
98 94
29 12
71 2
66 58
51 30
60 98
23 60
62 53
78 18
100 99
60 27
39 48
44 22
73 69
97 33
59 77
67 95
45 84
85 4
66 21
3 79
76 55
63 27
19 42
68 37
5 28
30 23
19 42
4 96
40 70
55 20
1 89
20 82
26 73
19 99
70 63
37 22
41 58
32 15
14 39
40 8
43 94
4 87
83 29
16 62
1 71
42 57
82 8
97 6
26 60
47 80
99 37
53 67
61 58
17 78
20 3
66 37
98 52
91 96
69 32
37 21
45 67
22 73
57 2
70 40
40 71
78 65
58 61
80 80
61 31
71 52
71 87
4 24
75 38
5 67
71 37
27 8
98 23
52 44
23 66
76 34
50 76
73 2
28 100
10 33
41 79
100 54
75 22
38 30
90 49
96 53
26 2
86 16
17 25
82 4
8 7
56 47
12 20
65 67
87 26
72 50
36 70
9 12
27 74
62 7
13 30
97 10
88 67
63 4
100 6
62 32
38 38
49 33
34 85
17 89
11 17
74 63
68 43
37 38
63 44
9 91
32 91
88 45
95 58
100 67
22 100
54 64
55 14
85 71
18 83
93 39
8 73
5 52
1 3
35 98
66 11
66 84
83 59
5 29
80 88
83 16
66 12
17 25
83 48
51 96
85 13
93 65
76 10
53 7
82 2
38 53
61 98
65 44
78 49
7 7
65 11
51 1
60 23
71 76
35 71
30 5
64 66
94 43
34 8
16 20
28 40
52 70
33 4
11 99
56 50
12 91
45 14
74 61
80 15
27 14
76 8
65 79
72 78
52 17
69 86
53 31
41 21
81 35
69 75
70 70
88 41
33 37
20 22
99 63
4 12
6 92
80 19
19 29
100 87
66 79
86 49
79 78
17 100
71 52
41 28
24 50
82 42
85 94
49 62
14 56
12 7
25 22
78 86
35 36
76 38
98 71
39 66
68 11
78 5
7 92
38 32
17 98
40 80
9 53
68 12
95 43
15 44
47 83
65 72
66 82
12 13
2 20
44 60
80 12
72 71
37 87
4 13
6 64
21 80
52 75
19 71
84 86
76 96
48 56
18 21
3 85
45 79
8 39
71 47
74 35
15 30
8 78
43 32
6 62
16 30
10 96
52 4
82 74
56 78
68 75
47 7
20 90
21 46
43 66
99 53
93 68
79 53
54 66
50 31
51 32
58 92
20 53
35 70
85 39
67 9
4 42
88 23
63 87
12 80
10 70
88 21
78 62
69 99
30 5
35 23
84 29
39 100
86 26
18 54
47 29
5 53
16 60
18 18
25 98
10 26
68 22
69 18
88 30
74 87
18 48
91 13
31 78
37 53
25 82
15 16
55 61
80 76
54 91
69 99
43 55
15 12
57 71
20 68
83 10
38 75
54 90
19 90
77 26
91 68
36 43
75 54
95 20
51 3
92 23
20 69
61 80
11 45
88 86
100 9
84 31
58 86
42 21
14 61
46 38
18 3
81 76
1 50
98 78
86 18
21 48
92 84
1 81
29 70
12 52
35 43
67 45
17 93
53 32
43 70
60 60
88 75
69 24
6 31
91 77
12 98
25 52
3 56
22 42
65 89
54 16
58 73
74 26
96 36
23 33
19 63
13 90
3 60
71 64
62 19
41 30
44 63
54 3
41 10
72 33
17 6
75 52
38 29
33 98
80 84
32 50
44 10
19 58
52 25
50 40
9 86
63 23
26 91
63 93
37 64
42 32
17 8
94 36
15 57
64 43
16 20
86 72
28 85
71 32
8 35
90 3
11 61
51 50
43 57
3 70
23 82
11 62
29 22
12 62
43 12
8 57
44 11
39 21
27 66
95 36
88 12
87 3
10 58
13 55
50 95
98 21
55 86
18 54
91 9
21 42
33 48
58 28
6 13
60 32
80 59
14 100
49 35
42 71
16 49
43 43
96 41
90 82
53 5
25 14
2 43
48 68
84 22
97 53
86 88
62 87
91 88
73 99
1 89
52 45
37 5
2 35
49 18
91 90
19 88
91 26
12 32
3 35
1 5
69 96
62 19
80 16
34 95
11 5
22 86
50 43
5 47
17 78
39 24
58 3
93 91
40 66
57 70
29 64
36 19
42 57
42 50
79 58
66 8
42 90
82 3
2 12
43 24
31 20
45 54
13 11
73 97
8 85
15 98
73 1
28 80
77 68
53 16
62 75
39 72
26 54
63 69
43 70
94 31
1 93
52 73
39 74
93 10
8 42
67 37
80 80
1 51
8 87
10 38
18 10
2 76
92 92
20 73
44 52
74 63
16 26
9 14
46 59
75 10
75 11
19 11
2 42
51 78
71 27
63 68
41 1
48 32
25 36
36 71
93 62
78 80
39 43
31 35
70 42
47 36
49 24
1 21
99 86
57 10
11 58
17 47
58 37
2 1
88 20
53 40
27 63
55 45
13 54
72 21
29 7
88 64
90 32
30 100
90 94
12 10
45 67
31 46
11 41
21 54
18 16
4 54
50 86
56 10
34 89
71 27
54 98
83 12
72 47
53 83
91 73
82 57
21 82
100 61
35 57
8 1
4 1
13 72
14 97
17 54
84 44
42 3
4 69
74 75
23 54
93 14
37 36
67 72
75 12
48 28
40 78
92 27
51 82
89 63
100 89
84 22
60 89
53 86
18 85
31 87
57 20
8 9
64 95
77 1
59 21
50 52
36 53
63 73
62 23
49 50
79 26
45 66
42 4
34 47
70 93
65 58
78 12
7 80
83 81
53 23
54 60
22 58
96 2
56 41
11 20
95 42
91 14
22 60
48 27
9 50
4 47
56 98
68 10
19 93
33 51
27 30
68 44
20 3
41 3
81 18
21 4
71 80
77 36
62 8
4 78
99 80
26 17
81 90
5 59
9 97
85 64
10 18
30 55
33 17
17 10
92 26
27 58
7 75
65 86
26 84
67 24
68 84
82 34
35 33
38 76
66 84
13 15
57 72
85 86
5 17
37 89
57 90
75 48
66 76
19 49
30 26
64 55
44 17
62 67
20 14
4 13
47 30
81 83
86 19
79 47
97 45
29 45
57 56
55 19
94 82
83 40
22 95
13 17
16 25
56 79
51 44
81 8
20 93
7 15
17 45
24 61
96 56
74 34
50 9
61 31
44 34
79 86
76 86
39 50
40 52
47 51
43 15
38 33
27 85
28 33
68 31
75 29
56 29
25 87
29 100
1 62
59 78
50 46
14 78
74 2
57 24
16 22
6 9
28 69
22 88
22 5
51 81
69 43
47 39
100 41
81 26
42 24
30 78
56 63
81 74
70 29
2 13
23 88
7 14
80 49
2 72
75 96
6 30
9 53
51 82
35 29
10 14
9 59
36 74
75 44
82 12
45 49
42 65
39 72
72 69
63 4
12 77
75 2
84 47
59 67
74 94
64 24
52 90
4 72
20 86
32 15
25 52
73 50
6 54
31 65
53 98
7 26
57 61
58 27
68 30
7 94
44 7
29 43
15 5
32 32
3 86
48 16
76 33
44 2
86 88
47 1
58 58
50 64
21 54
41 4
8 82
47 48
5 27
59 71
2 19
76 64
43 38
26 70
100 13
48 91
8 87
52 10
7 68
65 99
62 89
74 97
23 92
57 95
2 92
38 96
88 27
4 29
37 64
63 59
99 83
75 51
62 11
8 40
24 66
82 17
1 95
83 99
28 64
57 73
93 69
29 34
32 36
35 58
54 55
31 100
35 49
62 41
35 9
41 68
78 91
48 49
14 17
100 35
56 44
15 8
89 30
44 22
70 88
78 45
58 32
20 22
52 95
19 94
27 61
27 12
1 10
27 7
61 10
80 73
83 79
53 31
61 6
66 14
40 40
66 61
49 13
26 88
79 53
35 74
66 8
56 44
34 74
79 24
56 30
89 69
45 83
96 11
32 90
66 22
73 56
42 73
85 44
76 2
60 67
11 56
2 14
12 76
90 63
14 75
92 49
24 41
19 57
52 6
42 7
58 97
17 18
90 71
83 36
96 23
76 96
100 43
3 18
9 70
30 18
10 47
97 38
74 100
6 57
81 80
91 74
30 12
74 52
75 17
6 14
33 18
37 72
59 79
45 46
26 34
73 53
88 46
2 27
91 10
39 51
43 33
100 58
7 21
84 3
34 93
2 43
59 51
33 36
57 60
67 20
14 5
66 6
15 9
87 5
71 62
47 88
77 30
1 74
20 92
3 46
58 87
5 61
39 69
16 17
49 6
17 55
88 69
36 51
18 81
30 30
26 54
60 13
29 87
84 74
43 67
62 80
38 16
1 17
46 67
94 27
19 88
59 71
59 32
85 49
97 27
82 45
32 36
25 56
82 70
3 79
27 53
39 8
7 40
18 22
6 24
7 45
34 76
46 93
94 96
51 8
75 74
71 49
62 20
4 61
55 74
4 38
17 92
92 41
56 7
63 58
85 67
26 46
73 28
43 50
10 94
70 7
76 94
93 82
46 62
9 64
96 60
73 67
99 23
54 99
90 88
5 47
61 44
75 15
50 39
6 91
25 22
24 12
77 91
86 93
79 24
31 64
41 82
96 15
22 4
96 88
58 72
58 70
21 86
82 52
52 71
82 79
51 58
28 64
75 60
97 71
36 79
22 72
21 37
35 54
27 70
62 76
39 100
39 65
36 42
40 90
45 55
12 15
63 53
21 45
97 59
42 77
3 8
37 41
37 43
76 63
84 80
46 15
85 32
56 65
27 18
36 54
37 96
30 27
63 70
63 7
78 49
51 48
84 78
98 86
85 53
63 48
11 13
75 52
1 12
46 55
14 41
45 19
57 21
28 94
17 63
5 80
69 22
71 23
93 20
57 64
98 85
76 51
54 30
82 69
31 16
33 47
18 22
19 63
14 25
32 91
82 69
91 74
82 91
17 47
40 11
18 43
79 94
2 23
44 47
80 57
47 29
57 87
76 27
55 50
37 32
45 90
59 29
57 53
67 64
3 100
14 69
65 100
78 50
19 98
46 20
60 17
3 97
15 94
78 79
16 21
47 84
59 48
58 46
80 26
28 94
97 56
98 21
6 39
50 79
93 67
37 47
96 59
50 5
65 74
2 60
38 37
61 15
12 88
94 41
27 78
14 39
59 9
43 29
43 89
78 7
41 49
2 5
32 55
55 42
80 84
48 27
1 77
90 31
5 73
33 55
17 76
54 28
30 75
75 14
3 58
22 93
63 60
51 17
23 97
79 85
4 28
12 85
91 99
16 16
6 26
70 28
81 54
16 86
12 57
24 94
45 44
52 57
25 99
77 98
7 50
56 34
24 25
59 26
46 64
80 97
91 80
14 91
33 76
72 6
40 4
88 34
46 98
55 15
90 2
20 47
85 100
93 29
32 31
76 50
8 96
89 8
45 78
89 2
4 94
8 86
64 95
49 37
60 42
88 93
25 35
18 91
44 26
48 11
28 68
41 41
27 7
71 48
6 31
12 34
42 5
98 86
51 67
39 3
52 53
40 20
59 1
36 4
32 1
42 31
63 53
92 96
30 39
7 82
32 49
33 32
15 67
95 44
81 68
26 8
82 88
57 54
95 50
77 66
4 64
74 18
69 58
83 22
44 17
27 41
46 56
38 21
24 26
96 74
76 75
27 30
35 94
86 75
14 33
66 46
27 6
77 38
9 41
8 96
83 19
40 90
41 79
49 86
34 85
73 46
26 45
68 72
30 52
20 47
44 89
85 67
46 64
65 47
19 89
89 32
91 87
64 96
26 52
66 64
11 69
54 79
92 94
45 14
91 53
5 26
63 59
70 10
81 15
71 52
77 5
16 34
63 41
69 83
16 19
96 77
42 81
42 15
63 100
23 84
13 61
59 89
7 50
58 24
75 87
78 90
99 7
65 25
41 85
76 59
30 88
52 54
81 37
21 33
48 67
72 41
