3000 75634
57 87
15 89
3 67
54 99
3 2
49 8
6 91
9 87
31 26
12 18
88 1
39 22
44 19
57 99
13 5
42 13
94 59
35 10
81 2
51 10
95 27
91 90
93 29
81 34
92 49
92 75
67 21
92 45
17 1
99 21
90 49
73 39
65 61
92 67
26 38
20 62
40 26
31 80
28 100
70 52
94 97
67 100
60 25
38 67
24 98
72 29
31 80
69 9
58 91
12 33
72 70
53 17
54 22
64 98
85 3
97 23
55 73
4 75
41 67
71 25
54 95
30 68
43 64
19 55
73 34
20 53
38 69
65 60
2 32
17 68
86 63
96 28
83 20
46 87
85 95
58 69
69 15
15 26
79 77
27 5
78 10
50 98
31 74
31 84
13 96
67 28
28 6
20 20
70 2
68 72
42 96
24 49
49 39
85 59
94 3
21 73
56 63
83 23
37 32
10 46
99 43
23 94
57 26
33 62
68 32
41 72
91 30
88 98
7 49
21 59
14 55
85 58
70 56
96 28
15 41
34 3
63 7
94 46
5 22
32 8
13 18
47 18
7 56
61 8
83 28
100 11
34 80
38 43
82 85
70 63
47 88
80 27
44 8
3 13
65 40
63 39
95 36
55 22
51 37
2 84
27 80
16 91
86 42
48 87
12 70
52 82
81 90
74 76
98 80
38 63
57 35
10 97
84 32
64 43
23 4
66 12
15 5
56 36
55 54
97 89
77 98
54 93
28 16
21 58
8 58
92 7
83 96
3 93
98 28
33 84
56 29
24 7
49 26
41 70
71 94
12 47
44 3
4 35
37 22
93 82
41 49
93 9
3 30
24 81
8 51
77 34
41 44
23 55
84 21
95 49
19 43
60 70
48 41
98 10
32 27
8 50
90 17
15 75
10 95
87 44
99 10
65 23
11 3
99 36
57 44
33 48
10 82
52 46
36 82
46 56
45 28
76 82
91 64
99 9
51 62
50 14
75 42
91 57
72 20
58 14
86 5
42 62
69 84
85 98
40 24
1 62
92 99
81 40
67 36
53 93
67 35
65 46
17 67
29 37
16 81
25 10
62 36
25 14
77 8
49 69
23 69
73 87
25 51
65 84
71 95
75 64
14 97
97 89
18 21
38 68
54 2
55 25
31 82
74 37
39 74
22 5
74 99
83 73
2 96
92 34
87 17
21 30
9 31
4 84
1 19
24 63
80 45
14 54
48 77
8 4
63 23
22 97
80 90
39 73
86 81
50 37
65 36
52 29
46 25
82 8
41 97
51 78
36 85
71 78
25 67
27 58
93 34
50 65
61 82
46 29
42 50
47 99
18 10
50 81
2 34
19 28
25 95
82 78
84 82
24 71
41 34
98 56
46 20
21 23
36 80
83 100
22 11
1 67
86 80
20 87
34 75
26 76
22 17
22 59
49 5
46 83
100 68
41 38
48 47
60 50
38 66
41 48
58 100
56 76
42 80
60 33
26 55
66 75
93 62
61 88
89 97
33 95
59 43
86 16
5 70
94 74
69 67
27 32
46 41
54 47
46 19
32 67
32 74
19 35
53 25
80 79
65 17
4 44
72 68
64 15
15 45
61 34
56 14
72 44
68 61
97 94
83 28
93 67
14 20
27 90
6 55
2 16
12 36
64 49
88 84
16 57
57 23
8 50
94 89
55 63
13 48
91 7
38 29
44 74
10 41
42 5
75 52
26 9
45 100
46 71
89 75
59 45
7 56
44 88
82 40
26 68
92 33
17 68
19 35
5 52
43 9
24 89
6 68
54 44
39 37
45 3
22 1
47 11
52 4
15 89
1 25
65 4
6 47
90 5
60 77
15 39
31 61
35 80
40 47
75 61
32 50
28 73
85 57
90 6
23 60
67 96
16 73
14 93
35 15
86 7
70 96
77 23
61 47
75 15
83 19
99 36
20 17
4 71
45 46
23 21
18 11
98 23
39 24
23 57
87 27
51 52
89 47
70 88
37 31
28 93
44 100
68 80
7 17
81 56
10 37
81 76
99 3
77 10
46 20
33 70
62 68
15 68
9 44
74 15
90 82
43 62
24 2
61 99
46 84
20 99
35 71
16 94
69 21
74 46
38 2
8 48
76 97
27 48
77 87
12 79
6 92
20 86
79 58
65 8
100 41
40 95
45 36
98 95
16 56
91 7
82 64
29 75
5 74
91 8
54 89
94 56
85 21
77 42
6 6
31 57
97 41
41 28
46 50
65 61
66 25
35 4
72 60
41 73
13 3
48 46
52 51
71 95
20 83
82 8
35 54
71 75
74 54
79 89
21 70
41 61
69 96
2 85
70 36
74 21
44 44
23 76
19 76
29 17
52 18
77 33
59 73
48 58
69 12
56 74
64 70
86 36
42 77
88 30
26 8
55 80
35 27
29 58
77 26
6 10
62 18
11 79
77 84
35 23
89 68
97 53
28 84
10 15
98 90
97 19
83 35
42 33
71 94
53 63
70 49
74 11
29 47
80 21
73 20
49 59
87 47
37 90
34 46
28 23
24 19
59 6
34 54
10 97
39 15
10 79
16 6
53 84
72 58
44 90
87 7
61 77
40 94
66 90
70 43
89 83
62 60
4 77
82 68
85 5
8 91
3 16
10 68
37 38
34 89
83 87
85 48
20 35
19 28
19 45
100 9
94 98
29 50
85 63
55 95
20 17
47 93
22 100
72 100
18 50
65 89
10 6
30 78
56 35
76 47
51 20
97 17
89 6
54 49
78 84
25 63
62 39
81 52
35 30
50 28
14 92
17 68
86 27
86 26
87 96
56 24
37 86
32 93
37 73
21 48
38 87
56 89
19 41
60 39
79 41
37 42
76 27
88 46
18 20
84 13
63 93
69 91
80 30
4 50
74 39
9 65
28 12
35 30
89 68
62 41
36 9
55 59
30 61
74 88
40 36
68 56
29 11
76 22
99 48
65 35
48 21
37 87
72 24
67 61
48 25
50 16
55 55
75 3
90 61
72 26
58 16
52 5
92 16
89 97
55 55
66 7
98 13
35 18
52 88
86 81
48 11
88 48
92 91
78 71
61 35
83 79
45 26
41 45
58 100
96 25
58 80
58 20
84 63
29 55
24 33
83 87
31 70
30 39
57 42
20 82
53 64
15 57
23 87
45 31
3 5
30 93
10 89
100 17
64 10
13 76
38 49
11 72
52 24
81 40
88 42
64 10
64 70
85 19
5 55
73 69
32 96
62 86
30 40
15 58
42 40
5 24
97 97
24 61
34 62
5 38
43 42
87 25
19 46
18 80
31 8
74 50
47 72
92 96
25 66
10 34
56 24
14 67
20 5
8 47
95 58
60 99
71 56
58 27
96 17
27 62
30 95
27 64
40 47
60 86
93 74
82 38
16 10
41 70
57 50
50 23
45 7
100 92
88 100
16 4
69 71
70 7
89 53
15 95
13 54
13 70
24 28
68 77
79 36
95 32
75 23
73 93
6 30
98 31
30 19
1 99
24 44
11 65
79 14
64 43
22 3
71 87
97 80
38 12
63 56
53 82
39 86
8 14
4 73
26 85
23 69
72 95
95 43
63 21
86 89
7 97
75 91
61 68
74 73
5 26
56 100
1 48
77 19
13 81
98 78
58 89
14 31
21 73
21 54
44 45
36 15
42 56
15 31
32 47
31 19
29 39
85 28
69 56
36 4
88 100
46 41
10 73
12 46
40 83
72 93
97 87
98 31
99 35
58 54
24 4
3 61
65 5
76 51
32 31
77 86
73 80
89 19
42 16
45 52
9 24
86 12
33 19
3 31
52 95
64 65
33 1
80 33
48 92
54 57
68 88
88 43
99 49
77 12
99 88
91 83
1 57
47 26
40 14
99 91
56 32
63 69
53 3
20 36
38 19
84 33
49 73
62 50
25 4
90 41
59 53
33 79
27 52
91 71
35 10
78 46
54 35
20 62
10 30
54 26
73 18
77 18
93 68
23 66
5 81
43 8
13 1
5 37
89 33
53 14
55 28
45 64
67 82
60 30
16 52
57 52
43 15
16 24
18 53
67 18
58 64
76 5
52 96
84 68
66 28
38 57
14 65
72 14
9 19
23 95
25 40
81 88
99 64
69 59
56 6
3 44
11 18
20 6
60 81
51 51
72 71
14 8
47 66
91 4
73 89
63 69
47 7
68 3
30 93
64 59
86 20
87 8
92 15
37 68
71 27
9 42
27 76
84 92
80 8
35 46
58 86
56 47
68 86
56 1
76 57
23 91
10 96
86 75
42 48
69 76
37 77
66 18
83 35
83 94
56 73
7 24
97 63
54 79
74 78
27 7
69 37
60 50
13 14
60 3
48 69
35 93
21 97
74 44
70 84
52 4
9 42
27 21
60 2
28 27
34 21
35 58
50 17
44 16
21 84
91 16
12 44
9 60
8 85
46 30
43 6
15 57
53 5
40 68
68 35
78 83
18 74
37 23
37 32
82 39
48 25
37 100
17 31
68 73
10 95
38 66
72 76
70 36
65 86
31 77
97 62
50 58
65 87
98 30
93 74
37 70
41 97
57 69
97 82
48 81
54 98
40 87
63 37
6 3
31 6
82 23
36 37
48 31
18 97
24 68
29 21
66 74
60 19
97 4
85 46
22 65
35 69
56 74
91 1
51 55
38 50
40 14
100 12
55 88
89 96
45 37
91 10
29 92
1 57
40 43
29 25
54 55
79 81
43 61
12 9
9 86
24 36
99 45
56 68
42 32
22 64
84 88
59 5
82 34
33 43
95 3
3 98
67 12
3 76
45 50
17 18
40 77
36 16
68 81
94 65
77 11
12 70
37 26
5 54
64 26
76 68
85 78
70 32
6 100
27 91
33 40
14 37
51 26
31 36
21 4
44 9
52 99
56 43
54 66
85 32
88 86
48 68
87 30
54 97
2 95
84 31
22 66
42 71
71 46
90 46
87 87
47 56
53 15
75 12
4 10
17 41
2 31
88 39
86 24
7 30
67 29
18 64
72 18
17 6
48 99
92 21
60 67
51 50
100 16
13 32
36 81
87 1
12 51
74 62
93 49
14 45
9 93
14 14
7 67
80 38
55 11
45 54
78 46
8 26
20 17
81 7
76 18
73 100
21 45
61 41
80 81
87 26
30 56
51 99
55 83
77 7
95 71
66 49
79 56
94 86
30 32
66 88
32 86
41 82
40 2
24 86
6 78
48 94
90 51
12 97
79 83
96 62
57 50
9 28
3 39
28 18
89 34
78 56
100 17
61 31
90 48
79 98
47 56
19 56
82 48
1 38
47 62
28 18
18 39
26 69
73 4
47 70
91 56
4 41
88 4
82 57
80 27
93 81
82 2
21 77
57 29
12 85
16 90
13 30
20 12
71 28
92 48
61 98
100 83
91 16
21 80
90 83
22 65
20 35
60 38
55 12
72 24
7 99
34 30
90 62
84 67
6 85
36 84
26 74
61 25
75 87
8 31
92 3
20 19
41 84
12 80
76 48
52 68
80 69
40 77
72 32
50 49
31 76
32 81
49 31
21 92
4 60
90 65
94 56
23 94
50 2
48 68
95 69
56 52
81 49
36 83
91 70
38 33
71 66
16 96
51 9
46 52
23 78
42 12
65 22
63 61
6 43
92 69
67 29
85 63
31 98
38 12
34 11
61 73
21 92
34 94
33 64
24 51
24 58
27 72
47 96
73 12
26 91
93 64
80 15
7 39
80 98
70 85
96 23
50 63
37 80
46 31
47 66
60 9
40 42
63 88
74 69
45 84
54 8
40 97
81 47
36 5
29 8
14 57
96 30
49 99
99 2
81 93
25 1
74 60
7 64
23 96
46 71
32 54
15 60
77 85
90 44
94 57
98 21
86 66
95 72
35 52
83 49
94 37
46 60
22 42
8 76
71 81
18 26
62 84
63 29
98 24
49 40
91 37
63 32
45 69
92 87
14 34
25 14
16 40
87 45
83 29
90 35
85 67
14 83
56 46
61 3
56 78
1 55
11 76
93 96
95 26
97 27
75 44
40 14
94 39
49 85
48 42
64 19
66 62
61 77
78 47
16 37
9 16
69 35
30 21
5 37
12 74
43 54
81 50
79 13
30 50
63 78
68 99
14 16
29 12
23 45
26 18
84 42
23 99
36 93
28 37
69 24
84 72
2 32
9 89
77 62
2 68
56 30
41 80
20 30
16 6
18 78
35 18
76 74
38 13
16 38
81 10
1 38
59 43
61 11
79 2
40 92
76 40
98 100
53 7
4 4
20 44
30 77
39 45
94 42
18 21
66 33
63 17
1 44
19 64
71 58
78 5
21 31
78 87
70 84
40 12
45 45
39 14
26 30
20 18
29 78
41 67
52 79
29 15
51 10
65 89
60 68
90 53
40 80
57 67
42 12
95 83
29 11
72 88
85 27
22 4
89 60
2 59
84 73
41 4
20 74
6 30
18 8
92 5
35 68
39 44
83 68
31 64
78 57
8 97
3 81
6 34
1 16
54 59
86 100
51 77
18 99
45 67
93 29
57 79
2 33
34 40
3 61
82 95
57 79
87 40
3 51
97 39
88 50
39 23
90 94
60 24
96 4
7 1
3 80
31 23
46 44
86 99
13 87
75 52
45 48
15 19
32 85
97 63
69 30
17 36
100 91
86 28
62 2
92 71
95 58
15 87
77 63
49 71
96 33
86 93
36 10
98 83
34 83
75 11
88 57
23 76
86 86
84 12
30 77
89 17
66 35
27 72
26 16
78 73
53 24
22 63
93 43
84 60
19 77
61 72
100 96
70 67
98 52
13 49
61 89
44 9
27 87
89 51
93 79
74 20
74 44
80 40
24 2
8 26
54 3
11 11
30 2
92 88
94 22
11 30
80 5
11 8
89 53
57 72
89 32
93 76
78 34
33 75
76 88
48 62
45 46
28 35
17 80
94 97
40 83
29 68
38 58
19 70
18 19
82 36
92 41
91 14
61 28
15 42
50 91
66 30
26 52
32 92
57 17
71 26
42 73
88 73
82 33
83 26
96 96
22 65
75 53
74 29
6 39
3 40
73 42
50 36
30 74
42 21
43 33
21 9
70 89
32 42
39 30
87 59
13 77
31 70
30 72
25 56
97 63
79 62
43 85
74 67
10 6
99 54
45 92
4 30
39 78
78 24
38 55
34 74
51 88
64 60
59 54
56 78
66 99
84 96
5 14
47 25
25 16
99 98
68 85
94 56
31 39
58 14
33 14
95 67
88 35
62 37
20 23
37 97
40 51
62 59
10 63
2 8
12 12
6 54
57 37
2 42
83 30
94 44
88 15
85 17
57 3
98 68
40 47
75 53
81 15
96 60
21 29
57 31
47 9
40 13
3 38
77 47
98 78
35 52
23 13
37 12
96 40
94 87
73 61
87 42
55 46
83 75
40 49
19 9
88 81
96 38
72 50
23 10
89 33
59 64
59 78
98 35
9 84
99 24
24 39
41 98
46 35
44 68
98 80
92 43
84 80
100 18
20 89
81 10
86 21
43 54
17 73
81 60
36 40
42 33
19 2
43 37
76 60
59 2
13 46
15 40
6 39
84 47
37 49
47 71
95 63
96 26
44 57
3 46
46 2
67 96
43 95
43 36
62 15
92 27
35 79
97 46
43 44
6 67
29 55
28 64
48 72
46 28
60 75
36 64
39 12
31 76
30 100
14 71
41 30
42 97
28 10
46 20
77 44
17 10
92 43
71 58
64 88
87 51
25 55
9 89
53 46
20 49
3 76
67 12
11 75
89 54
63 58
6 70
95 73
92 12
85 33
94 44
89 91
45 8
29 7
79 3
27 35
10 59
92 25
67 16
51 7
19 87
12 36
80 50
35 96
4 30
50 59
98 35
90 80
27 13
58 23
95 78
46 14
61 99
13 89
8 88
49 4
27 46
13 10
95 76
70 10
98 94
89 72
10 100
94 53
69 30
88 2
20 40
79 40
79 79
38 55
81 47
50 65
49 42
60 48
84 60
4 71
62 7
34 95
46 51
88 19
91 69
92 28
33 32
3 19
4 16
40 72
4 23
82 14
5 81
98 50
52 23
2 74
38 73
61 22
47 27
7 3
49 76
18 66
85 42
79 54
55 72
17 40
28 18
55 14
77 88
12 77
59 84
38 94
97 23
56 86
25 12
39 44
47 13
9 44
42 62
2 81
48 67
97 36
83 94
52 47
94 86
86 16
5 72
84 58
47 89
3 50
90 12
47 64
20 15
26 6
25 17
74 39
42 45
53 86
81 52
70 32
16 63
91 87
7 25
12 37
46 73
83 89
50 80
44 37
91 84
91 94
97 17
91 50
39 29
31 62
94 48
85 66
17 77
51 71
68 76
63 66
53 21
57 87
61 81
73 87
34 44
85 98
98 25
75 41
89 83
78 76
97 72
4 97
68 63
3 49
15 86
65 87
38 89
65 65
8 23
80 72
7 58
4 40
70 73
46 39
35 1
16 20
30 4
51 30
66 90
49 79
65 47
18 62
5 66
77 27
42 49
38 61
61 76
40 73
64 1
50 11
69 1
60 25
53 7
89 15
15 73
20 44
53 1
52 13
36 61
61 23
83 84
42 18
16 62
5 8
39 8
2 15
20 27
20 12
4 96
37 68
68 90
20 42
54 30
24 7
96 68
48 30
13 68
9 96
39 2
77 68
58 6
7 54
88 92
62 64
47 68
2 16
33 8
100 68
5 28
68 68
12 91
40 63
62 37
79 4
44 70
52 45
81 70
63 48
72 8
84 65
99 68
91 97
56 6
4 49
15 4
51 26
3 78
27 23
59 21
41 31
55 42
68 78
100 85
43 86
82 41
46 52
96 1
14 100
97 20
53 81
82 67
8 62
92 95
95 56
87 17
35 65
46 52
19 87
49 64
69 59
2 51
99 31
60 55
57 9
2 79
74 10
60 86
57 8
52 84
18 58
97 39
59 26
38 35
48 23
53 11
19 75
94 26
48 63
32 75
90 45
52 95
65 93
50 58
95 90
59 100
36 75
81 6
57 51
54 13
29 21
25 9
7 63
27 52
84 16
16 23
81 82
9 77
75 60
37 90
13 13
44 17
85 28
71 38
81 51
33 2
23 100
51 78
78 27
22 14
83 4
19 24
74 9
99 48
68 33
68 50
58 48
55 7
49 55
66 98
8 19
29 75
90 59
67 34
56 78
74 26
34 8
88 12
82 2
8 68
76 1
94 14
3 84
12 80
64 3
36 87
96 33
38 54
86 64
73 59
60 68
20 19
44 34
33 28
19 66
11 67
52 77
28 13
66 25
100 83
93 63
25 44
29 57
82 21
43 29
36 87
55 98
76 36
75 98
89 51
35 55
2 50
34 17
38 91
13 81
50 71
25 77
9 13
87 25
10 92
33 23
46 92
30 10
76 57
30 19
100 27
87 75
82 47
27 40
4 99
33 29
71 54
80 94
13 37
52 26
23 22
100 23
59 23
98 10
26 72
99 73
33 16
27 21
32 41
22 6
40 1
33 12
46 34
100 13
72 36
55 25
32 36
69 79
36 86
60 44
99 49
35 13
98 18
32 95
13 4
53 68
16 23
83 57
32 62
29 59
87 82
54 35
80 34
45 56
4 96
6 5
95 80
88 12
32 26
78 21
9 17
23 78
11 32
54 3
74 91
82 19
60 27
58 78
50 97
48 65
17 73
100 45
34 29
66 42
31 39
47 32
18 9
99 13
81 40
49 70
27 23
67 73
55 57
58 56
63 28
10 52
63 61
57 7
97 63
47 38
35 79
5 32
21 15
97 62
10 34
95 57
30 80
21 12
52 86
31 76
20 76
20 10
31 72
54 4
85 51
13 62
52 87
2 60
11 74
32 26
2 81
89 97
51 98
56 37
47 4
13 77
17 41
61 16
22 36
13 55
7 53
8 14
69 86
28 20
56 76
30 71
74 28
85 7
51 83
77 66
15 35
70 10
96 75
97 6
75 66
32 26
62 68
26 52
85 37
24 93
10 30
86 69
65 41
60 79
94 58
63 45
24 56
10 98
23 60
45 91
23 52
82 65
4 56
43 90
61 36
59 83
73 12
34 63
43 90
75 46
10 28
10 24
44 56
57 3
58 81
71 73
40 80
71 48
96 76
24 68
95 93
5 5
61 36
11 85
64 84
54 45
73 81
40 91
16 42
95 93
84 33
90 46
76 57
88 88
32 87
88 92
98 23
4 98
21 6
41 12
78 44
82 34
2 87
74 99
90 88
59 67
44 23
29 19
30 67
91 98
52 86
76 59
96 55
13 73
86 95
11 38
18 18
58 76
50 80
33 11
4 68
86 12
22 56
32 76
25 51
6 42
19 67
22 25
61 92
92 24
14 88
91 35
73 9
15 74
64 85
15 96
26 41
59 7
43 66
7 59
49 4
47 3
34 17
96 58
11 76
19 63
7 47
28 45
28 38
8 78
13 55
83 5
93 41
86 63
14 80
17 92
91 56
85 98
91 68
52 47
76 22
4 56
94 81
48 82
71 29
57 17
14 78
48 21
67 23
57 95
6 79
67 79
3 98
39 47
63 88
13 25
9 10
21 87
92 69
88 47
28 64
4 75
70 4
21 5
42 37
36 35
89 48
32 45
20 85
79 15
35 91
95 58
35 70
28 24
94 39
57 51
36 40
8 68
56 71
2 63
16 63
61 50
69 93
18 12
51 48
83 80
82 36
11 57
3 66
25 56
98 56
30 30
81 30
19 11
2 86
22 19
54 45
43 33
5 63
25 81
73 47
92 53
71 38
7 69
19 28
65 29
15 19
7 68
24 96
70 41
60 82
39 10
82 42
80 74
8 21
32 90
62 53
41 8
42 98
64 71
65 15
91 53
46 52
45 45
62 63
47 37
18 15
67 60
89 69
23 77
92 92
14 67
14 81
62 30
20 87
84 9
78 10
87 5
90 28
1 5
56 98
2 9
39 67
38 39
81 82
46 39
21 28
95 86
86 47
15 26
10 56
3 61
5 30
55 7
47 57
66 45
54 95
65 71
33 4
94 63
39 99
76 95
7 82
52 80
37 76
79 68
87 40
15 85
65 25
77 67
67 42
72 22
78 27
6 8
61 60
10 8
3 46
82 40
4 45
41 44
96 65
14 53
43 57
52 46
20 11
41 13
18 90
73 6
57 36
2 45
67 20
95 34
77 92
25 1
98 65
65 67
3 69
85 4
79 4
19 93
13 22
46 97
91 66
42 48
3 56
3 25
3 55
57 53
84 64
7 52
97 49
31 80
72 4
91 5
83 26
91 66
32 69
52 15
16 71
40 56
53 60
82 43
35 90
81 51
58 43
84 54
45 69
13 63
20 10
76 24
31 7
32 31
73 72
73 72
25 79
75 27
76 97
28 85
83 80
11 12
86 88
80 28
42 92
57 43
22 84
76 69
47 9
53 52
79 83
62 31
45 8
31 94
95 73
31 49
63 96
5 68
14 54
7 17
17 30
34 63
82 92
47 89
17 46
54 64
72 60
94 76
80 42
47 8
21 60
63 21
9 20
6 48
94 100
2 63
14 90
15 83
77 31
60 50
20 87
55 65
74 81
64 46
37 11
20 5
94 46
99 58
24 72
59 99
58 74
92 54
44 14
39 18
39 42
13 11
45 81
62 53
6 86
76 22
8 61
26 97
38 95
68 80
83 44
83 46
70 94
96 86
50 81
98 76
7 87
69 67
5 40
32 19
84 64
41 2
4 24
77 61
92 60
27 47
87 59
49 33
19 52
31 24
39 2
9 93
43 86
35 82
70 98
48 71
11 56
29 58
25 68
100 2
48 89
59 63
83 47
17 82
54 100
32 79
15 57
12 39
52 45
71 48
44 57
35 60
63 50
47 32
63 20
54 9
25 31
49 31
54 93
95 82
31 6
45 95
55 27
73 92
79 28
76 24
72 14
89 35
56 81
96 81
89 36
4 21
54 96
23 35
72 2
59 47
54 13
38 10
23 85
57 10
8 9
18 42
43 21
71 58
16 25
5 93
76 18
92 55
5 23
82 63
87 37
36 80
26 57
93 15
60 71
56 36
69 38
32 85
45 23
76 70
79 17
85 58
31 90
85 64
7 44
3 43
95 11
12 9
40 4
17 95
20 70
100 12
34 88
62 90
22 22
1 13
18 82
97 39
93 67
74 56
78 1
31 55
61 36
55 9
23 69
21 58
11 97
43 6
4 94
7 19
71 27
82 11
43 28
1 68
66 74
1 72
3 10
61 36
64 32
95 13
29 31
83 1
46 25
15 18
96 42
67 46
15 82
13 76
63 36
59 49
38 31
93 89
89 3
99 18
99 97
64 24
19 76
61 93
58 81
74 69
19 63
28 8
55 31
61 91
81 75
73 57
13 14
35 37
85 92
76 45
81 49
65 74
10 97
26 25
79 44
5 90
92 22
46 25
69 65
7 10
4 25
7 48
51 98
45 28
5 17
49 46
60 51
75 92
62 91
69 83
48 13
80 53
97 90
54 95
93 43
29 17
78 51
57 8
63 53
62 95
33 4
44 53
79 68
94 52
21 30
57 11
51 42
13 3
54 88
19 58
71 12
58 12
25 5
21 61
54 39
81 22
21 7
65 41
7 65
82 97
33 76
6 29
14 1
81 65
12 24
58 96
9 33
89 26
14 3
72 85
3 20
98 7
67 90
81 88
92 58
87 71
89 50
42 51
51 73
43 37
12 9
21 37
52 49
89 65
41 49
57 39
69 38
14 55
21 32
28 55
95 3
53 59
33 83
60 4
34 23
96 6
17 51
42 8
85 32
31 53
65 44
39 3
80 11
83 33
71 42
23 21
22 55
59 92
64 71
72 80
1 80
28 31
93 16
4 80
16 96
85 16
60 71
36 85
98 71
80 54
63 39
45 25
33 12
48 22
56 80
18 86
43 79
73 30
11 93
79 62
55 35
28 37
69 65
34 45
10 21
39 6
9 65
31 76
98 49
72 88
3 55
50 81
51 18
47 22
54 12
66 65
83 37
13 34
2 50
33 59
93 87
16 40
77 36
77 50
15 13
32 15
94 88
10 92
56 97
4 80
88 5
62 31
31 68
57 69
48 27
93 41
47 27
56 44
23 68
44 27
79 83
77 74
94 59
30 52
23 47
47 71
95 17
58 35
11 4
48 18
90 46
3 43
16 9
18 81
79 44
30 22
1 47
24 31
39 13
57 43
80 63
79 17
70 25
10 30
87 38
17 52
2 22
33 16
72 47
77 89
29 42
51 29
53 62
22 53
80 80
28 60
20 75
26 48
85 95
30 78
26 65
26 40
85 72
41 26
43 20
63 16
70 47
43 66
39 46
61 59
51 61
18 60
91 27
21 85
27 42
29 16
37 88
81 63
13 31
9 34
9 4
41 25
11 14
13 65
62 77
42 94
40 77
33 51
19 41
76 71
63 80
44 58
1 10
47 4
84 83
95 81
61 19
6 29
38 98
99 16
66 39
88 58
68 76
8 17
8 95
47 69
36 33
45 34
27 31
48 63
5 20
