2000 48057
73 27
71 31
9 2
60 78
79 1
37 85
21 91
15 52
54 18
85 59
2 1176
48 26
34 5
48 18
83 83
69 64
64 84
67 1
54 27
33 48
78 83
81 27
82 12
2 63
96 1
28 82
27 17
90 61
29 40
40 15
12 5
2 18
10 97
72 6
13 95
89 50
60 90
85 85
55 53
13 60
13 1774
95 30
12 37
2 100
11 1957
94 71
22 63
10 82
3 1252
28 90
43 81
89 5
8 68
76 45
43 68
55 20
3 26
69 84
45 80
84 17
8 50
8 84
37 35
17 46
80 42
49 81
57 95
39 83
33 18
12 47
52 94
53 13
58 29
63 82
7 12
52 27
9 53
80 26
14 61
20 23
7 67
8 41
9 80
14 35
83 85
3 924
69 54
37 62
19 82
65 86
6 1317
78 83
72 21
8 65
94 80
51 62
56 45
51 27
42 97
40 62
14 25
45 42
93 74
71 53
7 24
51 37
75 32
67 76
30 15
40 44
87 50
37 81
47 84
47 29
2 67
81 21
49 75
70 73
69 34
19 8
86 58
12 1054
96 90
58 30
48 28
41 70
60 92
4 73
91 96
1 40
95 86
56 20
97 81
39 12
79 25
4 4
89 48
53 8
22 31
71 14
44 51
8 81
7 95
90 86
6 9
60 13
22 58
54 84
30 85
90 92
72 43
67 94
30 55
67 33
76 24
30 83
8 54
88 67
85 55
50 1
40 58
79 92
58 20
37 90
18 3
36 96
92 46
58 3
40 3
13 76
28 16
83 53
73 56
86 62
24 91
78 65
46 75
45 48
84 100
27 11
34 39
55 42
93 57
1 954
74 26
69 32
45 28
33 79
8 50
29 82
34 79
47 7
9 1142
91 51
83 96
76 28
26 46
74 93
34 30
17 1
39 69
13 45
99 5
11 24
99 59
74 95
40 40
96 85
18 95
23 91
22 47
4 33
78 33
66 3
19 78
3 10
34 86
63 5
35 89
13 1570
91 38
68 19
15 754
49 63
11 21
74 41
77 42
88 19
48 33
62 71
5 19
86 1
74 67
55 75
48 77
24 25
29 70
39 68
19 9
98 16
62 59
40 8
3 1286
4 1736
6 10
19 78
93 52
91 96
81 82
79 92
84 82
23 72
98 63
75 75
24 86
8 83
48 15
100 27
96 1
95 99
61 97
52 19
32 52
86 15
6 46
31 28
1 1843
86 67
70 47
28 52
13 1711
83 5
20 59
84 29
73 47
25 69
55 58
17 51
67 16
87 92
95 42
2 49
62 63
92 56
76 23
85 48
52 39
24 89
36 74
99 39
70 40
48 22
50 10
54 91
85 88
7 55
84 18
94 79
45 21
5 16
74 31
80 2
87 21
93 89
15 82
59 19
69 9
69 40
27 69
35 76
56 31
21 63
89 25
17 45
65 18
64 99
53 92
16 8
87 40
40 17
14 47
9 79
39 90
15 8
62 69
23 77
73 62
97 38
17 8
17 34
54 53
3 1150
48 35
40 25
34 78
63 68
51 44
54 87
31 59
77 64
40 14
38 41
50 78
28 90
6 85
14 48
92 41
58 28
81 55
30 80
97 96
46 53
38 10
87 85
12 60
51 78
10 14
84 21
48 67
78 21
53 6
53 71
19 58
100 40
4 595
52 87
62 60
94 91
57 25
45 18
23 54
96 39
82 59
24 84
24 28
88 95
37 31
15 68
97 23
69 85
96 99
46 18
14 38
34 8
32 55
25 49
84 37
41 68
60 70
83 55
17 1032
12 75
35 26
36 97
64 67
79 73
39 35
77 78
24 63
95 60
21 95
98 16
43 50
55 5
21 99
66 77
94 100
9 81
32 97
42 74
77 66
27 47
39 91
90 55
60 55
71 45
66 3
96 43
63 64
26 24
30 98
33 3
37 51
17 75
20 51
1 1335
47 47
59 86
29 46
22 9
5 45
1 40
20 76
99 94
7 97
40 27
64 22
100 96
1 7
95 70
94 21
77 24
22 17
32 11
19 78
33 23
2 8
84 33
80 17
17 23
9 56
10 66
49 26
98 6
6 981
68 28
49 74
24 38
78 13
77 71
45 98
35 9
30 11
16 74
33 54
36 59
56 52
49 28
88 6
8 58
43 49
81 26
84 82
16 65
12 36
2 11
49 39
66 95
86 43
80 8
34 70
46 51
41 73
82 95
6 1965
18 65
1 74
44 34
41 54
31 39
20 4
38 52
65 47
49 14
53 77
49 53
37 24
60 28
97 80
24 29
67 37
92 28
4 54
51 18
7 45
67 42
4 81
7 35
84 88
41 23
87 42
17 57
87 73
27 67
50 3
29 33
97 83
3 77
24 66
37 88
33 15
44 69
26 39
49 13
44 35
79 67
97 65
32 58
90 46
46 96
55 87
57 83
37 76
10 92
59 52
95 72
77 33
14 32
2 6
12 21
55 7
40 100
29 77
41 79
18 18
30 80
21 63
14 52
32 8
45 28
3 39
64 22
40 97
28 78
12 34
35 31
58 96
61 51
67 88
48 42
6 46
73 26
56 24
94 21
83 18
66 75
88 92
59 2
31 59
41 50
22 22
85 65
80 1
50 51
77 95
50 18
32 82
98 58
63 69
63 89
94 85
65 59
27 10
85 81
45 88
90 43
19 63
2 84
2 93
37 51
1 25
59 91
10 28
8 100
52 11
92 97
19 1673
92 55
2 99
56 84
32 56
23 20
16 1916
64 56
25 70
13 1917
13 25
56 3
18 100
27 45
11 627
11 84
44 3
96 100
95 65
88 91
38 95
65 27
41 74
39 39
54 29
94 50
98 29
63 9
53 49
1 92
6 5
30 74
92 98
59 3
85 58
76 53
81 75
76 5
91 60
57 96
96 99
55 84
12 99
13 98
81 28
82 89
23 82
76 82
15 1933
69 98
63 72
66 35
20 917
56 97
57 73
39 57
1 98
54 54
53 65
53 98
6 97
58 69
82 72
98 46
16 24
18 81
25 98
48 98
46 37
15 9
5 93
41 36
69 92
16 91
54 85
49 71
49 32
28 66
25 4
17 1048
97 15
39 76
43 6
34 91
46 24
99 30
72 47
46 22
4 35
76 11
51 19
10 31
33 31
84 42
59 76
7 1780
54 74
83 25
99 51
99 63
49 33
3 96
39 50
17 76
71 86
44 34
17 98
19 17
72 52
93 2
48 88
20 66
84 29
91 45
53 56
29 4
41 75
76 54
27 25
97 9
51 64
77 96
58 92
35 47
12 89
68 67
34 100
65 63
2 44
32 3
63 77
50 28
87 98
54 26
18 56
57 35
97 11
34 5
27 4
20 62
27 58
17 781
39 28
62 86
17 40
91 35
90 42
9 14
18 89
68 18
5 74
68 4
96 13
14 65
2 50
8 2
81 84
87 2
24 16
34 27
71 56
87 92
83 54
57 5
92 69
100 61
13 91
40 79
86 66
20 1064
60 41
64 23
65 89
50 20
25 61
33 28
93 54
66 2
42 93
10 94
34 19
98 66
78 50
29 84
12 31
31 51
36 37
44 14
18 52
60 4
78 92
88 59
98 95
12 97
44 63
41 15
64 58
8 54
80 93
49 75
4 1635
91 33
12 97
67 87
41 4
88 57
99 66
33 10
53 10
92 58
94 3
86 81
90 24
71 4
67 16
53 6
54 55
54 52
48 71
23 58
65 55
77 62
10 17
14 1
89 10
5 79
54 15
52 19
64 84
86 7
52 93
13 83
28 92
15 90
31 69
68 47
2 98
30 87
52 56
54 60
73 44
11 1407
20 1294
14 19
68 14
11 507
18 24
21 20
63 58
66 46
43 78
28 64
94 7
4 94
41 64
34 69
20 1190
47 30
37 87
75 8
84 36
88 80
40 90
18 1135
2 21
70 10
79 78
55 18
51 96
82 33
61 29
24 92
79 95
4 20
37 10
47 9
13 26
7 86
19 80
75 83
72 31
14 57
54 98
17 90
17 2
95 13
51 58
29 26
93 42
87 44
3 85
76 30
27 23
42 74
86 8
28 43
12 35
16 85
83 13
14 83
98 70
95 93
37 74
28 64
98 13
26 35
19 1093
10 38
32 72
93 4
84 73
55 55
58 12
38 70
71 44
26 14
84 83
9 893
12 1608
12 1721
60 96
57 23
3 5
86 71
50 48
88 65
65 65
5 1255
56 1
99 29
27 16
5 70
93 22
63 41
32 86
90 34
40 28
6 61
99 23
71 99
17 1979
35 95
77 53
7 28
6 1634
100 48
84 41
59 51
72 100
38 31
86 26
83 48
46 5
88 31
20 70
47 52
27 95
85 86
60 37
82 47
35 67
86 53
86 17
28 88
100 93
18 54
69 73
92 72
5 1226
20 47
14 71
76 30
54 94
91 75
34 57
18 546
90 75
17 49
87 12
13 26
54 79
72 37
48 25
51 83
59 19
67 94
98 86
85 65
3 32
57 22
19 12
38 98
94 26
4 80
17 37
45 71
8 1232
85 61
36 42
13 1618
4 7
50 64
74 79
9 100
40 91
7 87
37 61
81 65
24 35
18 661
45 42
29 65
94 61
92 67
32 99
4 31
59 12
29 36
41 48
13 43
37 58
59 59
50 92
4 1461
14 90
19 1526
11 1129
39 26
55 40
10 47
37 75
58 47
59 10
11 6
19 98
50 100
17 44
7 59
82 16
92 31
30 82
26 58
73 95
75 42
18 24
4 46
79 25
28 87
32 81
19 72
40 82
20 38
29 82
42 25
49 73
42 23
59 5
74 77
80 48
13 44
35 23
17 74
23 42
93 85
79 79
93 40
94 84
20 1073
99 98
27 52
91 53
28 31
53 9
63 99
55 25
22 84
66 44
33 49
1 70
49 25
3 20
14 520
68 14
31 1
33 76
68 86
24 75
44 32
41 15
56 22
56 75
76 89
18 814
30 69
20 73
2 26
22 8
66 9
48 48
73 57
92 60
38 52
100 87
96 68
52 2
54 11
17 3
69 46
38 11
69 72
69 22
92 30
61 75
36 35
22 82
45 2
17 725
98 56
88 33
48 87
53 29
96 59
23 75
28 24
25 27
94 100
29 49
99 86
11 8
28 48
71 42
3 67
18 51
22 81
98 86
69 52
28 43
67 88
38 97
65 54
35 11
6 18
57 83
47 85
94 5
30 17
92 38
48 77
79 72
4 858
47 63
83 1
26 81
69 89
10 76
3 59
15 88
38 76
1 45
25 95
18 75
23 38
79 13
35 25
96 18
77 98
3 28
23 13
95 37
92 25
40 66
2 678
98 94
48 100
2 846
43 50
29 16
71 22
42 26
8 40
1 1106
89 88
42 92
27 75
57 29
52 67
29 34
23 16
41 94
81 30
48 63
58 68
55 67
78 75
92 92
12 738
54 25
47 71
25 49
100 13
38 47
16 14
81 60
15 1222
15 13
60 44
29 42
43 81
30 17
3 1608
2 20
82 11
11 7
44 11
8 86
67 35
47 29
5 730
42 3
87 22
20 100
41 65
45 89
26 66
18 91
88 32
28 2
24 67
86 2
4 50
23 80
76 49
19 15
3 91
62 41
85 28
14 86
43 82
27 8
95 54
2 1730
81 79
77 65
75 8
76 89
36 50
93 42
22 17
24 20
86 44
60 90
95 19
26 60
4 78
73 36
96 3
44 61
100 38
11 1409
29 62
55 39
41 100
4 62
73 54
96 91
18 54
9 33
9 28
12 36
35 92
4 82
28 36
67 70
32 46
54 43
94 10
67 47
46 37
15 26
42 18
84 32
27 67
37 36
9 92
30 44
61 23
4 94
25 56
12 12
74 14
6 17
66 51
15 14
61 31
90 56
62 56
30 84
98 40
22 35
41 71
84 31
77 16
20 59
51 100
8 13
73 1
96 9
75 59
71 89
11 86
16 76
54 21
89 52
4 63
62 64
18 47
64 38
18 9
95 2
75 49
43 22
100 70
40 51
57 35
60 52
81 58
70 42
90 36
78 97
92 77
82 58
62 27
68 44
10 1252
12 78
76 57
74 69
7 86
2 67
44 57
69 23
17 95
15 1842
57 26
73 9
63 92
27 24
88 46
32 52
73 25
15 95
74 74
72 47
6 97
31 60
83 98
87 55
52 2
17 1830
64 51
43 30
6 43
25 30
63 73
59 58
88 7
90 81
3 1685
47 45
91 48
80 35
67 19
59 42
28 15
24 45
31 2
90 7
2 20
19 48
17 1787
74 97
85 94
95 83
97 43
90 90
77 43
31 92
76 96
28 96
55 77
40 47
23 25
12 71
64 28
85 49
22 80
52 34
74 30
5 58
98 30
16 29
36 44
64 49
74 22
64 58
39 45
5 23
5 16
92 64
75 70
78 26
17 60
59 63
72 8
65 54
48 5
100 2
96 46
76 100
79 97
50 74
15 98
1 73
13 96
78 25
37 74
34 75
18 862
62 55
90 84
30 40
77 83
26 27
46 88
51 56
89 85
36 84
7 78
45 100
28 48
33 100
22 77
96 59
43 14
45 85
61 13
90 18
44 38
8 10
65 70
23 87
9 35
31 67
75 11
21 30
10 715
64 84
6 774
41 2
25 38
95 40
23 93
54 72
20 66
68 81
4 79
60 2
15 903
62 57
5 54
82 63
94 8
78 30
30 22
36 21
23 14
42 34
77 91
66 4
49 95
94 60
40 90
57 29
24 26
67 100
29 58
84 69
30 84
34 13
77 22
6 73
80 4
51 15
59 97
100 22
18 47
3 1214
11 23
72 62
75 83
67 76
6 77
68 90
45 6
87 98
55 11
67 71
28 83
32 53
84 74
28 29
25 12
19 1505
84 57
100 89
90 63
64 14
36 10
8 598
97 78
12 31
76 22
28 82
62 97
87 70
79 3
31 95
48 45
90 77
54 9
75 27
7 863
8 762
42 69
100 10
97 86
97 31
18 32
76 20
80 83
2 6
3 48
56 94
77 20
38 4
55 34
18 34
1 69
90 43
88 83
49 98
53 26
15 5
77 31
66 22
1 74
55 85
48 69
1 70
96 62
3 779
75 49
52 66
64 65
68 17
3 75
61 50
1 1609
73 6
88 69
95 81
74 63
91 16
50 74
50 35
28 71
5 7
67 20
81 39
46 2
6 3
29 36
51 27
20 59
15 713
68 100
73 84
12 51
16 68
73 54
7 64
69 96
99 2
18 1996
32 12
66 70
65 3
16 1475
82 68
37 61
32 81
28 48
10 75
74 48
78 73
11 61
53 18
34 31
29 81
33 8
79 32
34 35
62 44
81 58
5 93
18 62
49 58
77 76
81 64
64 77
1 29
40 28
84 25
51 82
49 56
15 36
6 1613
13 11
11 49
2 70
1 23
94 81
29 69
62 49
67 29
58 41
72 10
19 98
91 72
52 42
4 6
22 3
85 76
65 1
2 13
42 68
34 62
50 70
70 43
67 77
65 98
23 24
6 4
48 22
73 57
13 668
15 58
93 12
19 22
77 58
94 81
71 96
70 38
75 2
33 44
88 18
32 42
56 53
58 16
23 65
8 46
61 73
96 20
44 21
13 622
97 32
37 88
11 86
99 53
7 83
77 62
15 50
29 58
34 18
63 24
53 66
87 29
29 33
46 77
57 50
5 90
91 10
28 45
26 79
65 11
12 40
13 97
49 4
67 45
70 12
23 69
26 90
31 36
18 40
22 11
7 8
14 71
58 50
69 93
64 75
64 84
45 6
79 76
44 41
78 23
13 1033
97 59
17 3
21 31
94 35
25 4
25 72
84 44
4 100
2 51
1 6
67 40
14 47
49 10
5 1789
83 10
71 30
11 73
65 45
40 69
84 35
72 4
53 91
42 85
40 48
17 65
57 68
37 53
95 92
1 61
66 28
87 91
49 19
34 30
59 73
42 53
11 86
35 45
77 49
14 85
36 47
29 6
81 24
49 93
77 67
66 59
83 54
99 96
28 84
48 50
38 64
12 18
19 53
43 54
5 2
10 100
11 70
61 70
46 4
57 62
13 82
64 83
95 4
61 100
97 65
53 76
54 4
7 50
87 72
83 4
7 1093
22 18
11 10
5 10
22 62
40 76
22 20
4 67
90 72
49 3
51 16
80 87
12 21
69 20
22 93
16 74
79 71
84 62
77 43
76 27
40 75
41 76
39 9
34 78
54 75
88 25
38 6
7 79
46 74
12 1138
41 82
70 60
97 99
52 43
74 21
18 60
43 71
95 40
21 79
32 94
44 95
72 46
11 80
55 15
92 66
84 24
23 88
22 88
67 86
51 83
98 66
58 12
91 58
88 75
91 90
44 85
3 1706
28 47
3 15
73 25
3 75
43 48
42 36
99 73
46 91
68 8
16 85
88 13
62 47
89 63
72 6
57 93
60 8
82 37
64 7
51 25
18 61
86 47
73 65
84 98
36 81
22 30
42 9
78 90
61 56
84 50
74 74
88 7
64 96
76 88
60 83
18 71
70 36
53 18
17 95
18 846
20 25
84 79
7 90
34 23
72 93
78 95
90 16
83 1
12 83
5 74
86 77
29 43
90 72
10 41
64 40
77 52
3 1637
5 1
7 94
43 26
41 50
80 19
30 84
56 46
7 7
10 1065
73 68
76 94
46 35
89 14
95 23
17 11
25 93
2 12
50 86
48 85
31 58
92 53
31 37
42 40
96 26
68 14
22 35
38 50
29 6
7 678
14 53
11 76
42 26
20 46
53 54
82 28
99 65
35 37
37 73
57 23
75 55
10 92
33 16
20 89
50 5
79 38
37 100
74 49
32 1
38 37
22 86
63 10
29 89
4 22
56 49
25 14
71 87
78 35
62 15
51 93
63 61
27 68
61 20
4 38
99 13
13 25
10 1378
49 29
47 14
74 89
6 51
74 68
35 80
90 18
45 8
85 37
68 7
33 59
58 85
100 7
71 95
31 22
62 68
51 83
34 44
69 17
75 49
56 82
46 3
88 63
6 26
8 63
67 82
18 98
64 1
65 47
8 600
1 17
13 75
29 87
74 6
18 78
54 6
9 37
5 1326
99 14
93 73
