3000 44602
59 38
53 26
92 50
24 59
35 100
83 70
59 62
83 97
96 10
46 58
40 9
51 39
88 75
27 13
60 32
21 26
17 44
55 27
56 11
65 97
67 45
54 84
50 87
5 96
47 41
16 89
15 8
73 42
58 86
16 93
40 4
68 23
20 71
84 5
92 33
55 70
18 26
50 47
89 18
13 35
48 4
29 27
64 25
35 31
7 91
75 57
55 56
23 34
81 83
62 18
39 30
99 79
68 1
88 68
3 74
14 42
56 57
70 82
38 35
65 94
85 26
30 90
32 68
57 96
13 94
23 100
11 17
30 19
25 46
99 35
95 54
72 2
79 61
10 30
58 84
85 51
36 86
64 91
59 36
69 20
77 8
97 17
67 99
96 61
37 85
70 72
62 54
44 93
39 5
99 88
8 86
75 31
80 77
39 5
31 26
44 22
14 4
93 95
74 40
90 2
44 29
20 45
13 55
22 41
29 27
70 38
59 43
16 12
33 80
69 78
84 84
9 39
66 94
3 82
5 99
54 30
72 5
66 4
97 74
62 10
16 43
56 11
88 92
96 19
94 15
71 17
91 40
59 19
63 63
64 32
48 72
6 91
35 28
60 26
80 83
15 54
81 15
90 25
31 18
13 94
58 2
66 1
74 32
75 48
68 34
30 83
28 29
91 38
47 38
76 3
52 99
62 81
31 13
92 90
9 51
77 28
62 59
100 43
87 98
76 21
15 74
35 69
82 64
2 53
46 94
13 46
16 7
27 60
54 23
98 24
91 53
11 76
16 76
16 36
86 23
83 9
45 18
65 4
74 98
91 56
93 6
77 97
5 88
75 18
68 38
65 38
51 45
81 48
16 80
38 94
57 69
83 5
24 62
90 84
84 58
21 7
54 81
51 16
47 66
7 3
1 91
90 18
17 31
16 66
5 6
54 5
50 26
50 23
71 8
75 23
92 30
63 13
52 71
48 17
37 83
71 9
13 7
40 79
52 8
80 86
29 73
60 76
62 43
4 34
49 11
97 100
24 93
2 92
100 15
23 58
8 46
52 5
12 28
76 76
67 22
16 33
82 33
68 47
17 7
52 40
43 21
61 37
14 53
94 92
8 5
2 87
16 52
72 63
93 65
19 59
4 49
73 37
78 87
17 91
76 23
78 97
66 42
52 15
31 40
65 8
74 72
90 38
16 64
85 51
66 65
34 85
52 83
47 97
1 31
21 90
98 89
43 51
81 78
63 93
88 94
40 34
16 79
56 97
12 97
61 43
74 56
67 45
85 32
4 94
83 87
13 6
33 42
48 80
64 20
64 34
12 87
89 43
53 71
79 50
73 94
70 87
64 86
76 28
16 36
65 68
96 17
65 24
59 70
28 94
79 16
99 64
68 80
47 94
54 60
31 76
7 88
79 67
97 72
43 71
34 60
79 10
55 76
67 2
27 89
18 47
82 35
90 75
6 90
34 57
21 76
30 35
4 43
84 61
58 62
71 30
100 28
5 79
36 53
59 49
33 24
66 20
57 12
52 3
12 65
62 24
82 30
70 53
92 90
78 1
13 75
26 50
8 10
67 51
44 3
86 98
37 97
25 37
28 24
94 38
10 45
48 51
76 72
13 39
31 63
85 34
36 69
31 42
89 64
23 21
41 91
73 39
88 93
49 2
24 94
52 57
10 77
5 23
21 61
53 67
34 76
85 36
30 68
94 85
4 38
73 70
79 35
92 34
49 58
6 58
85 24
11 2
53 61
12 95
75 40
36 23
48 80
10 60
18 17
37 95
32 33
58 7
9 86
20 25
6 60
33 79
23 81
67 37
89 53
43 42
19 55
23 28
80 77
49 22
16 13
83 14
73 43
46 47
74 99
74 100
52 56
10 22
84 53
56 68
74 69
58 44
91 43
21 100
68 4
60 59
57 95
51 36
17 17
18 80
22 12
74 76
50 10
44 92
40 64
38 62
39 85
11 18
12 90
18 61
11 39
79 54
100 26
83 33
25 100
73 77
8 32
76 7
34 50
91 36
83 75
7 70
1 80
26 17
28 70
20 35
85 27
36 16
70 22
54 43
53 47
92 33
27 18
54 56
87 24
19 34
44 69
25 9
29 51
55 58
42 21
91 42
34 11
93 99
73 74
58 62
65 27
33 58
85 21
51 76
23 93
67 47
57 46
23 72
92 63
84 67
42 58
29 41
72 82
64 79
82 83
24 80
7 11
60 52
78 87
93 87
78 85
21 55
18 95
58 88
27 65
11 67
48 29
12 27
4 65
73 54
21 89
20 91
5 11
5 9
70 19
79 4
24 7
79 16
54 27
67 21
62 82
95 85
95 61
33 15
10 63
28 43
9 94
16 26
88 46
86 80
9 12
65 31
58 34
78 58
23 70
84 98
40 24
22 98
96 25
43 41
94 3
16 65
15 83
50 14
73 25
36 1
29 69
96 31
14 16
82 47
14 51
76 49
28 83
9 63
60 63
38 98
36 5
20 8
5 23
75 2
5 87
13 86
40 84
14 73
42 43
14 53
50 22
82 18
87 2
97 98
76 58
81 5
12 14
42 41
82 70
36 90
78 93
10 90
83 20
91 61
43 36
97 22
18 61
71 71
57 84
78 76
60 68
44 40
97 83
64 90
19 42
54 22
29 27
10 77
19 46
22 69
23 30
68 67
3 86
61 31
64 17
31 96
41 87
28 82
72 88
75 56
63 72
49 80
84 97
98 43
40 92
27 33
94 65
57 53
49 3
2 100
86 28
8 22
45 92
35 62
23 63
15 85
40 83
51 89
24 61
58 28
73 57
98 42
26 47
27 94
59 25
41 15
9 89
51 11
68 96
81 76
25 19
83 67
81 8
61 15
80 62
20 51
87 99
25 78
29 55
87 53
78 77
66 34
94 74
22 20
100 96
68 36
89 4
91 78
19 24
12 17
49 58
43 32
62 58
26 56
21 26
20 82
18 70
30 66
22 45
38 17
10 94
47 63
20 36
90 1
7 77
51 97
62 3
45 28
27 74
42 58
31 80
4 2
7 91
76 54
77 22
59 86
43 89
65 77
1 16
13 65
77 93
1 25
7 96
90 3
78 80
28 73
61 84
96 1
57 91
82 28
33 17
18 84
80 42
4 52
59 84
38 71
54 48
72 86
82 98
32 73
13 95
64 77
35 75
72 86
91 30
11 96
82 23
86 71
76 24
82 38
50 87
4 17
83 14
57 34
93 71
12 45
84 59
5 6
7 45
40 49
86 86
91 14
9 32
18 27
94 65
67 67
55 97
99 65
39 4
89 94
30 37
3 99
4 71
64 11
26 36
95 52
27 58
7 58
32 74
54 82
41 48
81 60
57 50
75 61
37 94
1 20
86 6
20 52
57 25
93 50
11 52
42 10
83 63
19 83
59 89
29 80
38 1
66 85
27 44
28 4
54 31
9 32
30 2
57 53
24 95
56 37
3 4
50 4
14 47
34 30
3 37
54 94
15 89
11 38
28 54
51 34
63 9
14 59
23 37
19 34
58 61
85 88
13 95
92 75
56 22
23 35
20 6
93 22
88 72
99 1
20 26
41 2
7 33
1 79
50 54
82 79
8 68
52 9
32 82
22 14
86 38
86 71
27 7
100 79
49 8
55 12
2 12
63 17
20 23
24 1
82 2
77 35
9 40
46 48
20 9
64 62
68 83
40 15
8 35
8 54
90 67
27 12
100 55
48 99
79 91
49 60
29 29
87 10
1 68
12 11
60 75
38 6
98 33
86 33
37 84
98 40
40 44
90 47
60 56
11 66
14 47
93 9
39 52
74 39
90 57
59 61
89 52
58 39
50 27
96 86
17 44
39 93
74 98
16 50
86 44
52 40
65 9
14 72
90 49
17 76
26 34
49 23
6 33
75 66
35 55
42 16
24 58
26 50
83 15
35 65
37 68
96 13
28 74
75 19
21 51
69 30
85 31
9 2
78 20
34 9
4 88
94 15
24 2
77 37
10 64
61 97
81 76
26 72
27 20
70 76
94 99
4 54
19 50
99 32
78 71
53 56
92 99
53 28
78 5
74 65
87 93
66 72
22 78
66 18
41 43
42 28
35 47
77 73
51 82
12 18
63 82
54 21
58 32
86 35
83 57
67 95
47 31
63 84
44 18
73 50
84 59
89 68
76 55
2 8
87 51
5 78
6 63
30 50
57 5
36 19
3 14
95 49
1 43
76 43
61 66
93 85
18 71
95 64
70 9
20 4
58 81
32 90
73 24
15 64
69 76
7 32
33 10
67 58
21 67
28 27
39 60
5 25
16 47
66 14
6 84
54 97
22 91
64 98
83 46
30 48
99 16
38 12
25 48
51 10
13 54
85 66
44 94
82 76
31 29
65 55
1 31
88 62
48 96
26 6
55 77
16 72
32 37
87 87
83 29
53 55
15 65
73 40
9 79
82 11
91 6
66 14
36 8
12 48
29 63
18 5
94 95
79 79
7 16
18 95
30 40
20 22
2 60
25 34
1 49
84 40
41 88
2 80
23 53
88 83
27 85
77 30
55 6
10 74
64 68
37 87
14 28
30 32
62 26
22 59
11 95
52 31
88 24
98 2
15 79
16 87
16 6
8 25
47 17
74 74
25 71
28 56
93 47
78 30
4 89
46 95
13 22
44 28
47 26
36 26
83 63
25 11
12 55
37 20
86 36
27 74
26 6
100 15
8 6
39 84
21 73
71 100
90 66
60 97
68 53
56 96
76 83
35 10
64 73
74 51
9 83
40 43
1 6
1 29
70 25
4 47
46 76
34 46
99 74
44 1
69 71
81 88
20 63
33 78
69 60
6 98
59 51
94 65
57 13
67 8
84 100
77 37
37 59
73 66
37 85
56 63
81 13
64 19
91 73
96 85
89 69
99 55
87 28
89 75
51 36
8 52
44 21
49 63
42 97
42 46
92 15
10 19
74 86
64 78
42 48
42 45
69 27
53 51
88 61
25 39
19 58
71 61
53 28
7 69
96 78
41 12
62 31
76 90
56 31
4 3
71 75
44 99
2 10
9 54
84 73
5 97
17 5
79 93
53 11
58 53
20 91
96 25
67 23
93 76
59 2
61 71
87 20
79 29
13 21
74 80
3 19
83 30
44 92
8 46
41 98
39 21
100 58
54 29
66 11
56 88
58 83
36 37
51 86
11 44
45 90
87 59
15 40
61 46
65 3
19 2
70 98
37 93
15 27
88 20
81 20
73 28
48 42
67 39
52 56
12 62
40 71
6 27
46 92
36 14
13 72
38 89
26 35
65 29
92 69
92 97
20 16
1 4
79 85
22 54
63 47
23 26
60 64
30 39
35 71
25 66
48 40
56 20
13 11
14 66
44 39
93 82
87 46
43 33
60 21
90 53
7 94
51 43
95 79
52 85
38 8
60 51
42 26
64 42
24 31
33 46
55 90
95 99
85 1
33 74
68 4
99 100
8 99
28 67
80 38
94 69
4 84
28 29
50 88
16 46
93 47
93 79
8 28
79 92
35 11
19 100
20 96
41 56
22 42
67 75
45 93
59 49
26 77
86 70
22 43
1 59
70 15
28 32
47 57
6 68
61 6
66 60
4 67
68 56
45 78
36 4
61 77
48 62
63 84
62 16
15 7
7 30
54 94
23 34
38 73
41 56
93 33
57 69
33 12
14 26
23 95
29 56
25 27
100 71
14 25
98 69
52 29
35 91
26 52
50 38
40 58
86 9
16 49
96 24
5 65
12 27
31 79
17 41
60 88
45 63
31 56
74 46
3 44
84 2
48 32
40 69
76 9
93 64
97 37
61 72
58 42
71 83
89 27
82 68
71 5
55 51
32 88
74 85
89 42
57 39
24 22
81 51
94 48
91 23
28 75
50 64
2 49
10 53
66 4
13 88
6 67
96 11
39 33
8 63
32 64
38 64
48 31
59 73
82 80
96 19
19 44
40 73
66 1
60 23
73 92
88 5
14 73
4 79
62 41
54 66
12 69
37 63
86 69
5 68
27 37
65 43
54 31
80 85
26 47
72 86
45 24
31 14
19 97
35 8
91 76
2 12
72 24
90 58
61 84
54 55
37 76
31 28
45 27
2 28
90 2
17 18
42 32
55 74
73 48
3 72
61 92
84 68
39 86
46 60
89 36
17 74
63 54
94 18
48 58
88 100
17 4
92 33
19 65
88 52
26 41
61 92
89 63
50 64
50 49
1 99
55 18
38 24
84 26
99 96
39 51
25 79
67 65
80 34
80 52
39 64
34 58
92 95
75 31
24 95
37 6
15 18
40 69
99 59
8 36
40 78
87 11
77 39
31 11
57 75
64 42
9 3
69 19
52 56
10 18
70 67
5 54
64 35
7 43
88 31
14 82
45 45
12 9
32 46
77 79
43 13
71 9
62 88
34 7
97 39
86 34
23 65
11 57
77 54
73 75
70 44
16 32
11 85
46 82
99 94
67 12
9 75
59 96
35 30
13 30
68 65
4 96
69 84
83 99
10 90
56 14
48 80
7 35
19 23
79 77
35 65
14 35
1 85
96 52
47 93
97 75
33 37
21 9
7 83
10 91
94 84
29 26
25 74
4 68
74 59
75 67
23 31
35 33
33 14
57 60
47 15
52 78
13 8
15 50
34 28
74 97
22 63
33 59
32 83
92 37
12 35
18 47
5 23
64 71
14 50
52 68
61 97
46 87
72 76
19 80
7 77
17 59
47 5
32 50
21 79
73 16
6 68
43 9
7 100
91 33
51 21
5 14
42 62
15 80
71 15
28 89
89 28
44 78
60 47
72 11
35 66
23 33
90 57
40 89
87 3
55 7
43 8
47 99
52 45
66 83
17 30
59 73
83 42
16 87
42 74
3 20
88 2
99 41
45 80
46 53
89 25
95 52
2 19
31 86
62 31
24 33
10 74
50 59
67 62
69 72
73 21
1 28
44 56
62 77
92 68
30 10
68 35
34 75
28 60
20 31
100 9
44 90
78 3
82 50
11 76
19 76
36 21
50 29
17 68
80 53
47 33
58 92
26 4
48 51
40 29
87 87
71 36
49 2
88 45
37 97
69 25
13 17
90 76
12 80
26 45
81 95
41 89
94 80
15 69
68 49
13 62
66 30
64 90
42 65
99 31
26 17
12 92
34 4
76 45
28 60
65 56
74 29
85 3
42 11
22 80
24 32
81 97
44 15
24 85
20 93
33 63
93 10
32 9
22 39
4 41
58 54
54 33
97 82
51 85
20 54
16 82
15 46
85 83
31 71
56 62
83 13
57 87
67 54
68 16
84 83
46 65
32 23
57 11
83 67
74 34
30 42
58 50
54 82
74 56
82 35
73 75
6 19
26 96
57 35
79 9
29 88
14 40
32 41
77 69
16 24
4 94
93 50
30 22
88 28
23 72
37 83
23 93
31 58
55 88
90 8
14 40
52 52
74 83
23 3
34 19
47 68
52 44
92 68
52 49
77 52
25 54
76 75
34 22
50 1
32 62
12 30
30 89
97 1
96 70
7 9
12 77
99 16
99 59
41 98
38 43
73 30
29 32
12 35
4 40
83 20
54 95
69 31
35 71
27 29
91 33
20 41
25 96
95 29
63 61
76 96
71 80
87 14
3 23
5 53
88 67
87 84
68 82
18 55
35 36
63 3
24 15
47 12
13 18
74 73
39 61
3 13
98 55
68 93
14 99
53 46
50 64
19 45
22 76
36 86
45 73
64 61
56 27
69 20
58 41
18 87
96 16
29 72
57 52
51 90
33 24
44 70
37 73
52 57
61 24
71 8
67 59
36 91
69 72
31 29
61 63
8 32
33 93
59 69
75 76
99 91
11 66
76 39
17 36
84 94
64 77
62 8
48 6
71 3
82 28
5 46
40 41
78 95
85 17
96 92
28 84
69 92
40 62
16 8
21 48
52 37
38 67
87 6
40 27
7 90
17 86
52 42
14 22
2 78
62 62
40 49
52 69
73 80
15 40
68 56
8 73
30 16
81 15
55 78
100 18
63 94
12 75
40 58
92 88
96 43
35 1
71 23
65 34
26 14
86 82
85 81
30 3
23 1
23 38
21 81
29 90
39 76
72 74
42 63
92 53
34 36
33 12
43 73
58 15
48 51
11 28
65 39
29 18
43 43
72 16
29 87
57 36
83 42
68 44
48 76
78 84
54 96
18 50
94 17
32 62
55 32
78 49
61 16
78 32
100 38
33 96
58 21
91 13
4 70
52 36
82 66
37 57
84 47
25 38
46 23
83 49
87 18
63 61
12 66
29 60
34 28
40 52
38 47
68 69
59 47
37 22
97 52
12 94
7 72
91 20
43 55
61 55
20 68
55 70
90 38
72 5
87 18
48 10
62 70
91 87
99 45
95 35
79 43
34 91
71 24
77 17
17 91
57 41
39 77
28 56
38 52
24 4
19 59
27 99
91 24
77 5
63 72
87 27
88 99
69 95
29 46
83 5
30 49
49 65
37 27
71 86
72 21
76 96
18 48
85 90
18 34
68 92
79 24
48 28
2 35
50 100
24 44
18 25
58 40
14 20
97 81
47 92
37 75
15 39
73 42
79 98
91 96
36 13
18 76
30 46
4 8
46 21
64 2
85 56
46 85
53 80
8 94
17 5
28 75
25 93
1 95
45 8
93 84
32 70
44 35
46 18
33 69
68 78
15 95
90 61
81 49
11 75
37 52
70 23
77 65
61 93
48 72
19 12
96 57
65 47
48 57
52 64
11 19
12 59
88 72
8 55
16 90
95 17
25 60
43 65
72 9
77 6
39 24
16 44
8 27
82 59
61 62
40 48
1 88
75 56
82 8
34 37
37 82
70 11
3 11
13 98
30 55
2 83
31 10
26 11
67 81
30 18
29 75
29 100
93 28
16 98
36 54
8 18
63 14
60 65
2 34
34 22
37 22
40 57
49 65
96 49
74 15
61 78
36 48
26 3
87 85
17 55
59 91
23 18
86 65
13 1
35 68
15 19
15 35
17 77
92 81
81 16
46 46
72 55
9 67
39 74
40 52
96 20
98 91
2 17
56 37
100 24
87 90
44 58
91 32
35 7
91 58
16 47
47 84
26 5
42 1
33 21
94 59
100 43
55 90
79 75
13 43
41 57
46 45
27 78
57 85
89 26
59 45
54 31
61 32
19 11
44 4
100 36
14 82
42 46
1 52
21 18
93 21
39 42
16 28
35 52
73 48
7 85
51 50
71 83
32 42
92 50
3 55
26 52
43 92
57 45
56 27
7 87
49 1
53 23
33 64
5 86
42 48
43 60
10 68
2 80
61 70
54 71
53 67
75 51
47 16
5 18
95 69
39 88
43 11
11 96
73 39
67 58
17 32
75 89
37 93
100 73
66 90
39 47
77 25
9 34
47 43
85 3
15 72
95 96
37 25
100 35
99 33
30 25
94 46
60 100
83 56
55 15
13 22
35 22
29 65
11 89
39 39
75 85
1 76
33 2
37 32
26 66
99 59
5 64
100 54
35 3
5 88
66 96
73 2
33 12
26 81
19 44
69 66
92 52
13 91
6 43
43 38
63 75
87 67
37 83
23 74
70 22
91 97
87 95
56 95
71 13
98 83
95 85
97 98
98 10
27 86
34 29
23 76
78 97
38 44
23 81
12 99
94 32
40 28
37 52
79 95
17 8
55 48
47 13
8 11
20 38
4 55
3 48
34 13
91 21
39 82
8 38
60 94
81 78
95 85
15 40
3 43
44 19
61 24
99 40
41 29
40 10
32 20
16 56
17 58
22 16
90 36
80 8
67 47
29 64
16 60
45 93
97 23
23 7
44 5
56 34
94 96
47 11
58 33
27 8
37 31
48 15
87 46
48 76
28 44
81 30
15 67
30 86
76 100
27 91
81 77
16 28
18 52
12 49
83 83
34 9
85 64
72 71
66 68
52 62
52 34
81 27
48 6
48 8
3 33
91 63
4 41
48 29
38 73
13 26
27 88
26 56
61 40
13 85
26 31
88 35
45 66
40 98
70 21
20 66
18 40
50 49
87 45
36 43
13 49
70 28
21 51
50 64
93 98
86 70
53 25
45 83
67 97
100 83
44 90
21 81
91 45
99 83
69 61
80 17
12 8
95 49
5 72
72 99
59 85
30 55
11 33
3 51
21 4
32 5
22 68
39 43
33 54
8 12
74 37
98 54
77 91
94 39
47 18
22 88
80 8
99 42
18 22
98 4
50 76
61 12
70 37
92 20
60 46
38 97
71 37
23 53
84 97
28 60
46 3
94 82
9 14
56 35
96 84
30 69
40 40
17 3
20 63
24 45
25 14
45 99
21 98
53 5
90 37
19 15
26 44
21 45
69 9
43 66
18 100
19 84
4 29
88 36
10 4
15 26
77 33
33 92
37 78
13 29
60 51
34 80
6 62
20 17
41 66
54 97
49 85
80 5
70 99
20 48
4 1
46 65
64 98
76 99
51 21
6 35
47 13
76 64
26 79
15 73
19 81
96 30
85 57
74 61
35 66
47 12
40 86
63 98
79 55
28 15
27 78
90 5
61 46
33 92
9 73
1 12
86 88
10 10
33 68
7 87
81 57
36 69
53 3
97 6
63 19
55 23
2 40
9 83
82 38
27 70
24 56
100 71
74 100
60 64
25 83
8 65
6 75
64 69
71 14
84 29
91 35
97 43
25 85
51 33
81 34
86 10
4 44
18 22
95 19
36 63
25 60
27 27
23 83
29 62
23 32
85 1
83 36
24 24
94 84
16 73
3 93
69 39
16 95
28 44
28 2
92 78
36 60
86 28
56 98
58 73
21 8
98 32
6 68
46 44
1 64
87 1
31 53
4 59
56 22
77 71
39 74
32 33
55 49
61 56
60 46
78 81
97 57
94 81
53 4
42 40
10 6
7 48
10 30
77 100
35 92
90 83
68 29
22 3
75 62
75 26
79 28
95 69
25 10
36 95
92 64
25 25
74 95
74 69
28 36
30 69
2 91
18 9
61 53
57 40
30 16
73 99
86 20
26 72
18 31
38 75
68 63
79 36
45 22
29 92
55 88
31 65
70 74
75 68
52 68
96 87
1 94
82 95
43 55
25 55
17 89
34 71
1 31
91 35
60 39
80 66
72 3
61 29
97 26
32 56
69 68
78 42
56 6
54 39
4 65
74 36
92 65
23 28
52 24
88 87
3 71
59 63
18 3
73 97
85 30
69 70
68 83
85 75
2 16
10 90
62 81
18 56
96 60
62 12
60 91
55 98
42 29
31 45
67 78
90 55
15 52
36 46
68 48
70 57
89 36
23 12
95 45
32 1
97 91
99 20
19 39
99 62
57 82
36 93
71 58
93 11
56 15
91 92
29 38
9 30
52 81
90 18
27 86
47 40
4 29
38 28
53 89
97 10
69 72
20 67
86 16
35 76
55 12
5 63
4 84
95 99
79 26
99 28
27 51
75 69
49 47
45 89
74 30
5 80
33 34
96 39
49 43
40 48
38 30
77 80
49 77
90 63
67 97
27 14
88 2
22 78
64 41
41 91
18 87
84 65
60 57
55 2
18 92
66 20
60 16
74 75
60 70
90 41
24 3
38 21
65 9
72 1
35 61
90 90
28 81
67 94
37 80
76 75
58 41
75 62
52 54
58 70
64 24
70 2
36 83
51 77
91 79
52 76
43 19
60 17
35 92
2 27
15 70
5 83
19 98
26 85
78 57
31 68
15 78
53 11
68 40
31 38
24 64
2 52
72 80
51 96
20 46
9 59
78 70
30 38
83 72
29 23
87 7
98 95
51 24
75 42
100 24
93 55
26 69
43 42
53 23
12 60
96 69
19 93
16 94
15 66
96 29
45 2
45 85
10 6
97 13
64 24
93 96
72 28
66 28
64 75
74 23
37 73
24 85
51 92
18 62
6 57
32 66
57 21
55 3
34 41
31 62
55 78
26 95
56 82
49 20
30 18
67 93
44 40
48 62
35 86
58 57
43 90
31 39
54 42
5 96
80 3
18 17
49 43
51 30
35 44
12 17
25 52
71 68
88 53
27 95
41 30
45 9
58 60
97 50
100 64
91 1
27 63
6 41
69 47
82 96
54 12
98 16
100 88
97 51
98 77
34 25
7 8
40 19
17 63
60 1
96 66
96 66
29 69
44 8
46 95
63 65
8 24
22 99
86 84
95 28
49 93
26 65
39 37
58 5
22 66
90 52
49 5
100 28
95 92
69 3
81 75
100 4
66 19
32 62
49 6
63 47
18 86
55 65
55 65
34 49
66 17
50 82
29 14
47 38
94 89
74 60
9 2
53 64
96 58
46 37
47 92
96 51
71 2
85 80
53 55
44 67
75 31
53 11
43 47
21 74
21 13
75 21
21 29
39 83
59 83
69 35
1 82
76 20
75 51
7 98
9 68
92 68
57 80
37 33
38 5
2 68
62 93
47 58
54 32
9 2
44 94
100 75
56 4
15 47
36 54
9 58
10 14
62 84
61 20
5 12
35 57
34 85
31 32
55 86
72 19
89 66
75 72
24 100
64 86
49 22
31 50
24 5
40 41
39 29
12 38
78 97
40 48
74 82
76 6
45 79
34 83
19 52
96 5
90 87
85 98
83 58
50 96
47 63
45 93
62 68
51 74
79 50
95 52
33 6
85 87
18 22
22 71
59 10
42 22
37 8
59 83
24 23
61 13
98 24
62 51
72 50
27 72
53 98
97 83
2 78
97 29
31 17
21 81
92 33
72 55
5 78
74 91
21 3
51 41
70 35
82 70
53 66
100 84
77 73
86 71
36 22
46 94
59 94
94 83
87 67
95 1
52 66
62 89
55 13
2 41
75 91
27 14
28 12
27 89
75 96
30 41
23 17
5 65
2 21
66 1
76 19
58 99
92 43
48 73
61 91
13 78
30 42
13 56
13 13
58 66
50 79
100 87
3 12
8 72
94 69
42 78
3 24
97 34
3 19
9 37
50 26
78 9
87 2
78 38
56 49
62 50
59 78
79 17
18 14
12 51
96 18
94 84
69 49
39 60
93 57
29 91
52 89
22 50
94 98
16 2
31 16
43 76
15 88
34 79
3 99
60 8
75 56
5 23
9 94
29 26
65 11
10 19
6 35
52 12
39 56
14 35
13 61
49 86
92 52
30 26
60 36
39 69
75 62
81 36
30 80
68 18
9 78
81 69
41 19
54 75
48 22
72 86
49 51
14 61
57 64
51 1
74 68
31 20
7 75
34 61
11 97
71 85
43 80
69 83
22 49
82 87
82 18
86 61
30 24
25 69
16 87
42 59
63 37
42 48
22 46
44 16
61 17
82 23
24 36
2 35
36 98
23 57
25 73
36 100
37 17
81 36
86 52
62 37
63 7
92 27
95 97
73 4
62 63
89 28
41 86
36 11
22 67
22 3
21 72
4 42
46 23
88 10
45 53
61 59
30 9
18 98
4 27
42 77
99 73
80 14
43 63
86 70
2 71
19 35
21 21
90 39
99 71
58 72
51 75
61 77
49 50
97 24
86 32
63 13
