2000 50104
2 63
91 88
30 35
64 56
96 25
48 97
69 51
4 58
94 49
97 30
34 7
45 86
85 1
31 27
68 1
43 89
59 96
9 99
19 23
8 55
23 92
23 14
30 73
54 13
33 45
43 63
63 22
56 86
20 53
94 8
55 12
73 67
84 95
36 99
36 22
80 72
83 47
56 72
35 29
77 95
4 53
68 87
73 33
88 54
51 65
40 85
82 94
9 60
100 83
52 68
17 15
74 27
26 81
98 39
27 39
10 78
40 1
41 60
65 63
11 5
34 19
72 26
83 72
70 66
7 76
70 45
1 37
90 22
25 69
87 17
18 69
28 21
7 4
90 53
67 26
57 68
82 37
100 71
65 80
81 72
51 39
33 46
55 98
28 19
31 84
33 36
38 48
22 85
26 47
2 10
33 41
11 66
25 36
67 64
80 31
32 63
37 9
32 19
73 85
61 29
19 35
90 5
41 1
25 90
31 57
59 27
81 10
12 45
59 97
97 89
93 16
61 87
30 86
99 13
89 58
12 69
31 100
26 5
85 5
56 47
79 15
69 46
19 64
4 2
36 9
98 46
87 64
72 69
30 64
11 100
84 49
100 50
100 4
24 50
24 92
82 12
83 76
4 1
94 9
93 24
100 41
86 24
53 11
81 26
36 89
93 68
44 46
66 40
70 24
29 51
74 86
49 38
97 96
92 1
4 91
32 56
41 46
42 7
55 77
70 9
52 6
39 25
69 11
3 62
62 74
44 2
84 25
96 1
47 54
77 33
88 77
99 46
14 9
93 39
31 23
49 97
37 58
75 68
67 36
7 81
55 18
40 74
7 71
51 65
31 74
10 61
35 73
71 20
51 67
89 1
93 80
2 25
79 25
13 42
4 38
93 51
57 95
87 62
88 3
55 100
16 47
28 79
5 45
29 55
72 69
88 67
30 3
8 26
62 87
96 90
14 59
68 56
35 63
20 29
18 73
17 89
81 41
4 97
87 60
31 8
45 97
31 91
84 84
23 73
44 33
39 21
15 75
52 79
78 34
3 78
58 79
93 80
82 8
63 23
73 34
53 77
2 42
54 36
60 54
63 80
49 78
26 12
30 35
35 40
97 92
99 59
51 80
78 33
3 55
90 39
8 92
99 3
72 30
44 75
21 76
67 14
82 47
36 50
18 92
59 32
90 79
76 70
3 12
71 87
90 45
28 97
75 15
91 38
81 85
86 20
5 17
82 62
11 32
86 3
16 53
8 23
36 62
19 33
85 7
90 68
60 71
44 98
88 71
31 52
39 24
9 46
98 17
21 70
96 47
67 9
31 2
85 26
94 30
86 65
7 64
35 26
13 61
33 30
25 63
45 45
18 49
81 79
26 58
81 32
18 34
94 11
40 7
54 95
64 43
76 13
43 14
23 65
71 11
83 84
5 69
10 86
91 81
2 85
82 56
38 28
21 45
64 9
74 5
14 75
49 25
32 20
49 100
13 37
64 49
25 63
10 82
33 97
6 93
87 91
13 29
23 26
80 1
52 35
28 72
43 95
79 99
23 86
17 60
50 9
5 21
22 28
59 47
47 2
75 64
40 54
84 81
95 9
3 62
9 85
9 83
4 38
40 4
57 34
16 74
3 4
81 48
77 7
35 100
38 93
64 98
48 80
13 70
43 98
51 14
40 42
38 93
30 13
14 79
6 4
79 73
18 99
79 83
89 19
16 100
54 46
80 72
51 80
48 54
82 85
59 16
8 88
37 22
98 71
64 74
5 96
100 74
97 21
81 54
87 74
86 13
44 51
86 53
50 83
39 1
36 19
42 76
28 93
17 83
55 6
33 48
47 7
73 4
12 30
35 26
40 56
65 75
14 49
91 35
64 29
48 86
49 3
72 68
84 59
47 73
87 41
88 6
98 47
35 62
69 60
84 72
73 26
64 10
69 76
22 60
2 10
57 94
63 87
29 54
73 28
18 92
14 1
20 35
42 96
25 30
6 12
81 51
41 57
20 12
71 37
56 85
19 97
20 39
27 4
54 56
18 64
66 45
42 61
15 10
100 6
62 72
99 33
72 83
25 82
19 8
94 95
79 43
75 54
8 81
7 49
48 81
25 73
72 49
19 15
66 20
96 31
24 26
99 22
88 39
95 90
21 10
44 75
65 86
40 1
22 78
19 93
9 64
87 22
60 6
24 25
39 79
73 77
74 57
10 62
49 10
92 16
55 8
27 53
67 69
63 88
86 53
66 50
39 12
57 1
84 16
57 83
5 83
59 94
55 4
44 21
6 83
75 66
87 95
70 20
67 66
9 25
88 13
75 81
47 46
99 18
50 5
85 25
23 46
23 13
47 38
72 56
67 80
53 97
50 60
33 49
67 84
87 12
98 50
6 48
96 64
33 65
14 30
100 99
43 58
68 86
95 71
48 92
94 3
82 18
70 12
12 68
42 42
57 24
39 48
40 87
8 93
88 4
25 63
82 38
63 68
71 52
53 45
29 47
75 48
55 4
13 47
42 84
41 15
62 96
99 83
36 31
94 61
12 64
87 29
36 70
79 49
82 99
36 14
24 3
15 16
5 25
36 70
8 57
13 100
74 69
47 96
20 92
13 24
71 10
2 81
75 91
93 62
6 26
55 90
68 61
60 29
67 36
61 96
53 96
28 32
59 78
40 26
73 44
70 42
79 6
9 65
100 42
12 4
96 78
23 45
26 72
100 2
10 66
33 80
12 1
35 35
79 75
84 44
48 10
2 37
85 25
74 53
46 50
42 50
29 42
65 10
54 30
95 77
25 6
58 25
75 60
83 35
97 2
47 3
4 76
27 7
7 68
3 18
38 63
2 45
78 62
63 34
1 99
87 27
47 13
65 99
22 13
78 40
48 95
21 75
79 76
84 19
94 27
76 25
25 20
22 68
41 86
30 49
69 96
65 43
87 74
43 56
100 78
36 27
89 10
3 53
62 34
48 29
58 22
100 96
49 26
87 83
14 81
2 24
73 62
61 45
66 74
46 26
90 84
13 68
18 100
20 59
48 38
12 26
95 35
24 57
85 45
35 21
54 6
53 41
52 15
92 31
47 48
51 92
27 57
88 9
5 97
41 90
35 38
14 18
92 37
83 63
100 53
5 69
84 38
25 66
17 14
1 63
22 91
6 97
13 31
40 43
25 8
60 20
3 20
20 94
84 77
87 65
6 66
89 82
92 57
57 81
80 12
38 56
59 72
59 68
25 16
64 68
99 10
59 53
77 38
90 98
94 67
29 90
46 67
29 56
53 55
63 80
30 19
74 97
20 28
94 1
13 39
97 35
6 20
15 59
68 29
41 96
54 75
73 94
29 29
45 83
30 74
60 92
34 90
40 98
18 12
59 5
3 17
16 21
69 10
32 54
57 70
14 76
60 43
3 36
43 84
12 49
17 67
72 2
37 46
88 95
65 2
50 36
84 81
70 73
16 46
3 9
10 69
21 20
76 55
90 97
17 54
57 80
50 41
51 43
96 29
67 52
61 100
51 46
35 24
81 9
34 51
91 93
95 36
93 46
45 81
37 19
56 94
13 47
8 20
92 91
53 93
24 73
93 27
88 74
46 46
61 72
91 34
55 66
81 44
66 88
45 14
98 97
74 20
46 54
100 92
69 48
12 5
60 91
71 45
46 28
40 99
4 96
89 73
86 34
48 93
85 53
22 53
3 38
50 51
81 24
47 29
2 44
5 49
91 55
89 17
50 94
3 78
31 2
56 59
84 21
96 90
52 24
33 70
21 61
97 78
84 13
42 60
61 34
95 3
12 5
6 62
34 53
16 52
46 86
20 38
63 44
83 90
93 42
18 81
84 40
74 66
16 61
37 35
30 14
6 15
25 3
31 59
9 45
8 5
86 69
44 65
3 46
90 92
28 86
24 6
86 69
11 98
65 65
98 3
5 52
28 21
56 16
90 4
95 72
1 1
61 42
58 67
35 90
6 83
27 100
18 81
79 100
94 60
54 16
60 65
99 27
31 18
90 23
59 23
38 22
27 91
54 39
92 67
16 35
81 25
67 24
54 3
43 74
83 89
51 57
99 26
11 9
6 72
41 29
5 33
59 24
53 22
14 51
93 65
58 57
92 2
63 98
88 56
85 14
68 13
47 21
36 92
98 82
88 43
94 14
87 4
15 86
100 52
79 22
82 20
32 76
97 46
35 74
75 2
80 86
38 31
25 27
90 46
43 54
17 7
46 30
53 30
70 29
60 81
98 46
27 85
3 34
60 43
67 40
88 47
27 7
13 12
23 38
77 89
1 7
68 51
63 44
67 92
67 55
93 65
48 63
99 30
90 62
83 36
25 31
69 47
72 18
49 9
10 93
66 24
66 16
55 22
19 53
87 44
66 54
16 50
13 80
69 88
27 93
31 71
8 86
5 99
44 83
30 24
33 87
96 89
97 26
48 30
62 32
16 80
40 47
61 94
14 62
81 8
95 81
90 44
1 7
66 99
38 53
10 99
32 74
55 68
17 72
50 26
41 63
34 78
17 27
6 94
54 17
95 19
88 64
61 2
51 70
31 46
42 77
84 56
78 86
91 3
31 38
91 17
6 82
22 84
52 10
71 95
3 43
46 43
60 39
3 49
64 41
49 91
65 99
95 14
56 10
33 23
96 91
48 24
66 100
12 69
5 17
72 68
58 88
93 32
84 69
8 57
75 30
26 98
43 64
53 15
68 100
25 53
95 32
25 33
47 88
98 93
95 28
1 31
96 35
6 66
55 31
59 27
54 8
71 30
53 92
61 69
3 4
48 34
9 44
21 3
11 3
13 12
92 22
68 42
5 43
75 42
27 98
80 72
52 39
70 13
84 39
19 90
94 66
78 70
43 23
92 5
28 14
89 2
92 35
23 1
94 19
99 18
81 27
100 78
69 99
33 71
60 46
24 2
32 4
68 41
44 56
42 6
33 52
35 77
61 47
37 46
61 18
87 96
68 70
65 9
8 61
3 8
83 98
2 78
33 29
78 20
93 82
60 42
66 21
37 69
82 94
12 91
87 86
62 21
11 68
55 84
46 43
70 65
78 85
77 46
90 5
73 92
70 4
22 56
59 68
30 2
10 54
20 37
68 50
30 23
84 45
76 10
32 30
18 43
77 87
16 58
95 62
21 20
75 51
13 35
9 88
56 45
24 25
95 25
69 17
86 45
2 8
14 59
55 9
31 44
42 4
96 14
4 35
11 59
17 21
62 54
92 61
79 74
33 91
60 10
8 96
16 35
87 71
91 25
86 77
15 9
7 34
32 91
35 28
33 85
44 77
96 16
89 81
19 53
42 40
9 97
4 97
43 100
75 7
11 6
74 43
16 62
6 19
29 30
79 21
75 91
90 83
22 33
53 65
23 73
33 94
12 60
90 60
19 64
54 37
27 36
33 72
12 22
59 78
20 51
45 58
2 54
67 66
85 38
21 7
8 58
93 86
76 55
3 9
67 44
86 60
28 3
35 6
92 30
56 32
13 78
66 21
97 67
34 10
70 85
71 39
19 3
33 96
13 98
37 18
38 84
39 86
22 89
50 6
97 63
41 39
94 63
51 69
7 57
78 53
23 27
66 66
22 90
98 81
68 74
89 34
84 41
95 76
75 91
27 70
2 60
87 68
44 42
99 26
72 77
13 26
69 16
90 79
97 74
81 66
79 96
34 57
20 51
100 36
83 14
68 65
40 26
28 29
70 33
98 34
57 33
92 59
15 99
79 22
42 40
83 24
19 7
77 32
29 100
93 97
3 1
31 11
31 64
46 95
29 36
54 40
10 20
49 51
44 70
58 45
82 68
74 17
91 2
53 18
73 4
26 67
20 83
64 30
53 95
90 67
13 63
10 27
33 26
27 14
40 1
74 17
61 37
58 7
2 48
90 36
2 56
4 100
72 98
32 19
49 94
52 33
85 11
10 66
100 36
80 32
67 10
81 3
53 49
58 63
33 73
77 4
35 30
5 7
40 33
39 24
46 73
4 48
100 3
78 98
31 61
39 55
4 66
91 97
48 61
5 13
32 85
49 68
61 13
3 82
32 87
61 58
54 67
17 49
71 23
54 54
48 80
37 33
86 8
1 80
46 95
71 80
29 84
80 24
75 86
69 68
71 100
20 11
72 15
70 54
49 60
54 27
61 8
4 26
97 24
60 20
61 38
28 60
9 88
21 2
31 93
40 74
81 60
36 11
8 22
51 82
41 64
56 53
40 66
27 72
8 33
85 61
97 3
36 16
17 36
23 41
4 83
39 87
42 3
28 98
8 40
42 62
33 76
20 99
98 87
29 99
80 19
58 77
9 10
40 6
30 30
91 3
79 31
10 41
26 13
87 4
13 23
67 29
94 56
4 40
45 52
1 88
40 52
41 6
36 55
56 88
15 46
92 38
94 26
8 100
71 87
54 66
49 62
3 62
25 16
46 100
84 13
4 34
55 28
44 22
43 39
84 58
34 76
74 21
46 98
11 41
12 24
10 72
29 69
5 80
13 12
73 20
5 19
52 63
65 25
40 74
60 2
79 23
31 11
5 28
86 22
53 49
58 45
87 35
56 10
35 60
32 35
91 22
90 46
39 62
34 96
85 84
22 71
19 71
58 5
67 69
29 11
21 80
76 92
10 31
25 59
88 3
82 50
81 30
92 18
99 27
20 3
51 71
77 1
3 65
55 50
15 22
55 13
65 94
1 9
62 22
99 6
84 43
4 96
88 51
22 56
89 43
24 86
96 27
7 65
81 42
62 47
88 28
53 22
90 38
97 58
77 32
29 93
30 60
9 61
20 10
28 86
81 63
70 32
57 38
83 27
25 82
71 11
89 39
89 27
71 19
3 13
39 32
6 61
6 60
26 34
28 17
47 54
50 20
23 95
53 18
82 61
36 41
92 45
87 82
25 78
40 55
63 66
6 70
22 14
24 26
25 31
49 51
4 89
47 63
5 88
86 67
71 96
27 50
26 58
11 22
49 69
80 22
49 54
55 81
38 81
26 87
34 97
84 86
27 6
56 43
88 3
61 19
43 83
32 100
47 52
20 61
71 54
61 17
25 82
44 19
84 43
1 13
93 69
39 83
47 27
49 8
24 1
69 22
76 57
2 58
79 43
76 77
33 31
79 96
30 58
70 11
57 35
63 6
5 96
35 92
70 49
93 51
47 10
13 31
24 50
45 14
32 91
46 55
6 30
8 73
90 73
41 24
8 37
34 93
80 58
55 63
34 52
55 59
23 36
61 60
8 68
54 78
37 37
41 99
84 26
66 94
62 61
40 12
29 99
67 9
27 3
50 47
59 11
73 65
62 78
34 12
18 78
45 20
79 66
75 59
52 44
20 90
67 83
60 32
53 82
46 92
66 94
39 85
53 2
88 81
99 44
12 22
93 59
35 32
52 20
77 36
53 25
14 32
68 47
81 76
32 92
94 1
82 74
90 2
19 65
44 3
23 13
88 94
88 23
53 30
62 53
92 18
25 19
28 87
3 50
29 52
26 78
68 95
67 88
30 80
7 76
66 84
41 1
100 86
52 15
45 72
28 73
4 92
10 55
47 19
36 67
41 99
41 71
18 92
82 100
11 36
61 95
56 65
98 81
100 69
60 46
11 33
91 86
84 17
38 19
93 87
13 68
15 49
12 82
79 8
44 80
19 9
96 91
37 32
70 94
48 5
33 3
97 66
51 96
42 9
43 36
87 14
34 7
35 6
4 6
15 59
97 93
16 52
70 75
94 74
15 20
29 20
4 58
58 57
65 36
94 29
2 44
77 56
8 77
14 77
7 63
4 56
84 85
55 53
92 87
53 30
2 9
24 41
49 47
4 57
17 1
43 34
90 70
50 8
30 39
45 27
16 66
26 84
60 78
85 92
72 57
27 97
65 11
27 14
36 54
81 99
20 42
37 49
9 54
80 70
2 25
16 68
35 77
85 61
70 72
26 15
37 90
23 80
49 7
37 88
26 88
17 8
32 21
68 58
66 15
61 11
64 36
81 32
38 94
24 14
17 75
9 2
2 62
33 85
36 68
37 15
14 83
55 61
25 15
22 88
86 31
27 39
89 55
20 59
11 51
10 78
45 74
100 40
32 10
45 80
36 79
10 97
61 39
67 99
29 54
78 5
79 62
92 90
58 88
17 55
67 55
26 62
77 9
68 16
59 47
12 76
56 83
24 81
19 36
81 97
97 21
4 18
7 88
86 27
76 77
17 38
95 5
72 50
16 30
79 14
17 81
4 8
40 10
29 20
22 59
68 16
7 24
1 20
59 57
16 64
69 26
78 11
42 25
45 34
97 78
52 23
9 9
53 60
27 4
27 97
33 57
23 24
82 14
91 44
8 2
57 90
59 81
55 6
29 91
75 10
85 71
97 24
30 70
24 33
25 43
51 28
91 48
83 18
3 99
1 56
99 81
23 24
78 18
92 58
68 10
27 95
95 80
28 70
79 55
21 83
54 66
63 63
43 58
87 80
53 6
3 60
96 21
11 38
9 17
76 12
37 100
93 88
72 87
66 21
68 72
48 81
69 48
58 19
31 98
23 46
10 26
81 31
46 21
40 43
24 88
65 30
66 37
18 19
92 52
96 91
38 54
97 17
58 53
32 11
35 48
10 10
86 22
30 69
20 100
46 91
5 32
57 51
38 30
28 18
74 71
57 1
76 50
94 18
66 71
58 47
17 15
76 96
90 29
14 87
67 38
13 68
78 69
84 26
82 87
21 20
79 69
71 40
69 36
36 73
2 2
3 36
45 83
40 76
85 56
64 34
85 18
89 39
72 84
75 47
69 8
98 54
83 47
96 57
91 23
49 69
5 55
7 89
24 64
94 84
72 75
42 53
58 3
1 43
25 78
39 41
73 14
3 46
9 32
41 50
38 19
10 34
96 37
82 1
1 61
80 92
97 86
38 78
20 30
21 69
64 76
88 37
18 74
46 74
35 93
8 96
94 42
39 47
67 84
69 5
32 82
90 10
10 57
89 85
91 53
34 34
27 25
