3000 45671
80 43
48 18
79 56
13 59
90 75
29 52
23 56
25 76
25 44
63 30
75 58
23 16
67 10
82 32
43 10
72 76
50 27
93 39
3 2
37 31
94 39
32 3
100 80
83 52
57 83
58 51
73 25
10 23
4 44
10 90
27 28
83 39
57 7
58 35
47 97
46 81
38 86
21 52
23 8
62 81
84 82
97 17
84 97
2 43
30 49
26 6
73 70
80 27
19 44
27 23
68 57
64 34
10 25
67 89
98 38
66 8
24 39
70 62
27 30
79 35
31 51
6 9
14 73
88 9
63 43
60 21
85 41
100 28
81 73
7 100
61 9
64 6
56 17
44 57
17 100
37 17
21 62
41 21
68 43
39 58
19 44
36 52
54 43
28 68
2 40
52 80
46 27
78 30
73 42
72 57
56 64
4 44
29 17
69 88
43 53
91 60
29 9
27 45
42 39
61 33
86 45
2 47
76 90
93 61
97 55
92 89
29 29
18 69
84 9
97 71
8 78
2 52
84 74
14 20
81 72
37 13
65 100
26 98
14 43
37 41
50 54
22 58
92 84
78 71
90 46
34 88
21 82
70 6
13 33
62 20
30 38
50 29
64 19
5 27
94 89
12 73
48 67
22 69
29 41
31 27
70 39
89 18
84 79
53 13
2 90
65 50
90 77
18 89
90 99
3 71
6 29
91 5
76 29
98 64
69 27
66 26
83 4
89 8
87 31
47 88
50 27
69 20
96 16
65 97
25 46
89 56
77 70
25 64
63 24
57 62
7 90
32 14
97 32
91 20
37 26
50 21
55 21
26 55
67 9
96 20
80 25
25 89
87 24
8 53
74 4
7 50
25 78
8 59
47 57
11 60
55 46
48 35
31 79
2 13
13 32
8 76
43 68
41 53
32 39
5 91
49 66
38 29
88 57
46 97
28 100
76 82
95 17
34 21
53 88
14 77
82 40
85 13
90 17
68 63
92 17
63 21
26 64
16 47
22 31
24 20
26 6
76 77
71 6
9 37
78 89
35 89
16 12
20 9
27 41
47 3
76 51
76 7
36 83
15 7
21 55
16 82
91 41
67 24
49 2
43 28
32 100
30 93
27 40
21 69
49 55
18 9
35 41
26 18
33 55
57 71
49 89
11 12
84 99
72 47
71 48
61 40
6 35
86 60
32 48
85 28
84 14
59 50
60 86
19 96
74 57
32 92
34 77
16 97
98 15
35 31
58 76
82 67
16 23
85 68
2 35
17 78
54 76
89 75
42 47
39 30
97 97
43 88
49 41
80 96
14 86
19 41
93 35
71 72
56 100
76 34
55 51
39 13
35 83
66 88
9 60
60 39
97 80
95 36
75 87
95 94
81 18
32 15
28 12
96 41
68 82
81 98
64 70
22 57
69 72
58 68
60 38
17 21
100 7
60 30
97 16
65 92
30 70
89 50
87 64
85 21
16 83
42 66
75 85
50 65
7 54
35 44
9 56
56 33
81 32
35 94
2 78
61 49
67 8
29 42
9 41
86 89
9 39
72 10
59 97
30 63
29 78
70 86
46 83
80 84
29 68
42 98
96 28
10 37
82 99
83 91
46 10
98 33
24 8
20 46
99 49
82 61
7 42
60 4
89 45
87 73
94 50
90 75
100 73
12 57
18 16
8 14
50 98
27 54
31 23
8 46
56 68
12 52
78 32
1 50
91 36
58 51
95 99
87 63
68 39
28 97
21 5
13 48
25 29
96 12
85 94
76 78
77 25
43 35
87 33
66 21
29 59
80 82
7 95
28 83
44 91
25 62
87 96
45 40
51 68
18 71
52 85
58 35
29 74
81 68
58 85
71 9
91 18
4 83
9 23
10 57
32 32
29 79
22 56
8 60
24 43
58 1
35 89
53 67
100 35
21 74
70 87
81 45
53 7
76 34
8 28
96 97
100 95
95 75
92 36
2 14
64 97
43 73
59 49
92 71
76 40
69 85
14 31
66 10
72 19
23 54
75 18
55 50
3 32
48 73
63 62
27 26
58 74
97 2
31 92
57 60
70 75
100 31
37 5
22 82
27 16
97 84
69 30
79 62
43 10
60 66
80 76
6 7
54 90
91 24
49 29
29 29
59 60
62 59
46 90
82 78
36 64
72 7
89 80
91 48
72 80
51 93
17 73
29 53
99 94
99 17
37 12
68 69
50 99
74 68
41 2
76 14
22 3
9 31
54 75
64 13
68 48
34 2
21 71
74 37
76 25
69 99
2 18
86 84
82 9
100 7
67 14
70 73
23 14
55 93
60 72
94 93
57 85
28 44
74 97
8 30
26 12
11 60
27 50
75 10
36 80
68 51
50 23
57 82
28 34
56 50
72 46
96 81
41 51
92 16
69 70
16 28
60 66
22 87
1 63
93 27
73 93
19 28
62 51
48 58
26 20
21 22
41 2
34 56
48 17
67 50
41 86
25 29
77 10
20 35
99 38
64 41
39 38
1 13
20 74
66 71
8 14
43 20
13 3
48 16
34 87
81 24
15 43
45 5
55 10
67 58
37 31
79 55
85 85
99 81
26 64
10 57
71 2
19 66
44 12
71 70
85 15
36 49
95 98
13 76
7 36
46 36
76 16
45 73
98 100
47 90
11 95
5 13
89 61
23 49
4 80
22 99
56 73
70 75
66 3
62 34
36 32
54 85
40 88
20 16
4 65
18 52
82 24
75 18
36 69
77 36
45 88
72 83
64 36
91 37
84 11
71 71
36 24
59 78
15 95
85 23
5 19
25 41
41 87
45 79
100 90
44 67
66 78
55 14
65 41
83 32
16 47
100 24
36 17
55 35
72 91
40 33
72 38
5 15
66 3
59 6
33 2
62 90
30 40
96 37
52 26
13 2
18 60
40 50
23 80
85 54
76 24
79 98
9 95
17 63
23 29
60 36
12 29
88 58
14 49
77 21
22 89
29 95
76 44
10 57
36 81
47 86
1 90
59 70
3 100
66 92
18 27
35 1
27 33
99 67
83 90
30 10
12 68
100 49
21 11
86 99
84 2
97 35
65 97
45 48
13 97
87 25
4 83
24 77
27 82
18 83
52 49
48 22
98 78
28 44
9 79
33 10
26 29
9 68
92 80
29 29
74 11
61 6
15 81
52 95
59 24
97 70
34 4
22 44
49 18
54 15
8 42
32 72
50 1
24 38
28 19
14 49
62 62
32 54
90 25
88 95
1 36
41 25
88 17
98 65
20 68
96 95
83 75
46 96
5 14
26 54
26 76
30 76
86 59
92 9
34 70
96 83
89 30
67 25
70 78
37 100
20 39
29 19
20 71
22 91
52 57
48 41
87 39
13 70
79 46
76 15
53 17
79 82
17 39
92 33
28 46
36 6
87 79
10 20
33 54
43 44
87 25
10 81
25 19
72 36
2 89
58 40
20 70
42 19
76 64
89 47
78 18
47 55
69 65
49 40
68 45
20 73
96 32
55 84
84 43
26 78
82 98
88 59
4 59
98 89
79 43
84 56
86 94
18 21
45 28
70 99
60 16
32 52
80 80
36 86
55 39
33 20
93 25
74 8
74 90
68 88
14 54
3 59
67 42
82 71
51 98
34 87
53 43
47 30
40 22
89 37
72 7
22 71
28 95
28 17
71 59
7 89
63 24
8 5
24 61
7 51
78 3
35 76
38 55
9 34
71 61
45 93
41 54
15 37
18 53
14 43
35 25
84 58
68 2
1 18
17 28
18 51
86 56
70 23
16 32
26 77
10 59
88 38
99 100
37 6
67 6
21 58
95 94
29 30
29 14
70 7
87 80
6 69
5 82
25 86
66 2
27 95
69 31
6 7
93 31
38 83
71 50
27 7
73 40
38 3
79 25
90 20
55 5
65 80
11 42
71 37
42 9
20 52
10 26
40 60
8 57
76 32
60 17
55 3
56 13
40 83
24 9
42 44
97 51
80 42
18 30
62 4
58 36
38 12
67 11
51 19
76 94
37 60
29 25
48 85
26 14
8 1
89 4
81 70
72 33
99 97
3 6
13 93
70 49
64 32
4 52
30 57
39 15
63 20
84 59
46 79
55 2
7 19
87 22
51 4
39 61
5 3
13 8
96 48
42 14
31 18
98 18
69 59
20 29
27 95
69 44
45 42
34 95
57 99
77 11
5 79
56 48
31 69
17 71
77 96
94 52
20 22
6 4
84 18
34 42
89 63
29 96
40 43
48 81
16 69
91 47
86 93
72 24
55 6
33 41
65 37
37 23
31 58
34 96
8 51
57 52
2 91
53 44
42 99
10 89
81 6
46 77
17 36
12 74
14 48
94 83
57 77
85 69
99 87
41 94
70 62
40 1
69 89
10 5
87 33
36 10
52 3
24 26
7 33
58 60
8 66
24 21
94 82
38 75
57 68
2 32
46 27
10 58
6 75
39 25
19 99
38 32
84 1
88 86
1 6
49 100
81 69
58 82
33 69
79 7
50 28
55 30
70 59
70 68
64 86
56 91
6 77
67 40
31 16
64 9
24 99
39 33
87 82
69 32
28 8
95 49
22 63
26 86
4 7
79 89
64 62
75 5
17 21
100 14
62 42
17 78
48 14
42 62
26 11
33 82
72 68
27 38
39 63
42 78
97 6
54 1
49 69
2 82
20 92
80 36
17 43
95 43
70 21
4 24
63 74
97 80
98 72
37 89
74 65
54 30
15 77
38 78
28 86
31 49
89 91
41 28
100 78
88 4
34 89
77 89
20 37
57 9
4 78
10 52
50 86
100 83
63 52
99 6
53 17
82 95
30 94
69 11
28 37
99 66
24 86
43 11
47 45
74 9
79 51
21 61
27 39
45 27
10 38
6 76
28 28
98 28
98 3
79 57
85 32
31 44
55 45
57 20
87 4
10 75
66 71
37 41
61 9
29 22
87 99
13 25
62 69
16 92
34 87
42 5
66 57
9 72
84 67
64 53
82 81
14 17
36 13
60 71
58 96
45 2
17 46
85 23
94 29
14 1
63 79
31 12
96 96
18 76
87 84
35 99
79 2
4 54
23 91
40 10
84 28
9 89
4 87
98 96
76 80
89 73
39 100
93 88
98 97
22 67
8 40
31 29
35 35
44 4
43 99
92 30
88 5
11 96
29 4
34 86
25 48
91 83
64 49
72 43
60 10
50 32
58 41
39 11
53 86
80 84
30 72
89 13
40 72
85 58
86 8
67 4
74 83
24 59
11 91
23 79
97 77
19 83
5 59
31 12
62 86
47 9
74 41
1 43
10 4
54 45
34 28
34 52
45 79
97 28
57 94
4 40
46 60
15 87
94 2
51 45
46 70
23 73
91 9
38 93
60 83
76 68
4 96
33 65
99 26
15 87
7 95
95 3
33 21
63 53
77 66
46 58
62 61
2 6
46 100
71 16
56 2
80 79
56 67
52 32
76 7
12 13
55 71
74 66
78 51
49 24
76 62
76 72
23 49
66 70
13 64
82 31
93 37
16 60
66 47
43 14
82 98
24 93
37 68
66 18
87 45
65 33
11 75
48 57
18 91
57 27
18 72
25 92
88 5
25 91
76 76
15 63
36 55
31 98
40 80
66 5
31 22
15 41
41 28
5 70
32 62
53 91
39 52
24 50
20 2
4 98
66 64
2 99
80 42
54 31
19 68
66 86
70 16
30 43
65 94
88 6
38 69
34 17
64 49
77 25
58 7
40 24
91 40
45 13
70 22
31 19
10 69
52 95
97 60
2 96
8 64
29 73
54 87
46 67
4 23
26 40
2 16
22 86
27 39
81 57
27 68
45 6
98 94
49 83
26 100
62 87
88 88
15 20
95 3
51 89
91 97
4 62
90 12
82 36
48 74
11 85
64 54
10 43
14 79
60 65
11 90
22 94
40 38
17 28
67 60
96 60
42 68
68 27
69 97
20 58
100 83
95 64
64 15
97 76
95 99
42 15
58 14
82 38
56 86
4 69
33 26
99 82
7 30
74 90
80 17
7 55
85 74
95 23
16 49
98 5
54 87
26 39
19 50
94 24
42 66
38 62
41 35
35 85
57 88
9 31
54 42
57 23
55 47
70 57
53 50
50 45
11 71
63 64
31 82
18 8
66 84
15 60
16 90
25 65
89 49
47 58
31 19
25 74
41 80
46 20
22 78
47 19
23 58
93 80
92 94
17 75
82 41
32 29
51 60
38 28
40 11
5 1
94 50
94 57
74 9
99 100
43 53
84 31
61 15
26 87
53 39
26 98
40 46
69 28
2 62
80 46
67 85
32 32
4 19
8 17
29 51
78 49
54 87
52 60
22 28
97 80
68 87
3 68
28 60
18 46
40 95
67 71
22 98
86 97
12 79
95 59
84 48
7 84
30 89
44 14
32 70
83 27
21 11
23 15
3 54
75 24
3 60
69 91
6 7
58 30
28 59
35 58
87 78
33 45
38 69
8 57
29 76
5 55
62 24
8 36
22 52
2 71
74 58
96 2
39 19
38 36
42 60
22 66
44 71
72 48
17 79
75 40
6 75
89 41
49 6
60 80
63 16
3 65
80 22
69 22
61 47
60 80
55 31
99 24
44 24
92 100
7 33
73 100
96 6
68 56
32 87
69 58
21 78
6 44
64 59
59 96
43 31
6 70
80 13
38 2
29 17
48 43
12 41
86 43
37 35
12 47
97 23
99 50
15 63
76 44
67 24
27 61
87 76
21 54
25 37
31 51
64 53
31 69
55 2
59 59
51 76
86 88
80 68
71 54
43 31
43 78
82 1
37 14
100 47
13 66
74 15
80 15
61 8
37 7
65 58
97 95
49 5
61 32
95 44
63 20
89 27
14 67
89 80
75 2
86 21
13 16
5 5
50 25
96 84
59 6
60 83
46 60
97 94
39 50
68 65
39 76
34 79
49 65
76 89
85 25
14 30
49 3
65 40
74 90
86 62
81 49
70 84
86 66
42 32
64 79
48 85
82 10
77 46
88 65
56 64
63 18
100 32
13 68
64 94
47 16
23 73
23 29
44 27
19 18
62 30
12 91
10 94
47 9
12 55
85 82
31 33
25 37
85 37
95 24
50 78
22 50
76 24
19 61
7 15
69 55
35 39
6 52
2 17
63 36
93 16
9 80
77 5
45 47
21 47
40 99
91 14
96 71
15 27
35 40
66 89
76 56
98 82
75 34
74 64
61 37
11 67
4 49
38 25
96 3
51 72
87 2
17 4
78 96
6 14
24 19
46 2
92 52
29 70
47 18
54 40
74 37
55 97
31 44
18 35
28 95
22 94
60 49
75 18
36 20
46 40
40 58
63 28
43 22
67 91
36 43
56 10
77 57
92 91
93 86
72 12
42 63
79 87
89 15
19 10
36 100
64 85
16 11
27 3
44 54
14 81
33 94
17 90
20 29
63 38
86 77
47 76
84 83
46 77
73 93
20 55
91 16
13 50
34 82
86 89
79 92
70 24
41 98
55 48
61 15
85 35
79 11
2 29
15 21
67 26
72 90
51 72
82 10
87 52
29 27
25 16
100 32
61 20
42 57
19 13
75 9
27 33
18 88
59 92
24 9
90 80
30 46
15 77
54 81
63 79
52 65
84 72
84 54
44 15
91 71
44 20
28 1
69 82
97 48
42 74
87 7
20 89
44 45
68 68
6 41
25 23
92 83
57 72
85 95
85 92
28 84
60 55
64 24
45 23
70 98
87 85
86 2
51 43
1 13
92 34
65 73
4 29
75 5
1 27
47 95
65 76
44 46
74 96
33 57
93 46
68 69
19 15
12 86
63 65
86 34
70 26
87 40
30 69
78 50
24 34
14 60
5 85
35 88
77 35
49 8
4 86
16 71
87 61
6 80
16 83
78 95
22 5
20 64
52 51
22 83
18 58
69 26
18 80
44 53
53 34
10 77
11 73
72 100
73 63
25 38
9 34
94 88
64 77
90 2
72 37
87 62
56 13
76 74
21 1
84 47
77 81
76 38
99 18
15 41
33 70
15 52
44 87
54 74
86 15
95 38
76 56
55 73
15 15
93 35
98 77
68 49
54 12
60 2
91 100
78 74
85 39
99 33
24 13
48 67
41 86
95 2
86 80
96 98
22 75
6 80
79 97
50 55
33 70
78 66
16 47
65 39
44 17
59 34
70 12
81 32
6 23
45 19
35 56
20 37
89 53
33 84
87 37
42 16
92 85
77 37
72 41
28 75
28 21
95 54
75 93
20 7
41 7
12 24
15 56
14 81
69 56
45 52
64 87
1 25
22 17
79 85
17 63
17 86
90 70
87 26
97 69
95 92
83 44
84 24
14 81
24 48
68 59
53 17
65 16
11 96
81 5
88 56
39 22
60 26
82 61
65 15
79 84
74 67
77 90
93 91
88 99
45 45
90 95
3 85
98 69
11 63
33 22
66 83
80 48
22 91
4 60
28 16
16 35
87 3
11 91
30 15
10 3
30 50
82 83
26 18
41 97
14 88
66 73
31 18
74 65
47 86
47 84
52 100
73 52
23 74
97 90
60 3
20 18
38 84
62 39
69 39
48 47
94 60
34 73
79 94
16 3
38 33
7 62
83 37
76 87
69 52
12 51
37 41
99 53
45 85
62 58
91 49
11 72
79 83
21 19
84 88
78 68
67 2
87 87
50 71
42 27
35 77
9 73
13 97
72 12
22 12
81 87
72 58
67 23
66 59
50 4
34 25
3 43
8 65
17 61
30 82
77 68
80 63
66 22
27 73
77 48
80 32
17 73
87 71
58 14
89 91
22 11
35 33
7 93
8 97
36 55
100 71
95 25
44 80
12 67
66 37
17 91
44 53
89 46
36 65
10 64
39 1
69 90
64 6
46 17
37 2
94 39
74 85
69 65
11 13
100 57
45 64
42 44
16 29
83 86
100 9
56 72
4 96
86 41
63 16
63 93
22 47
62 86
57 69
17 26
26 53
23 57
86 68
69 5
11 3
21 33
30 68
1 55
41 22
94 26
99 72
30 75
39 64
72 56
98 39
49 76
72 64
94 54
43 71
39 44
76 40
42 79
95 15
79 35
79 71
57 82
41 79
100 18
70 68
98 48
69 95
95 20
72 4
54 63
16 76
34 58
74 95
45 44
87 13
66 68
90 21
85 36
95 42
28 36
56 43
44 33
29 64
79 6
37 86
71 34
18 1
12 77
64 65
12 68
42 12
42 87
20 49
83 42
94 4
41 68
32 41
62 51
88 87
55 97
15 13
3 15
40 54
40 59
99 10
26 18
5 78
89 30
62 53
52 71
16 17
70 95
95 3
96 80
48 52
32 41
66 66
17 5
43 17
29 30
80 72
37 80
23 16
51 72
71 22
16 72
92 40
2 62
77 22
31 78
8 58
91 86
33 92
47 64
82 44
83 1
25 33
86 21
71 82
86 86
37 43
39 99
55 32
32 46
34 78
3 84
15 38
100 43
19 88
9 6
80 24
51 11
45 86
2 92
1 82
15 59
17 63
92 73
68 72
93 36
22 51
75 82
35 21
6 94
74 97
16 16
89 47
98 29
54 88
11 28
83 14
42 30
49 78
90 46
25 27
83 8
44 81
39 16
34 2
14 68
48 22
13 26
64 30
92 59
15 17
65 11
7 17
83 31
8 36
74 40
28 18
30 86
1 73
14 90
87 31
74 69
30 5
27 77
23 98
35 44
38 57
57 63
76 25
86 86
46 8
1 52
68 93
89 40
39 67
1 95
3 59
86 88
66 72
66 88
30 98
32 40
30 51
88 14
14 70
38 86
13 6
93 39
19 23
13 78
7 28
57 53
38 47
88 84
84 82
60 44
22 27
21 90
69 58
97 51
6 75
14 18
97 54
26 68
3 57
88 21
78 14
57 16
25 60
43 85
22 3
54 58
26 24
4 53
93 23
92 45
93 90
6 80
84 83
63 12
70 58
90 10
19 17
8 56
29 93
2 98
19 51
50 71
22 39
87 8
47 21
80 13
53 25
95 75
57 32
55 82
34 47
34 45
11 49
59 58
29 81
84 3
64 15
6 4
39 8
57 90
97 100
31 97
62 69
81 82
93 9
31 78
22 43
64 25
90 33
3 87
65 74
61 35
52 57
39 12
47 43
50 30
18 76
99 67
97 4
26 8
5 100
30 2
59 4
67 48
40 59
39 85
3 51
56 26
45 40
41 58
12 15
93 40
24 6
25 35
25 73
68 14
7 13
99 16
31 90
97 97
1 2
96 15
57 32
52 11
34 26
55 74
54 40
3 2
6 92
50 95
80 61
62 44
31 96
90 64
81 91
71 54
29 48
83 93
78 31
25 40
75 2
89 45
17 79
98 8
65 32
42 3
66 73
71 96
40 70
96 15
19 92
92 24
43 29
27 75
43 34
28 7
34 100
96 73
30 8
39 92
97 67
9 20
52 87
28 14
51 83
32 77
50 19
79 83
14 22
27 50
55 22
89 23
67 94
23 52
38 82
31 77
64 54
3 7
53 72
55 76
51 21
72 16
46 99
93 49
50 90
41 32
21 55
83 90
88 56
2 14
21 33
85 74
63 33
73 19
64 87
13 68
4 47
65 5
43 2
70 68
43 54
97 23
10 43
61 100
19 26
47 76
91 76
35 31
50 82
95 48
89 6
100 2
18 15
87 4
92 3
68 4
79 87
64 9
50 45
66 42
66 23
71 29
2 15
28 7
95 47
17 53
40 26
50 46
81 58
34 27
19 65
75 63
30 1
28 59
35 62
48 26
75 35
77 90
34 9
76 16
72 89
75 14
75 70
89 3
61 70
18 24
8 6
39 56
34 32
58 3
56 50
99 6
80 31
58 16
78 13
74 30
74 69
69 90
75 75
7 26
2 17
94 91
81 40
31 17
73 50
68 2
30 95
99 84
44 43
64 3
74 51
67 31
90 68
100 72
8 33
50 37
70 95
15 90
40 45
3 79
24 92
47 94
53 84
3 75
4 9
30 96
76 4
30 77
98 86
51 30
88 54
99 54
96 20
20 94
81 22
20 69
87 47
10 16
19 4
83 89
25 70
44 7
1 19
14 38
96 78
8 3
15 26
17 25
75 92
6 70
71 3
98 36
53 15
23 86
1 10
8 24
52 34
28 13
37 52
49 71
30 42
76 58
99 24
77 13
96 51
79 97
97 82
82 49
40 13
67 37
16 89
17 34
62 43
17 59
30 23
9 73
24 61
97 49
25 49
50 4
2 70
95 51
48 91
6 85
17 88
100 100
14 8
20 73
27 64
2 59
20 95
9 57
78 16
18 18
85 22
73 18
48 67
33 3
6 18
40 79
51 91
74 6
56 64
13 34
90 64
37 87
21 58
65 76
33 35
98 6
15 32
87 4
92 56
14 22
92 88
61 95
13 74
5 47
32 20
91 89
59 58
52 14
99 98
36 25
21 84
36 19
60 95
21 50
68 73
17 12
60 80
19 63
90 70
15 43
83 48
79 85
3 29
55 5
96 61
88 15
52 10
10 92
74 71
96 17
75 65
17 58
8 12
87 38
74 57
39 83
29 79
32 14
90 96
80 76
19 90
63 79
15 94
78 84
83 28
34 66
94 48
94 59
52 80
84 17
60 2
86 28
14 1
62 82
41 32
9 13
49 97
92 42
70 56
74 67
87 10
96 21
91 76
46 73
82 10
64 32
85 55
63 88
47 97
26 51
42 63
65 87
88 81
56 8
42 70
22 61
41 25
87 17
15 19
93 5
22 85
74 20
78 84
88 38
36 54
70 15
48 50
36 50
62 8
18 6
10 16
100 18
13 78
52 43
46 90
47 87
67 75
30 45
61 75
13 23
7 47
2 89
29 9
95 27
9 97
22 31
68 87
49 21
8 99
83 58
93 77
82 84
56 29
23 60
69 21
43 82
92 27
68 22
79 31
5 34
85 79
40 98
57 3
50 56
91 93
2 93
48 43
9 67
83 89
60 69
21 41
89 87
61 9
1 50
35 13
21 5
22 80
3 52
21 78
81 30
37 61
14 54
62 13
92 89
88 66
82 85
87 23
31 92
50 7
65 5
36 25
86 85
56 55
92 80
87 93
98 47
45 72
86 87
6 65
79 12
45 55
26 5
19 98
5 63
78 54
54 62
77 20
99 85
8 65
98 97
79 15
44 25
63 2
93 79
87 66
50 67
74 16
73 88
80 58
75 22
89 92
67 35
61 58
44 46
58 14
47 50
41 44
54 37
33 36
46 8
32 48
29 42
23 13
51 97
86 57
100 18
56 10
62 76
98 3
63 75
11 24
29 69
6 51
73 25
21 99
92 68
74 44
46 14
17 55
54 53
21 87
5 99
20 87
81 45
49 96
30 100
79 94
41 40
83 88
63 82
87 47
67 87
92 23
61 59
17 83
77 79
61 77
72 93
90 6
10 31
34 19
1 29
38 51
91 21
25 6
10 1
34 89
99 49
56 15
50 95
4 1
28 53
55 93
23 40
8 97
55 41
4 91
38 43
95 32
39 79
53 24
33 78
5 65
96 98
94 89
21 100
24 29
54 17
92 44
13 34
15 99
77 14
65 63
5 1
19 34
90 20
14 1
52 22
88 20
21 67
54 69
91 72
48 20
60 61
65 11
7 16
14 53
21 2
97 10
60 84
59 32
49 33
93 14
63 96
44 83
86 2
35 47
67 11
91 70
78 90
31 44
57 68
6 3
96 58
61 68
24 89
37 77
27 20
27 62
76 96
99 87
32 30
66 68
47 6
91 43
82 30
5 73
56 95
2 83
1 83
68 31
12 14
49 67
60 44
26 62
44 49
97 45
60 8
62 11
39 66
89 50
93 55
47 33
94 4
40 64
8 52
69 92
76 93
86 71
96 6
3 88
84 9
27 35
68 7
82 14
70 77
1 89
39 87
25 24
55 71
39 21
92 54
66 85
40 87
3 97
92 98
35 88
51 93
3 5
97 98
89 58
92 6
41 52
36 42
85 10
80 68
95 45
54 53
7 60
32 15
1 58
9 99
67 76
27 93
28 6
1 89
48 21
28 46
39 27
73 44
34 16
29 47
16 97
100 52
20 34
19 93
43 49
55 21
69 37
45 6
51 18
10 94
36 11
91 22
97 87
73 20
22 89
43 31
78 25
28 100
26 98
30 34
88 98
92 73
8 78
67 55
92 61
56 99
94 100
82 40
28 94
80 16
11 86
95 91
79 19
30 71
13 35
73 68
36 91
34 24
17 73
86 61
95 17
5 83
28 34
43 4
29 55
49 74
85 86
6 31
28 73
10 83
35 64
15 70
53 55
94 42
81 25
97 68
49 40
27 24
78 7
76 33
6 91
40 92
23 75
36 10
22 15
35 62
8 29
57 5
20 85
76 1
95 17
14 53
80 35
22 50
56 8
8 41
23 23
92 94
65 71
50 47
53 76
51 35
65 17
6 83
45 28
97 93
2 50
93 19
23 68
31 8
21 3
80 59
23 51
43 78
67 20
96 65
29 91
74 100
4 22
49 75
50 52
98 38
14 79
81 86
72 40
22 87
89 79
94 14
65 32
5 1
