2000 82543
18 26
10 12
7 13
21 10
21 23
15 17
8 15
6 24
13 38
22 28
11 16
5 27
7 34
21 28
12 29
14 30
25 23
25 35
15 25
15 18
9 21
11 15
11 13
19 20
25 28
25 21
8 20
6 21
22 32
11 21
23 33
6 22
11 29
21 28
21 35
5 40
5 18
8 29
14 29
21 19
10 34
16 40
14 27
16 14
11 17
13 26
14 22
21 11
13 38
17 13
17 22
22 35
21 13
17 37
20 17
17 37
21 33
10 10
15 14
12 23
14 26
20 17
5 32
19 39
22 35
12 18
18 10
19 30
9 21
15 31
13 29
20 24
25 19
11 28
17 25
5 31
11 37
23 39
5 13
18 14
15 35
5 40
9 20
13 36
22 12
7 14
18 11
10 40
18 39
24 32
7 23
6 22
16 17
18 33
10 13
10 13
11 14
20 30
22 27
19 39
19 39
20 15
14 26
21 17
12 27
8 35
15 17
20 12
6 23
14 31
19 27
25 21
20 31
10 10
16 23
6 33
15 39
16 17
15 10
23 36
24 19
8 21
9 32
10 38
8 16
15 26
9 16
17 22
5 35
13 40
14 17
19 25
25 28
19 26
13 14
8 10
14 37
18 37
7 33
21 29
14 18
5 29
15 40
13 16
8 17
22 38
7 38
14 27
17 14
14 39
16 20
10 29
24 18
15 34
16 16
8 37
10 25
13 34
17 22
7 15
16 15
9 10
13 23
15 23
20 26
22 31
16 17
7 11
21 30
10 21
16 12
8 16
15 27
14 37
11 38
17 25
14 40
8 10
14 38
19 35
17 30
9 18
14 28
10 16
19 40
12 11
21 31
25 25
24 12
9 13
25 20
22 40
15 39
7 28
17 16
24 17
8 34
6 29
10 32
19 29
34 44
21 54
29 58
33 37
29 48
29 58
31 52
33 64
22 51
38 44
27 63
34 53
34 65
39 37
38 64
36 41
31 42
40 38
36 61
25 57
27 42
28 61
38 37
35 42
32 41
28 46
23 35
26 58
34 36
34 49
37 47
39 40
24 47
25 51
28 46
40 47
21 56
29 43
26 63
35 45
32 65
34 40
22 52
29 58
24 55
23 51
28 60
26 55
36 61
27 48
39 47
32 58
31 64
37 57
21 49
30 64
30 55
26 44
21 64
26 58
34 42
22 54
24 65
29 41
36 46
39 65
38 45
33 54
30 53
40 38
37 43
21 47
29 36
36 38
39 56
31 51
24 39
29 61
20 45
26 59
29 50
28 44
34 45
31 35
26 42
30 62
35 35
24 46
35 62
31 63
38 43
21 46
34 51
26 46
24 39
27 50
34 61
36 46
34 55
26 65
32 45
38 43
24 36
28 41
40 65
29 49
38 49
34 54
37 65
22 59
31 36
29 53
20 63
29 64
27 40
32 45
28 53
21 54
29 38
27 50
25 63
20 42
22 57
31 42
31 56
36 55
38 41
25 52
25 36
31 53
24 41
26 52
26 47
21 46
34 35
40 48
22 56
20 40
31 46
21 35
40 46
22 58
38 60
33 53
35 53
32 63
20 35
30 49
21 52
40 60
38 52
33 46
38 60
20 54
40 62
27 41
35 39
34 57
30 39
32 55
26 47
22 46
39 64
30 60
39 53
33 35
27 60
33 42
37 58
30 58
31 45
33 59
21 61
35 45
31 55
35 52
29 49
39 46
24 55
23 60
34 56
35 42
22 38
22 36
37 42
29 49
24 56
30 64
26 53
32 45
28 38
27 39
39 57
40 62
32 54
21 52
38 49
24 55
38 41
34 45
50 73
52 89
38 87
35 73
43 61
37 77
52 76
45 80
48 63
47 78
43 64
40 87
39 85
37 61
51 65
46 73
51 62
41 77
46 62
38 68
50 79
49 65
46 73
36 71
44 67
38 66
36 60
37 88
53 77
38 85
52 70
54 67
55 72
43 67
42 80
42 75
48 68
43 71
35 72
39 65
54 78
41 60
49 73
36 72
43 85
55 82
53 71
50 70
53 79
40 65
48 60
38 70
47 67
40 85
52 71
55 67
50 68
45 76
44 61
50 80
50 63
55 86
44 66
41 62
51 81
44 87
35 84
42 83
55 84
55 79
36 73
41 62
36 60
53 69
42 73
40 85
38 66
46 86
50 82
51 62
38 90
49 89
48 61
46 83
48 63
36 88
42 64
38 65
37 73
52 64
47 72
42 69
55 75
39 87
49 87
37 76
35 84
53 77
51 60
35 77
51 78
54 76
41 70
44 85
37 62
50 77
35 83
40 88
53 87
49 69
42 81
38 77
46 64
52 64
41 71
47 62
52 90
35 77
43 65
43 61
45 65
55 77
36 70
43 61
47 64
43 86
51 63
37 64
45 74
43 66
48 84
48 81
41 82
43 60
35 76
36 60
51 76
54 75
38 89
52 89
40 84
45 86
47 64
36 89
42 64
48 70
43 68
42 78
51 66
41 83
44 78
39 71
41 67
36 86
41 69
37 63
52 74
41 86
37 85
41 62
51 84
42 84
36 72
48 88
41 88
48 68
39 69
53 73
52 73
51 77
46 87
45 82
43 77
48 85
36 67
51 65
51 66
53 87
49 66
48 61
42 71
46 73
54 88
51 64
37 60
49 89
42 70
53 65
50 63
36 64
43 83
46 66
52 64
50 72
53 84
41 67
44 84
47 82
35 75
51 89
66 98
64 95
58 100
65 103
68 95
70 111
59 112
53 115
65 85
62 91
53 111
65 111
62 87
65 90
59 93
62 111
68 112
53 97
61 101
56 113
62 104
60 113
62 107
51 99
60 91
67 97
56 85
50 101
61 105
57 98
53 104
70 101
69 97
51 108
50 111
66 107
59 95
58 113
66 101
53 104
69 114
65 105
56 91
50 112
58 108
64 104
53 102
57 105
64 115
59 110
62 115
54 92
55 88
68 91
50 97
51 91
66 109
51 89
59 115
66 106
58 90
53 112
69 98
58 102
66 112
56 92
67 111
55 87
70 99
70 100
70 115
64 89
65 102
65 102
66 88
66 88
66 101
60 115
58 98
55 94
63 111
58 90
69 111
59 102
63 95
63 88
55 105
55 114
68 98
51 103
55 108
64 110
64 101
62 90
51 93
52 92
55 111
69 105
50 101
67 113
62 90
53 86
61 92
67 113
51 98
70 88
62 87
55 94
65 103
55 100
62 109
55 110
65 87
68 90
59 103
56 95
69 85
68 101
61 94
65 108
58 111
66 110
53 103
53 99
64 99
60 113
64 104
50 108
68 87
51 89
58 113
55 96
62 110
60 85
62 92
62 111
65 99
68 114
54 105
62 89
59 94
52 93
66 105
58 101
67 110
63 96
64 87
56 102
68 102
55 85
69 90
58 106
52 96
57 103
56 113
51 88
50 104
63 86
52 94
52 86
56 88
69 109
61 86
51 114
69 109
65 91
51 105
56 100
55 99
57 113
62 105
51 101
59 94
52 102
59 85
57 104
68 111
60 90
58 106
66 94
66 115
68 95
60 93
68 100
63 108
54 115
60 96
63 103
64 115
58 90
65 102
65 115
67 88
70 89
62 90
56 90
52 110
53 102
54 92
52 107
67 122
85 117
73 115
73 118
67 134
85 111
70 112
74 128
79 110
66 138
84 112
77 115
72 125
73 139
76 130
71 125
80 120
65 129
80 121
85 127
65 117
76 121
75 127
67 125
69 130
72 131
74 121
66 127
75 122
70 124
84 114
75 110
79 129
77 135
83 124
65 111
75 139
85 139
72 121
66 139
68 132
78 130
69 120
68 138
85 130
78 131
80 118
72 113
77 117
79 134
74 118
67 120
68 117
80 126
66 130
83 124
65 110
77 123
65 119
82 110
85 128
79 129
73 121
67 130
84 130
69 116
73 118
67 140
71 136
82 140
75 138
74 135
65 124
78 116
79 126
80 129
80 137
69 138
71 140
65 131
65 139
72 122
74 123
80 130
68 134
65 130
66 139
65 127
71 131
84 113
65 138
73 115
84 140
80 135
82 128
69 124
81 122
65 131
84 114
81 138
67 134
77 127
67 139
68 111
65 135
67 132
76 133
78 120
84 138
75 127
82 130
75 138
69 133
78 132
68 135
65 131
65 113
72 117
66 117
70 129
73 120
65 130
80 113
70 133
81 111
72 121
72 113
67 130
70 136
77 129
84 137
77 116
67 125
83 138
70 130
66 132
72 131
73 139
77 118
77 130
69 134
82 139
76 117
65 133
74 135
66 131
85 128
68 125
75 117
66 130
85 135
70 133
65 129
69 116
69 117
80 114
75 137
83 136
71 126
81 114
70 135
66 137
72 129
67 119
65 133
72 131
66 118
69 110
67 110
75 131
67 112
76 114
80 135
76 138
66 123
79 126
67 132
71 128
80 132
67 116
72 134
78 140
65 116
72 138
68 113
71 119
85 121
80 140
67 121
78 121
77 135
72 140
83 117
65 137
83 119
70 123
77 134
75 111
78 119
77 112
89 150
97 151
91 160
99 163
96 145
95 160
96 136
96 155
92 141
80 141
97 150
92 149
82 162
97 140
96 147
87 149
82 154
92 154
93 145
83 147
100 155
90 157
98 162
83 164
100 160
97 150
87 155
81 150
88 149
80 153
82 160
88 154
86 162
94 156
88 156
83 161
93 142
100 165
97 163
98 138
83 163
91 163
100 149
98 136
88 164
89 156
80 152
90 137
93 152
84 156
99 160
85 149
99 164
100 135
84 141
88 148
86 154
96 155
86 154
91 164
87 142
100 141
92 164
95 140
92 164
82 153
81 142
81 154
89 149
90 164
95 157
95 158
92 153
83 146
100 163
90 157
89 164
93 160
98 136
85 142
81 157
99 153
91 160
99 135
98 161
87 161
84 141
88 159
90 160
94 135
81 147
94 158
90 148
90 137
89 149
96 146
99 136
89 135
90 141
86 137
95 162
96 150
95 147
93 161
91 148
89 162
86 147
100 135
85 138
82 142
100 144
80 156
86 150
84 140
94 154
99 156
80 138
83 151
94 147
95 155
99 138
93 151
83 137
80 144
97 152
80 156
95 137
91 136
86 163
94 141
80 146
83 164
84 163
90 160
99 157
100 138
84 162
99 144
82 138
96 137
98 137
94 146
91 165
88 155
95 151
94 143
89 153
91 142
99 152
88 156
81 149
91 138
97 144
91 141
86 163
94 164
98 160
91 137
87 156
84 151
98 148
94 136
92 164
98 144
81 141
83 159
88 157
86 161
100 141
99 146
80 141
85 135
96 152
82 156
91 155
82 145
81 164
94 162
98 150
100 146
91 141
100 141
92 164
99 162
100 136
94 138
86 149
93 138
91 139
80 139
100 164
89 158
96 158
92 156
87 160
87 160
91 137
95 158
89 164
91 164
104 182
98 160
95 165
107 162
105 186
109 189
107 178
105 178
95 168
111 175
104 167
98 190
102 164
115 164
103 166
95 188
109 164
104 160
113 189
100 174
104 166
110 175
110 190
98 161
97 168
95 168
113 180
105 182
113 185
113 184
114 187
115 186
115 174
98 166
98 187
95 162
96 190
104 183
112 178
104 164
102 164
104 170
104 177
101 176
100 183
103 169
113 185
106 179
107 186
102 178
114 171
97 181
115 167
108 165
115 162
107 180
104 181
103 190
112 185
115 174
108 181
97 164
106 183
95 183
99 174
108 168
108 190
113 161
99 167
100 189
104 173
102 174
112 171
108 166
99 187
107 180
111 168
96 162
99 171
101 176
102 162
100 176
107 178
104 165
105 179
112 160
105 177
110 162
109 184
110 160
110 188
103 164
113 170
110 163
104 188
98 174
111 169
107 160
104 172
114 176
107 166
112 161
109 186
100 178
108 171
95 164
98 163
111 169
111 172
113 163
101 190
109 165
103 173
99 160
97 168
109 186
108 190
109 166
111 189
106 170
112 169
111 174
111 182
114 185
114 163
104 166
111 168
97 168
99 175
113 174
100 181
115 167
113 161
97 171
105 165
115 165
95 164
100 184
96 169
97 185
111 171
115 172
104 170
107 170
101 185
114 179
113 160
101 162
101 165
99 190
115 163
115 182
109 181
108 160
98 160
107 170
96 181
101 190
106 170
96 185
99 189
100 177
106 164
107 187
113 162
105 177
112 188
111 170
104 181
97 175
114 160
102 190
98 177
102 181
103 164
103 189
99 182
106 190
115 161
104 161
112 179
106 167
98 184
115 190
105 186
115 160
107 169
98 176
114 187
99 178
111 175
111 160
95 187
106 188
99 181
110 190
111 175
105 181
105 183
103 177
114 187
114 197
121 200
116 185
122 215
121 192
130 215
113 203
118 188
126 206
120 198
121 215
121 211
112 185
113 191
127 186
124 188
111 200
111 192
119 211
126 185
129 202
113 193
119 206
120 204
113 187
120 185
112 208
120 203
126 196
121 192
128 214
118 207
115 209
114 214
129 187
122 205
120 208
125 205
114 188
112 209
111 190
125 190
117 202
116 203
125 198
122 190
130 187
119 211
114 208
126 198
120 202
129 194
129 209
129 207
124 190
113 185
119 189
125 190
130 210
126 197
126 202
111 202
112 195
127 197
112 185
117 210
126 206
120 210
125 186
120 195
116 210
129 200
116 197
116 200
123 197
125 196
116 195
111 198
116 191
123 206
116 201
127 205
113 200
122 205
124 212
111 206
121 192
121 203
119 211
110 208
129 211
116 187
120 214
121 206
112 193
129 190
111 206
117 213
130 191
128 205
127 199
118 207
124 198
111 193
126 192
110 199
125 185
124 186
119 214
127 213
116 215
127 211
116 212
117 211
130 194
126 188
129 206
129 196
130 215
123 193
129 203
116 188
126 188
124 198
111 210
123 189
111 197
120 199
120 205
121 191
127 203
111 202
117 186
117 193
129 200
129 188
117 190
117 202
130 195
114 194
117 192
114 213
113 194
125 210
117 202
130 209
118 193
127 196
127 192
129 191
127 189
119 206
127 200
113 200
124 187
124 211
130 188
116 213
118 185
123 195
113 203
126 204
117 197
112 186
121 201
126 194
123 199
120 210
128 187
114 202
128 186
118 198
124 186
127 198
121 211
124 199
125 208
111 188
128 185
114 207
129 194
125 187
111 213
129 200
125 187
115 186
127 197
116 189
115 203
120 194
115 191
116 205
120 210
128 214
116 212
122 192
129 205
124 207
118 188
139 222
135 216
137 215
135 231
141 238
139 232
132 227
130 239
142 232
141 240
125 227
139 218
129 236
140 212
131 221
128 232
128 216
142 210
141 224
134 230
141 238
140 226
145 215
138 228
138 214
130 226
133 217
125 224
132 228
128 229
139 227
135 229
140 216
134 212
135 218
145 237
142 240
131 227
135 233
134 212
128 227
136 229
134 217
144 236
127 222
129 233
130 230
135 229
144 236
133 221
138 219
139 218
145 229
127 223
141 235
134 216
125 239
130 215
132 233
127 240
127 222
129 210
144 239
128 234
133 216
130 238
142 221
132 232
139 236
128 216
143 224
129 211
133 215
130 224
136 215
128 210
137 212
142 225
142 225
132 235
131 222
130 212
131 234
143 228
145 232
129 217
134 216
139 226
141 222
137 216
129 221
142 239
144 213
129 224
133 230
144 215
144 236
141 232
137 237
145 218
134 211
132 232
133 231
141 225
140 214
134 224
144 236
137 237
142 233
136 221
128 224
143 222
133 231
127 239
128 221
135 210
126 227
135 226
136 237
136 213
132 230
125 224
127 237
125 217
129 228
145 210
141 213
129 219
132 224
125 216
129 219
125 215
127 235
136 239
135 232
139 229
144 227
145 232
129 219
142 210
132 227
136 237
136 223
128 220
145 218
131 230
136 229
130 218
140 224
126 211
139 213
144 222
134 230
137 211
139 210
141 234
128 210
125 214
125 231
135 215
127 237
143 223
125 229
126 235
139 235
140 214
142 223
145 226
134 228
139 240
142 222
126 212
137 216
134 231
144 227
133 233
139 228
134 234
130 234
130 214
135 222
129 222
136 233
132 237
137 218
143 234
130 223
126 210
142 238
132 224
132 221
139 233
143 218
138 210
136 211
145 226
140 221
129 214
130 229
125 217
147 258
140 249
154 257
147 257
150 236
143 236
145 243
156 244
157 240
141 248
141 247
146 250
140 257
160 258
159 253
159 239
154 262
154 248
157 235
154 243
149 243
140 247
150 263
154 265
160 261
154 239
152 242
155 265
146 242
155 240
149 253
146 238
150 262
146 238
156 256
150 262
155 249
158 250
140 260
149 245
143 259
157 261
158 239
144 263
140 250
144 238
150 246
150 250
145 256
143 236
154 258
145 245
160 236
151 250
149 239
155 247
158 244
143 263
160 237
157 255
145 260
149 248
148 263
153 243
151 247
151 263
145 238
149 245
155 262
160 264
155 254
155 263
143 250
145 242
141 250
142 263
160 254
158 245
145 244
156 237
141 258
156 257
159 237
146 264
140 259
156 263
156 237
147 242
143 252
140 235
149 244
147 243
149 243
151 247
152 236
145 239
148 244
158 251
142 261
140 241
143 241
158 261
160 263
155 258
152 250
143 250
152 254
144 255
155 243
154 247
157 248
159 264
157 244
151 264
156 261
141 253
142 242
154 242
157 249
142 251
159 254
146 253
154 254
151 237
142 241
154 236
140 261
140 241
145 247
154 238
140 243
157 242
147 238
140 250
157 245
149 248
146 260
143 237
140 241
146 238
157 249
157 265
149 265
150 245
148 244
154 254
152 238
150 263
158 242
160 255
151 243
145 246
159 265
152 246
142 247
157 252
156 249
151 238
149 255
158 260
158 259
144 246
159 239
145 264
160 251
148 258
150 254
142 255
141 248
142 257
149 245
156 253
151 256
145 242
143 265
158 240
153 245
148 252
151 256
147 256
156 236
157 262
144 250
150 239
149 248
145 257
149 235
159 252
144 262
140 235
146 258
146 254
153 255
148 247
144 253
149 249
145 251
160 240
142 258
152 262
