2000 50503
68 90
67 2
21 67
99 62
46 96
33 10
50 39
9 44
44 96
28 92
53 35
48 71
90 82
29 19
61 17
86 58
92 99
81 32
34 7
38 42
10 96
82 7
99 51
33 29
33 97
38 93
8 16
95 67
67 81
30 55
77 43
34 70
48 56
49 9
84 83
46 52
81 71
33 73
54 47
77 66
13 16
6 81
76 88
2 97
86 100
36 56
87 54
78 50
16 88
72 13
15 91
25 83
6 19
66 94
9 63
38 67
3 38
17 79
84 33
21 18
98 33
60 75
6 40
98 41
9 36
89 22
43 44
41 58
21 47
48 90
17 23
85 62
6 71
44 63
38 59
91 22
79 18
24 12
20 71
47 5
48 76
87 14
23 39
53 46
52 7
84 2
42 12
6 96
100 32
25 96
26 14
49 16
37 71
31 5
46 56
45 58
71 78
88 99
37 15
43 24
88 41
6 89
28 86
93 63
49 3
65 44
83 84
28 21
41 7
3 6
26 77
88 35
41 19
48 16
92 80
92 25
31 69
33 92
49 21
82 100
57 87
26 86
83 67
93 9
8 42
80 75
89 18
78 19
20 73
26 84
20 43
7 65
31 73
47 80
99 27
31 75
64 75
81 62
58 47
4 81
35 68
35 76
43 67
75 86
35 91
34 47
18 11
65 11
18 38
18 83
99 62
74 24
43 20
33 28
19 33
50 61
12 2
59 50
27 79
31 27
36 34
99 73
37 43
66 58
45 4
35 70
97 84
60 78
68 31
6 83
15 11
54 98
93 58
57 77
29 36
27 100
42 23
98 98
43 62
59 60
16 80
41 23
85 36
10 99
25 2
55 20
60 59
37 56
13 69
38 89
67 34
49 54
36 62
4 76
66 63
33 65
90 45
14 99
92 43
57 28
72 81
59 5
11 77
64 90
15 81
91 12
42 41
9 4
40 9
84 2
19 15
7 40
77 24
3 50
17 90
1 77
57 69
28 48
37 32
22 90
17 37
56 65
70 95
53 50
11 41
87 10
37 66
100 37
1 8
80 60
9 16
24 40
38 64
19 45
39 81
5 97
61 8
80 21
13 52
100 69
63 22
31 66
59 8
91 97
86 68
75 98
92 73
94 36
54 97
80 5
15 77
70 85
35 69
36 72
74 86
45 61
75 33
62 52
45 50
27 40
42 11
53 17
50 31
31 27
23 61
88 11
35 23
83 69
19 31
99 74
34 37
81 4
82 91
92 96
72 100
67 58
18 93
15 72
12 46
71 42
94 76
27 22
93 26
29 97
14 45
18 12
73 9
88 77
80 15
69 10
14 68
73 77
21 27
15 98
3 3
95 87
54 8
90 77
29 55
72 90
88 2
63 43
53 93
21 93
6 39
76 92
39 50
24 83
42 16
51 47
46 24
35 91
29 69
90 2
63 39
42 65
8 65
88 100
82 42
87 79
56 9
47 61
59 7
29 35
62 59
13 62
23 22
15 18
2 38
52 28
87 60
90 40
66 71
91 52
62 84
71 61
18 96
1 85
46 43
59 11
51 32
44 67
45 53
31 100
85 68
8 92
72 16
92 32
47 43
5 9
30 62
2 51
52 70
40 68
30 86
65 80
53 29
5 59
79 97
54 19
56 86
17 56
95 10
73 8
59 60
57 93
95 68
28 55
57 77
41 63
86 17
59 60
36 29
31 69
89 59
20 48
90 12
12 27
64 31
36 54
17 35
93 44
89 5
20 56
33 11
19 42
84 35
85 92
75 100
14 84
90 10
82 37
31 91
85 19
54 45
41 50
41 63
48 64
69 56
49 91
40 26
54 72
7 51
75 6
36 93
95 61
47 53
77 4
6 87
10 35
12 10
74 74
2 78
53 66
93 29
86 89
23 7
76 64
22 32
97 58
90 47
12 41
78 46
72 37
48 11
31 90
12 39
40 25
78 6
80 94
88 15
70 83
86 18
94 65
44 89
73 10
40 78
42 93
50 65
45 64
51 28
13 26
71 37
5 5
65 91
63 66
90 45
87 49
39 81
12 76
83 58
28 79
75 68
12 4
99 67
22 30
42 45
62 5
61 54
72 50
42 51
100 21
41 33
79 20
45 37
36 21
51 29
84 14
78 13
52 45
80 78
28 92
65 71
50 66
32 49
81 13
13 83
74 93
68 62
51 63
85 21
2 19
30 93
11 40
14 22
80 60
84 22
7 67
41 16
96 27
30 68
34 66
95 47
70 100
12 85
39 84
6 72
15 65
74 97
35 37
66 62
53 26
62 80
82 32
55 92
46 28
63 44
67 74
19 73
82 57
69 89
55 45
83 28
50 81
17 84
48 1
81 92
100 5
7 19
21 8
95 84
36 87
7 73
41 30
6 38
70 10
31 13
63 62
84 26
4 10
97 50
2 87
8 35
10 29
35 70
62 78
7 57
97 66
80 4
77 81
30 22
100 44
83 25
13 1
49 24
99 8
12 2
29 68
50 65
18 20
2 75
96 48
54 58
8 99
36 29
11 96
29 8
66 42
73 9
13 86
21 3
21 58
66 72
29 89
82 38
100 42
42 19
89 46
49 59
22 22
17 26
78 80
21 65
100 50
42 33
70 40
98 10
54 34
50 7
100 26
23 5
3 81
95 25
76 63
62 32
31 53
86 10
91 91
48 94
10 18
55 76
21 48
82 27
20 48
49 89
64 64
71 41
90 7
4 10
19 99
63 28
20 87
49 30
84 92
19 37
90 62
5 83
69 98
95 95
6 90
68 23
18 100
9 22
62 47
45 14
70 53
44 99
83 23
12 44
44 45
92 92
66 71
64 92
74 18
37 18
64 80
89 33
8 10
5 86
92 94
78 8
68 65
11 81
26 38
3 8
30 69
16 51
59 91
50 66
10 46
64 32
17 88
79 97
24 53
30 34
24 10
94 58
74 84
6 84
5 53
69 28
49 75
23 23
84 72
22 44
59 93
47 3
62 76
66 2
3 89
53 70
44 10
70 5
64 2
21 99
24 13
45 70
88 49
82 3
94 87
50 46
98 34
62 74
28 42
21 38
91 59
51 3
66 47
16 42
56 86
23 51
36 22
5 12
45 74
19 93
78 55
3 18
65 95
40 31
21 19
20 35
44 52
16 80
41 40
59 5
36 30
65 4
3 74
24 79
98 58
48 60
73 76
95 91
61 85
52 18
16 80
4 95
3 72
33 27
19 88
10 10
55 77
7 9
66 21
51 2
25 53
96 76
6 19
42 100
87 58
26 90
61 34
30 61
93 69
1 25
89 65
80 99
65 80
43 38
3 29
63 37
43 49
27 4
9 79
55 85
79 73
76 59
58 79
33 97
9 37
29 66
94 6
15 65
35 27
12 26
66 19
59 79
7 53
23 89
100 78
93 62
48 78
60 64
74 22
92 99
61 40
14 86
71 49
77 20
9 75
26 29
91 56
3 75
52 32
100 35
57 59
82 57
75 45
15 89
66 53
35 81
43 55
60 58
50 97
29 81
71 35
67 15
87 11
29 40
89 4
39 89
73 1
88 33
98 52
98 75
79 31
10 91
12 60
1 31
87 62
72 87
26 59
77 18
74 61
30 43
76 4
82 20
63 99
3 48
96 8
29 51
37 80
90 14
40 60
38 76
70 46
62 46
4 91
57 57
90 37
44 46
95 45
14 90
83 78
44 48
11 64
13 61
54 90
74 75
14 91
92 52
45 61
39 50
20 21
70 22
68 92
48 24
52 93
31 42
50 23
99 52
11 44
38 2
41 66
2 3
76 29
10 63
63 100
31 71
18 19
4 89
27 16
64 15
17 78
9 46
8 14
79 93
22 6
13 4
53 67
87 96
56 7
49 80
25 97
75 27
19 1
45 88
22 2
22 45
27 29
71 24
72 96
89 24
61 77
64 13
90 78
36 5
26 76
52 78
18 28
43 46
7 18
44 43
59 13
23 47
53 88
18 26
1 39
26 45
82 81
5 57
12 93
37 87
54 36
88 89
11 13
24 88
84 29
85 66
97 32
62 9
7 41
20 28
50 33
67 17
84 40
39 10
54 74
9 67
42 39
72 1
3 13
48 56
67 95
13 25
22 2
19 35
30 50
75 92
96 31
11 31
79 49
59 23
99 69
84 84
47 12
62 34
7 24
30 40
46 99
55 55
44 100
52 40
75 82
93 32
71 8
58 74
84 42
24 33
18 40
25 32
47 33
72 52
25 88
14 80
85 28
46 41
84 66
66 30
20 33
80 96
29 12
99 81
38 19
27 80
82 16
36 82
88 13
41 39
18 73
33 64
95 46
61 72
37 3
21 27
5 4
59 10
30 100
88 97
82 43
47 92
13 28
81 27
71 95
89 67
94 58
7 23
34 8
77 23
72 4
54 40
8 71
52 15
4 72
98 41
79 46
37 39
33 22
66 59
77 30
2 94
51 22
24 75
62 65
39 76
44 53
67 20
97 37
74 5
6 16
30 79
72 96
18 96
10 58
94 42
58 62
55 15
100 64
92 69
32 90
24 67
97 60
91 12
75 33
100 83
88 52
5 79
36 74
73 73
23 89
65 3
74 18
73 62
88 29
88 82
63 37
83 33
54 54
11 73
8 37
59 69
92 4
80 84
29 64
2 61
25 26
86 78
8 27
25 41
29 46
91 68
100 60
25 58
82 79
26 44
24 40
69 30
31 22
12 13
93 54
5 10
76 67
67 71
77 71
15 47
54 5
91 59
97 80
59 58
1 32
5 68
69 78
44 87
36 52
49 94
45 47
60 29
87 71
53 25
36 21
15 68
43 93
87 80
40 77
76 23
65 24
15 17
97 5
47 97
78 81
89 58
51 59
53 100
7 81
27 81
19 46
12 37
69 40
68 25
70 94
21 23
24 93
91 23
64 9
59 96
39 16
61 7
70 76
25 86
65 31
58 96
40 6
59 75
44 28
31 82
35 98
8 51
97 50
31 54
54 99
75 83
71 63
4 57
27 82
78 43
82 38
98 79
89 31
2 29
65 56
11 76
22 51
88 100
1 99
86 11
98 95
39 14
98 17
67 70
16 52
62 99
24 65
7 9
20 74
20 44
37 90
54 23
79 94
33 92
36 76
33 45
59 74
7 38
88 1
86 7
36 33
70 90
35 85
24 63
71 18
99 40
34 39
45 20
38 39
86 89
82 30
87 85
77 54
79 98
5 6
92 57
92 97
81 23
98 65
11 22
100 66
86 7
17 44
78 12
70 98
52 71
62 56
29 23
10 8
50 8
66 29
45 92
71 98
100 65
21 55
93 67
50 57
6 45
37 39
87 47
92 85
70 20
25 32
68 38
48 18
29 89
59 95
39 14
9 11
8 11
2 35
8 77
93 69
18 30
38 40
62 18
21 100
99 95
90 40
83 59
48 2
55 20
27 51
70 51
54 85
99 57
63 70
55 93
5 53
51 8
93 39
48 37
21 27
17 22
15 74
20 96
46 11
25 20
59 9
54 73
84 83
12 95
14 1
76 51
81 76
51 40
89 69
1 75
1 34
79 60
35 86
1 88
85 80
14 36
70 90
91 16
12 44
32 11
45 8
68 96
35 18
38 98
15 32
55 97
54 20
81 57
74 92
99 82
57 29
84 53
5 6
40 11
95 47
18 7
15 13
75 75
20 46
56 33
28 1
20 32
34 93
62 86
20 71
70 24
75 73
42 12
60 91
87 16
73 23
57 50
54 63
7 40
94 47
21 46
13 88
99 18
1 3
87 80
50 51
58 83
70 32
54 57
49 45
17 30
23 63
16 9
91 56
42 60
71 42
70 57
13 91
56 34
32 42
33 13
25 9
58 15
74 25
85 99
44 82
98 47
41 48
50 45
57 86
86 46
22 90
69 26
84 64
74 44
7 5
85 14
83 78
29 88
38 22
32 22
45 69
12 84
47 31
87 25
5 44
17 24
57 81
18 86
72 9
40 22
2 99
48 17
97 88
75 23
32 15
93 22
24 69
24 14
94 66
32 6
9 59
15 7
53 31
45 74
88 51
59 87
29 40
71 80
39 74
19 61
54 2
83 43
82 45
52 84
22 19
87 40
68 7
30 99
4 25
91 15
69 72
57 23
90 83
65 12
31 97
22 49
9 33
6 65
97 62
2 98
90 71
58 20
68 4
42 53
54 46
56 6
52 40
34 85
78 86
91 65
4 45
31 39
25 59
86 41
82 74
98 77
24 32
1 32
27 75
27 57
43 46
95 99
83 31
32 80
12 10
65 28
5 28
72 94
22 44
54 89
74 91
11 66
11 60
41 46
4 19
64 5
48 4
56 10
49 41
25 41
98 74
53 86
7 79
74 33
38 78
40 4
72 9
61 10
92 35
50 36
39 66
86 32
97 86
73 48
70 11
60 47
89 27
26 38
31 40
62 71
79 78
56 30
25 88
41 37
97 27
28 6
56 94
44 82
35 67
5 34
21 22
84 41
57 71
79 52
58 73
46 49
71 55
81 33
58 58
14 89
82 20
96 75
52 72
78 5
20 74
21 82
37 51
60 1
46 71
20 90
21 23
77 48
75 71
45 10
17 85
71 50
25 68
73 30
67 31
59 34
77 63
39 5
43 74
85 34
69 56
52 98
30 34
91 63
84 83
87 91
57 3
65 2
34 17
8 75
95 59
5 90
80 56
31 61
64 42
77 27
2 3
36 64
53 26
77 73
33 74
22 10
47 74
57 93
94 91
65 57
67 26
22 54
55 61
61 52
6 39
76 16
12 49
35 72
66 30
47 31
73 14
22 33
64 85
6 82
81 7
58 43
10 71
60 14
40 3
25 13
89 92
42 5
60 28
41 18
18 30
92 53
14 79
16 55
100 45
7 70
33 11
67 71
80 75
87 71
27 74
85 65
62 39
91 22
71 88
80 68
37 5
43 53
53 52
100 41
100 34
34 58
9 35
9 56
45 24
49 37
85 68
33 15
90 94
45 96
26 32
7 75
88 100
39 63
74 29
88 45
98 84
6 92
54 67
77 58
93 14
32 40
14 74
6 52
22 13
84 61
85 72
11 69
27 13
38 75
62 9
78 98
23 33
71 43
39 53
67 56
71 32
23 21
52 22
60 77
19 68
77 6
18 51
7 67
67 68
91 31
94 63
64 51
49 74
99 29
93 60
93 88
82 68
6 33
98 91
56 33
89 45
35 14
18 1
67 57
72 89
31 62
45 6
46 21
53 56
83 58
12 28
23 87
57 78
63 49
34 15
76 97
91 6
51 17
82 16
58 73
94 48
27 30
73 75
94 21
77 59
65 86
86 60
58 78
70 70
83 51
65 10
11 14
69 64
82 63
77 22
92 52
13 24
73 27
37 24
65 31
7 85
1 3
40 18
64 14
15 4
73 84
39 63
6 9
76 1
20 30
63 34
21 100
46 59
87 8
14 72
74 69
52 46
99 32
83 47
21 15
33 34
48 8
83 81
2 97
29 70
60 54
93 1
93 45
84 33
82 24
10 76
91 69
82 79
49 45
54 34
96 82
21 28
92 96
1 90
96 80
63 77
15 23
16 79
60 36
2 83
81 3
33 4
5 80
79 34
15 2
25 46
64 67
62 10
8 26
17 15
43 31
19 32
61 15
35 76
2 64
42 91
44 3
92 84
23 69
92 47
97 17
71 2
65 26
88 65
23 91
60 6
50 41
38 66
28 84
61 28
91 48
8 38
93 84
95 27
87 71
60 85
71 24
2 89
21 46
30 50
18 4
15 77
100 33
78 70
2 4
2 48
72 12
45 6
45 31
94 32
89 52
94 47
16 33
53 29
81 11
39 76
64 34
83 52
76 41
91 70
43 79
18 40
99 7
88 62
12 18
37 30
47 99
34 41
90 18
19 44
64 42
7 73
34 72
15 74
36 95
35 75
68 21
7 58
31 80
13 51
53 90
71 83
6 50
68 74
75 12
38 60
6 49
39 97
72 63
33 41
81 18
67 42
50 80
31 25
6 55
13 49
19 6
52 5
99 90
8 23
22 1
14 83
66 48
55 72
28 9
2 94
41 47
96 81
60 51
24 78
60 32
12 40
94 61
17 33
32 66
21 24
6 92
89 14
11 72
78 55
22 7
91 90
96 48
23 86
74 14
1 54
88 87
92 19
4 59
86 28
100 93
25 59
51 10
17 92
32 82
78 18
70 85
24 28
25 99
30 88
47 6
84 82
93 79
93 18
100 14
76 44
65 41
6 57
65 10
75 12
35 63
38 16
65 1
30 10
60 53
90 66
82 16
99 39
82 36
85 26
36 66
33 81
61 36
86 76
49 24
92 17
16 45
19 9
16 45
40 95
100 96
14 2
76 28
92 74
58 19
27 93
68 70
22 59
84 50
84 79
96 22
18 64
21 94
13 75
99 26
32 46
2 92
80 41
31 85
83 80
16 18
18 50
67 60
77 53
4 77
16 83
20 69
71 74
86 43
35 65
62 68
85 90
1 66
37 96
28 16
10 84
64 40
47 85
32 94
47 89
82 63
79 68
17 5
2 56
91 42
15 30
34 53
45 33
47 70
16 37
79 64
14 87
33 39
46 23
90 91
88 67
13 58
10 11
10 40
98 52
96 76
72 60
34 42
48 93
8 7
13 9
58 29
23 46
12 93
89 22
70 87
93 55
67 89
38 91
47 62
10 82
4 20
32 14
54 67
2 41
47 3
32 30
16 79
31 41
77 5
5 69
71 7
41 14
14 79
80 99
90 65
62 6
51 58
23 58
9 99
59 64
88 66
66 27
33 9
99 58
6 100
2 95
43 64
25 41
91 85
89 77
86 22
95 56
20 43
39 40
96 96
18 45
22 70
11 74
49 37
51 26
68 94
71 43
91 39
81 25
50 93
81 3
94 30
53 50
55 13
3 28
63 13
42 78
20 6
95 22
92 88
78 6
49 68
35 3
54 46
39 5
75 32
39 19
33 60
95 74
77 59
81 56
64 70
98 80
43 81
64 6
48 5
10 75
34 100
91 43
43 99
36 93
71 97
36 28
88 94
25 61
