3000 45367
82 15
86 55
26 58
99 6
22 56
95 76
1 87
26 35
10 68
89 75
14 54
38 51
18 13
54 81
62 100
15 91
67 45
36 85
40 20
84 63
52 99
5 42
8 89
49 100
21 60
32 18
98 63
55 84
54 94
48 67
32 77
35 8
33 74
9 34
85 66
55 29
56 9
38 52
32 15
65 29
26 78
97 68
54 31
43 91
50 1
68 30
9 33
17 45
55 14
48 53
100 59
6 13
53 94
59 48
55 12
25 5
42 17
4 27
80 40
95 11
51 45
63 17
82 70
36 18
23 2
18 35
42 99
78 63
7 86
73 13
95 91
32 16
69 33
100 21
27 6
70 85
67 51
35 38
86 29
22 16
35 42
37 40
79 28
39 87
95 39
33 92
15 91
36 55
36 70
46 31
83 17
39 14
8 99
16 87
74 84
31 100
33 73
15 82
60 62
40 59
39 94
54 52
23 26
59 78
54 25
1 83
28 62
72 27
88 72
14 43
93 42
22 14
2 82
24 22
12 100
97 20
56 13
26 43
84 26
44 34
72 25
18 95
82 47
79 23
33 81
55 30
61 74
18 53
21 11
21 36
9 63
11 57
26 39
31 88
69 86
31 15
32 22
96 48
3 41
71 94
61 42
47 35
92 7
15 23
70 56
3 58
63 94
78 20
80 52
46 71
21 53
51 76
64 65
54 51
82 50
96 45
8 81
42 24
65 50
80 43
14 11
73 64
42 51
92 49
4 4
10 37
22 64
87 25
57 36
76 56
57 18
70 77
75 90
100 76
84 51
96 45
54 34
46 44
25 16
33 85
43 66
45 68
84 13
58 31
50 19
17 14
54 27
9 51
58 37
18 28
88 45
24 47
43 92
29 96
15 48
46 95
90 84
88 63
84 71
99 19
16 18
92 89
20 95
42 60
43 16
55 45
37 56
96 49
100 40
14 72
28 86
94 5
10 39
63 50
52 87
60 9
79 63
57 14
68 11
89 52
26 41
8 56
64 50
68 84
88 3
78 97
65 30
78 86
17 11
48 1
28 56
84 81
91 41
47 2
25 40
33 56
1 98
14 47
80 57
52 37
27 18
8 94
45 93
36 57
22 43
48 80
95 17
53 5
4 45
15 28
41 8
30 37
22 35
56 58
97 73
9 37
33 6
14 2
38 74
1 17
61 54
65 29
85 49
4 94
63 30
61 40
88 2
63 27
74 86
68 58
14 15
52 4
27 51
11 59
40 12
48 45
58 90
86 80
52 1
62 86
100 7
44 9
43 23
21 93
99 66
91 47
82 29
83 71
4 48
19 54
84 39
17 54
36 34
20 39
20 99
98 63
80 78
7 100
61 41
6 16
74 57
26 7
9 71
52 59
36 66
48 82
100 3
46 7
34 13
51 4
7 93
33 72
95 12
1 67
6 64
93 29
91 13
39 45
28 51
95 12
57 98
11 42
11 65
44 32
82 80
30 64
94 46
13 10
88 15
6 39
18 77
14 24
31 45
27 47
65 82
19 62
26 80
16 37
64 69
59 92
19 40
22 13
44 63
13 3
22 79
49 27
57 83
12 91
87 23
84 33
58 54
95 20
46 74
68 19
91 3
79 6
49 34
84 1
92 67
37 100
89 39
61 43
2 23
71 35
39 89
66 57
89 49
65 68
82 93
4 17
23 11
52 84
77 29
18 74
16 38
98 59
66 52
72 20
62 49
4 74
8 52
19 2
51 45
5 78
39 72
41 100
84 83
87 57
76 100
27 49
75 57
64 38
87 91
76 79
34 24
26 31
94 35
75 72
42 50
27 79
30 40
64 60
78 62
7 20
34 33
93 99
56 78
99 36
16 18
17 78
55 9
75 22
88 32
5 6
80 99
78 3
97 5
15 81
64 12
72 56
41 81
91 68
35 45
79 71
66 98
20 68
4 53
11 85
46 92
45 2
37 63
76 31
61 61
14 25
34 51
94 46
58 75
89 80
44 81
74 93
58 58
98 42
100 14
97 89
54 99
79 12
74 43
50 55
45 44
89 54
73 10
37 76
79 73
7 54
16 98
97 71
79 73
71 50
7 7
76 64
16 51
44 69
3 47
28 11
9 45
36 49
73 8
19 20
25 28
68 89
92 12
34 37
18 30
91 77
30 25
71 28
22 40
3 20
73 82
18 35
43 25
45 43
55 10
22 98
4 48
22 7
18 20
34 20
92 56
76 26
9 36
59 58
71 94
12 34
38 20
32 39
99 34
10 28
50 58
23 61
78 16
93 21
56 50
47 97
35 97
37 26
17 76
8 88
39 45
41 9
26 22
82 70
86 51
32 31
55 19
41 98
5 37
24 38
74 69
96 44
99 63
34 56
7 1
22 8
45 89
44 72
53 98
44 22
54 99
2 55
18 35
83 14
94 27
26 36
81 62
80 75
62 61
97 37
88 62
53 58
90 45
13 83
86 27
75 47
96 65
92 97
67 96
100 53
15 34
40 65
47 48
65 48
73 72
53 48
86 55
70 61
97 72
38 5
65 34
2 70
91 11
34 20
36 36
36 38
11 55
16 97
16 12
25 68
64 86
3 26
77 25
53 82
67 60
14 3
79 29
14 25
5 99
45 76
13 29
71 84
36 40
59 77
87 31
61 12
12 76
73 37
30 24
60 47
62 41
46 9
61 17
53 52
79 81
96 52
40 89
90 35
63 100
55 52
14 54
26 85
9 77
42 78
79 19
75 37
7 80
9 47
40 13
63 30
54 22
52 41
85 13
89 14
63 69
71 43
49 77
26 45
43 32
30 52
85 91
57 72
75 60
97 59
61 23
6 40
44 62
100 63
47 27
6 62
7 15
12 80
31 98
15 43
53 10
61 16
42 31
11 41
70 14
81 95
73 71
23 36
85 88
57 35
63 1
47 56
79 78
64 29
24 100
74 9
45 80
8 43
30 32
20 91
4 1
90 55
77 31
99 63
41 69
23 9
4 24
47 83
34 40
34 21
14 78
38 49
95 89
55 60
100 90
16 2
87 55
24 12
90 89
71 42
80 46
52 89
69 49
10 23
67 17
92 49
83 83
12 48
51 43
12 67
83 39
6 43
53 21
11 21
4 57
94 89
33 81
7 32
92 24
18 20
93 5
5 53
7 69
39 93
59 64
58 10
54 94
98 18
81 21
95 83
20 11
12 66
46 23
89 60
21 41
65 92
32 60
4 23
28 39
35 2
67 41
10 77
92 96
20 61
72 49
48 53
65 2
4 29
54 84
56 77
73 49
98 88
61 81
31 69
88 80
71 44
88 78
93 26
68 14
20 98
87 8
88 24
31 63
85 82
28 35
51 3
49 73
11 46
6 78
28 12
97 47
73 18
89 40
89 43
92 31
60 89
36 47
56 84
15 69
41 30
63 12
87 17
39 70
23 92
69 37
78 1
94 87
8 14
71 26
13 100
27 63
57 85
52 24
9 26
41 67
31 10
11 80
41 91
42 56
17 9
68 2
38 2
89 79
56 94
78 96
32 61
15 34
13 94
39 44
29 2
54 76
1 7
67 71
44 45
24 98
87 7
21 97
69 84
94 73
43 23
33 84
72 35
100 59
37 59
80 12
92 77
67 68
91 44
33 68
60 75
59 52
52 21
50 29
99 82
8 14
27 24
30 42
74 47
40 70
68 37
55 49
45 45
20 43
21 71
88 89
95 40
60 77
60 85
63 76
5 49
3 59
48 11
77 36
2 70
84 69
8 47
45 46
50 88
50 90
29 65
62 63
8 94
81 86
11 43
6 75
40 99
37 66
87 17
65 98
76 35
6 5
19 46
20 31
26 48
92 68
59 19
20 39
51 44
19 56
35 14
55 45
73 66
82 76
83 80
74 35
17 44
43 26
70 33
18 84
92 68
99 49
79 98
52 61
79 34
89 40
9 87
70 85
26 57
48 55
34 82
53 44
53 60
5 79
25 74
30 7
96 46
83 45
50 97
98 41
53 52
36 11
4 85
25 17
69 86
39 16
50 52
85 82
81 42
20 36
2 17
24 61
70 84
81 66
27 73
100 70
21 57
36 11
69 54
46 65
35 66
54 87
99 60
87 77
58 17
75 86
17 35
5 62
57 30
18 31
54 2
62 81
53 93
58 39
38 97
21 31
96 54
88 100
57 64
28 47
59 87
58 80
51 59
28 23
90 97
30 31
79 92
11 53
65 42
47 97
8 17
51 59
52 83
58 29
37 35
62 99
32 14
5 69
66 12
41 43
22 51
72 65
2 75
26 44
29 3
39 23
98 74
76 9
78 23
54 37
55 55
36 61
12 68
57 14
15 83
53 64
86 96
93 74
63 68
2 37
91 70
23 36
52 47
95 4
80 64
89 33
56 2
12 77
45 1
73 13
4 71
19 4
96 30
5 45
44 47
24 32
95 68
42 72
51 92
25 42
95 60
57 47
12 2
58 79
14 12
27 37
63 42
99 7
71 10
77 61
1 96
14 32
99 96
4 94
60 35
79 12
44 27
67 89
42 40
89 79
91 53
45 11
7 82
87 82
1 7
50 80
62 66
47 74
43 3
65 57
71 67
38 62
21 55
83 69
47 40
34 66
61 57
9 33
85 25
31 66
86 93
85 72
96 49
84 41
40 65
7 84
14 52
84 91
73 24
7 91
72 70
64 76
51 53
30 51
2 10
3 60
31 83
63 75
50 85
74 85
27 83
20 52
63 47
48 38
2 72
9 38
33 55
62 28
70 71
17 79
45 45
7 15
53 50
92 94
90 7
93 67
99 29
56 10
76 57
23 52
62 1
99 26
38 79
65 5
28 29
39 88
67 64
58 11
2 14
16 1
31 95
28 97
88 52
45 93
27 86
41 75
6 31
60 40
55 54
75 53
76 71
51 98
81 19
29 72
42 91
22 26
73 38
92 71
77 35
48 47
15 74
91 87
46 72
52 53
55 92
25 52
91 92
21 7
82 62
44 58
89 59
65 57
23 6
28 10
61 1
50 91
68 36
66 31
61 82
22 89
40 35
88 4
24 87
72 6
68 28
66 29
46 31
40 17
9 52
74 17
87 63
75 25
64 4
84 87
79 29
70 47
8 38
21 21
43 5
42 100
64 78
83 64
58 8
38 83
10 25
18 8
87 25
77 61
84 91
99 58
51 1
75 77
87 62
74 39
99 82
54 41
91 68
44 64
94 57
52 19
17 81
32 20
26 95
33 36
16 6
56 24
54 82
75 95
76 96
96 38
16 46
91 73
78 1
25 53
29 7
87 78
43 13
67 83
16 38
78 55
66 40
18 90
52 83
4 53
43 29
2 65
57 93
34 48
45 28
2 50
37 66
14 60
34 21
14 12
98 95
1 78
70 35
51 76
75 72
45 30
47 14
43 18
88 54
24 66
67 22
16 12
63 43
61 86
82 94
30 32
38 40
99 86
47 22
42 23
2 38
89 50
43 39
11 83
74 97
88 18
64 32
10 14
53 78
49 4
24 77
2 24
1 81
45 64
52 52
28 52
89 93
50 17
70 21
76 99
26 82
88 43
43 10
88 77
49 28
77 4
69 8
38 20
75 41
15 81
79 94
29 78
3 82
22 32
91 60
29 30
61 1
6 43
38 95
65 30
55 46
13 72
66 54
7 26
57 35
69 5
34 30
98 79
19 21
3 50
25 29
44 54
43 44
68 39
83 30
43 24
44 94
51 90
80 43
70 34
17 22
59 36
50 63
19 4
32 19
92 23
99 85
92 71
98 17
37 80
56 1
4 63
1 3
73 6
10 40
10 89
41 10
44 69
7 19
59 82
98 71
31 48
54 87
92 66
50 86
88 17
34 89
45 31
90 58
14 83
67 64
6 79
24 18
68 26
77 34
55 88
60 100
75 19
98 59
9 17
63 50
53 11
12 31
64 4
25 16
73 70
73 44
65 77
68 91
31 62
76 10
66 13
61 61
29 96
9 78
63 98
17 64
43 19
59 28
6 21
8 1
25 43
64 52
31 71
93 21
40 85
37 10
52 20
14 55
34 68
12 88
77 56
38 30
23 18
92 11
14 45
47 40
64 54
78 73
15 82
94 68
5 82
32 94
6 28
34 78
40 23
68 26
2 41
34 41
27 53
59 14
41 94
3 48
22 65
23 16
95 68
61 1
11 25
98 39
27 8
44 45
9 27
55 63
33 74
83 96
46 26
46 71
30 87
9 79
24 43
96 68
54 98
28 25
27 13
59 26
13 54
66 36
79 3
66 46
100 28
57 7
25 11
92 21
11 54
98 75
67 88
6 73
11 28
77 13
55 12
37 35
21 57
16 90
91 49
53 30
50 85
36 26
99 100
79 24
96 5
74 95
74 91
49 54
53 71
52 4
59 31
18 24
18 91
89 33
83 21
69 18
45 92
59 32
12 91
56 45
57 58
78 78
13 70
19 85
55 42
19 81
7 71
27 98
34 70
97 72
31 80
84 6
84 97
81 31
14 29
31 53
6 25
40 72
31 7
11 47
91 27
89 37
28 70
60 17
78 22
62 43
80 86
74 13
21 74
92 28
81 9
29 83
69 58
45 78
47 20
75 99
64 10
53 90
1 49
49 79
1 13
84 28
84 37
36 10
64 10
50 65
66 62
70 87
89 88
96 20
80 33
31 14
36 9
59 55
91 82
65 82
20 97
70 20
39 94
40 22
61 47
71 54
20 4
82 4
16 84
18 23
56 3
31 93
70 65
9 51
79 24
22 77
92 30
63 60
9 38
55 39
64 76
74 52
76 25
52 64
21 71
55 58
82 29
9 31
13 64
24 63
73 12
33 60
94 82
63 57
24 33
6 28
34 11
96 36
87 84
1 46
13 11
95 38
31 90
35 27
3 88
9 13
56 3
94 69
23 24
17 93
48 59
86 100
42 44
24 36
89 15
63 66
30 45
23 95
23 97
95 8
46 57
95 8
27 67
91 38
10 65
2 99
97 18
43 27
49 86
35 1
95 24
62 48
29 38
25 13
96 74
31 77
33 78
3 29
76 45
8 1
19 21
76 55
45 52
13 16
99 90
34 66
75 81
80 34
8 61
49 77
74 41
53 17
95 37
52 59
96 7
4 53
6 9
92 24
98 31
54 47
78 24
92 54
15 94
59 61
16 18
62 68
41 37
1 95
17 96
17 33
8 48
87 68
92 87
4 99
99 83
42 29
89 65
25 63
21 62
96 77
73 92
47 55
1 45
68 80
98 13
96 51
23 32
3 74
39 74
21 14
9 20
68 49
12 19
23 13
26 9
28 36
37 32
67 97
80 83
53 27
83 81
87 30
91 46
74 68
42 80
90 28
67 48
31 44
66 91
39 9
26 72
91 34
85 63
78 17
10 13
83 28
73 67
32 96
37 53
63 93
52 9
45 72
31 41
64 79
20 36
56 2
43 66
56 68
22 98
22 100
60 46
56 79
60 29
2 92
81 98
1 61
43 19
47 45
31 56
9 61
86 5
9 28
99 94
70 20
86 44
8 58
4 99
11 62
39 53
41 51
25 6
43 13
37 74
55 47
6 43
56 9
11 48
48 9
63 28
84 97
21 8
74 26
40 27
80 89
76 69
20 24
80 49
18 39
19 20
63 4
78 100
4 77
23 83
28 45
25 96
60 78
35 55
29 94
22 40
26 7
21 44
47 45
20 72
57 69
1 43
25 14
13 29
63 42
24 74
75 57
47 39
44 82
49 34
38 65
75 22
76 2
9 41
54 22
93 40
27 12
68 77
71 91
82 88
42 60
98 88
7 83
2 37
85 42
87 76
23 28
62 48
7 71
21 25
81 71
63 91
22 67
57 85
75 20
36 9
32 10
2 76
34 99
75 91
2 61
71 63
49 64
77 62
32 55
54 85
69 53
58 67
74 14
91 44
40 54
15 73
41 31
98 37
68 61
25 24
84 64
91 89
38 23
90 87
11 13
70 94
52 77
84 31
26 30
79 96
72 91
57 39
32 23
5 89
83 82
33 83
76 4
83 97
9 44
59 58
88 82
29 49
16 24
61 47
72 92
7 78
28 19
12 74
4 66
95 31
88 97
39 81
85 19
25 19
28 67
48 83
94 64
32 96
83 66
71 93
62 43
54 56
27 84
93 66
59 45
61 65
25 100
86 48
43 61
85 96
44 5
30 94
65 44
11 81
43 40
36 35
70 58
70 10
47 60
73 75
64 41
34 56
64 7
1 11
10 26
91 26
100 46
3 90
74 21
34 11
25 82
35 63
88 66
51 65
27 80
98 62
63 81
51 80
35 9
57 42
87 75
30 66
87 87
52 70
92 46
81 79
39 4
61 55
50 88
86 15
34 81
65 80
71 70
97 87
65 43
81 47
39 12
16 40
35 36
13 32
50 2
60 70
47 47
37 19
62 86
26 78
86 81
25 67
28 9
72 41
81 60
15 35
1 6
19 98
18 4
92 3
99 76
56 59
53 57
100 16
93 73
38 89
17 47
64 94
86 76
33 89
96 41
76 87
49 80
30 76
88 71
98 81
41 97
87 69
86 100
3 83
12 46
23 80
27 1
39 55
94 72
59 12
5 89
46 30
30 61
22 93
89 32
80 37
30 3
41 41
32 4
22 76
30 29
48 50
85 69
67 4
80 39
32 61
43 43
28 18
62 89
82 65
77 51
2 85
20 33
14 50
56 19
31 78
36 81
34 71
22 84
29 4
93 34
78 25
26 33
22 95
100 69
15 65
53 83
29 71
7 57
84 86
50 46
37 85
31 35
87 67
55 41
11 25
18 27
97 83
90 95
31 67
79 99
19 45
85 52
50 31
32 46
40 22
33 60
68 26
74 93
54 44
48 29
18 78
31 68
26 14
39 72
82 36
40 78
43 6
62 58
46 34
27 91
64 56
34 70
57 26
50 22
89 10
19 50
19 100
85 44
61 96
2 67
15 42
79 40
86 70
65 24
10 85
77 91
49 84
29 62
50 35
2 27
29 43
67 13
84 46
54 56
57 36
18 33
45 33
100 42
79 90
90 18
78 84
42 45
76 39
34 61
43 18
64 1
53 63
14 70
100 96
65 58
15 36
15 38
43 98
52 57
31 13
4 34
80 47
79 96
85 96
30 34
32 74
65 38
48 98
67 71
18 45
57 85
84 3
14 77
8 78
15 45
3 46
85 62
8 41
30 36
70 22
51 11
93 36
74 84
16 80
93 32
38 94
82 67
59 21
32 91
33 23
41 33
36 76
64 21
71 29
20 71
93 6
54 54
84 60
93 3
20 25
53 4
1 88
56 27
18 32
60 65
22 23
20 29
96 78
29 64
50 65
65 100
79 26
94 100
91 35
94 5
86 31
28 28
75 23
96 51
60 70
59 45
36 36
47 46
23 17
58 16
66 68
67 23
11 69
1 28
11 77
83 93
5 31
63 16
90 72
22 15
22 33
11 94
93 43
69 10
39 9
94 7
86 61
18 34
40 59
76 96
63 90
77 89
3 75
90 12
73 92
14 97
100 8
60 27
60 42
74 77
18 42
77 9
93 51
80 62
29 88
55 27
14 55
33 71
18 43
3 78
6 85
91 27
13 71
51 27
60 36
52 32
44 86
45 97
21 17
35 44
72 44
35 59
12 84
74 70
76 22
84 75
40 66
76 30
95 53
99 59
1 58
12 46
28 68
93 8
44 8
56 7
48 86
57 14
41 77
17 80
60 91
46 61
7 6
24 13
48 40
18 94
75 96
92 77
14 90
47 13
26 20
85 85
82 71
89 55
11 54
9 44
72 30
2 72
36 25
67 34
52 30
37 82
30 80
79 49
81 41
73 39
35 56
80 79
82 4
75 32
96 58
93 94
72 45
55 16
16 58
20 36
24 9
91 54
63 12
90 50
89 18
40 83
26 34
22 40
29 37
88 39
31 83
100 18
89 10
66 8
18 52
41 92
2 41
100 83
19 40
35 82
72 73
5 95
14 60
5 76
79 79
62 69
97 21
3 75
68 84
13 30
22 10
43 44
55 83
84 73
32 93
43 52
23 55
58 78
17 91
3 91
97 69
47 26
55 61
86 30
12 33
72 12
78 21
66 73
71 46
48 61
52 6
95 18
53 7
65 17
51 45
83 37
78 86
48 65
85 11
45 21
12 94
58 72
88 17
66 29
93 44
71 61
60 80
68 50
80 91
76 23
70 93
77 59
74 48
24 53
14 88
38 32
48 64
91 9
3 56
18 9
90 21
54 14
64 78
94 79
70 30
15 22
77 68
100 15
14 38
13 78
44 88
25 83
71 2
83 4
42 11
63 45
54 16
53 43
30 95
33 6
81 17
52 87
9 64
54 16
75 39
74 4
91 99
22 54
64 12
45 54
92 14
6 84
50 67
7 91
99 14
72 97
73 64
27 81
71 63
86 1
40 11
66 2
62 83
62 12
49 57
55 46
76 8
54 73
8 40
58 54
38 78
40 56
9 92
99 42
45 23
35 82
72 45
88 21
9 35
36 8
84 74
52 100
93 43
34 93
58 42
91 56
57 41
83 5
18 89
27 3
68 57
57 99
44 57
82 92
70 62
92 13
36 37
97 69
97 85
95 76
54 23
35 15
34 83
14 14
33 8
79 5
49 96
4 4
66 25
9 82
91 63
49 50
60 82
83 5
34 42
69 23
74 12
42 82
51 80
43 52
20 37
71 36
51 50
64 45
4 27
20 11
7 57
39 15
16 32
4 94
34 90
22 54
38 8
19 24
35 19
22 15
49 28
35 14
77 70
66 4
43 48
68 32
67 54
54 29
2 88
100 47
75 3
75 99
94 81
77 34
69 51
13 69
99 70
19 52
76 13
2 48
38 15
83 69
93 63
6 46
38 14
78 4
27 99
75 73
96 80
13 17
48 87
45 59
48 83
24 8
62 63
42 82
43 39
28 68
48 62
45 26
80 66
22 64
71 77
73 46
50 98
40 27
85 14
49 19
58 30
61 78
2 18
48 44
95 99
94 32
53 89
32 12
71 88
31 87
58 85
19 67
43 56
5 23
15 25
42 90
80 31
76 39
36 23
23 21
4 6
83 84
67 47
83 72
56 47
37 23
55 69
5 96
28 1
91 35
5 66
86 30
3 12
59 36
85 74
97 10
52 67
37 14
80 74
75 54
19 1
37 58
93 72
13 8
93 32
59 97
7 49
25 62
34 87
42 71
47 83
37 93
24 6
65 81
71 16
31 52
1 3
25 36
87 100
29 55
68 70
92 17
66 84
70 82
2 52
50 9
19 43
53 71
38 23
98 16
79 24
8 75
35 25
23 48
20 34
79 57
81 44
26 34
3 18
67 82
19 56
49 52
3 74
94 61
13 32
74 41
24 64
66 86
50 29
11 63
46 40
69 98
54 32
63 76
39 31
55 35
12 36
57 74
59 5
1 58
54 41
90 81
8 84
40 66
12 28
27 17
71 22
45 23
5 50
73 91
11 4
75 57
74 95
65 30
69 17
38 26
90 22
44 81
55 64
92 50
54 95
52 55
60 48
59 26
14 30
50 30
65 13
77 66
6 55
76 17
77 75
12 96
65 49
84 59
3 61
28 76
63 27
25 34
72 98
67 29
98 24
34 54
41 85
23 18
99 83
61 2
12 96
88 4
5 34
67 11
79 54
10 28
70 65
91 53
69 6
84 47
40 82
85 18
60 64
98 37
60 86
37 38
61 84
24 35
20 48
15 96
52 10
34 27
40 29
75 60
100 55
89 52
9 13
93 39
11 22
7 47
5 92
74 69
46 2
9 25
92 79
77 7
71 5
62 43
67 11
39 10
97 41
58 93
75 79
56 4
55 81
35 64
44 42
15 16
10 50
16 41
30 11
61 60
49 67
21 39
88 71
1 21
9 42
96 35
45 12
71 15
54 33
49 55
44 83
51 34
10 32
36 61
27 41
80 36
49 56
45 51
70 97
45 96
3 95
44 75
52 100
57 27
78 90
96 93
24 42
88 40
63 85
5 4
100 51
11 52
25 42
39 21
63 24
33 36
34 7
7 87
55 50
39 39
56 94
98 33
90 72
17 25
85 45
16 64
96 12
33 100
13 67
17 8
29 48
15 13
60 34
81 99
71 40
90 23
28 43
46 33
29 62
90 27
50 37
28 64
100 30
26 30
19 84
15 6
10 65
52 42
21 92
64 15
43 80
28 37
14 99
32 4
44 61
98 43
99 19
91 72
83 95
11 85
7 31
63 94
77 98
19 64
43 92
48 89
8 39
22 34
45 73
36 100
11 12
95 61
15 64
63 42
20 91
33 99
77 99
30 7
37 41
97 90
45 21
79 72
77 79
58 19
62 27
72 39
8 14
12 46
63 63
42 60
75 82
21 93
4 53
51 79
39 9
99 44
50 19
98 47
20 29
95 92
33 98
83 92
89 52
100 13
45 33
60 94
84 12
73 83
41 1
20 4
21 25
38 73
50 27
97 3
95 44
63 54
69 41
2 9
75 51
83 55
95 68
1 32
3 100
99 20
3 63
94 8
97 15
53 81
91 54
68 43
47 24
24 51
50 34
87 28
75 16
94 19
98 73
58 79
18 1
91 73
30 34
39 25
28 98
31 60
35 27
22 41
94 65
55 20
76 49
20 15
37 74
70 16
20 99
40 73
20 87
22 61
33 32
68 1
26 93
75 85
36 43
72 69
50 88
85 28
10 48
24 55
31 98
60 20
34 33
48 51
50 93
63 66
86 27
77 42
93 25
73 54
50 34
86 42
27 25
25 82
57 8
64 50
47 49
28 58
55 75
18 35
50 18
39 6
86 87
27 63
13 43
21 29
51 83
63 82
57 8
60 30
86 36
39 6
19 49
19 68
87 56
68 93
33 85
24 82
96 34
26 61
96 87
46 67
63 2
75 63
22 100
72 62
90 65
20 100
99 19
44 39
38 34
100 89
82 96
23 20
27 51
46 38
95 100
77 33
8 71
51 60
36 14
46 6
90 65
7 62
16 25
28 72
26 55
49 9
51 5
22 40
26 70
99 44
19 7
40 23
73 58
40 6
11 84
62 22
60 6
10 3
57 60
97 91
9 91
90 56
71 63
87 93
35 45
65 14
63 77
95 16
15 73
51 90
40 73
56 89
57 51
7 98
83 12
82 57
7 58
34 69
55 97
84 27
84 12
73 3
24 50
8 21
65 60
86 33
21 43
24 17
95 87
77 2
72 8
56 77
18 9
94 22
42 69
52 54
58 35
57 45
98 21
24 60
7 34
89 93
80 100
63 37
96 42
62 12
96 93
2 100
47 80
3 89
86 78
30 43
75 43
61 79
37 15
39 55
46 64
9 57
14 71
93 50
37 11
37 30
100 27
54 19
30 51
41 47
58 24
87 38
97 44
55 96
11 49
55 29
44 89
90 48
17 65
39 82
3 11
65 10
92 33
50 42
67 50
29 11
79 36
93 45
89 89
68 51
84 99
87 4
76 7
97 69
79 54
13 17
34 99
78 32
18 88
63 1
70 30
75 11
2 90
19 73
30 7
64 38
73 2
25 47
53 86
42 18
