2000 48783
9 51
21 81
77 96
82 47
15 792
78 97
44 91
55 79
55 81
36 85
91 64
20 20
29 75
36 29
23 95
95 20
91 88
26 42
47 40
8 71
99 14
43 51
25 74
8 97
34 85
40 45
42 46
16 15
66 93
6 1130
100 13
74 43
23 72
76 60
55 41
87 45
5 8
50 84
41 23
11 88
86 68
84 38
20 848
66 42
19 18
4 54
60 13
61 5
29 47
7 53
20 75
79 61
1 3
45 48
87 57
14 1272
84 44
80 54
2 54
1 36
35 45
1 18
74 31
9 68
28 77
81 23
96 12
32 36
30 58
88 86
94 76
67 26
71 23
23 34
32 19
41 40
2 665
44 32
53 45
6 86
2 36
73 71
84 98
2 38
17 19
22 6
36 76
9 906
54 60
89 29
4 50
88 56
41 46
77 32
7 1783
68 74
57 6
43 86
51 10
39 64
31 71
44 85
5 89
53 45
18 70
89 59
46 36
95 9
32 42
98 32
100 46
85 77
22 3
36 43
2 979
90 73
9 100
74 42
93 86
62 59
62 22
96 87
1 66
3 20
73 70
49 88
22 93
81 76
91 73
73 54
71 39
73 95
68 90
76 79
78 39
86 60
16 37
23 27
80 20
99 79
72 58
16 1849
83 55
94 12
19 59
20 21
83 84
27 58
93 14
76 22
41 69
7 35
23 60
41 34
61 54
95 30
89 74
82 99
28 57
32 46
6 4
98 95
56 41
74 46
25 73
33 31
11 57
40 61
5 1391
42 76
90 39
13 820
25 44
24 46
72 30
43 2
44 18
6 14
70 11
36 31
33 87
62 31
94 17
56 98
2 17
54 23
2 27
43 90
36 73
29 83
26 87
41 76
79 29
81 79
66 73
3 1
14 10
28 29
95 14
20 70
22 56
84 52
98 36
46 99
8 49
5 1940
41 52
3 66
27 31
6 1159
90 48
11 69
23 45
84 65
66 66
24 13
37 39
68 45
18 2
24 11
48 79
43 89
17 38
26 8
24 19
34 11
29 60
89 80
62 39
75 73
60 50
10 1248
10 77
10 85
32 93
69 25
82 2
72 97
71 91
60 84
85 11
61 38
71 52
7 55
96 54
88 70
83 20
12 1951
55 66
100 21
8 54
55 44
43 61
24 92
80 3
18 80
57 54
60 15
58 59
70 92
86 39
17 8
56 38
96 67
78 45
88 83
64 92
60 98
11 79
87 34
19 82
96 89
47 23
41 85
2 95
42 29
29 54
84 14
25 72
35 19
84 87
32 26
89 15
78 99
7 69
21 69
95 30
16 22
32 35
4 89
85 65
9 1926
19 1660
41 3
65 40
50 44
80 37
28 83
61 42
90 67
14 68
79 23
85 7
12 91
72 7
87 53
5 71
100 13
7 1965
82 42
34 83
57 5
65 67
75 49
34 55
20 880
95 18
80 85
87 8
78 52
35 73
23 73
95 77
7 72
63 27
11 17
56 16
94 15
39 51
16 57
84 81
4 19
46 31
68 39
68 61
17 89
6 91
24 83
16 1
15 680
5 24
2 36
84 65
70 43
17 1862
70 20
93 29
22 1
1 4
31 37
99 5
36 28
53 61
46 81
42 51
68 39
56 49
49 18
61 53
46 52
16 74
4 1779
2 70
61 56
64 23
69 82
12 1766
13 1040
92 64
4 743
48 74
49 39
3 1115
84 90
70 33
25 16
5 61
62 62
98 68
5 16
44 50
49 72
92 43
48 62
46 5
85 46
15 100
53 53
33 63
28 52
51 4
100 89
2 1952
52 25
13 44
86 10
72 58
42 40
7 74
15 73
90 37
54 99
10 681
40 68
89 89
84 44
16 35
15 1853
45 57
14 3
98 65
40 58
14 26
41 59
88 19
59 30
26 56
54 18
63 35
10 19
81 21
13 90
62 59
56 8
64 15
74 2
93 17
87 24
67 42
99 43
2 97
56 30
5 41
16 60
47 97
93 29
100 3
63 32
86 30
96 12
28 86
35 46
36 69
93 11
75 56
23 88
51 41
52 12
76 57
65 75
14 30
9 78
9 732
75 88
64 85
41 30
48 41
56 54
28 54
14 34
17 1726
81 2
21 63
11 36
96 61
68 12
55 17
95 15
82 95
40 98
91 26
61 80
26 43
26 95
53 90
1 98
100 34
55 30
4 9
75 90
19 56
17 90
35 67
96 72
91 29
98 4
89 1
90 22
54 9
9 643
55 55
60 4
48 7
76 70
22 91
95 67
95 81
76 59
90 82
28 75
68 56
80 7
88 6
93 98
57 53
40 95
45 48
56 86
46 77
1 56
82 76
64 32
17 98
17 94
12 3
3 1608
14 49
52 56
1 99
19 57
19 61
56 6
30 60
18 68
31 75
51 3
12 86
77 7
79 61
1 67
19 1938
98 17
32 26
91 38
90 66
88 78
82 32
87 13
95 64
79 8
87 21
77 91
42 92
3 70
45 84
5 94
14 47
58 33
56 1
15 46
29 41
26 62
70 3
58 1
43 81
5 1205
61 55
55 66
28 83
91 15
7 33
83 15
88 83
39 10
25 4
29 1
78 87
6 35
15 65
73 2
84 95
1 85
1 92
77 86
56 6
45 28
14 1536
69 53
54 12
89 32
35 50
82 52
15 45
56 52
92 4
9 25
7 80
4 10
63 90
86 14
94 77
70 74
20 80
81 59
60 83
44 83
9 11
37 22
1 17
76 76
61 23
36 11
76 60
61 67
13 96
83 18
5 46
98 79
52 70
11 9
86 10
38 71
92 60
52 54
94 74
83 16
13 78
52 53
38 77
75 19
90 66
31 53
11 674
9 45
63 12
7 79
53 27
24 74
44 100
53 95
99 49
56 23
89 58
26 61
17 41
53 5
9 78
73 86
50 83
12 99
83 94
87 92
49 69
27 5
91 97
94 94
9 72
3 26
46 46
99 49
13 870
35 63
29 1
25 41
43 59
44 64
83 19
47 37
67 38
26 19
18 1622
17 38
82 93
40 88
42 98
50 33
5 902
50 75
22 70
45 27
61 73
57 15
31 19
62 93
83 71
18 1924
55 86
43 95
75 93
100 83
41 43
4 37
86 97
13 1532
80 77
81 55
15 1515
62 47
27 91
31 100
40 65
78 74
47 37
73 57
69 61
88 35
22 41
12 5
90 61
95 62
56 32
2 86
3 76
39 2
15 1826
85 99
11 68
70 68
80 93
86 60
69 50
20 35
89 48
7 99
41 81
20 76
87 53
5 91
81 23
13 96
87 90
72 87
91 69
33 79
44 96
11 81
73 13
17 88
23 38
62 73
64 50
30 69
63 10
66 77
68 22
78 40
51 75
79 89
47 7
82 19
16 1
67 8
1 5
4 564
73 6
42 86
23 24
59 59
98 28
55 98
24 6
85 70
27 84
66 74
3 1167
22 31
76 6
41 60
39 71
98 43
2 84
2 72
80 63
17 46
67 48
99 84
46 85
69 75
29 25
92 91
50 93
19 1070
58 98
3 50
99 24
31 4
96 35
73 47
41 14
93 62
28 96
64 19
29 31
6 80
29 44
98 30
27 62
11 1942
38 89
65 32
54 92
92 25
11 1727
10 1984
60 70
85 3
10 655
5 54
5 29
12 66
96 96
7 73
56 90
53 93
9 22
54 13
35 48
4 8
27 12
28 13
48 70
6 7
91 31
77 52
11 38
72 26
74 82
37 52
28 75
11 22
54 35
33 18
54 98
71 90
18 23
13 67
7 44
17 1859
17 72
12 24
64 29
12 19
70 96
71 70
17 64
78 70
77 35
3 11
33 77
55 98
82 24
32 46
60 56
25 6
8 50
11 1889
3 904
33 83
8 1007
75 58
96 4
63 83
7 27
49 54
34 72
76 49
62 20
40 67
28 65
30 44
3 90
19 1757
94 14
72 38
14 15
62 77
49 7
42 49
64 40
33 83
96 46
98 15
65 29
55 1
22 20
24 30
28 98
17 3
57 12
38 94
91 12
52 67
100 29
49 38
100 20
33 52
25 87
13 92
25 19
4 51
43 87
27 60
47 95
88 100
13 952
13 9
49 29
99 3
54 9
64 68
32 86
50 6
61 82
48 66
56 59
82 53
71 95
84 56
50 56
27 58
21 2
40 19
30 76
72 30
41 57
82 96
57 81
17 43
94 39
81 51
20 45
88 25
59 63
67 91
75 76
57 59
31 52
75 4
8 62
84 60
39 71
91 99
85 18
20 1723
38 64
93 76
33 57
60 10
28 31
82 64
39 19
100 32
74 82
68 94
71 13
14 38
49 41
27 46
30 32
95 79
59 96
1 28
34 55
18 58
19 19
61 31
26 69
49 22
35 34
33 82
33 33
25 5
23 80
69 50
76 60
12 95
13 25
8 16
72 56
40 8
89 31
62 74
39 39
62 13
29 19
62 52
27 2
30 60
40 49
8 34
76 90
10 1066
9 61
61 45
16 54
27 31
21 75
41 22
76 4
8 8
26 3
20 1565
84 64
48 34
80 38
59 24
12 28
93 63
66 91
83 83
32 70
7 22
96 8
23 60
20 34
24 26
84 63
99 35
5 37
75 11
6 20
32 27
73 7
66 33
93 71
40 60
93 63
65 97
33 33
20 19
72 4
58 87
31 55
56 20
57 20
10 92
66 95
13 1184
54 6
32 85
2 81
86 75
90 6
97 88
60 87
9 91
73 65
95 49
7 1170
29 2
69 60
65 49
61 80
94 66
30 81
53 50
33 77
74 96
17 46
17 61
93 14
41 1
74 47
23 68
48 72
12 1217
85 11
13 66
50 64
38 17
96 3
52 44
75 43
85 60
100 83
34 29
46 51
72 99
80 30
4 80
53 100
1 41
20 28
13 79
94 58
50 9
17 80
78 34
23 56
85 77
95 94
16 69
77 30
68 92
90 36
24 1
50 57
74 98
89 67
100 20
64 14
84 69
3 15
38 9
21 28
2 49
24 89
18 30
26 47
3 18
21 61
78 99
3 10
6 1448
42 29
96 67
42 49
58 61
74 52
64 4
42 37
68 97
31 24
19 66
87 88
73 59
94 19
37 96
98 8
82 37
88 67
61 74
18 5
90 81
99 82
38 84
43 81
22 22
7 66
20 28
76 92
27 26
49 78
1 1743
19 66
42 6
26 68
60 66
99 66
51 71
76 21
93 55
70 68
58 44
7 693
57 7
30 54
8 90
45 3
28 62
42 26
32 69
88 87
59 82
73 2
38 68
48 66
67 82
11 41
54 83
39 61
87 32
32 60
87 38
65 33
51 26
81 96
42 52
62 43
79 61
93 22
89 64
23 67
62 41
47 59
37 39
70 48
28 65
97 28
20 544
7 26
38 6
97 70
95 64
48 87
69 71
84 83
95 4
88 5
95 23
48 86
26 17
81 55
31 46
64 7
97 39
33 23
44 2
38 90
95 17
75 14
82 63
35 32
49 81
96 4
81 91
38 71
65 3
61 55
34 98
31 52
67 32
71 55
27 73
13 95
18 42
48 96
97 77
64 97
87 52
91 51
63 83
12 68
23 5
93 80
27 26
19 43
26 54
71 79
8 84
72 70
45 93
90 47
6 2
45 25
85 50
19 1210
82 47
1 52
99 98
15 96
31 55
65 81
37 51
14 753
78 27
54 92
9 74
26 55
69 40
95 25
16 5
31 74
58 45
38 10
1 1616
84 70
8 4
49 58
54 49
15 88
20 80
50 93
4 34
77 81
4 694
40 35
15 76
76 15
15 953
13 25
43 10
23 92
30 5
79 12
84 70
59 83
85 55
92 96
84 37
53 95
86 20
51 41
4 866
43 64
88 2
59 73
79 86
95 6
59 30
32 34
61 93
78 9
34 26
65 78
6 41
80 46
56 12
21 16
7 60
48 49
85 40
49 21
23 40
14 791
80 33
6 61
24 78
64 87
98 56
7 66
68 33
35 76
57 7
3 1
30 91
96 8
61 73
8 76
42 65
19 54
91 61
3 57
48 63
24 38
19 34
54 55
3 83
74 97
26 23
10 94
22 45
10 14
10 67
44 84
76 62
89 99
1 97
99 39
4 37
98 52
6 57
24 70
33 79
14 63
26 70
14 22
10 22
39 94
21 49
51 87
57 47
11 10
53 43
57 61
87 99
71 29
62 68
89 82
45 77
87 90
50 27
18 22
96 55
12 93
13 57
23 16
52 91
13 53
16 1106
56 80
63 57
79 63
31 49
47 87
92 25
56 70
60 8
1 46
46 15
80 57
4 84
55 61
6 647
56 79
11 74
28 16
79 7
72 41
69 49
75 35
10 82
70 76
92 56
5 36
81 68
56 65
80 52
33 59
68 69
1 58
40 90
30 25
79 72
70 90
28 12
18 1697
77 11
6 784
23 45
23 25
18 27
26 29
29 37
60 96
33 7
39 10
39 12
11 65
62 50
7 60
85 99
12 1631
77 35
28 55
27 19
57 55
83 71
12 1418
41 13
3 39
6 79
80 54
84 64
36 2
1 43
12 27
58 49
30 53
98 97
80 93
4 77
16 76
57 21
32 65
27 71
89 27
70 75
65 34
100 91
83 76
2 1398
36 42
53 59
48 32
64 48
79 77
11 1836
46 18
85 98
97 50
12 847
42 28
28 3
32 71
78 29
81 45
43 97
87 29
10 49
92 94
66 21
65 77
59 69
74 94
96 42
85 91
62 20
17 520
50 25
13 63
99 43
73 70
49 56
51 53
72 1
64 3
81 81
27 87
9 20
17 30
75 36
9 75
11 57
55 91
92 46
40 37
35 87
86 94
26 65
96 36
77 87
91 86
60 64
36 7
16 31
7 5
72 98
77 2
23 24
21 22
42 16
21 19
93 43
42 71
23 71
64 43
5 73
55 4
43 81
65 92
24 33
69 69
73 19
34 90
23 59
64 16
73 78
9 45
49 9
98 43
56 32
78 48
40 80
15 96
65 54
55 10
21 52
36 3
83 11
95 76
57 24
76 27
67 94
1 18
17 97
41 16
17 13
73 22
96 19
59 93
38 65
11 1601
79 13
62 83
4 93
2 71
78 50
28 70
62 68
78 11
77 64
18 51
55 58
16 43
84 46
19 63
22 4
5 50
55 66
56 67
51 25
63 89
32 93
18 70
63 59
100 41
58 85
31 71
73 62
5 4
41 63
62 79
75 55
2 1311
75 61
30 47
73 98
14 1315
57 68
34 17
30 73
33 32
51 68
84 30
100 74
35 65
55 92
73 30
91 14
9 57
29 96
93 90
71 98
12 40
10 59
85 56
11 80
20 44
16 78
35 94
24 47
8 92
48 72
51 53
27 19
23 84
80 99
99 17
74 46
89 66
33 85
3 18
73 97
35 4
39 99
25 23
21 21
93 43
97 52
63 86
1 51
77 47
56 76
23 48
88 86
17 86
59 55
4 685
36 29
26 84
85 62
60 27
34 76
33 85
10 79
12 94
55 21
41 29
11 62
80 66
29 95
95 47
83 36
54 43
15 1287
21 86
78 17
54 22
65 28
74 68
16 8
17 79
51 66
23 35
91 78
90 3
40 20
1 85
40 72
75 1
27 68
5 652
86 27
12 43
9 70
95 58
23 89
15 90
88 86
85 50
94 7
68 32
79 48
28 42
21 75
60 50
100 80
98 91
13 23
64 7
24 11
80 30
80 37
26 28
55 16
22 67
15 31
94 36
23 51
7 2
20 88
49 70
31 86
6 66
12 65
91 7
52 23
34 53
5 96
39 61
19 2
50 3
59 92
49 2
78 96
79 18
60 51
77 75
29 61
24 73
93 34
4 23
56 55
72 70
81 50
10 22
94 36
95 80
3 9
6 1122
53 33
74 96
16 8
83 71
79 14
79 72
25 29
31 36
12 76
29 25
21 48
82 29
31 79
79 92
83 30
8 74
58 9
42 32
36 1
38 21
66 5
28 86
93 43
21 11
52 55
73 45
30 32
97 43
67 76
84 93
64 80
72 61
57 88
79 39
54 31
88 1
57 62
31 59
18 89
20 37
11 35
90 36
12 1942
41 13
69 79
36 47
48 39
78 40
77 79
84 91
67 60
94 35
11 76
59 55
66 45
62 82
31 99
47 28
58 24
49 74
82 20
73 56
20 34
39 60
51 46
26 16
78 12
59 8
56 27
95 100
31 96
8 1741
84 88
84 13
7 26
4 66
71 60
6 16
81 5
99 38
41 6
47 17
93 72
4 33
5 71
10 68
17 14
35 21
57 47
27 38
84 94
38 19
99 45
55 80
28 30
50 90
17 1476
5 41
60 97
35 73
51 93
90 93
1 34
87 80
25 5
59 11
42 97
95 16
16 26
23 54
46 53
57 83
21 22
38 76
60 15
78 92
99 43
76 28
64 64
55 42
2 17
99 9
45 60
1 61
54 88
24 89
2 51
33 35
81 81
13 99
20 7
83 73
3 43
72 92
21 4
79 100
30 2
63 53
26 15
97 79
85 6
71 20
53 61
57 27
60 95
64 75
86 70
58 90
40 55
50 33
65 83
8 769
100 93
61 42
45 32
53 81
84 82
46 34
38 15
16 62
59 84
57 73
99 87
13 27
28 65
19 90
43 26
11 1530
81 42
68 92
5 97
17 99
90 11
58 57
26 77
49 58
21 84
11 98
7 99
12 38
2 1510
20 1399
57 8
12 75
83 74
1 91
64 55
18 7
99 76
1 21
34 20
57 60
9 93
84 6
21 86
36 9
54 96
63 63
44 27
87 89
83 54
49 23
3 40
72 17
6 79
80 16
73 74
78 14
91 14
79 72
42 51
2 47
53 4
98 11
65 21
35 77
98 1
29 27
52 83
96 77
81 47
37 2
4 36
90 92
20 60
76 73
25 100
26 55
91 35
21 26
12 95
73 40
69 100
66 34
96 56
26 31
19 1820
68 81
3 44
88 67
98 4
96 95
41 13
50 7
93 5
6 34
84 35
43 57
16 1342
88 17
90 85
66 59
76 71
94 72
7 2
96 30
69 44
84 1
21 36
11 30
4 79
84 82
83 22
72 78
49 68
31 77
97 8
94 69
98 10
