2000 50559
8 38
7 57
91 10
65 61
80 7
30 47
70 50
47 85
32 27
67 24
51 37
15 50
38 100
11 69
40 88
48 50
18 98
9 57
27 12
98 93
66 68
31 81
72 44
18 59
25 12
70 73
62 37
73 41
50 43
55 45
86 38
9 80
61 1
76 99
73 92
92 59
5 46
95 41
39 96
88 24
13 65
41 32
3 73
50 16
51 52
94 12
97 65
20 1
3 69
75 76
18 94
20 88
57 56
89 89
37 46
33 19
11 61
50 34
6 60
12 55
5 78
91 49
20 34
17 31
18 47
44 78
9 89
22 44
38 18
47 84
61 68
3 82
39 67
63 92
4 49
42 71
9 56
1 13
61 71
11 76
27 88
78 16
82 63
84 95
19 5
71 8
16 14
81 17
20 93
73 73
92 72
24 22
15 21
63 57
41 52
32 19
6 34
1 41
5 63
96 4
99 76
66 82
98 37
37 43
80 25
1 86
78 13
88 80
53 98
39 35
50 55
32 38
16 51
32 17
15 32
34 7
54 76
82 45
66 75
73 20
7 69
57 98
49 42
21 89
71 7
41 93
5 60
77 40
41 85
61 22
24 95
39 61
26 55
73 32
75 55
58 79
73 69
53 19
97 11
78 66
43 53
47 65
9 55
58 55
30 34
75 87
44 13
83 9
8 83
9 88
7 29
14 52
18 85
55 22
87 92
88 91
47 14
91 51
16 83
39 99
3 24
39 29
77 59
29 30
11 60
4 65
38 61
36 80
8 83
34 71
65 46
50 87
32 35
73 100
59 42
61 68
99 38
54 6
95 29
6 73
63 93
54 9
20 24
32 30
60 30
58 67
19 72
7 95
100 70
87 6
45 93
2 45
25 35
74 3
82 75
88 46
77 67
19 87
23 26
36 1
53 57
87 23
85 88
84 43
11 74
95 81
97 63
61 64
49 86
43 91
66 36
63 31
96 99
37 11
94 12
56 80
94 29
64 83
62 74
93 98
50 41
58 19
47 95
27 27
31 21
28 21
14 24
59 40
47 7
88 1
94 40
51 63
26 23
30 79
86 57
88 49
25 59
34 19
48 64
25 45
77 9
65 99
87 27
72 59
2 61
32 38
27 90
47 89
47 72
40 64
92 87
97 64
98 34
38 81
75 90
80 54
65 53
40 14
39 45
63 59
27 66
32 37
65 73
4 41
62 15
51 29
91 89
38 26
84 48
90 52
62 22
60 8
54 2
100 48
84 19
7 62
31 85
62 8
54 50
77 8
2 71
97 88
25 72
51 56
86 20
99 61
30 10
2 72
38 26
68 6
65 30
16 92
52 42
81 54
19 32
65 9
31 83
61 72
54 34
67 82
50 75
15 55
78 89
4 76
66 54
61 7
62 89
96 38
23 15
67 90
24 97
76 37
63 78
49 68
26 93
48 97
99 81
7 54
50 21
89 6
27 11
66 2
4 49
30 5
46 56
75 32
94 13
29 38
35 55
99 98
95 19
37 29
65 4
24 59
92 56
30 57
85 18
53 96
25 46
59 84
20 86
100 42
86 72
34 63
48 62
11 16
82 11
99 42
69 21
83 83
87 99
95 32
100 85
90 48
76 36
97 40
16 31
69 100
25 77
51 86
19 49
71 47
39 66
83 52
95 57
30 74
12 60
31 74
82 69
88 5
41 9
53 54
88 98
26 81
87 68
87 59
36 96
68 31
85 100
56 17
2 13
23 99
3 100
1 97
65 98
78 35
49 36
80 28
99 86
74 64
82 65
17 34
96 62
20 83
100 37
90 19
49 56
11 96
72 44
31 24
51 52
12 5
35 30
38 49
37 85
21 97
76 60
24 32
88 79
13 11
80 100
41 92
35 9
82 99
93 88
99 58
59 85
42 76
79 38
57 70
67 39
60 2
74 55
62 53
80 84
25 91
4 71
80 91
87 38
75 66
62 15
37 89
87 70
97 96
26 90
23 6
17 44
54 1
47 38
57 23
66 11
78 89
97 14
100 72
59 88
42 53
99 29
69 72
35 28
29 66
78 94
1 19
88 20
3 100
62 71
19 3
27 91
65 93
99 94
65 80
92 10
12 60
54 69
78 32
8 55
79 10
52 37
25 50
84 10
98 26
81 72
49 20
27 15
29 37
1 91
37 54
22 90
99 72
6 77
56 69
79 37
83 70
56 87
66 56
37 22
70 9
37 11
63 64
86 1
87 56
27 43
77 11
98 67
80 63
54 42
6 73
11 24
6 30
82 22
94 33
55 8
62 46
95 5
82 22
42 82
95 47
18 75
64 71
93 18
75 51
19 92
23 7
9 73
75 78
88 62
45 46
96 39
76 24
59 9
81 39
62 31
86 51
58 1
12 97
17 66
11 94
17 21
79 89
68 76
98 43
25 22
75 83
11 88
19 78
8 4
52 21
13 24
77 30
67 44
57 94
52 32
86 35
79 100
12 56
12 64
18 13
57 1
7 2
94 89
15 9
39 41
7 19
52 12
96 93
18 68
21 77
59 87
86 88
99 17
78 62
35 82
23 90
52 96
45 21
41 67
59 99
49 42
5 43
88 80
15 37
61 36
91 11
52 71
39 35
2 19
15 34
57 99
10 19
73 36
2 87
25 80
12 28
60 6
28 43
7 20
78 25
48 71
17 58
63 12
47 87
95 71
98 46
21 77
46 66
94 18
14 95
57 16
42 11
18 37
44 95
9 47
79 72
86 58
12 17
69 58
87 76
79 3
77 57
97 46
51 38
30 43
73 77
62 17
90 100
100 71
21 36
67 24
48 41
37 46
81 88
46 28
83 16
30 33
18 56
81 34
76 2
31 50
37 49
69 13
49 87
32 44
77 11
79 10
17 53
41 80
99 20
55 80
19 82
28 76
51 77
21 19
57 70
23 6
83 35
46 70
23 76
55 22
64 45
22 17
43 19
97 32
19 96
26 35
26 16
36 3
6 20
1 18
67 52
94 68
70 82
67 90
77 63
98 44
97 52
45 15
90 23
95 71
99 46
60 4
74 98
50 23
81 74
31 19
24 80
63 60
76 40
98 55
69 34
92 85
19 71
11 52
88 68
89 18
88 38
13 84
25 20
45 57
66 53
43 24
90 25
87 86
9 65
66 39
36 29
57 68
10 6
26 52
3 90
61 51
37 55
77 87
62 25
17 29
7 58
85 4
31 40
34 97
83 59
99 73
25 33
53 81
62 25
12 1
42 51
1 62
77 84
18 22
46 19
42 88
60 45
87 95
80 73
68 62
5 33
15 53
76 29
14 38
92 4
78 19
26 41
29 11
54 57
87 65
45 91
12 66
72 69
76 30
46 63
6 79
26 3
22 95
10 11
87 79
34 95
3 61
40 40
10 30
20 83
37 10
3 69
79 79
23 56
82 41
98 92
27 89
96 46
73 21
93 78
40 49
3 91
18 18
68 11
8 99
5 83
64 53
20 65
28 3
91 83
17 27
85 33
17 37
38 73
46 43
55 67
23 20
49 56
94 58
32 49
68 90
30 68
34 18
99 20
53 23
15 10
96 12
31 63
63 7
21 84
23 41
2 56
23 74
93 58
21 18
82 24
49 92
36 71
53 88
76 94
27 5
69 66
12 78
43 93
59 39
57 21
97 59
81 10
57 28
43 16
65 10
77 17
72 35
98 79
75 36
76 10
65 89
22 99
7 72
27 95
94 82
81 12
80 2
68 55
73 22
100 72
50 31
21 13
35 94
2 18
48 59
61 98
23 36
11 36
55 42
33 26
20 8
4 100
13 35
76 87
46 67
77 44
52 55
69 2
27 23
78 43
45 63
91 63
52 41
3 34
17 9
45 23
83 98
48 63
13 29
56 19
47 34
62 59
28 83
33 27
15 77
76 93
46 76
89 64
86 81
100 17
21 89
5 88
55 68
86 23
33 27
100 86
14 66
36 81
21 39
40 40
14 23
65 1
30 2
65 64
19 35
98 11
61 86
1 84
45 73
73 66
8 54
43 58
86 25
88 36
28 84
1 53
63 81
73 11
89 16
100 61
24 27
62 4
57 100
31 46
47 26
89 26
30 31
60 43
24 7
2 70
100 83
89 29
66 70
81 84
5 92
36 56
31 46
66 29
89 39
27 70
38 95
48 92
22 27
24 71
35 80
49 62
76 23
49 60
73 72
16 38
49 72
96 50
77 93
57 71
26 95
23 70
45 97
8 78
35 12
20 55
9 47
86 94
61 83
27 68
66 30
65 27
14 76
48 75
82 55
2 14
75 45
72 1
50 58
96 23
47 71
84 89
96 85
22 93
33 100
68 8
89 82
33 71
15 58
66 26
89 93
93 4
40 95
85 89
100 81
74 7
4 95
60 79
59 52
16 78
38 99
77 33
81 4
52 74
24 60
14 10
53 39
50 56
85 63
2 96
97 78
31 33
38 84
92 14
4 78
70 35
11 22
93 11
54 5
26 31
58 37
42 50
18 86
49 83
26 90
69 19
23 41
81 85
80 49
81 45
97 62
18 47
9 77
29 17
69 20
33 36
42 78
73 59
34 91
79 40
27 6
31 21
9 25
64 42
74 34
65 54
85 76
85 7
57 64
38 33
10 89
66 52
31 82
79 27
14 35
8 71
47 45
88 75
88 55
26 45
21 71
36 68
95 92
29 48
16 36
15 63
61 35
10 66
88 73
95 78
88 5
14 79
77 98
48 81
29 20
50 83
12 34
13 47
86 42
20 50
2 31
47 82
37 1
32 12
77 8
3 87
39 35
23 4
90 14
78 41
1 49
10 84
14 61
47 92
39 31
29 96
62 54
51 18
38 13
49 27
97 95
77 70
14 57
25 44
25 50
42 28
75 78
88 84
54 74
12 19
60 33
55 5
59 53
96 85
38 68
35 60
98 72
28 2
10 16
40 85
5 95
62 64
49 68
18 55
60 7
39 51
99 2
21 60
42 68
88 15
21 38
38 14
65 84
34 94
63 57
41 33
75 21
89 86
28 68
80 95
52 5
39 52
86 51
10 9
35 89
23 18
97 20
84 60
50 72
58 35
23 96
55 66
71 50
24 63
24 72
30 56
14 65
74 73
3 68
55 32
14 39
23 5
45 97
30 22
57 99
7 53
70 7
83 19
47 39
49 26
63 65
98 95
88 30
48 67
60 55
74 18
23 37
8 74
57 29
24 8
65 61
32 24
30 25
87 10
7 38
6 48
68 18
20 3
79 20
22 85
27 86
44 59
45 89
71 83
73 32
53 39
29 87
42 90
87 10
75 25
43 16
49 26
72 71
82 97
49 93
31 25
55 66
23 81
38 51
63 94
46 88
54 11
94 17
76 64
92 72
52 6
33 11
60 89
24 8
63 82
81 25
50 94
7 92
77 66
72 76
79 76
81 4
100 62
73 65
68 65
74 39
67 80
16 91
45 61
48 28
16 35
28 38
2 93
90 15
17 88
64 86
36 54
71 50
10 54
63 69
62 21
61 60
95 79
73 62
36 67
57 12
6 38
85 12
15 56
34 3
56 39
94 31
15 59
55 53
18 95
82 23
80 91
84 27
49 65
77 3
83 54
17 51
4 40
84 47
6 65
20 79
99 84
41 70
42 80
60 38
55 38
56 53
73 49
1 68
80 14
8 67
10 32
85 51
45 31
24 87
19 6
100 69
69 17
85 64
7 21
38 11
66 38
38 63
21 37
66 55
14 66
3 43
82 5
69 57
38 41
88 22
41 36
89 24
80 43
82 67
100 13
87 81
89 19
24 61
87 100
69 32
32 80
96 31
5 35
28 10
72 17
75 40
79 30
92 33
59 55
37 51
30 44
76 44
75 13
50 32
42 50
40 78
5 74
75 7
9 87
94 14
14 28
1 22
34 90
94 70
82 88
86 2
80 2
23 59
9 15
18 2
91 90
92 46
66 32
95 76
19 55
37 1
70 67
98 84
80 33
80 73
34 86
9 28
56 17
60 99
11 60
49 18
100 28
15 85
23 24
8 14
60 51
37 3
8 87
46 40
82 73
41 27
31 93
13 26
15 85
91 7
82 79
5 26
83 4
47 63
52 2
1 58
35 63
73 20
50 94
15 95
4 93
36 31
23 75
59 61
95 29
33 86
59 78
94 9
99 70
34 2
53 74
11 72
22 4
12 13
56 63
3 28
5 91
38 56
67 6
19 75
28 14
48 84
76 52
62 18
47 46
27 5
63 27
81 60
51 25
64 72
47 55
54 69
99 3
22 81
65 29
94 83
54 66
23 6
87 91
5 87
8 59
92 17
67 59
29 15
3 29
74 73
83 94
7 19
11 28
1 99
26 45
90 94
49 35
1 48
52 63
47 32
79 53
66 41
27 92
29 29
29 13
26 46
34 97
28 67
47 78
98 77
73 49
52 43
73 34
59 92
56 29
80 45
2 60
22 39
61 59
5 88
95 12
43 52
11 58
57 91
44 3
88 54
47 84
44 37
88 1
50 46
90 20
18 5
15 39
68 11
98 33
43 51
45 56
32 81
22 69
91 33
81 9
94 17
95 27
5 43
5 60
2 56
37 87
6 19
76 46
97 45
10 58
22 57
91 48
73 67
79 48
86 2
60 20
77 83
29 90
100 21
26 29
70 10
17 77
92 67
90 20
15 62
86 69
34 28
98 42
8 37
77 12
30 51
1 5
71 39
35 45
57 17
72 46
71 31
63 87
47 91
19 27
24 45
69 100
9 26
96 11
99 47
95 28
8 83
75 29
75 69
7 55
52 9
45 78
75 31
43 27
86 98
41 92
28 47
19 77
38 86
87 35
95 88
20 88
40 92
17 78
54 32
96 8
89 75
24 62
10 46
87 66
42 40
34 90
55 17
2 65
81 53
53 63
96 44
88 35
79 43
71 13
46 89
30 4
67 90
73 71
24 82
52 39
13 63
4 29
22 15
3 48
42 15
69 55
22 87
81 6
85 84
75 18
29 65
73 59
50 31
38 11
60 76
43 70
71 52
66 92
44 86
4 4
19 6
92 30
43 90
49 100
14 42
89 30
31 3
32 83
61 1
6 37
83 22
25 15
9 65
56 88
27 14
3 31
24 94
48 100
83 37
9 30
74 69
11 53
33 88
75 99
1 63
44 15
17 20
23 15
10 58
13 57
26 70
80 15
56 86
69 12
28 14
69 79
9 93
58 69
100 62
69 93
64 5
34 35
93 59
24 21
89 74
72 72
78 3
65 20
19 71
61 39
73 49
45 39
23 92
5 88
19 89
75 6
1 54
88 8
98 20
10 11
52 17
23 42
89 77
7 2
43 53
68 42
27 33
51 45
78 62
78 46
19 90
41 18
63 32
64 48
16 38
3 5
35 72
94 41
67 76
5 42
6 31
39 24
49 33
80 74
96 11
68 21
55 80
96 64
7 81
4 51
57 26
58 49
26 92
45 54
64 2
69 96
64 96
90 34
19 41
41 57
19 79
90 82
33 75
81 62
53 81
1 64
83 19
39 52
94 56
50 94
43 46
51 39
40 18
92 78
82 12
87 80
11 50
36 91
34 96
17 82
91 94
90 73
74 30
17 85
86 27
89 32
37 81
50 74
30 17
55 73
42 30
48 48
96 6
75 56
80 9
100 86
75 72
62 27
38 90
20 27
63 73
81 35
70 65
55 90
24 64
51 77
41 21
86 65
39 19
27 16
54 99
29 12
16 89
79 80
97 49
54 67
67 63
33 81
3 40
48 80
40 5
44 21
47 79
87 10
70 77
26 87
87 47
44 48
39 66
24 36
63 74
54 38
56 70
84 91
8 79
31 85
87 19
100 99
16 50
77 89
26 15
21 100
57 53
42 55
99 79
6 1
95 21
17 42
38 33
49 12
64 73
29 37
44 32
62 51
16 46
14 8
87 89
54 44
9 7
78 6
77 80
24 33
31 95
85 1
7 23
38 73
67 86
45 93
37 72
35 87
21 81
63 38
55 38
30 33
56 44
54 16
35 85
2 16
22 9
24 17
50 27
38 81
5 5
45 10
99 83
20 2
10 18
38 72
25 46
19 76
15 29
53 25
42 8
45 24
37 77
100 82
34 96
4 14
45 74
22 19
90 52
17 55
84 8
44 89
46 39
91 51
49 5
80 76
92 18
71 13
56 44
93 96
60 46
60 49
38 6
58 28
31 2
47 75
95 51
55 47
17 50
9 80
7 71
58 58
5 3
96 100
10 39
38 50
51 13
6 13
60 21
40 65
22 19
95 28
83 53
20 9
86 31
84 9
51 36
29 48
6 74
6 32
22 96
65 19
65 32
11 1
22 98
95 33
9 75
69 1
49 80
26 24
77 80
8 2
35 33
34 34
3 1
96 72
23 35
53 14
1 36
82 55
92 30
23 6
29 83
26 34
42 14
66 65
61 43
92 2
94 12
66 16
50 33
67 7
82 86
14 64
29 59
56 83
61 96
38 33
24 83
61 75
15 9
52 14
68 29
1 41
85 99
70 29
97 12
8 34
74 94
97 99
41 40
65 75
19 4
21 22
43 9
12 18
86 38
3 51
56 71
32 2
21 18
5 3
50 8
2 3
70 66
79 19
9 37
30 13
68 51
32 72
43 40
82 11
36 37
10 68
82 52
72 36
32 48
78 15
79 21
5 42
75 14
72 60
22 68
45 17
92 34
16 76
9 86
30 71
70 78
64 56
61 72
90 95
20 58
10 32
44 49
89 75
40 2
52 86
71 88
7 4
36 9
65 27
88 15
71 45
74 46
22 66
42 32
57 93
51 32
73 52
14 86
77 45
96 64
87 54
22 14
39 49
2 81
82 99
68 71
71 59
97 7
80 95
13 5
16 16
90 78
8 54
56 43
81 79
11 91
78 30
88 82
98 99
42 8
27 96
68 95
16 53
100 13
62 27
24 97
51 45
86 30
37 83
27 41
81 93
23 36
100 54
71 93
76 16
33 5
39 64
99 26
29 63
18 10
63 31
44 78
59 87
70 36
100 72
40 65
80 26
29 53
79 98
78 76
71 60
57 94
97 70
