3000 45212
77 26
11 31
37 64
10 75
5 20
20 9
94 99
82 10
45 18
74 83
21 70
25 55
13 95
86 33
89 87
1 57
7 20
42 71
83 80
59 21
52 86
36 21
38 95
90 9
72 76
56 58
15 86
92 33
32 85
5 36
56 7
60 62
15 18
92 70
69 36
71 90
11 30
15 86
4 99
7 99
88 69
25 20
31 53
100 15
62 52
20 40
53 23
68 71
13 62
35 54
27 44
16 99
22 26
64 38
57 60
45 2
20 47
71 45
36 86
3 31
27 32
91 44
62 93
93 1
82 66
83 80
64 90
45 95
97 66
67 88
3 46
36 86
91 8
34 98
87 52
53 59
5 89
39 75
72 82
69 2
74 80
98 25
36 1
47 6
14 14
92 60
92 59
85 61
63 56
27 44
39 43
41 39
70 40
52 35
34 39
3 5
34 67
97 29
99 99
82 84
63 68
2 96
69 21
6 75
87 46
56 72
10 86
43 34
94 98
81 67
63 36
19 78
31 43
98 88
66 83
96 8
41 99
57 93
32 68
3 54
35 36
70 11
44 92
4 27
21 97
77 82
7 31
7 15
25 62
5 82
40 98
39 30
58 77
9 70
96 56
44 22
64 42
5 41
86 8
57 39
38 59
48 95
28 68
20 53
97 82
93 2
15 61
38 80
1 94
46 28
92 85
35 82
67 90
87 28
91 8
87 39
15 9
49 39
45 5
39 71
5 20
85 3
30 52
63 48
93 24
25 7
6 70
8 65
30 48
44 77
64 56
19 58
43 23
43 75
38 11
92 4
35 77
4 71
29 35
35 70
1 50
72 71
22 3
67 92
59 50
12 11
5 30
73 58
60 1
2 34
64 80
64 72
86 88
93 31
78 19
30 12
17 90
36 40
37 28
98 37
31 68
52 83
16 46
73 90
95 58
5 56
16 45
81 86
8 26
44 31
68 7
60 28
68 1
89 10
78 19
26 50
52 72
83 48
50 60
63 24
84 33
13 91
78 95
21 73
57 74
56 65
2 84
26 63
91 57
90 11
75 51
21 76
93 46
91 96
45 66
87 55
47 52
61 62
20 40
7 29
56 93
39 98
66 56
23 45
79 59
44 74
48 47
30 30
78 73
98 58
92 53
13 58
62 48
69 99
85 30
71 73
76 16
86 13
96 35
66 72
27 75
70 85
86 99
19 72
12 33
31 64
6 26
11 84
91 78
77 17
17 64
46 22
15 67
34 72
69 18
93 25
29 45
68 64
74 55
6 70
17 21
17 59
70 27
31 21
37 10
54 56
1 93
13 25
91 20
48 80
78 48
17 94
17 64
16 46
36 66
81 96
46 62
93 43
43 31
88 91
69 12
59 95
85 12
35 78
44 18
5 29
79 2
73 62
73 45
4 8
78 83
41 17
20 19
48 9
71 89
8 28
53 16
71 34
20 4
44 35
18 13
50 3
12 81
87 76
65 100
47 98
19 24
62 13
39 40
61 6
1 3
59 3
71 52
37 66
45 80
14 69
42 47
23 34
86 83
66 91
26 93
64 65
6 59
97 11
63 26
77 48
5 90
67 41
99 81
76 45
10 28
17 93
25 47
22 8
55 20
41 99
20 5
73 95
54 11
59 96
33 1
54 14
69 51
3 52
43 79
14 82
68 73
84 25
88 15
54 55
49 67
66 60
69 71
6 26
14 70
31 96
82 73
18 12
97 89
33 5
94 56
59 68
49 97
70 55
32 75
55 68
63 53
3 31
27 63
16 63
61 78
11 15
22 28
82 28
65 18
64 7
47 10
32 90
99 83
86 76
85 44
99 50
51 35
53 15
4 27
65 57
35 62
38 51
34 20
84 2
70 55
79 75
94 69
18 3
1 81
25 95
24 70
63 33
79 77
50 32
30 48
40 55
12 46
51 75
73 34
76 64
66 81
71 95
59 5
64 16
56 23
96 49
62 17
7 9
100 15
18 43
23 17
35 28
55 93
8 36
70 30
24 99
87 63
63 98
93 1
87 43
39 93
16 70
49 76
17 69
17 54
30 23
8 75
28 51
81 97
32 61
55 14
98 30
2 7
65 71
62 97
58 29
60 19
75 13
16 38
12 85
44 7
38 6
46 64
98 51
45 42
67 93
73 49
83 4
29 43
65 49
21 46
19 87
32 70
69 73
35 7
48 23
51 47
95 82
27 74
31 96
26 94
33 39
28 25
28 100
50 9
41 73
37 29
61 79
68 85
52 18
72 63
11 43
89 75
69 79
61 93
85 16
35 71
33 41
20 71
63 65
50 41
40 17
33 51
81 10
61 41
20 58
81 33
11 88
14 91
59 58
41 83
91 84
44 96
20 59
18 83
93 5
13 31
54 63
53 83
32 67
57 32
25 98
94 9
97 59
93 76
54 53
82 74
28 98
39 93
1 97
42 63
88 85
92 13
75 13
20 46
52 5
94 22
52 78
62 92
59 12
11 87
54 26
49 47
54 83
26 36
19 30
46 39
90 66
24 44
50 21
21 84
81 28
74 70
66 92
77 38
67 97
72 96
10 11
46 47
10 40
62 7
87 9
49 24
54 71
13 73
20 70
5 28
58 95
72 99
19 71
68 58
82 86
72 97
69 5
87 68
49 32
87 86
84 6
38 50
62 81
33 78
10 33
94 60
7 100
76 77
23 97
25 48
99 72
32 60
22 94
60 12
46 18
60 54
8 87
51 41
73 27
27 56
7 68
82 73
98 7
25 38
50 82
31 92
49 86
70 86
17 11
97 70
56 71
100 68
87 19
69 52
85 97
96 3
63 63
43 96
23 31
37 60
67 44
21 55
68 19
88 89
32 18
65 36
47 43
39 4
15 28
71 21
18 12
22 95
5 93
67 18
98 33
6 26
50 61
46 70
75 12
18 23
95 39
30 34
70 90
81 9
50 37
54 86
28 64
64 100
96 34
51 46
100 59
62 77
23 100
20 29
1 65
55 69
84 16
99 59
45 25
99 44
22 79
14 88
72 90
26 23
81 57
69 74
31 49
82 17
67 44
5 60
99 39
61 82
86 93
68 28
93 43
35 30
21 65
20 6
51 81
16 98
70 51
50 91
29 26
45 3
69 19
81 43
99 71
53 86
80 1
43 47
3 81
1 80
57 34
26 71
26 54
89 90
46 44
8 2
70 6
12 87
12 13
68 96
24 21
49 6
88 75
68 15
83 87
8 40
88 20
33 19
76 89
9 22
35 9
4 15
53 76
3 27
85 57
3 47
7 64
16 57
98 45
61 45
68 88
6 79
86 15
45 42
94 68
84 10
52 43
15 74
47 49
63 56
34 21
71 21
11 13
21 96
38 35
45 51
81 87
77 6
30 69
56 75
86 27
64 77
11 89
90 3
18 55
47 45
93 1
77 70
62 54
90 45
37 14
81 41
95 23
75 80
25 82
40 43
58 90
76 77
6 68
4 90
90 84
39 88
26 10
100 96
12 83
16 44
97 98
92 69
92 49
78 18
99 96
77 27
41 94
9 84
67 81
10 100
8 81
11 81
86 69
69 34
100 78
75 35
50 26
46 52
49 14
26 60
85 94
58 55
2 36
90 13
13 96
91 19
80 1
39 5
43 66
91 35
54 48
39 15
34 56
45 48
16 32
84 51
74 75
8 77
45 86
40 55
69 28
52 66
50 88
55 96
72 51
1 17
29 82
73 29
46 20
29 96
99 88
82 66
86 2
100 75
71 78
98 98
90 45
2 78
88 54
32 10
93 13
41 54
22 76
78 20
38 1
89 7
14 70
11 27
48 83
58 55
2 34
17 10
9 73
3 73
71 57
80 75
3 89
51 39
53 3
100 60
79 86
51 42
81 25
16 39
50 16
3 55
65 88
91 60
4 84
53 42
75 21
48 96
93 95
48 48
26 67
82 47
37 54
91 36
92 74
84 88
48 43
93 59
52 49
56 15
47 31
74 58
35 89
49 19
24 96
39 44
100 30
54 33
89 85
80 55
21 71
90 53
34 9
86 59
33 12
38 92
38 52
7 85
85 40
82 46
6 32
62 58
64 44
94 38
52 94
55 69
30 25
99 36
100 27
81 26
6 2
46 57
55 83
93 42
47 27
30 78
31 85
46 57
36 62
20 22
78 63
56 32
61 74
11 23
41 42
93 37
48 66
78 93
51 73
85 57
60 90
57 57
46 15
23 34
2 94
50 60
29 54
31 70
100 47
28 81
12 95
6 48
26 89
18 29
98 41
72 68
47 58
28 78
17 24
82 19
99 99
94 38
90 3
60 72
5 60
30 44
4 60
4 77
60 37
7 33
88 34
71 78
15 41
86 100
45 11
16 34
35 59
73 17
47 55
34 5
53 97
58 2
39 4
78 37
75 30
88 44
49 4
73 40
16 21
17 79
7 58
14 71
11 16
96 60
25 94
67 27
77 4
81 54
22 4
36 92
87 38
10 89
6 69
1 78
95 40
2 32
16 63
81 98
75 48
62 69
14 54
79 96
71 70
5 9
8 32
97 52
92 52
56 88
22 91
59 25
24 66
28 100
25 95
34 82
23 60
49 89
52 8
51 15
81 94
74 63
87 58
67 83
35 3
44 78
19 60
29 42
46 61
35 74
61 91
72 60
48 42
74 96
50 55
71 64
30 4
9 39
67 15
22 8
64 26
40 5
32 84
39 91
67 56
56 78
25 24
41 15
57 18
76 32
92 81
37 63
1 46
30 90
56 45
35 49
73 68
74 56
15 42
70 28
60 29
75 85
41 88
8 23
49 80
42 94
30 86
30 36
50 32
48 52
3 43
65 9
88 8
35 26
56 100
54 63
90 55
80 23
47 30
46 25
55 6
38 10
35 87
56 4
19 100
90 84
42 4
91 19
15 39
57 45
13 98
75 20
31 81
5 85
34 94
31 61
47 79
63 31
61 48
48 62
10 82
63 42
65 71
49 89
97 19
20 22
3 51
39 73
99 96
49 80
36 49
5 54
38 42
70 88
12 57
56 93
11 71
54 12
98 11
26 61
10 56
10 8
52 32
92 89
15 45
85 25
23 1
13 75
47 55
35 48
12 88
8 88
97 89
28 58
57 76
46 7
99 31
11 27
36 31
49 79
11 58
71 80
54 84
100 99
93 19
65 40
7 43
55 89
70 51
4 5
80 1
79 58
66 13
31 85
23 98
32 9
67 61
45 98
44 83
65 68
79 45
7 70
25 55
27 85
35 80
33 31
24 91
85 62
43 9
59 22
34 92
5 18
82 53
87 75
4 69
74 71
3 14
62 11
28 11
25 16
65 16
60 63
3 26
82 80
42 47
77 23
13 88
9 8
21 21
8 22
25 75
99 17
67 43
49 81
78 2
53 22
81 11
1 44
37 36
75 71
60 17
70 27
79 89
41 69
8 2
34 57
66 91
63 67
95 67
45 53
87 35
12 34
4 16
41 60
45 13
98 14
18 34
10 52
58 73
38 6
17 73
82 99
89 23
35 68
83 80
18 76
87 89
63 42
18 19
24 76
38 13
29 36
45 3
68 53
21 56
5 56
54 9
86 99
67 22
100 27
31 51
53 56
11 61
86 18
45 67
8 25
35 32
62 1
17 77
44 56
52 58
33 1
26 55
92 32
20 68
60 34
9 7
6 9
22 27
26 78
81 84
11 39
55 65
26 38
31 43
27 20
30 93
84 51
13 70
48 15
83 30
95 21
100 22
46 42
32 90
96 89
53 66
67 21
58 41
69 94
10 29
9 98
53 47
87 83
100 30
72 66
46 16
60 36
30 26
20 42
85 65
10 62
82 33
91 29
87 99
12 75
18 1
68 92
47 78
82 70
15 58
30 59
28 42
66 31
27 100
59 32
62 19
31 17
77 4
71 59
99 63
39 32
79 57
3 61
77 14
30 86
27 26
23 81
89 73
56 4
94 75
25 38
17 65
75 59
68 18
56 63
39 85
37 18
23 6
85 14
18 88
90 15
66 72
45 29
55 46
92 23
55 60
68 64
22 92
32 64
38 75
72 54
70 95
68 83
27 66
46 61
49 20
53 43
20 41
89 92
60 46
65 67
14 81
28 10
40 25
33 99
83 25
78 10
69 16
58 30
14 23
38 55
47 97
80 47
82 84
53 42
23 69
88 95
73 57
97 60
19 58
10 83
68 65
40 5
30 65
46 30
38 17
30 84
50 25
9 9
19 28
9 70
74 76
84 60
89 32
13 100
16 58
71 56
42 61
36 26
80 37
55 36
73 80
26 33
86 82
6 63
31 26
61 2
93 58
3 35
57 62
64 67
64 17
76 78
3 23
93 82
22 8
92 39
75 17
71 84
1 48
93 44
32 53
74 23
28 4
20 84
38 74
43 13
42 91
79 87
30 38
22 28
85 22
2 70
99 60
23 55
59 84
29 86
83 56
3 93
31 20
91 17
66 60
47 88
66 47
21 34
39 21
87 6
64 25
13 38
58 89
64 72
57 33
89 41
89 46
84 88
60 77
26 71
78 1
1 67
56 57
7 90
22 94
93 30
60 11
21 6
67 84
70 95
1 43
49 40
73 87
84 14
39 8
90 98
30 1
4 54
10 84
68 22
43 59
74 8
33 11
52 47
89 31
41 43
92 40
78 76
25 83
51 68
3 98
54 35
51 34
59 55
61 24
25 80
3 36
72 87
97 37
69 20
42 81
97 31
69 11
14 19
80 44
7 18
3 69
61 96
62 24
65 4
29 69
56 34
90 11
13 31
7 33
78 41
5 74
98 72
55 68
81 8
48 91
10 65
35 42
51 76
20 71
47 17
75 55
22 7
18 3
23 43
90 26
11 35
71 73
58 36
24 6
3 68
16 5
79 26
63 64
29 28
95 29
43 84
85 14
84 39
7 15
91 46
13 31
12 40
41 17
68 98
92 47
88 59
77 62
26 88
38 34
96 33
72 56
64 89
69 91
42 59
38 83
58 16
52 45
9 56
67 3
28 50
11 23
82 7
58 75
25 38
62 87
52 3
68 22
46 100
87 93
74 36
89 45
99 23
37 75
29 13
18 72
29 21
16 71
46 34
6 60
6 4
41 18
30 15
21 44
9 8
71 25
59 79
18 75
74 22
19 34
84 77
1 71
81 8
17 35
58 98
5 98
79 73
61 52
24 19
76 24
99 97
50 6
64 68
50 71
86 80
44 32
67 43
14 52
12 54
13 28
72 63
17 10
5 45
1 29
89 53
66 4
23 54
99 83
83 30
96 27
69 16
19 6
97 97
49 76
35 92
6 46
6 73
65 65
19 50
29 43
93 88
69 46
78 48
56 8
18 16
64 27
52 91
85 58
29 30
63 45
49 37
100 92
31 54
53 33
52 72
19 58
70 36
74 77
70 41
53 65
22 3
38 8
23 22
70 52
39 35
57 66
75 97
44 59
74 82
45 98
24 1
66 21
14 43
2 48
73 80
83 11
17 26
24 71
19 20
97 55
86 67
67 57
49 98
16 20
72 89
100 70
87 29
41 77
26 46
8 21
45 93
47 1
45 81
67 67
16 52
83 15
76 32
42 100
78 74
1 65
39 98
2 74
66 85
4 92
3 74
90 65
86 2
71 99
66 35
5 74
67 6
51 53
23 30
67 3
19 72
46 70
19 24
57 52
87 46
44 22
64 73
83 39
42 22
8 5
50 5
9 25
43 19
77 88
2 24
20 44
77 52
92 21
21 70
42 36
95 13
75 43
83 52
33 66
45 41
48 38
89 39
64 46
51 90
11 20
30 1
69 13
57 90
100 76
77 65
95 35
95 97
40 89
77 25
36 70
47 93
78 29
96 94
41 63
54 16
50 70
61 7
30 19
41 42
33 76
23 55
88 54
8 18
6 58
72 72
4 10
5 96
60 62
67 8
55 85
22 82
49 8
75 98
30 71
100 35
51 14
76 57
95 84
90 54
53 82
82 53
89 46
82 10
78 99
29 60
36 78
79 20
41 18
17 48
19 61
74 93
40 2
58 67
81 62
97 12
29 38
36 72
1 7
88 99
55 31
8 91
62 80
55 38
82 40
91 2
54 72
33 5
67 59
48 7
22 58
71 40
30 60
62 55
52 1
59 10
43 15
39 30
37 29
83 32
56 78
7 89
56 77
95 31
65 55
88 38
43 42
93 44
24 61
43 48
33 43
78 91
50 91
94 74
84 80
32 82
36 28
37 4
16 87
54 86
85 10
89 44
76 77
66 21
51 99
28 77
24 30
93 13
18 7
60 10
75 96
73 36
18 99
83 72
19 18
82 5
22 10
61 60
27 49
97 22
56 59
59 43
26 13
5 1
4 68
9 92
88 83
91 95
46 47
55 69
45 80
82 57
44 64
20 56
47 77
94 62
99 85
22 59
38 26
17 43
33 68
64 22
89 78
50 18
98 93
60 95
32 23
20 54
20 6
58 23
68 76
75 65
68 17
94 88
32 17
71 84
54 31
19 99
13 79
51 78
74 19
9 10
32 86
69 83
29 18
30 14
14 96
79 2
51 72
51 22
95 44
83 40
14 95
36 73
33 57
12 87
95 19
16 31
83 93
66 25
73 5
2 68
41 41
92 21
47 7
72 57
14 5
1 89
42 8
26 35
51 18
67 78
35 44
35 3
35 60
15 61
64 17
48 8
93 14
15 88
98 29
40 9
49 79
64 75
27 81
33 88
27 61
21 52
48 70
61 5
86 76
72 75
62 72
78 68
63 95
9 30
49 76
76 99
61 19
43 83
54 85
11 36
9 61
88 29
45 91
44 72
2 41
61 59
43 79
46 7
75 98
93 59
85 15
75 77
8 33
11 96
8 16
34 46
83 47
55 85
46 50
21 74
27 59
7 74
98 93
41 54
67 3
99 68
17 4
27 73
41 3
22 89
90 9
1 15
9 69
86 51
96 86
62 61
46 9
39 17
7 67
72 6
83 75
44 82
47 34
90 60
6 29
54 49
23 57
89 27
60 34
20 6
61 100
86 44
78 31
10 92
79 49
45 34
60 11
47 5
23 6
100 13
68 45
64 66
53 27
76 13
50 16
48 65
89 73
47 76
38 81
95 92
71 82
20 7
90 73
17 67
9 18
96 53
22 16
83 74
36 79
81 1
2 32
48 30
19 96
80 62
57 73
97 45
76 95
17 83
43 49
50 53
68 48
62 93
14 18
20 74
37 57
15 86
20 90
25 81
61 61
57 22
71 72
31 42
29 29
13 96
99 9
89 98
8 48
72 76
72 72
95 26
53 28
25 3
42 7
23 23
56 64
98 79
71 67
31 11
66 14
13 67
81 63
34 61
26 59
46 80
5 86
62 67
60 17
76 76
38 48
72 78
85 97
60 71
55 71
13 77
72 67
53 79
53 75
31 14
25 6
24 98
25 92
29 33
1 100
66 98
51 8
56 15
16 29
21 26
39 25
81 42
85 93
71 39
66 2
10 3
16 71
23 87
23 70
75 87
98 14
12 69
98 64
34 11
71 39
52 35
98 39
95 5
5 65
51 13
25 71
81 23
26 10
50 14
9 7
26 61
67 11
11 14
34 28
82 91
83 40
72 4
63 32
67 32
42 43
28 33
28 86
9 65
2 72
50 55
83 51
52 85
13 23
80 67
85 47
83 14
84 1
83 86
29 18
88 17
33 50
6 40
20 39
58 60
55 53
28 46
36 72
73 16
90 11
69 99
55 6
72 50
40 55
69 90
90 33
33 97
48 22
17 19
41 13
50 45
18 73
75 63
1 30
30 48
6 29
85 28
64 13
89 81
19 13
93 82
28 50
51 63
98 22
47 40
61 74
4 26
26 85
96 97
76 41
15 96
16 48
82 99
86 97
7 2
50 88
75 30
39 50
98 61
43 48
31 62
47 6
60 72
5 76
99 87
89 19
10 5
83 14
53 31
99 37
2 79
97 13
26 38
4 93
46 86
25 78
16 66
1 11
50 62
63 14
76 4
65 9
78 61
10 54
2 6
84 62
59 41
29 87
74 63
8 1
71 34
4 24
54 58
83 5
8 100
52 96
71 76
70 56
87 62
75 58
68 44
40 40
23 22
45 82
95 32
68 7
69 59
11 49
68 70
71 72
73 62
96 73
35 33
51 75
5 26
88 90
86 36
15 18
16 76
60 51
23 70
39 9
63 74
28 28
21 65
71 25
32 75
43 92
40 32
70 36
70 50
59 76
9 27
92 71
55 57
3 10
60 30
76 67
13 58
79 99
46 38
38 72
26 23
32 22
88 46
82 100
19 11
25 33
97 17
87 86
84 83
71 38
25 46
47 9
98 65
97 63
69 33
29 92
39 54
60 65
98 27
60 3
70 92
58 54
52 26
76 100
61 63
63 55
51 66
25 73
41 5
48 55
62 96
19 27
79 77
1 93
100 78
98 39
26 77
96 94
84 77
61 12
66 31
60 74
59 20
16 48
8 36
79 4
96 39
98 42
90 20
46 17
58 44
59 11
3 22
9 21
87 10
15 37
23 27
37 27
92 61
15 31
85 34
5 8
33 9
15 10
6 100
33 86
12 100
83 28
80 31
47 76
43 39
98 14
58 50
2 10
13 13
65 37
32 14
8 3
15 78
22 85
5 71
72 74
32 96
8 93
80 94
18 57
74 29
2 21
7 36
17 41
16 3
43 69
22 48
1 64
57 30
27 99
33 49
21 29
61 26
12 32
19 57
55 65
9 97
77 6
8 26
73 9
93 94
40 39
81 63
7 72
61 76
37 33
78 97
92 71
44 25
9 90
62 79
70 5
62 62
68 14
86 45
30 17
10 34
7 92
82 80
18 63
85 90
14 80
38 44
97 68
77 11
57 100
52 32
38 7
33 57
59 9
10 67
77 50
98 48
42 29
84 73
10 23
79 62
13 69
54 45
74 38
74 11
15 75
43 95
87 24
82 41
81 39
68 40
43 74
87 83
49 19
60 89
24 24
62 99
98 32
20 91
91 61
54 83
71 74
28 68
38 39
82 83
37 86
66 40
79 82
31 15
1 65
41 56
9 28
14 33
94 52
82 17
39 43
8 26
77 11
77 19
89 66
57 2
45 58
31 92
95 36
93 77
90 32
70 59
7 27
39 63
90 2
49 87
44 97
12 27
76 6
81 87
93 9
64 92
47 26
24 42
94 58
47 42
16 97
54 37
12 75
9 100
88 5
2 69
16 26
64 68
79 87
56 43
72 69
23 97
38 86
66 56
67 25
79 17
36 66
25 51
18 31
77 67
73 89
61 27
40 94
100 95
94 13
33 54
16 38
92 91
8 96
61 95
90 32
23 44
15 83
2 58
83 44
2 87
55 79
98 21
17 54
33 17
5 63
88 74
7 13
42 1
5 29
26 37
72 17
92 95
2 39
89 48
68 13
27 28
2 26
8 6
78 74
95 91
92 12
93 11
38 81
51 7
6 57
27 64
25 2
20 39
80 74
7 45
73 77
35 4
56 65
41 83
67 72
60 80
80 8
26 85
53 80
84 37
51 73
76 48
76 83
4 64
17 95
95 47
30 91
18 73
54 5
8 64
64 63
97 16
100 26
1 95
47 22
57 82
27 10
23 75
28 72
59 83
29 20
52 100
93 38
36 36
92 82
11 10
47 15
71 90
36 46
51 46
55 78
38 70
27 94
82 12
42 33
43 40
76 58
71 23
12 12
30 62
30 38
75 74
78 77
82 63
27 20
25 50
38 96
5 30
99 25
66 19
63 64
28 96
17 19
55 2
63 31
9 52
66 11
62 98
31 93
53 56
12 43
37 70
91 25
38 36
18 33
84 58
80 76
94 91
6 32
91 39
75 4
36 22
17 65
52 33
17 36
43 84
28 82
6 84
100 13
27 58
71 2
62 77
6 53
88 72
69 78
20 36
48 24
86 40
81 33
30 68
38 47
93 75
67 90
28 71
82 63
84 22
63 80
14 90
29 64
69 64
56 28
55 68
4 37
73 92
59 100
72 72
67 76
86 33
77 55
66 40
64 91
100 9
80 16
21 95
39 80
48 45
41 82
86 55
33 36
73 14
67 23
22 82
65 41
33 12
2 53
99 3
17 33
64 84
12 92
97 97
32 99
67 71
52 16
87 35
39 63
10 15
58 7
58 90
47 47
87 13
75 29
11 89
86 21
54 97
31 36
76 53
53 93
23 69
13 7
37 29
96 83
79 81
59 10
12 75
12 92
60 14
10 29
28 77
23 98
73 72
76 73
7 96
40 42
27 88
93 83
30 56
36 54
3 41
87 45
35 52
41 53
14 26
45 93
78 26
67 22
27 80
53 30
72 14
2 48
65 36
60 42
97 82
43 17
18 4
60 56
6 60
29 17
22 36
85 36
4 14
94 7
61 60
62 62
85 1
87 99
6 96
15 56
75 52
8 36
53 53
9 56
100 88
18 78
5 48
29 65
37 51
83 79
81 94
8 16
84 26
97 82
67 10
32 8
92 50
37 13
92 15
97 9
17 29
65 51
34 45
72 95
58 9
94 4
33 8
95 9
32 3
39 3
61 17
6 6
98 38
65 21
14 61
50 77
83 50
70 60
78 42
19 100
53 38
11 87
78 67
36 64
59 68
96 76
68 23
50 17
84 88
11 37
99 78
1 69
75 87
32 22
24 15
84 48
77 77
57 22
78 56
8 79
47 76
90 24
14 37
96 65
55 44
79 97
45 41
37 45
1 9
23 34
7 44
53 98
85 73
36 11
88 61
43 40
31 38
7 35
93 9
15 26
17 72
43 86
67 46
43 10
26 59
90 60
27 57
2 35
98 33
56 65
61 66
44 60
46 40
26 54
40 24
52 36
5 2
36 16
40 80
5 10
10 2
46 24
9 8
94 74
81 86
96 20
37 65
63 23
55 55
81 73
77 100
23 78
75 10
95 45
66 87
100 68
85 56
44 96
53 55
82 88
99 12
13 72
78 99
96 51
39 25
69 22
99 86
95 26
4 38
38 66
51 36
14 91
35 41
59 95
59 64
15 26
6 66
47 28
30 100
60 20
27 53
58 100
35 49
53 14
53 96
100 88
4 34
89 4
43 83
56 88
70 43
93 46
21 11
99 42
41 96
11 35
19 63
39 82
57 60
23 52
77 99
7 47
88 42
11 39
17 93
98 57
78 16
74 59
45 37
7 67
86 30
23 41
16 18
20 79
76 54
68 14
19 66
79 87
56 17
13 100
87 26
78 11
5 45
7 36
76 52
97 92
69 70
47 67
36 25
25 82
69 18
64 23
83 80
8 12
26 13
51 73
5 20
3 80
24 31
1 56
61 47
9 12
24 96
29 64
28 90
99 2
96 29
98 7
77 88
52 97
10 58
63 66
81 8
67 54
21 1
8 59
15 46
89 23
54 25
2 22
65 56
74 95
65 45
99 35
81 6
91 9
49 59
38 77
45 89
73 41
38 33
58 87
33 53
61 80
86 2
13 94
11 81
81 31
62 53
88 21
84 27
72 10
2 86
64 34
90 16
23 86
72 45
56 13
63 60
77 69
58 34
28 15
51 15
22 30
