2000 47692
85 50
42 100
31 23
53 27
8 100
53 17
41 33
74 83
79 79
25 4
7 14
11 856
82 33
91 77
11 1466
59 13
26 13
27 26
88 66
58 33
16 96
10 67
13 35
42 88
38 74
23 8
5 63
33 9
64 30
4 1450
38 1
48 31
48 94
21 75
100 10
8 45
25 44
93 42
81 27
3 22
7 588
40 40
54 3
50 30
30 69
19 90
61 42
8 81
98 15
48 7
17 13
13 62
10 25
30 99
54 49
47 99
4 6
10 63
79 59
19 88
64 57
68 11
19 18
63 50
40 85
70 27
70 46
64 28
62 20
51 24
66 1
82 17
90 63
72 56
32 46
71 83
90 45
9 1700
30 64
87 12
91 45
47 28
51 25
100 21
28 27
4 26
98 71
83 84
65 88
28 29
54 71
28 44
48 91
72 41
43 45
39 76
41 19
12 90
3 55
55 39
62 13
20 56
36 55
3 28
91 63
67 52
26 62
33 7
10 90
55 77
19 18
53 86
53 5
22 95
4 6
32 83
77 20
54 77
15 66
42 7
81 57
20 89
21 3
80 48
91 81
63 47
19 75
31 99
75 89
21 81
85 89
88 53
92 88
73 43
7 817
35 50
39 94
68 94
67 57
1 83
74 70
37 26
5 20
79 26
58 20
8 26
10 8
35 91
61 54
76 26
5 1568
94 10
95 66
48 52
73 9
85 46
11 50
43 83
68 96
37 90
63 16
4 85
24 43
7 3
76 27
66 26
41 53
67 73
85 19
7 61
19 7
11 89
43 38
23 27
89 66
53 58
30 4
50 74
87 100
43 57
26 51
14 49
36 18
72 16
61 52
60 27
57 13
23 2
3 61
76 8
59 91
17 76
79 92
35 85
75 79
7 71
52 11
15 83
73 95
37 81
20 1692
91 53
99 21
68 32
13 31
87 87
20 41
94 34
36 12
6 41
36 90
13 62
71 89
23 8
85 29
83 41
35 86
93 41
6 94
89 46
68 100
16 36
57 74
98 44
50 21
32 4
4 66
14 1864
46 86
28 60
90 63
71 80
18 64
88 84
38 11
82 95
26 70
57 52
76 80
8 814
14 44
63 22
26 94
36 84
38 81
62 22
18 76
24 66
54 14
23 69
12 63
73 65
91 5
68 36
70 8
40 77
99 91
26 73
41 59
97 28
53 84
82 21
67 7
71 48
21 56
4 70
4 42
46 77
12 73
31 73
11 57
77 68
94 94
36 2
12 51
83 74
97 23
29 27
6 39
2 88
4 47
69 54
74 53
94 51
36 89
43 60
85 27
87 80
20 85
78 37
35 7
73 68
59 58
1 66
95 15
80 65
56 87
18 868
77 42
19 11
29 33
87 50
4 1684
74 26
74 52
6 80
56 100
70 74
86 6
13 90
23 14
41 5
81 43
6 1377
86 55
68 84
91 77
71 34
6 15
10 61
48 70
40 21
82 81
58 79
1 1049
76 47
89 96
47 76
26 7
66 37
65 38
6 39
52 86
11 67
79 64
78 37
68 47
86 63
47 63
54 4
50 5
70 76
46 8
30 47
17 93
32 15
49 30
7 69
2 100
55 44
69 82
1 21
94 17
50 62
58 52
86 6
78 8
47 47
84 34
55 66
64 83
49 71
60 4
67 68
11 38
38 68
44 57
79 36
75 82
43 19
84 39
24 86
2 1531
29 99
5 85
80 38
60 65
53 14
39 58
13 64
59 10
7 39
65 84
14 552
56 52
23 87
90 83
85 12
21 33
73 16
39 77
84 15
73 87
98 81
50 35
84 76
87 100
46 91
14 11
61 81
88 9
16 1596
84 19
51 54
25 51
40 3
30 43
9 1344
45 68
10 1105
49 78
3 77
2 889
14 14
7 54
82 42
88 100
48 37
66 53
60 33
73 4
57 30
95 99
97 90
6 62
3 1176
32 17
93 61
41 75
45 27
5 93
28 83
41 80
41 63
78 88
18 30
80 17
8 82
54 45
24 85
27 82
54 74
79 13
1 72
19 87
85 67
34 65
58 39
85 55
51 18
17 23
57 10
7 99
11 21
53 100
13 12
7 6
85 68
57 24
47 80
81 47
61 68
27 15
22 26
53 31
4 54
91 55
33 99
63 36
44 51
8 83
90 69
2 1950
7 1639
42 92
68 63
16 1442
75 56
77 53
7 72
25 25
94 75
63 81
84 75
56 48
67 32
48 86
7 1808
15 1758
4 9
13 36
84 46
16 77
39 50
57 71
3 1657
42 56
47 77
53 57
57 43
42 28
12 92
46 63
42 52
50 39
39 6
61 66
72 4
11 1111
38 19
78 75
89 38
31 93
92 55
24 12
38 92
10 39
71 98
52 96
13 38
26 58
64 32
48 83
42 34
9 1777
4 5
62 44
95 88
2 81
66 1
51 82
43 8
29 92
48 44
84 11
78 82
38 49
45 77
49 85
2 62
34 95
78 11
43 51
16 39
21 17
66 62
53 31
31 55
37 11
56 26
95 44
62 69
19 9
42 26
55 54
72 42
97 82
68 98
19 81
98 63
85 98
21 63
92 22
14 41
21 58
27 85
5 1231
58 59
19 1007
92 58
60 72
56 7
21 68
54 22
71 45
94 36
19 83
76 75
24 43
7 46
31 53
70 86
21 14
50 61
11 64
27 19
73 54
7 97
95 16
91 35
56 59
19 970
12 49
47 33
44 5
32 6
25 17
87 26
41 16
48 29
30 83
3 987
55 35
2 2
5 8
26 79
95 90
76 43
1 6
70 84
34 88
31 10
39 21
54 53
32 22
1 84
33 71
5 76
59 81
3 1363
47 10
14 91
9 3
4 1551
12 75
5 8
41 15
37 91
43 85
82 83
36 19
72 20
33 69
90 5
25 73
90 29
67 36
72 62
65 23
19 41
41 97
98 62
2 2
2 1492
4 14
33 23
32 1
36 36
89 98
91 33
11 660
36 59
19 1979
74 29
45 68
20 50
11 865
38 35
56 41
20 72
19 17
43 11
43 91
3 37
84 16
18 1808
92 65
51 51
39 77
56 87
21 43
31 26
6 48
22 44
62 43
9 13
7 18
94 95
96 1
95 68
36 28
61 26
82 26
16 582
34 54
27 46
10 4
64 93
64 80
17 96
35 65
34 48
11 7
78 7
36 84
95 74
97 22
80 49
97 76
87 51
87 87
17 18
17 76
92 87
91 13
31 18
52 99
97 30
24 64
13 1478
91 97
11 43
59 77
73 75
53 97
45 82
51 20
63 1
60 75
66 51
31 96
94 91
99 98
42 54
23 97
86 81
88 79
19 19
17 81
36 54
5 21
4 68
4 71
74 96
47 54
94 35
4 65
51 4
90 65
79 28
49 7
33 13
41 71
60 83
57 87
93 67
56 16
7 58
6 1328
67 42
24 8
9 654
60 32
22 5
31 72
83 29
59 38
18 51
53 99
76 18
5 4
10 19
31 37
8 27
83 66
29 90
2 13
38 82
79 46
43 29
68 9
80 52
27 42
7 1155
39 86
83 80
100 50
46 1
41 90
7 68
12 43
64 97
96 86
71 26
37 54
26 58
5 54
48 91
95 60
58 4
23 60
99 15
19 74
5 97
6 93
1 39
33 38
59 6
90 20
12 83
54 34
9 81
91 86
80 27
68 63
81 23
4 566
19 12
26 76
55 48
25 32
89 70
71 44
72 17
11 95
7 49
97 26
16 1
54 39
91 37
2 785
15 1864
89 52
43 78
84 47
47 44
95 68
17 84
5 1
36 40
80 19
10 35
44 72
22 4
90 13
11 34
54 27
4 71
29 46
31 2
10 18
6 29
19 71
80 62
77 45
29 17
39 10
26 23
96 17
44 1
16 59
72 21
24 51
57 10
14 50
7 97
55 6
60 17
75 32
59 58
95 8
6 50
21 92
38 79
27 54
10 57
100 13
32 32
65 27
81 10
62 85
74 45
38 38
32 7
6 58
14 34
13 23
96 19
91 56
8 40
39 71
7 67
80 12
14 21
17 940
45 61
73 69
69 33
5 29
47 1
79 91
99 37
53 50
19 936
89 15
16 1771
60 90
40 27
15 38
24 69
20 88
76 22
50 13
57 25
60 80
7 22
23 59
72 3
2 40
13 14
79 94
92 11
71 80
10 5
6 83
37 8
55 65
78 52
57 92
59 93
76 4
36 34
9 29
80 53
86 20
97 96
63 60
46 61
37 22
77 97
21 29
8 10
4 71
22 93
65 86
63 50
28 14
39 44
34 52
29 6
3 10
65 97
73 68
26 41
74 1
78 50
62 100
80 65
7 53
19 44
38 10
82 56
6 77
47 90
62 61
91 48
95 85
76 72
88 9
31 59
52 68
9 89
39 20
55 90
82 82
55 5
70 40
10 47
93 1
3 43
90 4
47 62
67 40
62 71
8 1945
93 40
91 73
86 54
72 57
97 25
56 97
62 18
31 33
61 25
8 7
44 45
3 73
54 44
19 16
91 81
85 54
70 35
51 69
75 73
76 25
32 2
29 29
45 64
93 49
73 81
100 58
83 52
19 42
66 97
96 75
43 44
10 89
87 47
28 97
34 45
35 71
15 1232
95 14
65 55
43 69
54 20
60 99
97 41
7 15
78 66
87 73
2 742
99 1
89 42
17 40
75 77
73 95
45 21
19 92
65 43
69 1
70 49
99 47
88 43
36 46
47 21
30 38
97 86
33 67
57 34
30 30
19 89
91 30
24 43
15 927
85 98
77 14
95 94
81 39
36 29
73 60
20 63
78 48
23 12
8 56
95 88
97 88
32 51
39 60
68 31
9 1605
8 60
37 79
99 43
47 54
24 76
45 63
28 91
73 61
29 81
36 76
2 42
48 22
26 5
78 36
83 17
10 3
6 2
77 10
90 93
41 82
1 21
61 7
19 29
24 32
21 63
13 68
72 71
52 13
3 27
39 1
15 1780
62 39
28 32
51 100
8 92
51 59
95 14
87 83
23 72
6 1757
22 10
77 65
71 68
47 67
54 1
5 84
8 21
11 54
81 45
50 13
52 35
34 66
10 71
22 63
57 49
30 33
86 31
28 20
34 45
40 9
19 72
85 54
2 47
46 55
87 5
61 91
48 14
82 70
48 25
23 85
57 16
21 34
99 49
79 35
68 100
4 1
83 18
27 20
14 54
15 63
76 84
17 88
48 80
38 55
38 3
56 28
19 39
75 85
84 99
52 84
15 45
54 71
89 89
16 92
99 25
75 93
28 34
98 90
8 62
6 763
20 26
64 30
48 43
18 27
42 64
67 43
73 27
24 82
93 14
87 33
91 96
21 50
55 72
38 75
10 56
45 74
46 54
28 94
19 10
29 53
32 29
33 55
34 23
20 17
100 98
32 99
46 9
80 31
29 41
54 23
6 88
1 66
17 52
53 82
18 92
11 15
71 76
43 71
13 787
64 90
29 3
76 95
36 91
35 26
66 21
45 46
79 52
11 75
24 91
98 61
91 27
55 20
82 67
24 1
26 36
34 64
9 991
72 97
13 46
87 91
77 71
70 85
87 9
93 22
75 67
5 52
55 88
45 42
99 22
41 88
60 83
27 76
68 82
95 25
13 54
33 3
91 70
92 5
43 77
15 13
41 17
85 55
21 32
74 84
8 7
47 19
7 99
14 9
70 67
71 97
1 52
46 37
41 81
87 60
90 10
67 99
43 11
97 98
11 93
41 85
37 85
71 75
19 12
4 66
65 100
32 17
89 20
8 21
75 21
83 48
22 33
15 38
68 54
94 16
88 73
75 60
40 35
47 23
41 69
61 1
17 19
93 20
58 90
9 52
31 31
100 99
75 50
26 93
96 48
38 94
18 29
84 32
8 69
37 93
39 50
24 20
20 9
27 21
31 92
46 82
10 69
4 77
60 19
29 22
98 44
99 43
3 34
89 30
45 65
95 54
50 83
14 36
87 25
59 72
74 87
18 55
10 70
1 88
43 99
57 18
38 82
60 28
40 1
97 2
48 72
79 2
20 73
2 1128
57 23
51 16
64 61
18 43
18 1705
2 541
46 64
3 36
22 25
1 49
92 65
18 42
95 2
93 99
31 77
82 78
3 70
5 15
99 84
13 92
57 2
93 83
69 61
94 35
52 62
61 61
90 36
52 85
91 15
9 60
70 64
47 37
11 76
34 77
17 31
17 19
8 59
62 94
71 54
81 36
62 95
62 71
99 77
57 48
6 69
81 5
90 26
9 91
37 19
40 9
73 82
93 72
32 43
41 42
10 1128
35 56
1 54
27 94
86 40
91 68
88 6
8 56
90 56
50 81
14 1202
6 86
18 99
100 42
19 32
89 5
14 1081
33 78
2 27
83 5
89 25
8 47
6 1748
30 2
68 37
52 79
69 63
40 18
96 3
52 5
32 11
34 61
86 61
85 65
60 6
24 52
27 84
99 11
31 7
14 1248
10 1968
23 90
73 29
18 42
74 84
92 12
6 98
6 12
16 1894
60 76
18 707
64 66
67 22
3 29
93 67
86 59
6 60
13 29
25 28
1 14
64 86
8 91
34 74
49 98
92 7
46 79
24 49
19 42
44 42
54 56
34 33
44 84
28 97
59 14
62 77
2 80
50 25
19 74
7 92
25 66
78 1
47 12
40 31
96 23
1 92
84 97
81 33
6 51
96 78
57 12
6 64
11 63
65 2
40 89
11 60
56 8
20 525
35 8
74 50
80 9
88 15
1 1322
76 92
68 12
18 47
37 21
69 91
9 1281
7 94
27 34
43 37
85 95
73 45
34 19
80 69
73 89
17 15
17 1005
78 39
64 92
69 12
36 55
74 54
33 66
8 1920
84 65
89 73
63 62
18 73
14 74
94 70
58 87
73 8
69 14
25 98
90 54
57 34
45 41
60 77
64 79
71 74
54 65
100 25
96 71
87 83
31 93
20 59
3 98
43 45
50 49
66 41
12 9
85 3
91 47
44 74
11 98
75 11
7 778
14 854
92 35
98 72
18 29
1 22
22 79
39 94
77 71
64 32
95 27
16 1583
23 61
10 57
92 37
77 25
9 82
39 59
63 8
40 74
58 69
18 57
34 71
7 69
35 97
45 79
91 24
26 95
41 52
53 21
100 58
24 49
77 79
43 92
73 20
47 59
44 65
47 50
85 4
20 36
10 82
79 82
41 98
14 520
41 39
84 86
8 18
1 20
22 96
23 25
92 45
31 16
40 81
26 15
38 85
26 30
70 45
80 8
51 24
10 96
1 1949
50 33
8 1715
13 58
45 25
10 16
59 69
88 89
56 66
43 72
59 76
65 99
74 54
51 26
49 44
14 92
86 63
56 61
14 11
59 11
30 38
58 7
90 26
69 18
83 74
79 10
95 99
4 18
58 17
97 75
66 14
94 44
99 7
3 62
7 54
43 31
12 29
65 22
82 72
20 94
8 93
40 99
84 44
15 751
43 76
32 39
46 89
28 39
40 100
59 51
87 49
69 37
68 58
28 74
90 6
2 31
6 36
36 57
6 100
15 52
32 31
71 13
9 96
30 37
25 74
15 1
3 1083
36 3
79 22
53 43
55 48
86 66
45 93
18 1429
18 64
39 69
22 82
63 52
66 59
13 33
10 1350
4 59
82 21
41 64
83 32
23 27
43 46
88 67
58 83
100 45
3 71
41 65
70 58
11 18
16 1473
46 83
25 18
94 72
81 37
55 39
99 66
88 37
93 4
95 59
78 32
10 67
33 27
51 65
73 71
50 37
16 98
46 25
6 95
97 70
38 88
88 78
1 1825
80 33
28 97
28 30
79 29
30 67
20 94
100 86
92 84
42 47
45 21
68 1
88 70
78 9
20 1181
86 36
17 97
66 46
32 94
94 28
76 65
64 72
96 45
48 35
65 8
11 94
45 11
70 2
59 63
82 50
10 31
29 11
14 34
1 505
8 40
1 1952
18 93
28 86
96 100
61 76
21 32
92 72
28 28
8 53
69 80
1 70
93 88
85 77
19 16
76 33
30 56
94 80
91 56
78 52
93 66
56 15
88 45
37 28
77 68
99 8
70 77
86 99
27 18
6 670
74 25
87 9
79 23
91 18
66 46
74 22
15 690
86 77
17 93
82 25
94 82
86 25
35 46
38 69
22 53
53 61
14 54
4 60
46 92
4 61
81 12
38 9
59 76
68 56
26 36
88 43
66 15
95 12
73 93
45 84
82 73
99 18
31 45
60 48
41 87
96 90
85 21
44 83
33 19
1 14
25 59
26 100
38 90
59 5
64 20
60 42
63 17
77 73
63 1
8 61
80 86
95 64
97 69
91 61
62 20
22 5
78 55
80 86
11 850
2 100
76 70
50 93
100 69
58 14
61 40
41 55
5 3
45 12
36 89
4 1519
97 25
12 100
63 72
35 66
23 56
26 92
46 59
85 72
54 16
60 60
1 622
85 1
54 75
41 53
75 13
67 94
63 9
4 20
98 80
83 28
6 19
73 1
32 20
57 87
82 66
44 11
97 93
86 20
40 23
84 33
23 41
36 99
96 32
37 12
22 17
18 39
14 55
19 75
2 63
67 71
78 86
46 46
3 71
83 61
87 98
78 36
2 6
49 58
33 55
99 85
31 86
38 25
24 37
14 57
95 11
5 2
57 20
19 1155
43 22
48 94
27 39
17 14
83 44
74 71
53 77
57 60
91 61
66 32
75 35
92 23
84 54
5 20
90 69
86 76
39 32
76 18
15 11
40 38
24 76
48 17
91 74
6 13
85 41
14 11
71 69
31 3
70 64
79 40
26 9
64 85
26 33
52 48
80 50
60 77
25 70
32 27
16 88
20 1248
2 1993
43 22
10 53
32 63
99 94
99 21
70 90
37 25
74 38
84 1
29 62
49 65
83 69
19 36
6 77
20 10
84 98
76 98
50 64
5 61
6 89
75 73
69 98
83 22
78 72
48 99
43 50
54 41
32 25
10 89
20 70
80 86
4 11
30 74
64 100
2 56
28 94
85 90
91 32
2 84
20 42
71 94
2 100
3 10
41 81
8 29
22 71
76 30
35 78
23 35
80 90
41 66
