2000 82560
22 21
6 32
16 32
15 38
5 39
22 34
25 23
22 18
9 15
24 34
24 39
8 27
14 29
25 34
12 20
24 28
6 30
5 14
9 30
18 23
25 17
18 12
13 35
15 37
8 30
6 12
23 39
15 37
11 10
15 12
22 35
17 10
8 38
10 33
5 11
13 11
10 19
23 36
12 22
7 11
17 17
16 26
12 26
18 30
10 40
25 35
11 19
18 15
6 35
17 30
19 11
6 11
24 33
14 22
8 24
20 13
19 22
24 34
8 39
14 21
14 12
11 27
22 39
25 22
20 28
22 26
13 28
9 37
18 19
15 22
6 27
10 19
10 10
16 34
18 23
18 31
8 19
18 30
20 38
19 37
25 10
22 11
11 37
15 37
16 14
14 34
5 31
9 28
20 12
17 26
15 23
10 36
5 23
14 35
10 27
9 32
16 13
13 14
25 31
16 11
21 15
5 25
16 34
24 23
21 20
16 19
17 11
20 22
16 31
12 29
10 37
23 33
12 12
15 36
6 32
20 25
22 29
13 29
22 40
19 16
18 36
19 10
22 31
20 17
16 28
25 26
13 13
13 21
5 40
25 36
18 10
19 24
11 15
23 39
8 11
18 22
14 31
22 30
17 34
16 28
11 29
17 31
12 18
9 35
19 14
9 35
20 36
21 29
22 18
6 12
23 31
15 12
23 34
15 26
18 25
12 34
16 14
11 35
22 21
24 27
17 14
19 26
25 26
10 38
24 29
16 40
23 20
25 24
7 29
25 28
15 10
14 16
5 33
17 23
8 25
9 24
17 17
24 26
9 10
7 22
12 20
20 34
13 20
18 32
8 12
8 11
19 29
14 15
8 15
14 22
13 22
24 16
15 33
11 19
22 10
19 20
20 10
7 37
5 17
18 17
25 64
32 45
23 48
29 60
37 65
30 38
30 65
21 63
21 62
29 47
31 58
35 38
27 55
28 36
30 53
27 40
34 50
29 65
36 64
23 49
35 64
35 39
40 58
40 49
21 38
34 47
26 49
39 52
21 49
38 35
25 59
21 47
40 54
34 39
27 38
24 45
27 35
21 60
35 48
23 43
24 37
27 44
21 37
21 53
29 46
32 49
38 55
29 44
22 40
28 56
36 64
28 42
29 45
27 53
27 42
36 39
24 50
39 57
25 40
27 36
35 58
22 54
32 44
25 53
30 44
20 56
23 37
26 38
33 60
31 64
39 50
28 39
27 47
26 50
23 37
23 35
32 62
26 40
35 49
34 52
21 61
27 62
39 65
34 41
21 52
27 56
30 40
39 62
38 54
27 36
36 56
35 50
34 53
24 55
29 42
28 57
28 44
33 65
24 47
33 64
27 45
21 61
33 50
34 37
21 65
27 58
27 39
38 41
40 57
24 56
36 65
34 36
24 62
27 46
31 39
30 38
38 63
33 63
28 55
37 48
22 35
20 44
22 42
27 59
36 43
25 61
39 57
31 45
23 59
27 59
35 64
27 46
23 61
20 40
23 42
35 37
38 54
31 42
28 58
39 58
25 45
30 39
40 45
23 51
37 37
34 64
23 41
40 60
39 52
34 48
34 50
24 60
39 59
28 62
29 65
24 50
27 37
37 41
35 35
29 49
23 65
39 36
40 56
29 38
35 58
37 60
26 64
35 43
33 55
26 39
26 57
35 59
22 38
39 39
26 55
26 38
24 65
34 56
40 61
40 60
20 40
38 58
34 40
26 57
32 37
27 44
39 45
28 49
30 63
36 49
28 37
20 38
21 53
33 56
34 49
32 64
28 65
36 54
39 54
27 58
45 61
40 71
46 90
42 80
51 69
47 71
35 78
48 73
39 63
35 77
51 75
45 64
55 64
37 73
38 60
39 73
54 65
50 70
54 75
42 90
36 60
48 64
43 82
38 80
42 79
43 70
50 81
37 71
52 64
41 74
42 88
41 61
52 77
45 64
36 68
40 83
46 70
36 83
53 74
42 86
42 77
37 90
41 76
44 89
40 60
54 83
39 65
49 86
39 61
48 79
35 90
38 74
47 67
42 68
42 76
48 77
40 64
46 66
51 83
45 70
49 73
47 78
47 82
53 65
44 70
52 60
41 62
51 76
38 76
41 87
47 85
35 62
44 88
37 77
43 69
37 70
54 83
50 65
50 68
38 63
55 90
45 84
54 73
35 69
38 89
42 88
54 74
43 80
48 65
44 87
55 89
53 64
37 61
41 62
36 74
54 84
42 66
39 73
44 81
37 75
42 81
38 70
47 71
47 74
52 61
36 88
46 75
47 78
44 67
42 82
39 86
45 61
45 86
48 79
50 61
42 63
55 74
41 85
52 68
48 68
51 74
40 66
48 63
50 71
46 73
44 89
40 73
37 66
43 72
48 81
41 84
36 63
43 64
46 89
35 61
51 79
53 67
51 72
48 76
43 81
44 83
50 61
48 77
41 68
45 86
35 71
51 80
50 83
39 68
39 63
42 83
49 83
51 72
46 69
52 86
45 82
49 75
51 78
55 86
38 87
53 82
35 68
35 78
46 62
53 78
37 60
45 81
42 65
37 85
47 88
51 70
37 64
37 68
47 83
53 76
44 81
48 85
39 75
55 86
47 63
41 77
54 80
41 83
55 70
37 67
40 65
42 82
38 68
37 90
44 90
39 76
46 80
37 77
40 78
41 78
51 82
44 80
42 73
53 63
35 88
62 112
66 110
60 95
55 101
58 113
56 106
57 88
56 104
58 96
58 114
56 108
52 86
65 85
57 106
62 88
60 96
61 104
70 99
50 86
60 89
65 95
69 94
61 115
58 85
63 115
58 89
67 104
62 85
68 99
51 104
52 90
60 98
65 85
61 102
62 107
51 114
62 97
56 100
51 88
69 102
58 99
60 106
66 108
64 102
67 93
52 105
54 86
60 86
70 112
60 87
69 94
63 105
57 91
61 113
61 101
68 94
63 88
69 113
55 102
69 85
56 103
67 88
61 106
55 105
53 107
67 86
53 107
58 103
56 105
67 91
55 115
59 85
69 95
53 109
70 94
70 104
50 96
64 98
68 109
65 100
61 107
69 96
68 88
54 92
51 97
66 113
64 111
51 94
62 108
61 85
52 110
63 109
53 91
57 90
50 89
68 95
62 89
54 89
69 105
59 114
58 108
54 95
55 107
59 108
54 104
53 98
56 93
54 100
68 93
56 94
62 93
58 90
64 95
58 101
70 104
58 114
68 94
54 114
61 108
67 96
56 94
69 106
64 111
70 113
63 111
59 98
55 109
53 97
57 111
57 114
54 95
61 111
54 85
53 101
51 95
58 85
68 102
70 88
57 112
70 99
52 90
69 105
51 98
52 85
60 111
61 105
54 109
64 108
61 90
50 98
63 87
70 88
61 89
67 115
66 89
63 102
69 90
51 90
61 91
51 107
63 87
63 90
60 109
50 102
50 88
62 97
56 96
69 108
57 104
62 96
55 85
67 113
61 88
69 105
69 90
50 92
60 104
55 114
67 92
68 92
53 97
56 96
67 89
52 90
66 108
54 95
64 94
70 112
66 94
55 102
66 106
51 102
67 90
50 103
59 115
56 103
52 99
70 87
66 87
50 89
77 128
73 124
65 132
71 116
70 132
69 122
80 125
66 131
75 123
85 139
82 113
76 129
82 124
81 110
72 133
65 117
82 129
67 115
79 140
72 120
83 110
80 110
80 128
84 112
80 137
67 118
85 125
74 122
84 124
70 121
83 123
67 124
75 117
70 118
74 137
85 135
66 115
81 118
72 123
85 129
72 119
75 117
74 130
65 129
65 138
75 119
73 127
74 117
78 120
85 138
70 138
72 137
76 124
65 132
77 123
81 115
81 113
68 122
67 138
76 134
73 140
83 139
75 134
74 116
83 127
68 115
70 133
69 126
73 114
72 112
65 124
82 115
71 124
84 116
85 125
72 111
72 110
84 137
72 111
85 135
79 114
69 139
74 138
75 113
76 128
80 123
83 119
68 127
74 111
75 112
74 132
79 137
82 138
78 126
83 134
71 123
77 114
71 132
81 134
81 137
75 137
79 122
83 135
74 135
81 129
76 120
76 136
65 140
77 138
74 130
66 132
83 128
67 121
77 133
81 112
85 125
77 137
76 110
70 131
79 127
77 128
68 125
69 111
70 116
80 138
67 128
71 136
72 122
84 124
66 119
85 131
83 121
75 125
85 116
68 113
79 122
81 126
80 112
82 121
77 124
76 140
68 135
76 114
65 138
69 116
69 140
83 136
76 122
71 127
84 126
66 119
67 118
70 131
77 120
78 127
76 115
83 132
83 117
66 111
82 121
80 118
68 110
83 127
81 124
69 139
76 133
65 133
85 139
70 120
70 121
78 139
85 119
71 122
81 122
78 130
72 129
75 140
84 110
69 139
74 131
67 119
76 111
73 121
70 124
84 116
72 124
66 119
84 128
67 116
76 111
70 131
84 131
71 114
83 114
72 111
81 137
68 113
74 121
79 135
67 111
80 151
82 135
94 138
85 146
94 153
85 137
92 164
89 160
99 146
86 139
91 155
90 154
88 161
83 140
88 157
93 154
90 150
86 162
93 142
94 160
87 151
99 165
82 150
95 151
89 156
100 139
81 151
92 164
83 157
87 135
94 140
96 149
92 141
83 140
93 151
84 141
94 155
95 149
85 163
92 164
88 150
92 159
96 157
95 144
92 159
88 157
100 160
85 150
85 149
92 147
83 151
94 163
93 159
91 143
96 140
90 142
90 138
87 152
81 157
84 141
82 136
97 147
92 165
91 160
88 151
93 142
92 158
84 138
91 147
82 138
97 149
86 139
90 145
90 145
92 150
81 149
82 142
94 143
98 155
89 152
82 140
90 137
84 160
97 147
90 151
100 156
84 159
88 150
94 147
84 135
91 141
98 143
99 140
85 153
91 151
97 163
93 162
82 154
100 138
91 158
91 148
91 150
92 138
90 141
95 157
89 142
95 151
97 143
93 135
85 148
93 135
92 139
86 142
80 146
89 154
90 163
100 151
93 140
98 144
96 137
92 149
94 159
86 159
96 155
87 164
100 140
100 145
84 155
100 164
87 160
94 139
83 152
98 135
83 142
99 136
81 141
100 153
93 148
82 136
80 135
88 136
86 160
87 147
90 160
91 149
90 161
94 144
96 141
90 137
80 151
93 154
95 149
94 155
94 148
94 163
80 154
93 153
86 142
93 160
82 143
90 156
86 160
83 149
90 141
98 144
98 152
90 147
98 135
98 161
98 156
86 162
88 154
82 155
92 146
85 159
96 153
82 154
95 145
80 145
97 151
93 140
83 149
83 164
85 150
90 163
89 147
99 147
90 140
88 158
95 144
92 135
83 164
88 144
100 154
80 157
100 137
87 135
93 144
81 164
87 154
112 187
98 176
103 190
108 165
106 162
101 166
109 171
110 180
101 171
101 162
100 169
111 187
99 179
114 167
95 188
107 169
113 185
105 160
99 172
115 174
103 178
109 175
108 185
115 172
114 172
96 166
101 178
107 189
95 166
106 180
107 190
112 187
109 179
109 178
102 160
106 173
112 182
106 171
106 160
97 178
106 166
107 161
111 182
100 186
107 163
108 189
111 173
107 186
107 179
102 189
110 174
105 164
115 167
111 178
104 164
114 176
114 185
111 190
104 174
103 170
108 170
96 177
103 189
113 180
110 185
109 163
113 190
113 171
98 178
98 167
104 161
103 160
100 165
115 168
97 182
108 162
98 183
98 181
100 160
101 166
95 187
99 160
97 174
105 188
104 168
108 183
104 184
97 190
99 177
102 174
99 183
115 168
107 164
112 162
114 165
106 187
98 174
107 185
106 165
103 186
104 182
110 177
115 165
104 170
110 181
101 160
106 170
100 185
98 162
114 176
97 160
111 166
95 164
103 170
98 178
104 179
110 180
101 179
115 179
109 174
103 183
104 179
98 178
95 173
109 167
101 184
98 165
96 180
100 189
109 177
98 162
114 181
99 167
100 172
113 166
107 161
113 166
95 187
110 162
100 173
110 162
98 175
105 164
95 176
105 161
96 174
107 165
101 180
96 169
111 164
103 184
95 169
101 184
99 183
115 171
101 190
112 169
103 180
103 174
115 173
113 163
103 175
113 189
97 176
95 163
109 181
96 183
105 188
107 163
98 166
115 181
96 186
109 176
114 169
109 178
112 175
111 176
112 187
107 161
100 178
108 189
113 189
105 165
112 161
113 171
102 182
101 169
103 189
109 189
113 186
96 188
111 164
110 166
98 184
104 169
110 168
100 177
108 183
111 190
109 190
116 214
113 194
117 188
120 186
124 199
115 201
127 189
118 208
123 202
124 201
126 211
111 215
127 212
123 188
130 198
110 187
114 204
128 200
120 202
117 209
118 195
127 195
121 214
122 210
119 202
113 192
122 185
114 209
128 209
126 203
110 212
110 196
125 215
120 191
130 193
116 198
115 191
123 188
110 208
127 200
118 189
124 204
113 209
113 212
122 191
123 204
120 189
123 200
118 210
116 200
127 202
125 204
120 203
125 210
118 203
128 202
120 213
121 207
115 200
119 191
118 215
115 206
123 209
130 187
126 209
118 203
122 200
122 215
116 212
118 195
124 185
119 186
124 213
124 202
121 191
122 214
112 202
124 190
120 207
126 211
122 209
125 205
111 201
111 192
119 197
110 208
124 196
114 192
114 198
112 203
129 203
119 209
116 187
123 197
119 187
129 188
117 201
110 187
126 195
124 196
118 208
112 186
130 211
113 195
110 186
123 212
127 195
125 204
110 199
126 187
124 188
115 197
114 209
117 202
113 203
111 209
122 215
117 196
116 185
121 186
125 200
110 201
112 200
121 189
112 187
118 199
128 192
122 205
125 191
111 190
129 187
114 186
112 205
127 210
110 186
121 204
118 207
111 195
114 191
120 188
124 204
126 194
115 194
123 210
117 189
125 191
120 210
121 189
118 204
128 187
123 207
130 188
126 209
118 203
121 211
110 191
121 187
124 190
112 197
124 209
126 211
118 204
115 189
127 185
113 204
110 194
126 204
123 205
129 209
116 193
124 207
121 214
129 210
128 189
119 213
117 204
126 210
118 194
121 211
122 201
122 190
117 206
120 189
128 189
125 198
124 197
115 207
120 214
119 193
114 207
125 214
130 212
112 199
119 201
118 196
114 205
121 209
118 194
114 203
114 207
129 232
130 214
127 220
138 238
145 213
131 231
128 236
127 228
135 230
140 224
134 212
143 225
130 221
141 230
131 213
132 237
142 220
141 213
130 240
131 213
126 228
142 240
139 218
131 230
132 229
126 236
141 217
139 225
125 239
131 223
130 223
138 232
126 219
144 221
137 237
132 217
139 217
139 238
143 232
134 222
142 229
143 212
132 222
133 221
142 230
134 220
130 211
126 234
132 236
134 225
126 228
136 211
140 236
144 217
125 222
137 239
143 232
131 233
142 223
132 221
131 234
135 211
141 229
139 240
133 238
125 240
139 213
125 217
134 238
141 224
129 239
128 216
140 216
127 231
145 239
145 228
129 228
140 224
144 222
144 227
132 233
137 233
130 226
128 233
131 220
126 229
127 223
136 237
135 231
128 216
144 226
138 220
133 221
125 219
137 213
131 239
141 220
140 230
130 226
136 215
138 225
127 212
141 226
133 224
126 222
138 236
133 223
127 240
135 236
143 221
143 210
143 234
145 238
134 212
134 232
140 215
138 239
139 211
132 211
134 228
134 213
131 217
127 227
136 214
132 221
136 219
136 234
140 227
145 222
138 211
129 232
131 217
126 221
144 240
145 231
138 232
130 210
130 216
128 213
143 236
128 235
138 231
141 213
126 216
135 231
145 226
143 224
129 239
128 237
128 212
132 223
133 217
138 231
143 237
131 232
129 213
126 235
125 210
145 235
133 218
137 225
144 236
135 222
132 228
127 227
136 231
131 222
143 220
134 218
135 234
132 237
126 220
133 224
126 222
144 228
137 232
139 221
144 235
133 218
138 239
140 210
140 233
144 223
140 224
129 217
145 227
143 238
141 228
143 217
133 228
128 229
128 233
130 236
142 230
129 237
144 234
133 214
141 219
128 227
137 216
153 260
155 258
148 255
151 236
145 242
159 253
154 263
143 256
140 259
151 255
146 261
159 252
140 265
160 249
142 247
144 243
159 246
160 262
148 242
147 258
145 247
141 241
142 254
156 263
142 242
142 235
154 263
141 263
153 241
151 245
147 262
145 258
152 250
147 236
151 245
151 240
155 237
150 264
153 243
157 265
150 243
142 248
157 245
151 264
160 252
141 236
154 260
146 250
147 241
141 265
142 243
147 240
140 249
149 263
140 258
144 236
141 255
147 237
145 255
145 248
157 244
145 251
150 239
153 245
140 249
151 260
142 245
156 265
153 265
151 247
148 255
160 256
158 259
143 244
144 257
143 251
152 237
148 265
158 263
156 249
152 250
158 265
142 239
154 250
156 261
146 260
159 241
148 257
153 239
157 245
157 254
152 259
146 258
147 261
160 263
159 265
149 247
143 239
147 261
143 251
140 249
141 238
154 257
150 250
160 259
157 254
145 252
141 235
148 237
151 263
148 236
158 243
143 256
143 263
156 236
147 239
155 255
152 235
159 264
152 239
147 242
149 265
157 237
159 236
154 257
149 265
155 258
157 237
142 255
142 265
144 244
152 236
159 242
146 242
144 249
150 258
144 236
140 248
144 254
141 238
144 245
157 235
152 245
152 251
151 235
151 252
144 249
152 240
144 253
155 257
152 256
159 255
159 238
152 258
152 250
156 265
158 261
150 261
143 265
142 237
154 255
144 241
151 238
156 256
152 258
141 255
152 258
157 237
155 244
146 249
156 253
158 250
152 245
141 253
145 250
142 242
152 239
153 238
140 260
156 261
157 239
153 262
154 257
155 255
153 257
151 254
140 248
159 255
152 244
142 236
159 258
151 259
148 257
148 237
150 254
158 235
158 243
150 250
157 257
157 262
