3000 76078
11 98
26 58
51 99
25 85
29 55
7 36
58 14
21 66
42 79
76 61
97 74
74 76
43 85
96 67
57 43
3 48
36 4
58 43
79 90
74 24
48 60
85 59
98 54
32 23
95 78
38 15
85 9
31 70
70 56
4 70
24 94
80 5
81 79
74 44
5 42
9 33
32 31
62 55
29 50
73 9
90 67
77 76
98 84
32 52
24 42
54 27
86 99
60 97
64 21
64 40
85 20
11 80
49 98
83 73
42 3
43 76
20 88
79 11
26 97
89 95
34 80
1 42
69 51
14 59
74 38
25 92
74 43
57 68
38 99
54 45
30 77
27 65
30 20
27 60
10 68
53 13
33 38
96 67
64 9
96 58
11 58
49 28
58 38
11 56
31 53
99 40
6 83
2 40
29 50
83 79
90 86
62 82
83 21
10 36
27 92
8 58
86 28
100 86
64 25
24 78
53 30
45 53
2 42
82 49
24 13
64 10
87 13
8 50
59 28
50 21
3 60
21 85
98 1
60 97
32 92
80 5
10 88
37 74
81 44
39 37
19 5
23 81
52 18
1 77
32 16
79 61
8 86
18 95
78 47
23 62
93 72
83 76
68 15
94 66
64 77
91 79
57 75
50 89
98 28
67 54
52 62
52 39
88 38
49 14
63 35
71 30
81 18
24 22
59 55
61 13
14 11
77 11
83 93
66 80
29 87
67 8
44 41
88 24
36 3
73 87
10 86
28 26
55 14
29 100
21 91
19 90
71 30
30 17
20 31
20 57
48 70
23 44
23 48
87 60
72 57
85 82
57 41
4 74
61 56
15 47
64 86
74 18
43 58
47 30
39 97
23 96
13 89
34 89
62 20
48 91
7 27
24 5
27 69
61 41
4 56
99 59
31 82
75 85
28 76
51 64
94 93
76 97
25 7
17 40
14 56
48 63
53 74
71 48
51 36
65 81
37 95
15 73
39 98
32 52
13 54
29 46
6 47
25 43
63 35
20 66
24 85
69 61
43 22
50 53
29 53
46 29
48 64
12 87
20 65
28 39
62 50
66 58
55 87
38 57
34 49
68 95
86 19
38 74
90 42
36 7
3 6
79 36
50 31
41 3
62 39
62 85
21 1
67 38
38 27
83 35
86 3
13 63
51 47
80 77
14 16
32 100
26 57
62 79
43 86
97 22
41 69
56 87
14 79
47 55
93 43
99 79
66 49
78 14
37 53
56 43
66 20
91 58
86 30
15 2
83 13
47 69
29 86
3 13
65 6
18 64
86 99
3 60
31 79
88 97
82 88
44 94
71 48
59 45
57 24
13 85
56 66
49 92
20 72
21 44
95 98
65 14
20 74
13 99
94 27
8 78
68 41
59 98
50 88
5 70
26 100
32 100
51 90
6 37
34 64
67 95
23 53
71 14
69 55
5 31
59 10
51 42
1 76
81 58
9 86
9 99
94 42
16 51
58 90
65 13
89 46
4 39
29 79
60 72
16 37
23 5
67 49
35 77
33 55
16 36
39 99
58 6
99 87
41 88
63 42
84 50
8 35
38 46
55 63
28 89
42 76
65 73
30 82
42 51
45 82
91 20
51 1
90 23
6 22
60 90
7 88
46 68
15 29
35 66
5 91
31 17
9 22
23 39
17 46
94 76
90 75
8 44
51 81
88 61
48 83
66 75
72 63
7 17
3 20
78 77
35 57
96 48
42 49
64 39
90 50
38 82
54 58
40 51
28 5
12 31
51 92
34 92
9 50
65 72
20 57
14 40
47 89
81 30
88 79
64 34
74 58
78 5
71 29
76 38
17 17
70 11
41 64
40 79
29 80
95 36
17 8
63 36
91 35
10 56
78 26
80 84
48 38
84 35
71 86
27 94
47 66
73 30
12 37
55 15
89 1
83 93
20 55
36 41
63 74
8 85
51 26
88 31
37 89
73 54
64 21
5 5
42 17
56 84
45 36
70 48
3 71
13 43
84 83
93 5
75 50
14 9
24 41
74 39
97 95
46 26
52 84
43 60
18 7
63 20
97 75
6 60
45 64
69 81
93 100
60 38
76 65
43 26
99 68
64 5
15 31
14 40
68 61
9 99
70 24
64 96
30 46
72 46
29 90
14 81
16 51
3 92
27 41
91 91
76 82
75 35
88 68
27 66
17 95
5 75
41 85
65 21
62 34
37 49
33 1
7 85
48 38
60 17
49 62
47 57
75 21
16 45
60 97
43 81
76 43
81 72
58 29
5 41
4 17
86 70
18 21
71 67
40 61
96 61
61 9
15 43
70 95
100 77
93 60
38 41
4 3
85 96
3 61
18 36
22 96
87 13
24 72
21 33
47 29
24 34
67 90
21 1
91 78
79 86
15 82
66 72
11 57
25 62
71 12
15 25
10 31
40 84
85 92
50 92
88 44
98 100
16 86
57 91
97 28
61 45
95 83
53 30
97 40
49 96
22 17
18 88
35 8
97 89
91 20
33 89
72 22
9 61
6 41
63 99
87 98
72 74
80 70
98 6
96 35
50 34
64 31
58 66
42 17
48 22
7 57
81 13
97 73
74 94
37 3
46 1
86 90
83 37
50 30
83 81
83 32
71 47
52 68
70 92
19 35
42 88
2 32
90 8
51 48
59 72
52 6
89 98
31 46
32 27
86 3
78 80
33 60
49 33
35 45
26 29
49 54
93 53
6 41
97 79
67 98
95 95
42 79
4 87
29 31
91 8
86 68
12 15
13 6
38 35
81 6
31 40
31 74
34 37
21 99
33 74
45 60
24 56
22 71
27 5
7 83
59 73
4 37
92 94
8 6
39 33
17 74
8 11
31 38
75 14
4 89
49 35
21 8
98 19
53 22
49 91
40 27
90 89
12 5
53 84
79 75
44 62
35 76
10 49
30 98
7 74
42 74
74 9
83 30
15 44
100 66
89 64
74 68
55 2
80 9
33 25
45 86
49 83
40 36
76 23
75 96
95 76
76 58
95 56
44 47
80 79
95 46
84 25
70 19
7 50
88 8
48 45
50 63
22 83
57 93
79 12
81 9
51 66
4 20
63 38
65 61
55 85
51 1
38 29
10 38
83 61
70 53
54 24
83 43
61 40
81 46
57 39
8 68
57 55
3 94
51 14
36 85
97 91
34 38
57 55
55 92
21 97
5 100
5 54
95 80
13 44
35 65
27 40
15 62
91 84
89 77
80 22
45 21
91 29
69 2
6 58
73 89
91 55
60 33
7 32
3 46
92 31
15 22
10 65
100 85
69 67
61 78
88 70
66 57
46 67
44 76
20 100
19 16
100 75
76 53
13 95
13 19
11 17
39 86
27 80
1 52
79 62
58 53
97 24
69 42
79 55
3 82
94 82
21 61
14 66
100 13
23 58
5 96
67 86
33 23
57 33
35 52
45 52
44 54
100 60
90 71
87 29
72 59
8 86
87 4
47 11
72 32
51 74
9 79
62 17
29 53
61 83
40 30
39 57
10 6
9 71
17 11
12 39
2 52
89 23
77 5
53 17
11 81
33 52
19 54
95 55
89 36
54 6
39 6
32 89
5 17
81 76
71 18
76 76
40 13
9 73
75 38
12 44
11 46
35 69
25 60
39 50
48 51
65 89
77 58
57 56
25 11
45 21
20 47
78 63
85 43
96 51
82 31
96 75
28 54
1 84
42 29
17 90
6 41
33 87
100 78
10 58
13 62
22 47
38 33
4 27
30 71
64 22
15 70
40 68
50 90
40 30
31 17
97 40
56 70
59 75
5 48
32 81
56 95
24 94
9 95
40 89
71 96
90 77
87 64
99 49
42 12
29 44
67 90
47 53
13 30
18 20
9 10
77 44
40 18
46 94
80 70
69 89
61 15
47 39
61 56
10 57
38 20
43 25
7 96
93 42
1 51
11 95
24 74
56 97
87 88
84 68
96 85
57 83
73 96
34 100
7 84
15 7
62 44
25 25
13 11
74 73
43 44
21 20
2 68
34 62
18 65
82 37
54 2
78 32
28 28
14 57
40 88
65 47
56 81
98 35
9 88
9 83
60 30
84 13
64 79
46 17
67 80
11 16
55 52
91 27
45 15
13 87
5 34
58 10
38 11
70 96
84 35
32 7
90 16
85 2
65 68
60 32
66 39
18 69
89 63
45 18
84 77
28 2
61 64
91 10
25 37
69 4
99 92
85 66
4 16
15 23
82 34
70 48
77 38
36 85
13 26
21 52
49 23
69 11
31 62
38 34
38 7
14 48
21 40
28 74
50 49
85 59
39 5
68 39
54 79
27 20
64 56
89 7
55 21
25 72
80 16
31 9
45 75
30 60
15 74
49 42
96 82
49 60
70 41
73 19
84 44
82 67
93 22
84 19
51 29
75 35
73 4
88 35
40 82
93 95
67 8
90 31
29 53
5 13
9 21
83 83
84 84
72 77
23 89
38 4
96 48
2 5
68 65
93 74
84 64
35 38
41 67
79 97
83 97
62 8
51 15
18 93
44 26
96 36
54 63
46 54
70 23
26 66
85 89
10 4
71 60
52 48
51 86
99 12
8 12
11 7
33 46
91 95
82 35
56 34
80 51
30 82
9 90
100 15
22 7
92 5
34 4
14 73
23 1
68 53
75 32
73 67
37 97
70 57
20 55
90 59
15 63
90 77
68 24
100 3
51 32
38 83
3 50
53 18
88 46
10 62
63 76
73 91
53 56
96 10
80 76
84 6
25 43
88 18
83 72
46 49
32 22
68 76
59 73
54 75
35 28
86 5
78 41
24 24
55 13
98 47
13 82
22 75
39 23
32 57
21 77
41 7
21 91
75 79
93 24
9 36
84 40
7 51
33 78
88 47
2 60
12 5
72 5
79 2
99 22
6 76
24 2
30 96
74 51
35 74
35 70
60 30
72 78
13 62
83 5
26 91
10 9
96 38
99 17
48 83
27 94
19 46
88 89
100 84
93 24
32 12
8 71
29 63
90 62
92 100
68 9
43 73
3 5
91 13
21 26
53 26
97 41
97 27
83 21
70 91
83 1
69 42
81 73
54 30
81 4
64 77
31 72
90 12
11 67
30 89
89 46
89 60
100 86
28 35
88 96
45 9
11 46
47 66
25 71
100 60
38 18
92 31
43 84
40 22
83 96
15 10
93 99
31 36
11 88
27 20
100 78
93 40
47 13
80 50
98 70
28 16
95 79
81 93
69 79
5 45
10 33
58 25
94 56
61 18
37 11
33 51
5 26
48 8
80 69
81 48
99 67
17 86
73 79
41 3
9 59
7 26
56 64
53 57
37 61
18 51
31 28
88 38
63 91
77 41
19 40
60 12
56 8
14 18
40 56
25 39
70 14
1 89
34 15
15 69
62 58
70 25
48 72
18 84
17 32
27 40
99 83
16 51
95 77
23 13
8 53
55 35
81 38
15 16
59 43
69 98
85 18
41 71
8 88
47 60
18 63
26 27
6 23
73 70
91 96
98 79
97 8
61 9
98 67
82 74
27 77
11 76
52 98
74 48
81 59
20 30
52 39
79 94
87 80
99 67
53 6
47 84
5 53
85 44
61 51
64 96
53 93
45 68
4 66
12 32
43 28
73 28
89 58
49 2
46 49
80 53
98 80
94 9
92 13
95 98
76 82
18 90
58 74
79 80
92 89
38 84
98 61
95 80
68 77
37 40
93 46
72 83
83 75
98 51
56 78
95 25
13 46
60 22
92 44
16 63
71 54
34 23
89 42
59 63
34 25
86 42
90 68
31 4
31 50
81 80
78 54
58 32
51 21
87 27
36 63
94 10
24 10
86 23
88 41
43 39
22 62
33 38
14 73
56 88
82 88
21 2
50 12
94 33
80 23
41 55
61 47
2 28
27 78
1 88
12 91
60 2
38 30
54 58
43 57
69 31
86 37
72 10
26 62
36 58
58 88
14 24
81 19
33 50
99 46
69 59
75 88
72 59
53 96
88 12
27 98
86 36
60 13
76 9
31 68
91 35
69 16
91 67
44 63
47 93
44 6
55 53
58 46
81 35
60 62
52 54
1 18
46 50
23 16
79 79
33 59
80 3
92 55
14 77
12 52
42 52
34 87
86 91
13 63
86 35
25 2
91 60
71 70
36 14
18 21
1 89
26 1
38 36
43 7
69 15
84 80
38 13
76 19
42 77
71 99
35 80
93 30
71 16
80 29
68 97
1 95
65 88
47 100
44 1
78 16
11 3
37 4
11 55
48 46
49 66
48 41
25 99
91 78
18 62
60 13
9 98
70 2
86 65
46 33
64 9
6 79
30 12
2 21
81 97
23 40
24 19
68 28
67 21
46 35
99 56
34 18
47 81
63 95
33 69
42 81
40 63
43 71
79 84
50 17
90 68
79 2
97 9
14 67
70 79
66 70
26 31
78 76
87 71
11 95
23 60
3 31
68 25
4 23
56 51
49 21
26 62
79 22
68 48
45 82
24 56
66 55
78 99
70 88
29 2
10 19
12 68
20 64
4 90
42 3
22 32
46 57
20 56
70 40
11 75
89 34
36 61
36 5
66 61
74 83
98 51
89 72
76 14
66 75
92 94
83 16
14 47
70 7
61 37
33 46
14 41
85 44
98 1
43 91
6 31
78 54
5 10
69 50
98 17
8 99
10 53
19 100
5 7
30 60
40 91
16 34
70 94
75 51
3 38
36 6
1 33
1 89
76 78
28 98
66 15
19 23
11 14
31 62
88 30
71 2
63 7
53 22
7 46
60 7
96 12
65 76
90 12
100 21
33 26
87 28
59 71
95 30
57 79
16 30
24 89
96 69
31 63
45 34
23 19
33 100
80 92
75 4
33 40
7 21
2 53
50 55
26 43
64 18
80 16
65 24
87 20
42 22
18 45
93 17
54 81
65 9
57 92
43 44
16 29
42 69
81 24
26 100
36 98
89 2
41 29
11 39
36 71
23 91
55 72
10 41
56 42
87 15
84 96
40 34
93 35
38 1
42 88
18 30
1 18
21 55
35 5
39 37
15 28
52 50
32 5
20 60
68 10
40 97
14 4
83 38
33 17
46 27
60 89
68 15
86 28
1 17
30 5
21 50
23 59
37 76
83 43
30 1
23 91
18 90
22 86
15 77
7 90
63 73
85 6
8 8
35 79
19 11
98 96
1 6
22 12
29 1
72 18
89 21
21 49
85 21
23 58
53 65
30 99
82 47
73 31
15 78
34 15
2 35
88 28
9 74
38 63
22 22
38 26
12 53
39 11
11 11
79 29
46 1
25 35
63 87
5 8
12 13
33 97
2 55
12 70
54 8
83 55
84 39
94 28
3 3
20 11
68 37
7 68
2 9
49 35
79 50
68 87
35 50
33 85
55 66
43 75
22 47
28 87
32 52
34 51
67 97
43 62
12 31
64 49
19 48
26 17
20 56
30 12
10 13
73 11
94 81
15 72
7 17
29 72
8 51
61 72
48 82
27 88
68 39
49 91
75 74
98 40
17 29
61 75
30 24
23 94
3 49
52 70
3 32
35 52
85 20
21 80
77 13
48 3
84 29
47 12
25 19
55 36
77 23
34 32
27 98
70 56
48 55
34 15
50 27
7 6
94 86
97 8
33 45
13 76
98 98
59 18
11 15
66 78
20 93
40 91
40 71
22 93
43 60
42 2
56 45
79 32
62 34
84 9
26 34
97 62
31 21
50 4
51 97
59 95
35 35
30 47
80 50
82 42
15 61
29 76
88 47
60 98
77 36
20 91
73 25
26 85
79 60
83 39
91 63
50 4
74 29
31 85
71 97
17 41
72 39
79 93
95 24
86 72
14 53
73 9
82 33
96 73
74 12
33 81
6 20
9 99
62 27
85 69
90 40
28 39
65 97
30 86
87 36
94 32
49 28
59 60
19 68
79 87
93 51
10 30
80 91
67 31
92 15
51 39
35 23
15 53
81 31
81 46
100 24
46 83
53 6
82 8
42 8
27 18
66 40
47 27
87 16
27 67
84 95
28 7
54 57
48 43
57 92
92 93
41 26
58 71
51 4
60 94
88 57
43 6
21 23
68 47
61 89
12 89
70 37
95 11
78 93
50 67
76 9
78 68
95 2
80 14
59 75
88 9
58 31
76 67
87 35
44 98
54 33
70 81
72 4
59 89
69 24
80 47
50 33
62 49
37 17
100 89
73 94
25 26
95 46
93 69
92 24
55 34
56 57
61 61
2 45
33 2
62 27
77 53
62 69
8 28
8 18
72 96
96 88
66 49
47 62
82 74
61 98
100 46
3 55
84 54
58 86
71 30
64 52
8 19
84 30
100 21
59 59
56 24
24 46
53 4
100 92
67 21
8 90
55 100
27 81
9 34
40 1
40 60
37 38
53 22
48 39
96 55
25 17
43 27
61 55
23 30
76 52
74 5
23 75
30 6
57 58
32 60
52 87
72 61
39 30
36 17
72 81
98 40
91 92
47 78
2 96
91 83
66 99
61 85
97 34
92 31
69 18
88 35
32 42
57 7
41 56
31 81
53 61
17 24
73 59
65 16
39 53
100 10
90 20
61 79
29 68
47 29
93 90
80 54
70 89
83 20
15 22
41 22
32 11
58 13
40 51
34 6
100 47
5 1
46 90
96 81
48 32
15 59
36 67
31 73
23 65
28 22
61 5
27 78
44 97
85 15
92 45
82 1
84 25
81 64
95 79
64 44
79 44
39 68
44 97
49 84
73 39
10 71
41 5
5 50
67 83
32 8
90 7
66 82
88 8
35 97
14 62
36 91
1 7
1 80
18 16
76 24
28 53
31 20
2 1
71 49
15 87
45 45
4 49
51 11
78 60
98 27
14 6
56 3
36 46
9 2
56 86
9 85
19 24
49 43
65 86
37 59
80 2
6 92
55 40
68 9
92 40
68 53
55 52
45 47
68 32
72 67
20 22
47 84
54 38
21 22
17 84
21 24
18 66
20 32
71 34
95 77
70 10
36 91
2 79
57 7
45 93
10 16
65 43
15 68
58 10
81 28
51 26
89 63
38 72
5 65
56 72
30 11
24 69
62 23
74 9
43 100
86 41
93 30
89 35
39 78
65 51
5 18
59 2
82 68
77 1
81 87
76 96
46 62
17 78
30 26
2 69
13 22
39 94
19 11
27 89
48 55
51 91
77 15
36 18
89 62
82 31
44 41
18 24
5 100
5 15
91 33
100 51
90 55
35 14
88 86
81 32
99 65
45 55
91 33
33 84
21 56
72 72
60 80
18 69
40 49
89 57
19 37
52 70
79 50
89 100
78 58
26 5
40 90
54 24
62 22
28 3
87 7
5 62
97 26
44 6
61 76
39 10
43 56
3 30
73 24
30 93
83 13
23 40
74 48
73 46
55 75
46 55
96 69
67 54
63 23
35 17
55 63
34 12
86 86
86 12
74 63
15 95
11 16
13 4
21 71
72 37
92 6
7 77
28 50
88 83
2 34
89 25
78 45
96 89
91 6
50 68
26 34
25 19
25 7
51 33
49 16
31 33
49 87
45 84
97 87
11 61
79 100
4 1
96 24
17 37
89 12
70 38
31 83
99 28
34 41
3 5
23 16
26 98
10 33
2 66
65 33
63 66
42 42
43 77
59 7
84 48
44 44
36 40
8 18
68 2
38 72
9 33
51 34
86 10
53 68
47 72
49 22
83 19
2 72
44 98
99 7
90 36
65 35
82 41
41 63
99 76
84 46
15 78
76 73
45 78
16 95
40 5
60 44
10 37
34 33
18 50
93 36
30 76
53 41
53 53
49 29
42 12
61 37
99 15
28 73
65 4
98 38
76 94
47 22
99 62
71 91
98 28
41 97
88 26
31 20
81 59
86 53
14 65
95 88
13 77
11 95
62 35
4 82
70 90
71 71
38 66
39 91
16 6
19 94
91 31
20 10
67 22
84 94
80 46
66 88
11 66
96 49
15 26
38 11
42 22
13 39
61 54
39 1
53 35
48 31
69 20
85 45
85 83
35 85
79 84
97 59
97 31
93 18
100 92
66 20
15 40
89 58
4 10
82 45
7 51
46 92
1 6
74 24
29 85
32 51
91 64
92 2
27 51
5 41
29 12
69 72
69 79
89 17
59 72
74 13
36 47
80 92
58 9
72 29
66 28
89 92
68 40
62 58
81 10
68 83
27 77
47 1
8 92
82 38
29 98
15 94
79 29
29 3
40 18
7 65
61 54
82 33
98 66
39 4
38 73
79 29
7 28
6 51
67 46
18 99
79 15
55 44
49 90
37 23
26 73
14 69
25 66
46 64
75 26
57 27
65 98
53 54
3 28
72 90
86 43
31 25
38 83
64 71
12 27
29 52
22 87
24 32
10 84
72 4
62 88
47 56
50 33
21 15
5 58
68 30
38 13
83 72
74 73
86 55
71 46
100 97
51 23
47 12
97 12
77 1
3 90
61 10
81 6
58 17
84 99
66 49
40 41
22 33
29 71
51 20
50 37
50 58
26 51
60 20
21 61
88 38
58 28
22 45
8 52
62 37
90 74
97 65
97 61
63 99
34 71
67 6
14 95
84 45
14 69
10 7
60 45
68 59
22 68
40 3
25 75
6 66
57 51
65 68
79 50
85 21
67 87
28 86
86 30
93 89
39 58
59 43
32 27
49 37
80 87
39 78
62 73
21 13
87 94
58 85
36 11
20 16
25 91
49 57
3 61
90 11
11 63
14 57
9 21
84 82
5 59
34 48
89 99
13 61
50 15
19 49
49 82
68 53
99 86
34 63
12 41
89 43
44 5
43 67
37 31
76 92
81 97
99 56
48 56
19 42
56 40
83 66
38 58
32 82
32 22
92 70
73 93
94 37
57 26
82 13
77 18
13 37
67 60
18 17
25 97
68 26
36 17
73 30
35 78
34 2
59 45
47 19
23 97
2 49
89 37
11 27
29 92
22 33
61 82
77 47
40 27
69 74
59 64
78 84
100 55
42 86
21 5
25 47
87 74
78 82
58 12
64 43
90 18
24 23
33 59
15 67
91 49
68 75
87 96
77 26
54 29
45 40
23 96
28 25
99 41
64 33
90 3
79 84
85 17
51 37
55 31
76 43
19 10
66 46
5 78
70 16
59 31
26 82
94 15
46 56
3 64
51 26
61 99
44 33
26 48
93 9
58 99
16 48
12 36
97 47
93 74
17 64
93 38
67 21
44 40
43 78
30 53
34 42
22 62
66 22
84 30
28 44
42 64
54 91
45 89
46 42
23 7
4 72
23 75
17 21
1 79
77 38
19 98
13 77
21 23
45 97
5 86
30 21
12 45
68 21
78 67
56 18
85 84
71 5
23 38
28 75
65 34
4 43
13 68
38 47
70 64
48 98
66 90
63 79
1 40
62 31
60 20
24 46
17 54
83 47
92 18
17 32
11 36
62 15
29 9
31 58
6 12
85 46
13 79
70 56
53 66
90 97
25 25
37 1
12 1
47 14
16 75
29 35
3 8
29 94
66 33
72 71
76 43
31 23
34 50
29 83
45 5
93 21
4 80
61 58
27 67
47 98
30 41
38 55
8 64
10 49
68 12
66 27
95 94
32 42
35 34
47 11
74 39
59 10
35 63
85 39
58 24
50 89
13 25
60 31
30 83
79 58
83 54
58 25
61 32
16 3
86 59
5 88
60 23
41 39
18 45
87 42
87 88
47 37
24 96
94 51
56 86
43 59
11 30
50 31
75 1
45 63
48 94
48 39
56 73
34 56
84 29
65 48
84 97
49 54
76 78
65 79
79 63
58 31
22 55
91 46
25 85
7 14
96 33
84 60
99 52
65 29
70 53
85 91
11 65
45 48
31 41
66 2
88 58
41 22
68 85
14 58
86 85
67 78
13 96
93 9
1 85
96 25
57 56
36 81
96 30
32 33
100 11
74 44
41 16
74 66
65 41
65 100
80 31
12 73
48 11
31 34
76 53
70 63
15 24
38 69
14 62
45 16
55 23
53 20
86 38
22 7
66 77
23 74
41 36
78 25
67 82
93 72
26 49
23 37
28 53
21 30
6 21
79 15
47 25
98 36
52 32
11 65
62 88
84 62
74 89
61 98
14 95
1 93
82 61
80 70
38 61
96 22
25 38
92 83
100 41
62 75
66 41
66 70
36 48
6 76
95 94
2 81
98 48
20 94
76 17
77 52
41 75
33 37
7 66
87 99
30 25
59 98
49 63
43 64
94 11
22 3
3 61
59 58
22 95
85 73
38 27
11 7
32 47
62 64
2 42
83 39
75 90
67 82
48 60
10 89
24 10
43 53
11 69
73 9
14 46
86 37
1 12
54 72
18 26
8 29
92 70
99 50
18 78
92 84
41 13
11 89
13 86
96 25
69 46
86 32
32 50
6 24
96 39
15 48
20 40
50 80
97 86
94 81
68 13
45 46
4 70
44 74
39 50
66 90
16 82
52 48
52 27
17 45
58 19
21 52
24 74
1 89
72 53
41 51
93 24
12 17
3 91
57 10
7 41
71 88
95 41
90 42
28 12
42 31
4 89
47 3
91 62
1 75
41 83
11 75
97 72
44 4
54 48
35 21
61 94
69 82
38 68
12 20
37 26
47 87
85 23
12 99
48 27
56 75
52 2
40 50
19 91
6 92
48 11
78 83
76 80
42 4
67 25
4 43
36 34
71 13
2 45
26 96
71 39
42 79
88 70
67 10
37 83
41 69
53 83
98 76
62 50
90 2
61 47
50 76
37 88
97 21
62 26
36 66
52 95
65 27
27 16
23 37
71 71
74 78
100 71
98 2
68 81
66 95
53 44
3 15
36 60
55 40
80 62
6 98
48 70
20 83
24 60
85 52
60 51
76 42
34 79
73 53
18 43
46 77
23 80
6 83
43 97
36 5
41 100
46 43
100 84
19 67
68 31
22 6
44 45
67 2
20 7
11 25
33 48
72 2
65 91
68 7
78 41
97 4
26 5
26 62
16 86
1 16
62 14
27 89
29 9
47 44
52 93
46 3
92 73
26 72
3 37
34 69
61 28
95 37
80 64
12 63
13 3
99 94
34 68
56 47
66 47
53 74
19 24
50 95
76 75
35 14
69 1
6 67
31 18
46 57
31 29
98 55
47 24
44 94
77 95
75 32
90 89
28 87
72 35
81 61
53 10
74 71
67 82
13 38
68 7
98 45
24 100
32 62
96 90
9 20
87 60
13 89
13 93
57 83
14 83
89 20
92 49
83 35
46 86
74 66
80 44
76 66
72 72
26 67
71 59
48 67
52 51
60 48
27 5
23 85
92 8
79 15
96 7
10 89
43 4
15 66
7 85
18 55
46 27
55 27
27 74
85 86
19 15
39 19
41 69
33 49
79 38
84 69
67 35
24 23
10 86
46 78
51 89
81 57
24 97
21 99
80 75
75 47
32 46
58 32
98 83
76 6
36 98
45 89
85 46
78 1
12 54
92 31
47 7
57 80
98 9
73 81
93 18
16 75
64 99
86 38
100 23
42 88
69 6
66 9
18 10
78 91
64 87
20 50
10 99
87 35
93 1
41 74
61 33
24 46
