2000 82604
17 40
20 39
7 32
9 27
21 12
13 28
6 24
24 37
25 34
22 40
10 10
15 13
11 18
16 37
14 11
13 13
14 18
21 26
20 19
7 31
23 18
14 22
18 22
15 38
24 20
24 13
14 11
18 38
14 23
14 14
25 14
22 21
21 15
22 20
15 37
23 31
9 16
7 32
14 17
12 32
20 23
9 34
16 39
20 31
23 20
18 32
22 39
8 33
25 38
24 24
20 10
20 37
21 12
19 33
9 13
13 35
8 15
5 38
12 15
14 21
22 19
24 37
16 12
7 19
23 30
23 34
16 35
15 33
11 13
15 13
7 35
12 29
13 25
23 40
25 10
24 40
13 20
9 25
19 21
10 22
9 21
7 28
17 29
25 40
16 31
7 35
12 40
24 23
19 39
13 40
25 28
10 14
24 31
8 20
19 18
7 40
12 33
14 33
17 34
16 39
23 32
21 39
25 17
20 10
12 28
8 40
10 35
17 13
21 30
22 25
25 10
10 26
5 39
5 40
25 39
17 14
8 31
20 16
24 20
18 39
16 12
15 12
7 38
23 20
18 24
10 24
13 16
19 14
25 17
21 34
8 11
17 32
18 39
10 26
19 12
20 11
15 18
22 40
9 15
11 32
11 10
9 13
22 12
24 18
14 19
18 21
25 39
20 39
13 11
7 11
20 34
7 18
25 14
19 14
16 22
21 38
16 39
13 27
18 14
6 17
24 34
15 30
19 32
15 28
6 40
6 32
12 30
22 32
24 12
12 40
15 29
10 36
23 34
10 27
21 13
14 17
21 22
17 28
5 23
14 32
17 31
21 12
15 19
7 12
5 29
23 37
14 37
11 32
18 11
19 23
19 40
5 40
25 26
24 21
14 30
25 19
18 25
20 31
5 14
15 13
23 57
28 61
26 52
34 38
23 58
23 55
26 42
23 37
33 37
20 54
24 49
39 37
28 44
39 54
28 46
27 35
33 53
38 50
27 46
34 54
35 39
24 60
38 57
21 65
25 40
28 49
38 50
23 49
35 39
32 38
27 56
30 46
31 62
35 43
36 47
26 42
21 65
28 57
34 59
25 48
29 42
25 52
35 45
27 47
27 36
28 58
35 50
27 63
24 61
20 50
27 64
28 54
35 57
23 52
25 65
23 47
36 59
36 60
34 63
37 48
37 54
30 53
20 40
34 48
36 49
20 42
39 53
26 44
23 39
35 55
35 57
39 40
22 64
39 52
33 38
33 57
38 38
38 60
37 53
40 43
21 36
32 48
27 39
26 59
25 48
36 42
37 48
28 55
24 45
34 40
38 38
24 39
23 37
30 45
29 36
27 56
25 62
25 52
33 58
40 42
29 57
34 43
25 63
23 49
23 65
24 54
37 50
33 40
25 54
36 40
28 65
40 54
40 62
23 62
31 49
28 56
36 52
26 41
20 57
30 54
21 42
22 54
36 62
36 42
32 42
31 37
33 39
28 63
31 62
20 53
32 60
22 47
25 39
26 58
31 39
24 49
26 50
25 36
38 60
21 59
31 49
26 36
39 51
31 54
23 56
30 55
37 45
40 59
36 51
22 42
20 61
36 64
31 54
26 53
40 38
37 43
36 41
27 38
35 41
21 36
27 61
32 43
20 53
21 52
35 53
38 58
31 43
40 56
30 54
28 39
27 53
34 43
25 53
34 48
39 36
35 52
22 35
26 64
33 61
33 57
29 38
20 57
40 36
38 41
21 53
35 46
27 55
28 59
28 61
27 65
31 51
29 53
25 43
31 39
40 62
24 48
32 40
24 44
22 48
37 61
39 82
42 62
54 79
55 77
45 60
45 65
43 61
46 60
46 66
43 70
37 86
48 89
49 86
37 63
50 80
50 65
45 60
42 81
47 62
46 61
46 83
55 77
52 87
44 89
44 77
49 60
41 88
38 68
36 63
49 88
37 68
47 63
41 69
51 88
37 61
53 70
40 60
48 74
39 69
42 83
51 79
37 63
38 80
54 67
42 81
50 75
50 64
52 66
39 71
51 83
52 87
35 62
41 87
37 78
45 84
55 89
39 61
37 86
38 70
40 73
42 63
48 87
41 73
55 79
54 61
51 62
39 71
51 79
37 74
53 70
37 76
48 78
52 67
46 67
46 74
38 74
52 73
54 82
37 70
44 75
46 79
49 65
51 75
38 64
37 88
42 66
51 78
44 90
47 65
42 68
50 82
35 61
38 62
44 88
50 61
38 80
54 86
54 80
37 75
45 67
54 64
45 85
50 62
36 73
52 88
45 82
49 70
51 83
42 72
55 81
55 88
40 62
53 63
45 90
36 72
38 90
51 75
46 63
42 77
50 83
53 62
46 60
46 65
40 83
45 68
51 88
37 84
39 83
37 78
52 71
46 84
35 69
45 61
49 85
35 85
52 88
44 90
39 69
48 78
49 77
42 73
40 88
43 69
43 90
55 67
47 84
36 75
49 66
36 73
40 60
46 74
49 61
41 82
53 73
38 69
52 61
53 67
54 85
41 76
50 73
41 90
49 81
52 65
49 89
45 85
50 79
52 82
53 79
39 87
54 81
36 85
50 84
47 78
40 78
48 69
37 84
38 62
36 79
55 68
50 79
46 71
40 71
50 86
43 74
47 88
38 84
55 84
46 84
41 60
45 72
48 69
50 73
40 75
47 73
43 76
43 83
46 67
39 88
48 90
55 80
70 98
66 101
68 111
58 100
70 105
68 87
57 113
54 89
55 100
64 114
67 101
59 109
63 106
59 106
52 115
60 97
58 107
66 99
60 92
52 96
70 106
70 105
59 113
66 109
65 93
52 94
56 96
65 96
51 107
52 102
58 95
50 113
64 111
68 99
70 93
60 111
68 91
52 98
56 91
69 97
50 114
58 86
58 109
51 91
52 97
58 88
60 106
53 103
54 95
52 102
69 110
69 99
68 110
70 87
62 86
53 95
65 87
67 90
62 109
60 95
68 89
51 109
54 96
59 95
53 98
57 93
52 90
63 90
52 101
70 112
56 104
54 99
60 103
50 99
67 114
61 98
54 87
70 110
64 101
64 85
69 112
64 86
54 113
66 115
63 97
68 113
66 86
65 103
50 113
54 111
70 108
56 111
54 96
59 89
63 105
63 106
52 96
59 103
57 111
60 101
66 95
64 89
56 107
65 110
68 105
69 97
60 110
68 86
59 108
59 115
58 92
60 113
54 94
65 106
69 113
57 93
59 105
54 100
55 113
70 112
62 113
69 109
70 96
63 110
70 113
55 100
50 94
66 102
61 107
63 103
63 98
53 108
69 88
65 93
52 100
54 101
57 96
62 115
65 86
58 111
53 98
70 115
57 104
57 90
51 106
54 114
67 102
63 87
61 112
64 104
67 97
53 104
69 95
55 98
68 92
56 91
55 99
52 94
67 102
55 95
54 89
59 94
63 112
61 94
55 102
61 115
51 114
52 105
57 115
60 102
68 93
52 109
65 110
58 106
60 97
58 102
69 91
64 90
67 89
61 105
58 95
70 102
64 86
55 98
55 91
52 90
54 104
70 87
58 113
60 105
69 109
60 110
63 115
53 112
55 99
57 107
65 89
69 113
55 98
57 91
80 116
74 140
77 117
83 111
78 133
79 120
69 134
68 121
70 114
67 133
85 135
66 117
78 130
85 111
65 121
71 128
79 126
77 116
67 127
85 135
80 134
69 133
79 117
75 116
77 120
70 135
84 118
67 139
68 112
73 136
69 113
80 135
71 138
85 121
78 115
66 130
72 117
65 123
73 120
81 134
85 127
72 130
67 128
69 130
71 124
69 139
67 135
71 116
67 135
80 110
66 127
83 136
82 138
69 116
71 138
85 136
83 123
83 114
75 140
67 126
77 113
71 139
66 118
66 126
80 127
81 138
73 111
85 138
73 139
70 112
66 137
79 116
72 120
80 116
75 139
76 129
85 117
78 138
71 129
68 121
70 133
75 119
72 137
81 128
73 114
72 129
66 127
69 119
74 112
65 111
76 115
84 110
70 114
73 133
65 114
70 139
70 117
84 128
66 120
71 137
76 134
80 124
74 118
81 110
78 115
80 119
68 130
76 131
84 114
81 125
72 123
69 112
79 129
66 132
76 133
65 121
80 113
76 133
77 125
83 130
84 134
70 111
65 117
72 113
77 113
81 125
85 138
71 115
84 116
66 121
77 123
72 123
81 125
73 133
65 136
73 128
80 120
83 136
71 117
75 134
66 124
79 133
67 133
74 136
69 133
72 136
76 136
84 125
75 118
74 114
72 130
72 128
73 117
78 121
69 119
73 130
70 119
69 111
83 118
69 110
85 139
80 140
68 140
77 110
83 132
85 119
82 135
69 116
71 115
80 121
80 128
78 112
68 119
69 138
71 135
65 124
81 127
77 125
71 138
73 133
69 128
68 136
75 133
66 121
85 125
68 119
84 129
76 137
76 121
84 123
67 126
84 136
75 121
78 128
76 137
80 134
70 119
77 135
68 129
72 138
87 159
95 137
87 151
83 142
99 155
91 163
96 151
95 141
95 139
97 135
85 138
97 145
87 144
81 146
98 143
88 163
98 148
88 146
84 163
98 157
88 139
100 155
93 146
85 147
99 155
89 146
91 137
91 135
92 159
83 140
100 152
92 135
90 135
99 161
86 158
94 147
80 139
94 150
84 162
97 161
98 143
83 142
88 159
83 153
83 151
86 151
94 158
97 136
94 158
93 154
84 146
90 145
96 136
94 160
98 154
80 148
91 158
81 137
94 159
95 137
85 145
97 144
97 136
96 160
81 139
85 140
90 147
88 162
94 139
83 145
87 145
84 152
82 143
97 152
85 140
91 142
90 140
84 152
95 159
90 160
85 157
80 144
88 145
99 150
86 158
91 142
80 150
89 138
96 145
94 157
92 139
87 164
88 148
83 147
89 157
96 137
86 138
87 151
100 148
91 161
85 159
95 141
92 159
83 135
86 160
86 151
99 155
96 141
100 163
86 144
88 159
80 136
95 152
83 142
89 150
96 138
92 139
97 150
91 149
87 162
94 139
90 139
81 162
95 161
82 161
87 149
100 146
81 148
90 165
84 159
92 157
92 154
87 136
83 152
83 153
90 154
80 160
86 148
85 165
98 151
100 144
95 145
87 145
91 149
96 144
93 156
92 136
87 157
88 147
94 148
98 154
83 152
81 153
95 140
86 140
91 143
95 151
85 135
97 143
97 135
89 156
95 149
89 162
98 157
91 145
83 138
91 136
81 148
94 154
98 139
86 139
83 140
89 161
100 146
82 151
95 153
81 163
89 160
89 140
85 135
96 152
84 150
93 159
98 138
100 148
84 136
97 151
81 137
92 142
88 149
93 155
80 161
87 137
83 146
94 136
94 157
95 149
93 137
80 165
92 151
114 171
95 185
115 181
113 167
97 165
95 179
100 182
102 169
102 190
99 186
114 160
100 175
108 179
114 179
98 181
104 186
97 182
111 187
106 172
103 169
111 184
98 169
101 168
104 163
114 167
105 164
103 174
101 177
108 164
102 177
106 166
111 185
98 160
106 169
95 183
95 188
100 169
108 188
105 183
96 181
105 187
98 160
99 172
109 171
105 179
105 169
108 169
105 181
108 185
98 180
112 173
103 189
100 181
104 167
114 184
96 171
113 179
99 189
105 187
110 175
108 166
112 168
103 188
115 181
100 187
107 164
99 183
96 190
112 187
97 188
110 160
95 169
101 176
106 178
114 175
107 184
101 187
110 160
108 189
106 170
111 188
113 190
95 176
100 164
97 162
104 189
103 165
101 178
105 171
102 160
115 165
110 172
98 186
111 183
97 162
106 176
101 175
108 176
95 172
95 169
97 177
113 171
110 169
96 170
113 161
105 173
97 163
111 166
107 165
114 180
110 190
102 163
109 177
100 171
109 167
111 169
104 181
100 172
108 176
102 177
105 190
95 183
115 181
111 190
102 184
98 190
96 179
96 163
101 179
103 162
103 188
110 178
107 187
114 176
96 178
106 187
114 189
95 178
101 174
102 174
103 163
108 189
111 173
97 186
112 171
95 186
104 164
113 183
103 167
95 168
114 166
111 171
114 181
106 183
103 173
111 173
98 176
99 165
114 169
112 190
108 186
108 185
102 162
96 188
98 183
96 161
103 169
111 161
106 167
106 163
115 189
107 165
108 185
113 172
114 169
115 182
104 161
107 164
114 189
104 170
105 163
95 175
98 182
99 169
114 170
103 179
115 188
114 179
108 189
114 184
103 169
96 173
103 187
105 170
96 173
101 173
100 190
103 188
114 174
115 176
116 203
122 213
116 207
126 189
112 202
114 214
120 193
114 186
124 209
111 214
119 215
115 207
122 194
111 199
116 208
113 199
115 186
125 208
113 211
113 199
112 206
123 190
121 204
115 188
118 200
130 200
122 196
120 193
127 208
119 195
115 205
120 206
115 185
127 197
123 191
119 190
114 188
114 208
126 197
128 185
123 209
129 190
129 203
113 207
126 188
121 207
130 206
117 194
112 209
119 198
110 200
119 209
128 209
127 191
130 193
127 214
118 205
123 186
112 200
127 200
113 207
125 191
115 202
114 214
112 189
110 194
117 211
114 189
129 199
127 208
123 200
116 202
115 208
112 192
122 195
110 208
113 212
125 194
122 194
124 206
118 201
124 186
110 213
129 214
126 198
123 213
112 195
115 213
124 185
122 194
114 210
128 193
112 209
122 215
117 204
117 202
127 200
117 199
124 204
120 204
126 186
124 213
130 212
113 197
113 211
125 189
114 204
121 191
110 211
126 199
114 206
130 202
129 199
123 200
119 193
129 186
113 201
129 203
118 205
121 191
126 204
124 187
126 204
130 202
114 194
110 213
125 212
115 189
113 195
114 193
129 203
122 210
121 189
111 196
121 196
117 191
126 209
130 189
114 197
116 211
123 202
124 205
113 186
130 204
125 195
124 211
130 190
122 213
122 215
119 185
111 207
114 192
126 195
117 210
130 215
113 195
125 191
129 212
122 206
130 202
125 196
126 210
126 185
113 207
127 211
118 193
114 208
124 215
122 209
125 206
117 194
113 189
121 214
125 208
124 198
115 199
114 205
111 191
115 211
114 202
122 198
130 193
110 193
122 191
120 215
114 206
110 210
125 207
113 211
122 193
130 205
114 185
126 213
130 210
115 213
112 198
122 190
121 199
118 210
112 196
133 224
136 238
133 238
145 238
137 210
133 238
130 235
138 238
136 210
145 222
137 211
136 217
144 220
136 226
127 217
127 234
139 239
142 236
141 219
138 225
125 237
142 237
134 216
129 219
145 222
137 211
128 221
137 224
145 235
132 234
137 234
133 229
144 216
132 224
139 217
145 230
142 217
143 232
130 216
125 228
128 230
138 238
137 233
130 230
130 218
135 225
142 238
125 230
144 226
134 225
130 239
129 233
127 230
127 229
125 223
135 220
138 232
134 240
130 224
138 236
128 211
128 229
143 220
138 210
134 221
129 225
130 229
139 223
132 228
141 240
143 213
134 239
129 222
136 213
132 224
141 223
128 215
133 222
144 217
138 217
145 236
145 233
127 234
137 230
131 214
138 215
132 237
134 239
139 238
144 210
128 239
134 235
132 222
131 225
140 224
136 210
139 218
141 230
143 237
145 218
134 236
129 214
134 225
130 237
139 212
126 231
139 219
126 210
129 227
131 213
129 213
133 219
128 234
134 221
130 214
127 227
143 239
133 230
143 230
130 233
140 223
129 229
139 237
134 216
134 212
137 223
133 222
131 225
126 226
133 232
128 222
144 230
139 238
130 232
143 234
142 215
140 234
125 235
127 221
127 212
125 220
145 227
137 214
139 234
143 234
141 216
136 232
143 224
142 213
136 212
134 225
129 211
131 238
134 240
135 234
140 230
128 222
138 232
142 214
129 211
133 237
136 211
135 212
144 215
133 226
125 239
141 221
145 219
130 231
132 225
142 213
145 224
136 217
139 239
144 224
143 217
139 216
125 240
139 229
134 219
132 220
142 212
134 212
125 237
126 224
132 213
130 225
142 212
141 228
126 240
126 240
141 220
127 220
143 221
139 222
138 210
136 238
144 218
126 222
138 231
144 249
160 247
141 243
142 250
160 248
148 258
158 253
156 250
159 245
151 259
154 249
148 244
150 259
141 241
143 255
152 235
150 253
152 262
142 259
145 250
154 258
140 252
154 244
145 240
142 259
160 242
156 255
159 251
149 265
157 252
153 250
153 253
158 262
150 260
157 258
158 261
143 251
155 258
147 245
144 244
154 257
145 244
146 264
153 258
142 251
141 249
153 258
155 236
159 247
144 242
158 237
159 251
153 246
156 243
151 237
148 258
141 236
150 238
154 259
158 260
145 235
148 242
151 242
144 245
145 265
140 255
145 251
144 252
151 246
155 248
158 244
144 238
152 239
143 240
154 263
157 239
155 242
154 252
145 249
154 265
141 244
153 247
151 257
160 250
153 254
141 247
155 235
147 239
157 254
148 265
144 242
146 245
147 245
145 261
154 254
160 240
148 247
158 252
145 247
157 237
149 263
146 261
159 263
147 265
160 240
140 264
158 265
140 259
142 235
154 239
160 246
146 250
143 260
145 258
159 237
144 241
156 240
146 259
141 264
145 249
144 257
141 250
148 252
141 265
143 260
143 241
143 243
151 258
151 255
152 243
153 240
152 253
144 246
140 245
146 240
143 246
148 238
145 249
142 265
143 240
157 247
147 261
156 265
143 257
149 235
153 243
148 244
148 247
158 241
155 262
151 246
150 236
159 265
151 237
160 260
142 256
140 251
152 261
142 238
160 236
147 247
151 240
152 237
147 241
144 242
150 250
158 241
147 235
153 263
153 238
152 243
143 263
140 243
143 242
148 244
150 246
152 252
151 244
155 237
150 260
158 248
149 259
160 258
147 259
152 260
141 246
151 251
153 261
158 235
149 236
156 244
160 261
155 261
146 249
145 250
145 238
155 250
157 252
148 253
143 260
