2000 82619
17 30
16 37
20 24
20 11
20 12
10 40
23 13
15 27
22 12
19 40
5 18
14 35
20 20
18 32
25 20
24 40
19 31
17 10
7 28
19 16
22 17
15 29
20 27
9 17
23 27
17 17
14 22
19 14
25 22
7 24
22 16
12 28
11 15
25 39
6 27
7 21
12 15
15 40
12 40
11 20
13 19
25 19
23 26
21 20
20 16
18 26
20 13
7 19
25 29
12 37
13 18
20 33
25 13
17 15
21 36
14 26
19 39
22 34
25 14
11 16
11 34
8 32
24 33
24 12
5 16
20 20
18 14
24 37
17 32
21 15
9 23
14 29
16 23
11 33
18 22
6 36
14 29
22 39
9 26
6 29
22 39
16 12
7 40
24 16
21 37
25 16
24 39
22 27
14 13
22 35
18 16
24 27
25 15
10 13
12 27
11 16
25 27
14 25
8 13
15 14
25 39
22 15
19 13
8 16
17 40
10 30
20 28
7 38
22 32
18 17
16 27
6 31
18 29
13 27
20 33
15 28
10 40
14 26
21 22
5 17
15 30
13 24
9 13
17 35
21 16
5 40
5 23
20 34
14 30
9 30
24 39
22 11
22 36
22 40
22 14
20 27
23 11
10 38
15 18
25 35
5 33
17 14
25 20
14 13
10 15
17 22
7 36
8 40
16 35
11 37
18 13
16 33
5 19
15 16
16 19
18 39
12 31
10 14
13 36
17 40
7 39
20 12
13 30
23 25
18 37
10 23
6 32
19 11
12 32
12 26
14 13
10 11
5 23
23 32
5 22
6 17
14 40
7 12
14 16
20 12
6 36
10 40
16 28
23 25
25 13
19 20
7 23
6 37
11 24
14 11
11 16
10 14
6 25
15 34
10 29
14 30
6 17
10 37
17 26
13 12
23 45
36 58
37 55
25 49
32 36
25 63
40 57
29 47
34 39
30 60
21 63
22 38
31 36
33 63
24 43
31 38
40 42
30 40
40 45
35 64
27 37
25 52
24 59
25 63
29 37
34 53
30 36
30 37
38 50
20 52
20 62
28 42
33 48
33 64
30 64
20 35
23 55
40 57
34 50
20 43
35 39
32 50
25 47
22 39
20 49
40 53
29 43
35 46
22 39
30 43
33 38
25 37
30 59
39 38
24 43
25 59
28 39
39 50
32 58
32 44
39 43
29 49
37 55
24 36
29 37
27 59
20 51
33 58
31 52
31 51
25 39
31 39
26 48
21 56
27 43
28 42
22 60
30 63
37 46
33 40
26 41
24 48
29 57
33 64
21 65
33 35
36 52
35 43
28 56
39 35
29 61
38 47
38 57
25 36
38 40
37 47
34 35
26 37
31 64
20 61
40 46
36 62
35 61
33 59
25 37
34 48
34 63
20 50
35 36
22 54
40 53
33 53
35 57
36 40
37 53
37 48
26 59
28 60
40 47
40 37
30 46
37 45
21 43
32 57
39 41
25 52
32 42
28 42
36 56
29 49
35 47
23 40
35 36
38 55
28 51
39 61
25 41
38 65
25 62
39 57
21 65
39 60
39 44
38 37
26 47
21 41
30 43
20 61
31 43
37 56
29 40
34 52
23 52
39 57
39 40
32 49
38 53
32 45
34 40
27 57
32 61
20 44
28 41
23 45
35 52
32 40
31 49
35 36
35 41
22 47
27 39
29 50
40 65
38 49
26 39
32 53
28 36
34 64
27 64
28 53
33 40
20 39
23 50
35 51
25 62
25 65
26 55
34 53
33 39
36 54
33 37
32 38
36 36
34 44
20 42
20 46
40 53
34 63
35 54
37 54
35 67
44 71
51 88
44 73
48 86
37 67
42 67
38 90
53 67
39 64
51 60
44 83
38 87
50 76
43 89
50 86
48 78
45 61
40 60
47 74
35 75
54 79
42 85
43 89
49 80
36 74
48 73
36 64
46 84
47 82
41 81
37 86
45 81
37 82
43 68
42 70
40 83
47 73
40 73
49 77
43 69
39 80
37 66
49 88
54 70
43 78
47 64
55 68
54 68
47 72
47 63
48 67
37 79
41 70
37 89
36 61
47 86
45 85
44 72
38 90
42 67
44 82
54 88
53 63
41 87
38 78
39 65
47 81
52 74
44 82
52 85
43 77
47 71
55 80
53 90
40 72
48 61
35 75
55 89
40 60
37 61
37 83
55 72
45 86
44 71
48 65
40 66
46 84
50 87
49 67
44 88
49 88
45 78
43 84
42 89
49 70
52 69
49 61
40 72
44 72
54 70
52 88
35 62
49 62
48 60
37 81
37 86
55 85
40 60
54 89
55 69
54 84
38 67
42 64
49 77
55 71
51 89
44 70
54 85
41 87
43 79
44 83
55 65
36 85
52 62
47 61
42 87
42 89
35 75
49 80
42 76
36 85
41 66
49 72
47 76
46 84
40 86
44 76
44 60
37 63
40 89
50 73
39 85
55 88
46 69
51 70
38 75
54 64
37 69
44 77
45 82
45 86
53 84
49 75
37 78
42 82
45 80
50 72
35 71
51 83
39 82
42 68
36 64
45 83
48 86
50 62
52 80
49 62
55 68
52 63
35 65
42 70
38 88
36 67
49 85
48 83
38 90
55 78
35 69
40 72
41 80
49 80
38 71
48 76
45 68
37 70
47 72
54 64
43 66
52 71
48 68
49 75
41 60
52 66
38 73
50 69
55 60
43 65
46 78
36 84
59 93
59 91
59 106
62 110
52 106
65 111
63 92
57 88
70 97
50 97
50 110
58 109
51 104
50 85
66 103
59 115
51 112
69 99
69 97
53 96
64 98
62 114
51 99
50 109
68 93
51 103
62 110
66 108
52 93
50 102
64 100
66 105
50 103
53 109
52 96
68 85
70 93
69 96
55 85
51 102
66 93
68 92
58 97
68 99
58 106
52 96
51 98
67 98
61 88
50 113
51 94
55 90
56 110
69 91
51 104
59 114
68 109
52 110
50 88
60 106
64 90
57 111
59 85
66 99
69 97
60 100
62 90
66 91
70 91
55 105
61 86
65 102
69 107
61 111
65 103
52 98
62 103
70 91
61 97
70 105
61 114
55 99
52 110
68 114
64 112
68 106
63 91
62 104
57 101
58 102
70 114
54 107
66 89
61 85
69 102
63 94
68 107
57 100
67 91
70 97
53 115
62 115
55 92
54 115
52 114
60 110
69 97
61 94
68 97
67 86
60 114
69 96
55 114
54 89
55 90
58 88
67 102
70 91
70 102
60 101
62 103
69 95
64 108
52 99
59 112
50 85
56 106
53 99
51 85
56 105
55 85
63 92
60 109
69 95
65 102
54 106
59 115
65 86
58 104
58 109
63 112
63 93
57 85
53 87
69 91
63 87
51 98
52 107
65 108
64 97
60 108
65 96
67 86
67 96
53 109
69 86
61 107
59 91
52 113
51 103
50 114
54 90
65 113
59 98
55 110
68 112
67 110
57 91
68 103
65 95
54 102
63 115
70 102
58 111
61 97
51 98
50 86
60 102
58 98
51 104
68 107
54 109
56 104
54 93
63 97
52 99
59 113
60 87
61 100
59 109
56 93
62 85
62 108
69 94
67 99
60 96
66 92
53 100
53 113
53 114
68 120
76 113
79 132
81 128
83 139
71 139
76 126
70 125
82 123
85 121
65 127
66 138
85 133
78 131
75 113
79 138
80 140
85 125
67 110
77 135
79 121
84 112
75 129
67 110
69 118
81 136
71 112
81 127
84 112
68 121
84 133
81 125
65 114
85 118
70 140
85 140
68 131
84 111
65 128
81 118
83 122
69 129
70 134
70 114
66 119
71 138
71 129
76 131
77 118
73 135
83 139
77 125
67 136
74 136
74 126
67 115
76 114
73 119
66 136
81 129
67 136
65 113
84 136
77 114
84 130
67 119
69 133
75 114
67 116
71 137
85 137
80 130
75 132
69 134
80 120
76 129
82 133
65 127
85 123
65 130
72 130
75 128
80 129
78 135
81 125
68 126
67 131
70 119
83 114
65 137
70 120
69 128
65 114
78 129
77 134
79 129
80 115
70 129
65 134
65 128
79 112
75 129
85 117
72 112
66 138
69 131
81 123
71 116
73 119
77 111
76 111
81 121
68 132
75 138
81 119
82 131
79 125
69 112
84 114
71 110
79 111
68 113
80 136
66 138
72 112
65 112
80 123
67 118
78 118
85 126
65 127
83 138
84 124
65 131
72 112
79 126
80 116
73 127
70 137
74 113
84 119
74 110
66 126
74 134
82 121
66 119
85 124
71 136
82 112
78 123
76 113
66 114
67 126
75 118
81 111
80 118
71 122
68 139
73 126
65 127
81 140
85 130
82 139
76 119
77 140
77 111
74 129
69 117
83 135
79 122
77 132
67 111
72 139
68 137
78 130
82 116
66 117
85 110
85 121
74 114
79 140
77 120
76 119
74 128
74 140
82 135
71 129
81 132
67 134
70 136
65 140
85 139
79 139
83 118
73 114
67 128
69 124
65 129
71 121
84 134
90 140
91 163
91 149
87 140
83 138
82 150
91 136
81 139
100 143
96 141
83 157
83 150
87 151
98 164
90 142
84 137
88 143
94 135
80 150
86 160
92 137
83 153
87 155
82 164
82 137
88 143
91 160
89 163
93 158
88 139
80 148
80 141
87 137
82 145
93 142
89 137
95 144
82 144
94 143
84 159
97 144
96 135
82 156
82 147
90 156
94 141
100 154
95 156
86 149
90 139
83 136
81 163
86 156
95 139
84 145
90 142
90 161
85 156
88 137
84 158
95 149
84 155
88 144
97 156
92 144
90 148
83 163
86 152
93 147
87 150
98 150
94 144
80 160
98 158
83 165
82 148
96 148
88 150
99 148
95 148
89 161
80 164
94 136
82 145
85 138
99 137
82 148
87 163
89 142
84 164
82 138
86 153
88 147
99 139
95 140
95 148
96 142
96 156
100 159
93 153
81 156
82 147
81 163
100 140
93 160
100 143
88 147
89 145
94 162
80 151
97 163
89 165
87 141
80 145
99 151
87 158
81 149
97 141
97 144
88 148
98 147
82 164
88 151
99 149
94 154
89 147
93 162
100 151
81 164
83 165
88 153
94 152
98 158
89 146
84 136
81 137
81 147
84 137
90 139
89 142
100 149
92 137
94 164
89 143
89 145
89 140
97 162
82 161
90 147
84 152
83 163
93 157
84 150
92 139
100 142
95 143
96 164
87 161
94 162
80 154
82 142
95 135
87 151
91 154
86 135
89 144
100 154
92 139
97 154
95 156
81 151
91 148
90 143
83 140
89 144
81 144
89 151
91 153
92 137
91 162
95 143
83 164
99 135
94 163
95 142
87 148
94 149
90 138
91 138
85 159
92 135
89 162
100 144
95 150
98 152
82 150
83 148
81 152
98 147
95 165
98 188
101 168
110 165
114 160
101 178
114 179
102 185
112 161
98 186
108 171
110 185
105 163
114 167
113 176
101 190
101 166
104 184
97 165
99 184
97 165
114 185
99 187
103 165
102 179
105 171
103 169
108 184
95 169
101 188
100 175
100 165
113 183
114 164
108 188
109 189
106 165
110 185
111 170
109 186
106 185
97 186
99 170
108 172
99 177
113 169
104 163
111 182
109 172
115 179
110 179
95 171
98 168
113 182
110 190
97 174
107 181
115 183
111 189
112 175
104 170
99 175
112 167
115 165
106 186
110 185
103 169
103 164
99 167
105 162
109 170
96 186
106 186
112 187
107 181
96 164
102 164
112 173
97 180
102 186
106 170
112 189
108 182
104 162
103 187
109 160
100 179
97 163
109 172
115 161
105 168
99 190
98 184
109 179
109 187
110 189
95 161
95 182
108 188
103 178
100 184
95 186
107 168
99 183
114 187
104 178
97 188
98 175
104 188
100 162
111 173
100 187
101 182
104 162
109 168
113 168
109 162
101 172
113 160
105 188
107 184
96 189
103 189
108 170
113 173
113 176
110 167
104 167
100 189
113 175
106 184
108 166
104 184
102 163
102 178
113 178
108 172
103 160
115 187
111 162
114 179
103 163
107 189
105 182
108 177
104 161
115 187
98 164
114 181
106 173
101 166
115 177
101 176
111 184
100 187
95 180
113 171
108 167
99 160
97 164
102 163
111 183
106 168
104 176
101 160
105 164
100 187
101 180
109 164
109 183
103 163
95 172
115 190
107 182
106 177
111 172
98 187
95 176
102 186
115 189
100 189
97 190
112 177
114 165
101 189
101 180
99 163
111 174
111 180
99 160
115 187
97 183
101 172
110 181
102 166
96 163
97 177
95 185
102 178
100 183
107 183
115 200
124 197
124 215
116 186
123 192
123 191
115 201
123 187
119 209
121 208
119 191
121 210
117 194
118 214
121 211
130 197
120 202
123 190
130 210
130 197
111 185
115 212
121 189
110 206
125 187
118 207
130 204
120 192
125 212
128 213
126 211
126 185
120 215
119 210
112 194
130 208
128 208
114 209
128 199
114 205
124 212
123 206
114 210
130 194
129 185
130 194
122 196
128 192
111 198
116 187
118 191
113 215
115 196
120 206
119 190
122 192
111 204
124 196
112 209
111 185
116 209
124 204
125 201
123 198
122 208
124 202
110 192
113 210
130 190
115 195
115 208
117 193
129 201
121 208
121 191
110 186
120 213
120 186
129 196
127 193
128 214
118 187
112 192
111 206
114 191
117 206
111 203
125 193
122 198
127 194
123 204
126 201
116 214
112 211
114 186
125 196
116 210
126 185
122 190
117 197
129 205
111 195
116 210
128 192
125 200
130 209
117 209
117 201
125 210
128 213
116 198
127 207
121 205
127 192
116 194
125 191
127 203
112 186
118 185
110 203
120 207
118 203
119 202
117 188
110 198
110 190
124 192
126 185
117 199
115 205
124 211
125 204
121 192
123 209
125 212
130 207
117 207
127 185
128 193
129 203
116 187
113 197
123 202
114 188
116 204
119 207
112 201
116 210
129 212
120 213
118 214
123 193
122 209
118 209
120 194
115 206
111 215
126 203
112 198
120 200
112 197
113 196
129 197
128 203
116 208
117 185
120 186
114 191
114 201
120 209
124 192
118 189
130 200
115 208
128 194
117 211
120 194
114 203
127 195
112 213
112 201
124 204
112 190
123 192
117 208
126 197
125 198
125 190
112 188
124 206
123 214
130 187
118 208
118 212
113 206
115 188
125 203
126 206
123 200
110 195
133 236
145 212
141 211
139 213
136 211
141 225
129 218
126 215
142 214
139 211
138 231
129 239
139 230
126 238
129 222
130 217
139 235
137 224
141 225
128 238
133 218
129 223
138 236
125 225
134 225
133 231
136 224
132 220
132 212
136 216
131 222
126 231
143 231
129 238
141 228
141 227
128 214
138 220
125 224
129 238
132 216
134 210
143 212
125 229
145 226
139 227
130 214
125 210
130 220
137 236
133 234
126 232
129 217
129 235
132 234
135 228
141 217
131 225
137 237
138 221
139 237
138 217
144 213
142 233
139 215
128 219
138 238
133 232
141 240
141 232
143 215
137 230
126 233
145 229
127 215
145 239
142 236
135 211
128 220
143 220
138 219
140 220
125 227
144 217
137 225
141 214
144 213
141 240
127 234
135 221
132 223
143 210
145 220
142 216
137 234
142 212
136 213
132 215
135 220
130 212
144 216
134 222
130 239
137 211
143 233
135 229
132 226
131 221
138 228
133 222
139 210
131 220
135 235
139 230
142 232
127 238
143 236
133 213
137 225
131 222
143 223
137 221
127 226
135 232
143 216
139 219
142 226
139 216
136 210
131 221
127 225
126 229
141 223
143 210
132 235
140 213
144 221
132 211
127 214
134 237
136 233
135 225
125 232
137 225
130 225
144 223
127 211
129 219
132 231
125 218
128 230
140 228
125 236
143 233
143 218
125 217
132 230
137 217
133 220
142 210
144 226
145 231
138 222
141 237
125 215
134 226
135 224
145 229
127 229
135 214
125 237
128 237
140 240
138 234
139 233
140 239
126 214
136 230
136 225
134 225
145 229
135 218
144 240
140 217
129 215
141 224
134 232
135 224
135 221
131 237
134 240
139 215
134 222
144 226
131 217
133 220
126 237
135 236
131 222
141 224
144 248
153 252
148 239
158 258
142 240
159 247
159 247
158 239
154 246
146 251
140 251
142 247
151 248
156 240
152 241
143 244
140 248
147 255
157 257
141 264
142 263
148 263
151 261
146 264
157 250
143 256
143 242
156 245
153 242
145 245
140 235
158 235
144 246
143 264
147 262
159 263
143 237
148 264
148 258
154 235
144 243
158 241
158 258
156 235
142 264
154 244
148 262
158 245
154 259
152 241
142 235
148 246
152 260
155 264
148 238
159 259
142 253
153 257
147 247
149 242
148 265
147 244
149 255
147 265
142 260
142 237
142 241
147 260
142 255
150 252
147 254
156 265
141 240
144 248
157 243
155 263
151 237
159 264
143 258
140 237
160 235
149 242
149 250
154 241
153 255
157 260
149 235
144 245
158 245
157 256
157 244
157 258
149 256
142 264
159 252
157 262
141 239
158 259
159 237
159 256
152 255
146 263
142 241
146 257
154 264
152 236
150 262
153 252
141 248
151 261
155 251
153 251
151 257
146 240
140 242
157 248
156 244
146 250
147 251
156 263
151 250
147 255
154 256
160 260
151 256
152 235
155 243
160 258
153 260
151 257
145 258
141 262
145 246
155 250
157 249
151 241
156 245
148 241
153 236
142 237
153 252
145 261
156 252
147 257
145 250
158 246
140 251
145 239
143 250
154 256
148 264
146 257
158 256
149 241
155 260
148 246
142 242
151 236
154 257
141 238
153 241
144 242
155 252
154 249
147 264
155 261
149 264
154 237
149 248
153 242
153 248
149 247
150 255
148 249
155 238
160 248
146 262
156 262
152 264
154 246
155 247
149 259
145 259
148 264
144 238
155 242
157 255
147 241
140 265
149 253
160 237
156 245
151 251
142 244
157 250
158 247
140 262
152 240
147 263
155 255
