2000 48410
21 59
35 72
73 48
44 14
95 24
22 95
94 92
3 37
53 70
66 4
35 55
58 100
77 5
81 2
16 64
64 99
39 54
14 84
87 83
77 12
32 97
8 20
84 100
34 18
70 70
48 87
17 36
7 80
44 7
28 71
22 14
16 17
14 42
47 61
59 82
8 17
68 7
4 636
10 5
21 76
22 29
96 59
9 1129
98 85
76 60
45 43
13 35
14 66
10 26
99 18
43 77
41 74
58 89
78 28
26 43
80 10
78 14
94 30
86 89
21 72
73 100
59 55
88 40
86 93
5 15
3 1420
93 61
73 74
1 46
55 65
45 1
74 26
50 23
74 80
6 580
26 35
71 22
36 97
91 100
80 99
87 66
85 28
73 72
4 639
63 7
98 66
23 64
40 20
44 96
60 4
12 43
16 47
71 58
51 82
2 40
27 25
48 2
46 100
51 98
100 100
100 17
95 98
74 25
2 91
21 77
49 39
79 25
91 50
84 35
69 76
22 48
70 100
6 55
46 71
66 5
68 61
44 37
40 68
59 32
39 32
100 72
22 74
54 78
22 81
72 55
55 69
48 5
71 9
53 21
99 2
22 8
52 37
45 52
12 1393
5 79
17 80
43 74
83 4
59 30
79 8
4 31
81 77
48 59
13 1193
26 48
13 64
28 46
21 36
5 83
38 78
59 67
56 6
59 3
65 96
77 87
82 10
71 65
76 43
52 18
23 37
26 45
73 77
27 25
71 48
20 1949
31 3
39 27
14 86
66 58
98 56
92 45
69 89
78 85
92 4
29 74
55 84
56 19
56 71
28 19
60 53
93 100
38 37
15 11
51 3
2 32
43 49
84 12
73 48
19 91
35 81
95 36
44 87
59 57
21 60
1 1122
78 20
4 15
5 61
92 5
69 72
54 16
35 50
37 60
83 52
26 5
65 85
37 35
82 75
72 56
13 912
93 79
64 7
54 41
8 41
66 9
7 25
50 89
49 72
79 72
20 32
35 52
26 60
16 18
93 60
98 19
81 52
71 80
1 33
37 12
14 36
69 5
90 79
100 37
57 16
72 31
26 93
73 1
61 17
59 67
44 8
28 22
51 98
59 14
81 62
10 38
24 23
40 86
2 1352
24 46
18 10
31 10
58 50
95 69
46 27
51 9
93 39
79 78
73 40
93 72
67 41
38 76
14 28
9 20
37 12
22 95
32 2
14 5
95 95
44 18
24 23
90 2
72 91
27 72
49 68
4 5
36 10
24 42
4 1561
47 40
48 87
13 51
19 537
57 36
7 19
27 75
7 97
99 10
5 53
31 36
44 33
24 45
68 63
57 60
32 64
57 75
30 6
12 1841
22 31
24 1
59 87
46 5
14 54
82 77
72 29
14 21
85 81
59 90
37 62
80 23
6 29
36 1
92 73
87 77
93 36
98 44
13 51
51 32
49 53
70 55
82 20
92 85
93 100
1 82
100 96
76 15
9 8
29 1
90 32
31 90
5 53
100 18
76 95
70 59
81 46
99 75
83 79
18 79
57 64
71 93
97 1
14 92
59 93
88 25
100 68
3 80
37 68
13 70
7 508
37 72
82 25
86 35
28 8
26 76
39 16
79 55
1 90
47 24
8 8
42 73
77 65
64 60
42 42
4 59
33 70
74 88
54 33
67 1
91 66
11 48
89 93
87 66
24 39
47 37
26 42
76 58
1 68
15 10
88 28
54 83
51 33
21 4
91 17
31 41
98 31
2 1977
9 95
98 20
76 60
3 780
91 45
4 24
31 14
32 86
60 35
15 83
58 73
13 19
33 35
48 90
75 67
22 27
87 7
99 5
20 15
64 49
26 15
21 35
19 1989
13 42
26 17
81 42
8 1517
16 34
11 82
82 27
45 70
19 29
31 98
72 29
39 82
21 42
27 52
21 47
5 80
38 86
36 82
62 4
51 5
68 16
61 94
25 71
41 95
99 52
75 27
61 9
19 1972
100 41
81 43
92 9
64 34
6 12
24 3
8 1367
73 45
34 36
33 8
17 14
5 64
63 6
17 1359
95 98
36 99
19 1526
15 44
92 30
56 31
50 77
5 34
58 35
70 93
17 79
83 57
10 87
16 30
9 83
22 47
30 82
61 76
54 42
73 90
76 9
11 53
11 1571
76 91
84 49
82 80
60 98
52 14
38 95
75 55
92 7
32 92
10 6
62 51
47 88
53 35
17 33
48 64
57 20
75 19
69 8
73 98
9 75
31 46
40 28
17 10
52 93
21 9
29 85
6 34
94 50
5 45
16 86
42 94
32 87
99 86
75 25
43 37
51 99
65 19
17 43
5 1476
96 11
78 48
55 55
94 50
30 35
23 88
94 13
38 6
97 6
62 21
11 4
5 33
5 1242
50 83
74 42
44 10
71 43
54 78
1 95
16 92
10 74
16 32
9 37
93 61
67 17
35 13
36 49
69 15
99 32
52 91
62 19
47 94
82 91
68 26
40 43
63 25
90 65
33 7
1 30
87 22
47 79
11 85
43 54
90 97
12 67
68 47
33 6
34 9
22 76
85 1
1 53
31 2
1 32
61 41
24 14
19 1
96 54
11 62
87 15
94 37
14 52
48 86
40 30
95 42
67 63
32 24
58 18
56 27
16 30
58 100
94 48
62 61
20 84
37 54
52 57
83 3
56 52
36 62
17 11
77 80
21 14
69 15
60 81
73 98
30 8
35 46
11 874
25 13
45 7
77 64
70 49
58 10
76 1
62 30
5 4
42 63
93 5
62 21
97 89
8 86
71 72
43 89
22 46
20 1524
31 94
25 2
24 10
86 97
60 16
40 20
63 76
32 29
61 87
22 8
56 78
90 94
56 53
98 27
14 6
52 59
74 43
83 6
9 21
1 43
44 87
13 24
42 6
88 91
26 96
91 46
48 76
48 68
33 86
69 22
89 75
63 79
45 75
13 84
48 76
56 90
4 55
62 3
88 71
64 41
35 11
95 48
53 86
42 63
93 27
66 43
93 74
66 69
1 48
54 94
19 11
96 34
66 17
60 68
84 76
44 12
2 14
83 52
91 31
34 51
51 25
80 5
11 1432
47 99
92 88
48 57
2 89
95 43
61 59
89 11
59 83
96 21
84 10
63 21
89 84
28 36
81 63
82 9
93 4
81 11
35 2
11 67
28 96
52 70
23 34
63 24
47 33
24 99
45 75
38 64
10 2
47 51
69 20
9 83
93 49
12 8
8 39
95 89
58 2
69 49
35 51
68 36
16 22
70 61
31 56
4 5
97 96
11 19
85 65
42 52
43 81
71 66
4 18
70 28
75 87
26 3
85 51
21 19
2 54
9 1378
10 34
63 55
28 27
30 54
71 37
20 28
41 13
79 27
66 68
99 14
47 27
1 19
18 49
62 48
70 79
48 57
17 4
19 74
10 75
2 68
60 77
2 1169
24 33
63 94
74 34
98 71
41 49
58 85
71 42
94 2
11 1955
32 75
56 8
65 88
62 80
78 44
85 67
54 44
56 22
1 1231
4 9
54 48
2 4
22 10
67 96
24 82
69 66
84 51
42 8
79 40
37 19
53 84
82 46
60 3
67 30
8 1333
10 74
7 78
11 635
32 15
52 31
2 76
14 1503
7 38
66 15
76 73
85 33
2 33
82 68
92 54
4 66
85 77
98 53
5 70
6 86
64 100
80 3
27 51
99 51
73 62
57 42
35 69
25 46
38 87
47 71
92 27
45 17
8 96
50 56
8 32
39 10
54 86
9 59
53 3
7 1104
75 25
81 27
96 59
28 57
62 94
88 64
31 74
98 70
37 16
88 95
4 7
100 16
67 98
82 57
51 66
40 59
38 50
37 86
16 56
27 36
83 56
59 82
23 5
42 4
61 89
31 88
80 65
14 74
91 46
85 67
25 100
17 70
17 93
21 58
45 78
78 39
60 21
16 938
75 60
96 89
62 46
30 67
47 56
15 1599
11 75
97 73
72 5
100 25
86 58
39 61
79 12
68 65
98 94
1 16
10 68
10 83
83 3
41 33
23 8
74 100
77 51
47 60
42 69
93 44
19 69
86 98
3 804
78 90
13 49
97 93
25 30
26 46
78 59
24 85
6 40
41 86
72 57
29 44
92 10
57 14
68 56
70 73
25 30
17 2
23 89
2 1121
26 36
57 43
78 30
100 43
30 43
55 32
98 54
24 63
47 75
17 23
9 61
69 60
46 64
21 61
17 53
23 93
99 6
94 63
46 29
4 97
86 48
17 85
85 40
78 9
74 50
52 48
47 82
50 79
20 49
21 22
87 28
97 84
78 64
64 9
96 78
59 6
70 41
93 32
82 69
69 67
61 6
43 81
89 27
7 69
15 41
57 31
81 13
13 98
2 93
26 41
69 94
88 93
94 77
53 85
65 1
19 26
56 32
63 34
20 56
75 32
84 55
6 36
71 67
13 71
22 44
18 97
23 28
43 84
10 80
5 48
11 3
23 85
99 28
51 29
81 53
13 68
7 59
20 1420
78 17
9 3
86 57
46 10
96 95
31 33
50 95
60 48
50 58
5 78
74 81
69 65
31 10
9 88
27 100
53 28
21 58
48 44
70 24
44 85
90 79
31 3
100 33
53 81
53 87
50 12
3 61
33 91
62 32
10 19
45 7
39 48
70 22
3 1392
36 58
17 68
13 95
85 52
28 15
14 4
89 81
1 48
82 69
71 42
10 35
8 20
15 715
82 44
7 63
44 93
77 80
97 94
75 48
76 12
1 74
79 86
25 76
3 87
64 77
39 7
64 5
8 35
29 54
85 78
90 98
65 11
1 98
54 44
49 14
28 12
67 48
90 95
29 11
100 68
60 88
90 97
8 87
35 57
71 40
66 2
78 50
48 20
62 95
4 97
75 83
14 20
83 82
100 58
69 6
18 991
90 16
32 63
5 45
15 1985
69 92
46 94
82 32
69 41
51 89
31 98
97 5
17 36
72 44
77 15
69 55
31 31
66 12
76 42
15 1089
36 3
93 95
95 89
35 74
7 41
16 1791
10 9
20 12
32 18
61 18
88 70
29 80
50 34
72 32
34 76
67 3
40 75
31 21
1 86
8 16
34 9
83 83
4 20
2 97
54 26
32 86
70 51
36 57
97 97
97 44
1 44
85 52
90 38
47 32
19 25
96 30
44 68
28 33
15 42
76 37
88 51
3 11
4 68
89 84
74 94
89 43
56 38
20 1262
72 63
8 23
72 35
5 24
90 6
76 6
6 20
43 31
59 92
12 1871
78 87
56 88
72 66
30 82
40 91
13 55
76 13
10 16
8 85
72 32
90 48
23 26
47 69
77 50
77 36
2 36
66 85
2 29
91 31
73 22
14 48
14 45
80 97
85 35
18 68
21 2
12 40
75 39
63 84
8 1899
2 61
92 23
78 71
26 26
74 4
69 61
38 80
49 69
30 76
46 64
20 100
19 76
6 748
18 20
18 1712
96 28
20 8
13 10
97 8
62 38
4 1941
62 56
27 34
68 79
98 90
96 2
88 32
62 81
70 40
2 16
5 832
24 100
45 90
61 34
49 77
18 93
81 94
86 9
19 61
10 22
83 24
90 61
29 97
2 65
8 32
76 73
49 92
79 39
40 34
97 52
92 76
28 17
58 7
18 10
47 47
8 48
13 63
86 79
69 80
34 54
87 46
52 91
57 6
83 35
64 24
5 82
53 79
44 70
43 90
71 40
5 91
25 14
12 52
85 39
79 30
71 83
60 63
27 73
49 74
51 97
24 24
92 49
78 65
33 82
9 10
24 63
40 81
73 24
9 93
8 61
59 78
47 90
11 51
15 35
82 24
74 27
72 68
34 55
69 48
14 58
56 94
74 90
90 23
67 97
10 28
20 4
38 31
12 644
99 76
38 4
72 90
74 100
30 5
2 54
6 33
90 14
25 69
98 14
15 90
86 61
57 74
73 19
84 51
68 76
39 53
65 26
93 54
10 20
50 80
62 1
75 29
5 25
87 90
18 1799
24 21
96 69
36 6
13 4
17 11
86 82
50 7
89 100
59 33
31 11
42 6
15 858
73 77
66 74
14 78
87 66
8 1120
70 3
11 36
39 88
37 79
49 88
3 66
82 32
11 59
5 45
43 85
37 88
61 22
81 26
53 90
84 94
28 95
41 48
96 97
45 57
78 29
98 4
85 8
37 13
28 14
20 1976
53 29
100 42
43 38
66 59
38 59
46 76
35 61
48 94
36 63
24 39
97 81
38 28
5 23
59 40
94 25
99 7
95 79
55 98
79 32
100 20
38 91
6 78
92 67
86 88
2 34
5 841
83 91
86 42
8 801
62 56
63 6
57 40
62 98
6 96
74 98
20 1414
3 71
9 58
99 2
38 85
84 49
47 34
27 65
40 71
5 25
21 41
38 77
51 3
27 38
68 60
50 75
16 28
73 38
93 41
53 67
27 23
62 40
35 9
64 16
18 50
49 65
27 74
6 1048
62 14
84 69
100 38
12 21
38 91
60 96
10 74
27 27
43 44
56 8
5 43
82 14
12 32
77 35
71 42
63 87
3 72
38 53
64 61
71 52
63 42
9 1
23 70
89 17
70 40
7 1541
52 32
39 42
58 43
30 5
65 30
19 8
65 25
65 68
30 80
54 67
24 15
92 54
80 46
10 1661
99 61
37 88
52 23
11 44
13 23
23 16
25 30
68 46
60 20
1 1474
38 97
7 1887
48 43
60 67
62 30
69 82
69 97
66 13
8 75
26 91
47 18
72 5
44 98
12 94
88 24
26 29
65 13
64 90
17 34
97 58
82 99
15 46
33 45
85 73
77 90
45 19
7 40
1 19
12 65
67 59
93 9
1 13
40 72
92 51
9 1587
54 1
61 84
29 27
19 14
68 59
4 868
65 83
14 1647
2 66
28 28
10 1471
27 95
93 92
94 79
43 28
4 1920
27 77
10 74
73 46
11 1
86 15
17 64
18 40
39 33
81 28
36 98
31 93
81 93
27 22
22 95
93 23
32 74
34 31
22 50
50 39
53 41
80 18
67 73
44 55
81 36
94 53
26 96
8 30
38 44
10 944
2 9
30 93
97 54
11 34
2 38
59 54
97 100
71 1
28 93
35 33
3 81
15 42
17 77
83 73
94 63
38 72
28 47
25 37
72 2
1 48
75 27
6 812
80 66
93 100
19 48
60 1
38 52
96 95
67 82
28 95
66 20
69 42
57 39
14 73
31 28
59 76
73 78
27 27
81 29
52 70
61 59
83 61
67 11
8 841
17 85
60 26
67 59
18 1493
36 14
90 12
44 79
10 40
65 53
23 44
54 39
36 52
35 96
92 42
31 46
19 1729
71 89
49 65
21 70
27 27
62 89
4 97
37 55
86 66
19 864
17 35
90 87
43 34
51 95
8 97
71 73
68 31
19 22
89 31
63 61
54 35
78 94
7 39
16 27
95 46
81 34
69 17
30 49
12 946
12 59
12 94
68 9
82 99
60 10
40 79
61 77
74 50
43 27
97 31
11 67
25 2
66 17
52 53
67 88
16 63
59 50
89 60
35 93
77 23
78 43
98 54
31 10
55 36
56 44
46 36
49 34
88 78
66 52
30 82
55 58
78 62
94 28
74 19
59 60
5 37
13 97
19 89
78 39
8 75
17 928
41 5
84 77
33 88
92 58
50 64
100 50
51 59
38 23
35 95
79 33
67 65
84 48
61 42
22 1
91 43
6 29
22 34
78 20
24 33
4 67
32 30
1 94
97 94
5 48
11 6
1 914
70 96
82 94
31 21
29 70
49 64
23 77
12 98
33 51
14 34
13 61
84 53
16 44
2 36
18 47
95 77
69 52
53 46
55 70
42 4
43 88
13 99
63 89
21 60
36 31
18 56
4 41
1 836
14 1
9 40
13 1530
67 83
78 87
79 26
49 55
6 56
79 42
71 84
69 6
63 44
84 69
81 66
47 96
52 13
82 53
16 94
98 89
2 5
69 91
4 58
43 60
11 31
68 8
58 49
83 90
3 90
75 56
87 82
42 66
41 56
47 21
10 1008
59 91
24 59
70 24
7 97
81 66
12 1661
77 32
1 71
11 8
12 1
81 37
18 1174
63 13
14 41
73 1
60 53
16 97
93 92
16 62
58 57
55 74
83 22
67 57
38 63
86 11
42 12
76 96
79 76
34 19
22 68
18 26
92 61
97 26
88 1
98 10
29 91
88 65
26 41
29 62
50 24
37 41
9 50
59 31
52 5
74 90
83 32
63 9
41 87
75 75
78 71
51 95
29 48
61 92
17 51
18 62
98 54
10 14
93 9
76 82
43 32
66 76
46 7
86 93
62 1
33 7
35 54
90 91
72 23
60 94
18 52
73 46
97 87
78 53
31 29
100 91
52 43
13 12
62 52
44 81
39 38
11 914
94 27
20 85
100 65
11 77
37 98
49 18
20 90
82 6
11 1199
15 21
47 33
10 1432
100 65
61 33
53 63
10 919
50 75
76 85
46 16
20 79
49 83
94 2
12 517
31 11
93 44
100 25
44 74
55 95
4 1253
34 11
46 68
37 83
53 47
45 84
47 59
90 96
45 54
19 100
71 53
68 4
85 73
69 85
89 61
84 89
29 17
93 23
70 59
79 91
69 60
68 74
98 69
69 42
61 75
46 100
99 4
6 70
46 76
42 77
12 65
41 33
76 39
4 1276
77 15
80 85
53 16
13 1928
69 32
97 69
46 25
91 84
16 72
30 97
60 68
2 1271
65 86
40 84
5 1689
87 96
70 26
17 66
54 69
20 1104
85 59
8 669
65 98
35 14
71 64
62 73
29 42
34 80
2 5
4 80
90 64
30 72
83 16
42 31
57 49
4 47
38 51
2 73
5 1256
6 74
31 22
5 49
61 58
48 59
97 84
9 16
34 54
66 9
77 81
39 74
37 55
13 91
4 20
53 4
48 4
27 35
14 77
76 97
60 15
67 33
31 76
2 78
96 56
65 43
43 60
53 4
68 41
33 10
6 29
14 22
38 83
89 50
70 22
98 40
36 60
18 5
59 55
21 13
36 65
35 87
