2000 82403
13 36
6 20
18 17
13 16
18 18
12 36
11 35
14 23
14 33
24 34
5 12
9 24
10 38
11 13
20 33
16 16
16 35
11 13
8 27
23 18
19 35
19 21
8 16
15 38
25 16
8 27
24 38
15 29
19 13
5 36
18 34
13 19
25 25
10 26
9 29
24 35
11 36
24 12
16 37
25 39
16 27
14 18
15 19
13 17
15 26
14 13
20 11
8 36
9 31
23 24
13 12
8 33
9 19
6 38
8 29
7 14
6 16
24 28
12 14
14 35
15 35
20 40
15 17
23 16
5 11
25 15
11 34
5 40
25 27
7 15
24 30
20 19
18 26
10 16
21 28
15 20
15 34
13 14
21 40
17 35
23 38
9 12
14 34
16 33
7 38
14 24
20 12
22 16
17 26
5 18
19 18
18 25
17 36
5 38
9 38
6 34
25 31
8 24
10 35
20 33
9 39
10 14
7 37
25 29
25 28
25 25
14 23
19 35
16 26
9 10
9 25
19 14
11 26
16 27
12 28
22 10
10 23
9 27
23 21
25 31
8 39
10 33
14 12
14 24
17 17
17 38
19 14
24 33
25 25
14 38
15 27
19 29
8 10
5 16
5 15
20 17
22 38
17 21
21 25
6 25
15 17
6 20
21 21
8 39
9 20
22 39
21 32
12 32
10 29
20 39
10 28
11 36
11 11
8 20
23 40
9 13
20 13
14 27
6 24
5 18
7 18
22 25
8 29
17 27
14 11
16 10
18 27
16 11
19 39
21 40
21 14
21 13
9 22
23 29
21 10
12 25
17 10
19 14
10 14
6 34
13 12
10 33
13 25
21 10
11 11
15 18
14 38
14 20
11 35
20 10
6 34
23 40
6 22
10 20
17 28
25 30
22 33
24 14
21 13
6 27
20 36
23 43
31 37
39 39
35 48
39 55
31 54
26 63
24 53
36 51
33 43
34 59
33 48
30 38
21 35
30 51
39 48
29 62
22 43
24 44
39 41
29 61
36 50
35 58
21 61
33 41
20 43
20 65
34 60
40 39
38 56
37 60
39 47
21 51
31 57
34 44
25 57
35 53
32 59
38 42
38 50
23 56
35 45
27 49
30 56
21 63
32 41
40 48
21 44
27 39
22 58
40 60
39 47
26 54
20 54
21 57
33 38
32 59
26 64
34 50
21 57
20 64
31 35
40 45
38 44
20 40
22 57
23 48
30 43
27 41
32 58
26 61
28 39
29 42
33 58
25 55
37 37
23 40
20 63
36 42
24 62
33 40
31 45
21 57
24 50
29 43
30 55
38 35
29 53
28 60
27 61
32 55
35 35
27 63
32 44
28 35
34 50
39 56
36 55
23 41
23 41
31 44
23 50
29 53
30 47
30 46
25 62
37 38
33 59
31 56
40 36
40 38
39 59
34 41
34 39
29 51
23 57
26 37
23 65
35 41
27 37
26 51
24 51
28 55
20 53
40 41
37 35
29 35
33 36
28 39
36 49
39 49
32 46
23 44
33 39
23 52
39 35
28 36
27 55
38 56
33 65
23 59
32 37
21 56
31 61
28 42
21 47
21 49
25 38
25 63
39 41
34 47
35 53
38 55
35 35
26 48
28 36
33 62
39 62
21 41
21 44
32 65
29 36
34 43
35 39
28 45
24 56
29 49
20 35
38 46
38 44
39 65
29 62
39 46
22 43
35 45
24 65
22 38
37 56
23 37
30 53
22 37
32 36
28 47
32 50
22 65
24 50
30 37
29 55
37 65
23 64
30 49
33 52
36 59
23 62
39 63
29 39
24 55
26 46
28 39
50 83
39 77
43 90
43 76
53 60
38 76
45 82
40 83
36 72
47 71
55 68
50 81
42 65
38 77
45 68
43 69
53 80
55 67
36 73
55 65
41 65
52 68
47 76
55 63
55 74
49 64
53 83
36 63
40 62
48 70
48 66
51 71
45 76
49 72
53 67
40 68
47 65
35 69
54 76
48 76
41 86
46 78
47 72
38 70
51 68
43 82
49 70
50 65
51 77
45 80
35 61
52 65
47 71
49 85
49 84
37 83
45 88
55 60
39 61
50 81
52 61
38 80
40 73
47 62
42 70
46 81
48 78
50 76
35 66
44 84
47 77
46 74
38 86
36 81
46 86
37 62
51 84
54 63
39 74
52 63
41 87
47 61
46 75
35 71
50 83
37 79
54 78
41 82
35 74
40 66
35 82
55 61
46 88
47 79
36 69
55 61
48 71
40 76
53 77
49 76
45 87
51 77
41 63
41 83
39 80
53 84
49 64
51 85
45 89
51 71
48 61
53 69
39 72
43 66
38 75
44 65
50 85
55 81
37 90
37 75
45 70
44 88
50 61
39 76
45 61
50 65
47 64
42 72
47 64
49 70
49 70
40 88
40 63
37 62
40 87
48 79
39 81
52 79
37 62
35 80
52 87
47 63
39 64
35 72
46 64
43 83
51 62
41 79
51 63
42 66
47 63
49 64
54 68
47 74
39 83
45 72
37 86
42 75
53 60
55 61
54 74
43 77
55 71
49 80
55 82
47 71
53 80
40 76
46 65
50 63
37 60
49 72
38 89
43 81
39 79
39 90
47 73
51 75
38 77
37 65
44 60
47 60
52 88
55 75
43 72
54 87
50 61
48 66
42 61
50 85
41 77
48 79
42 65
42 84
52 66
46 88
36 69
42 85
51 69
36 68
67 111
61 86
56 94
56 108
52 86
54 113
68 93
55 101
54 103
62 87
67 88
51 113
53 108
62 103
61 115
68 104
59 111
67 103
60 108
56 97
53 111
70 95
55 108
51 98
61 87
56 115
64 98
53 100
62 100
61 91
56 111
57 90
64 96
58 107
56 115
65 111
52 97
56 109
65 115
62 96
67 105
63 87
70 91
52 92
60 102
61 88
67 88
60 114
51 112
62 103
60 107
65 103
69 102
67 90
52 100
66 98
52 110
54 91
51 115
60 105
63 105
56 109
66 112
67 90
61 91
53 98
63 88
58 114
63 92
70 86
59 100
59 111
51 112
58 91
63 95
62 92
66 99
64 105
61 103
54 113
65 100
69 106
51 94
62 90
59 103
54 91
55 103
54 95
70 114
57 90
57 93
67 90
67 95
58 114
66 103
55 105
68 89
63 105
57 112
58 110
63 114
60 100
69 85
52 111
52 92
59 90
58 97
56 91
63 87
55 102
55 114
65 106
63 100
67 98
58 87
63 107
60 91
67 97
61 113
55 89
56 90
68 101
67 101
62 91
65 108
62 89
56 112
69 106
59 88
66 104
66 91
66 89
55 100
62 101
59 105
56 96
57 110
55 95
55 100
59 110
63 90
68 111
52 107
65 96
58 98
54 113
62 95
57 113
60 99
62 86
63 85
60 113
70 92
51 87
59 107
51 112
57 107
66 114
62 86
68 92
66 91
50 114
70 89
52 91
51 92
53 104
60 105
61 86
55 107
61 101
70 109
61 92
57 113
64 113
62 95
66 95
61 90
60 115
69 89
67 108
52 95
61 103
61 108
69 109
62 101
57 106
67 100
66 110
70 115
50 93
67 106
64 106
57 110
65 114
62 108
50 91
56 113
55 85
60 93
59 114
71 138
74 111
73 125
70 133
73 123
82 131
83 127
74 133
76 139
70 117
73 119
82 129
79 115
70 131
85 119
67 113
72 117
73 124
77 136
65 113
82 115
66 118
69 110
80 110
72 132
80 125
68 129
69 111
76 129
82 116
67 120
78 140
73 122
66 114
77 126
82 124
83 139
82 118
68 130
79 133
73 121
67 118
85 116
69 133
79 111
81 128
83 113
67 134
72 137
65 129
69 112
66 139
77 129
65 135
69 120
67 130
66 132
85 129
73 115
71 129
67 115
81 123
73 128
65 130
84 113
73 132
80 117
66 113
70 132
82 114
80 122
65 130
84 125
78 137
66 128
71 134
82 126
84 110
82 122
80 125
82 137
82 126
76 134
76 135
84 124
66 124
66 128
69 135
85 120
68 132
77 110
83 130
73 127
73 129
77 117
84 119
66 117
80 112
75 119
71 123
75 134
80 124
72 136
71 121
75 133
65 112
80 123
72 116
76 119
69 136
78 136
69 126
78 135
69 110
85 123
69 134
79 113
81 123
79 121
67 113
71 132
67 135
81 133
85 111
85 136
69 125
67 137
67 130
67 127
79 132
76 140
73 112
78 130
65 140
84 114
70 111
65 113
68 138
77 137
85 133
70 131
83 118
74 116
84 111
67 126
75 129
72 115
81 123
80 112
67 131
80 121
83 110
78 126
74 116
85 133
77 140
75 115
75 135
71 111
71 139
84 127
84 136
75 113
66 125
73 130
81 118
71 134
82 123
75 111
85 130
77 127
77 113
81 132
83 137
70 131
71 114
83 119
70 138
82 116
74 124
70 123
70 137
81 136
71 125
70 137
75 127
79 128
82 110
82 121
72 137
81 132
67 117
81 138
82 120
73 122
79 138
73 122
67 110
84 140
69 110
92 150
99 140
92 136
91 145
85 137
88 150
89 139
89 155
92 158
94 137
87 156
90 163
84 153
92 141
100 145
84 143
86 155
93 162
96 154
83 139
100 144
99 144
96 139
88 146
89 163
84 165
87 142
85 150
83 156
90 144
91 159
89 157
95 135
92 135
84 156
86 138
83 152
88 143
88 146
84 151
96 162
89 157
99 145
89 163
92 161
100 162
94 157
98 163
89 139
95 139
82 135
92 155
83 155
82 142
94 149
83 141
92 141
89 149
83 136
90 147
95 149
93 148
97 162
93 156
98 142
94 157
83 136
83 156
83 141
93 152
89 154
83 163
85 153
89 143
83 152
80 149
85 163
82 165
81 140
82 157
100 149
96 151
99 156
85 135
83 139
94 147
93 142
89 150
82 152
83 145
93 145
82 165
94 151
97 165
100 151
91 136
90 135
98 146
85 157
88 151
100 162
97 151
95 140
85 160
81 156
81 157
87 161
90 140
87 151
92 135
81 157
100 165
89 150
98 146
96 153
100 165
84 157
82 150
98 148
92 151
89 146
90 136
92 158
95 149
82 143
81 144
86 147
90 157
94 150
88 136
90 162
80 147
99 149
86 148
86 137
92 162
87 137
89 151
100 138
95 136
85 146
99 143
93 150
84 154
95 165
91 161
95 156
94 147
90 165
87 135
94 155
86 148
98 158
97 149
94 163
95 137
84 157
86 165
100 143
99 136
99 143
94 136
99 136
82 165
85 141
81 135
83 158
96 148
80 146
95 140
82 143
89 150
80 151
100 137
81 137
92 135
86 162
86 137
91 146
91 161
95 163
90 145
98 144
96 138
96 150
91 160
100 148
81 155
89 156
95 157
97 157
85 164
90 154
83 146
96 136
92 149
81 165
85 154
83 145
96 160
104 186
111 179
96 186
98 165
108 186
113 167
99 172
101 162
105 164
103 187
95 175
109 164
112 189
115 181
111 170
113 164
114 190
105 171
98 187
101 166
105 167
96 167
97 177
96 179
110 178
110 183
101 182
109 175
100 175
115 188
100 176
97 186
100 180
114 165
97 179
96 165
99 183
95 176
102 178
111 184
106 175
108 166
112 170
111 184
112 184
113 175
104 180
95 180
102 175
115 183
115 162
112 188
95 168
102 190
112 171
99 189
104 169
115 188
96 186
97 168
103 169
113 185
110 161
104 165
111 165
101 173
103 183
110 190
113 180
106 184
95 181
112 182
105 186
105 175
104 169
103 166
104 173
108 174
115 170
95 184
105 174
99 180
99 174
96 165
113 177
106 160
100 180
99 163
96 170
99 162
98 166
100 162
109 164
104 190
113 162
97 186
106 187
96 181
99 162
110 171
106 183
113 184
106 190
105 186
107 173
95 185
99 162
98 166
96 169
100 176
115 184
96 184
106 185
100 188
115 168
107 173
97 176
100 170
104 160
96 184
100 160
108 189
99 171
96 163
101 166
113 189
106 189
110 177
113 164
107 176
112 181
99 170
106 160
100 178
95 182
113 172
100 186
108 181
97 173
106 183
114 169
106 175
101 169
100 184
97 172
114 183
113 164
106 164
103 178
101 166
97 161
106 188
103 185
110 190
110 168
112 182
106 169
114 180
105 164
113 189
115 181
101 176
110 179
97 160
105 168
103 172
103 180
111 164
114 186
99 177
107 182
101 176
102 171
112 174
99 177
101 189
101 187
113 160
99 189
114 177
99 162
97 174
98 167
101 162
100 178
108 164
102 185
111 165
114 184
103 179
98 185
99 175
115 186
101 161
114 174
111 188
104 174
106 165
110 189
106 181
112 208
121 209
130 198
111 206
126 197
130 199
128 209
115 209
111 197
110 195
124 196
110 196
123 205
122 198
113 202
113 186
114 212
123 210
129 203
128 194
129 207
120 186
127 205
121 185
110 203
128 211
115 202
124 205
114 201
111 205
114 189
120 196
125 195
117 189
124 204
113 208
126 189
113 207
112 200
120 207
114 186
125 212
129 205
113 205
122 200
117 193
115 209
111 201
126 208
119 214
118 189
127 202
112 198
124 185
123 215
116 211
116 189
113 197
119 189
114 213
120 191
123 190
113 208
121 186
130 197
114 207
119 204
118 207
128 198
124 210
112 194
116 193
110 194
118 190
124 202
116 213
129 191
125 206
122 208
128 192
110 204
126 201
129 187
128 191
113 211
113 211
119 201
122 199
127 205
123 189
120 203
120 213
124 190
116 201
115 192
122 213
111 204
124 188
117 203
124 192
110 189
123 197
112 187
123 199
112 196
114 211
110 205
126 204
126 194
128 203
111 211
115 197
123 211
110 189
118 205
115 208
114 194
124 197
110 214
112 214
120 197
120 189
129 199
112 208
111 210
121 192
114 209
113 187
123 214
120 185
121 198
115 193
121 211
130 214
111 199
117 213
117 203
130 210
128 206
126 206
127 211
110 188
111 195
122 188
113 193
121 208
125 211
117 194
118 204
122 196
117 215
130 209
123 192
125 200
127 188
118 196
124 214
118 196
117 199
114 200
110 201
110 193
114 189
129 214
122 208
112 206
117 200
118 190
126 185
120 203
118 206
130 213
111 192
122 209
113 205
127 195
117 197
125 198
112 191
111 192
110 203
119 200
110 195
115 208
126 193
116 196
119 190
112 201
119 197
127 188
118 199
124 187
118 187
111 195
129 208
110 185
114 199
112 194
111 189
130 187
143 217
144 219
132 226
138 236
136 210
132 236
125 220
134 216
129 219
142 224
137 240
143 215
128 239
144 213
127 223
125 222
126 224
127 213
143 225
126 236
126 233
130 236
130 225
134 223
128 223
135 229
125 220
131 232
125 218
133 216
125 238
143 217
130 217
130 217
135 214
134 213
138 230
137 239
130 234
127 232
126 214
144 225
140 213
130 228
132 240
138 237
143 220
130 213
131 222
125 217
140 221
131 221
125 212
125 210
139 227
134 240
138 240
140 213
134 228
144 220
133 225
125 220
125 219
128 219
139 232
144 213
135 232
139 210
145 230
136 227
143 230
129 235
127 238
139 229
141 227
128 240
125 214
128 232
132 229
127 210
131 225
132 220
128 224
126 237
139 218
137 215
132 238
142 224
137 236
142 217
145 240
132 219
145 223
141 222
139 210
127 222
142 222
139 228
134 210
126 233
128 235
134 214
130 235
139 223
135 227
129 238
131 234
129 227
144 216
132 217
141 218
135 228
142 217
137 219
141 227
128 223
127 239
128 212
139 211
128 219
130 213
136 212
139 221
137 212
138 225
127 233
129 233
145 219
137 224
127 214
125 228
125 222
141 210
134 216
125 238
135 230
141 228
138 236
137 219
143 225
126 213
133 225
133 223
129 234
140 219
128 236
136 222
139 219
129 228
138 220
137 237
132 223
143 227
138 219
129 214
134 228
133 239
134 240
125 235
139 216
142 226
131 239
141 215
137 215
126 231
127 215
127 222
141 237
134 235
132 233
143 238
140 211
134 223
145 214
140 231
126 217
130 218
143 211
133 218
143 213
133 228
143 219
132 234
133 237
143 220
130 226
131 240
142 211
126 225
126 226
129 222
131 219
136 232
130 210
131 220
126 235
144 219
127 238
134 217
145 229
159 246
160 258
142 253
158 254
147 261
158 240
140 258
154 258
140 255
143 245
160 257
160 263
140 238
141 264
146 250
152 259
141 255
147 239
143 239
143 243
140 261
158 237
159 261
149 264
148 250
143 248
154 243
143 237
140 265
140 254
160 253
150 241
142 260
140 247
159 236
152 261
159 238
157 247
160 255
153 244
155 248
153 241
155 263
141 264
156 241
159 244
152 263
155 264
142 258
154 253
153 264
159 253
153 243
145 259
158 240
158 261
150 257
158 240
141 242
160 250
156 252
150 240
143 239
156 236
156 245
145 253
153 265
157 239
154 237
154 264
157 265
159 257
157 258
152 242
150 263
150 245
145 247
149 261
140 252
151 244
152 248
160 265
155 236
146 248
157 235
155 242
146 237
159 253
144 258
156 259
155 249
158 235
143 252
144 243
147 254
158 262
149 249
141 245
151 263
148 250
142 237
158 260
152 255
144 263
141 237
148 263
141 258
154 243
148 255
146 244
152 236
152 242
160 265
142 261
157 239
156 256
150 265
143 241
146 259
158 262
143 258
141 245
149 255
149 254
149 235
150 250
157 236
158 247
153 238
142 257
146 249
145 246
147 262
158 235
154 254
157 249
157 255
160 256
148 245
159 252
160 240
152 245
148 255
148 238
147 262
146 235
143 241
147 259
158 261
141 254
153 257
144 257
151 262
152 253
148 254
152 250
157 237
141 265
153 251
159 248
155 261
149 257
154 257
148 235
156 243
159 262
142 255
156 241
144 261
149 254
158 260
160 242
143 262
152 249
145 239
152 259
155 244
158 263
154 265
158 246
148 250
155 237
157 259
142 252
158 265
151 236
150 242
144 251
149 247
145 249
146 261
152 249
155 258
145 264
150 242
153 260
155 251
147 256
156 237
150 262
