2000 82658
24 17
21 24
5 11
12 22
23 10
15 18
10 26
21 14
6 35
17 32
12 25
16 13
19 21
15 35
15 15
20 21
6 28
10 24
16 21
23 18
11 22
12 16
8 35
19 17
8 35
16 26
15 39
16 29
14 35
16 13
20 40
12 18
21 17
19 16
5 24
18 10
25 38
18 29
23 23
10 16
16 34
12 22
20 22
8 39
21 19
5 14
22 25
7 36
22 12
22 18
12 21
5 19
9 23
10 38
5 35
23 39
6 34
14 15
25 18
20 20
6 11
6 35
6 35
13 16
23 29
16 19
16 31
12 15
6 27
19 35
25 11
13 35
19 12
17 39
11 39
11 35
6 27
7 24
12 17
22 14
17 12
10 33
21 10
20 34
6 38
21 32
19 18
22 33
23 21
23 28
19 34
9 19
13 39
19 27
20 21
21 36
19 11
10 13
17 22
8 24
9 20
14 17
23 29
7 38
16 24
19 16
25 33
23 25
7 15
22 32
24 30
24 36
17 13
25 30
6 32
17 34
25 16
24 28
6 34
13 30
21 37
19 23
23 17
22 16
25 36
17 35
9 23
14 15
17 24
22 40
14 36
19 13
9 29
7 34
15 13
22 28
15 17
23 25
25 36
10 33
10 23
21 14
11 10
8 19
13 10
14 26
9 38
9 38
18 17
17 35
17 12
9 16
22 20
13 28
19 15
19 36
11 33
10 23
12 15
13 12
11 36
15 10
20 12
21 15
21 25
11 28
17 20
13 33
15 20
7 35
11 28
23 13
24 25
7 39
14 12
24 33
5 25
5 27
5 28
5 35
25 28
6 29
20 13
22 27
7 28
8 37
16 37
25 22
5 19
16 36
13 17
25 17
21 20
6 18
19 22
12 11
13 21
6 34
21 37
9 34
35 52
23 53
23 50
30 56
21 40
29 38
28 37
36 36
28 35
37 43
37 42
30 45
30 60
23 35
27 47
39 38
31 44
23 45
23 51
37 50
32 47
30 35
34 63
20 60
38 39
38 43
38 43
36 63
37 54
28 55
22 52
23 65
27 45
26 52
38 40
30 49
25 53
26 63
39 46
36 44
20 55
27 59
39 37
40 62
37 49
37 57
31 40
31 57
24 59
23 43
35 43
28 46
27 36
35 42
40 61
39 60
21 35
33 44
25 40
33 56
38 53
37 51
27 62
22 37
40 49
28 49
34 63
32 48
27 65
24 41
35 36
21 44
25 52
33 65
23 55
28 43
34 35
25 59
28 65
26 50
30 37
40 37
28 58
21 60
31 36
38 50
26 65
39 35
31 43
40 40
36 55
31 64
30 40
25 49
38 49
22 50
21 59
28 48
26 64
21 39
34 39
20 63
36 44
31 51
29 63
37 43
36 38
29 36
37 61
39 44
21 45
40 60
39 40
29 51
34 43
20 64
25 39
26 48
38 57
22 59
24 51
26 36
40 40
21 59
25 49
29 44
20 55
24 59
32 39
20 61
37 60
30 56
39 51
40 43
30 64
39 59
39 36
31 36
36 59
33 38
30 58
20 63
25 46
25 40
33 63
20 59
23 56
29 52
25 49
37 46
31 57
24 59
38 60
25 59
25 52
30 56
37 42
20 51
33 44
36 65
29 52
34 60
24 37
33 44
31 36
38 61
21 55
27 45
35 47
29 63
26 65
30 37
29 40
20 56
34 41
26 50
30 43
32 62
40 51
40 60
33 57
26 40
39 42
29 58
21 53
28 50
37 42
27 57
25 38
23 56
21 65
39 35
24 47
23 51
32 65
29 47
37 61
34 64
28 35
23 54
35 70
49 63
41 78
52 84
39 63
42 89
40 77
50 68
46 84
44 82
53 61
39 70
46 76
42 89
54 90
40 62
55 78
47 81
50 87
49 85
41 86
36 61
55 79
51 66
45 61
45 61
54 87
55 86
44 76
40 85
49 66
40 80
39 88
50 88
38 82
48 81
41 72
51 87
40 89
48 69
47 86
35 60
49 78
53 60
39 76
44 76
46 77
44 74
43 72
44 64
45 89
53 77
48 74
53 66
35 72
46 72
46 83
35 86
43 64
40 72
55 74
43 67
40 88
36 73
52 90
37 70
44 68
53 63
44 66
53 64
38 80
36 83
52 85
51 80
51 68
50 74
46 84
38 83
49 70
43 87
46 76
49 61
41 90
53 76
41 71
39 82
35 64
35 70
38 89
52 86
51 86
47 86
46 88
35 67
48 79
48 73
50 66
36 87
53 78
49 69
46 62
44 85
55 71
36 61
39 90
55 73
42 63
38 71
36 85
54 65
41 79
51 74
52 90
53 89
48 83
48 71
42 63
43 88
46 65
40 79
41 82
47 88
46 68
42 83
49 85
37 71
51 73
54 66
45 64
36 85
39 67
36 78
48 68
50 81
51 69
50 75
37 69
46 86
54 79
36 75
36 73
44 83
54 79
39 63
54 89
41 78
52 60
46 71
49 78
44 77
39 69
43 86
44 70
53 62
51 66
50 67
55 70
47 70
42 86
36 82
54 66
39 85
47 72
37 70
53 63
47 85
48 84
39 86
52 69
39 88
51 74
44 90
54 62
43 82
48 80
43 76
49 79
37 88
42 73
45 87
48 61
40 83
55 68
38 85
44 76
41 87
39 84
51 80
46 65
40 80
46 81
46 77
41 75
45 67
50 80
49 67
55 82
44 73
39 78
45 72
69 111
63 114
58 89
53 98
60 111
69 86
51 91
52 108
68 85
65 97
60 115
66 95
51 102
53 103
65 111
64 90
57 88
64 95
61 104
60 99
54 107
69 85
62 114
61 100
63 104
68 103
60 99
57 93
66 103
64 88
69 104
51 87
57 96
67 111
61 86
66 96
61 105
69 102
63 87
61 99
61 109
53 92
70 112
57 90
66 89
50 110
53 100
64 96
62 91
56 106
64 99
64 112
64 96
56 103
68 95
59 87
54 87
55 94
68 106
66 93
59 106
53 101
64 112
70 113
54 85
54 90
55 103
69 99
56 95
53 95
50 86
58 109
50 105
56 114
52 98
59 87
65 92
68 91
54 97
60 88
69 105
50 108
56 91
69 87
53 91
62 89
61 110
54 91
59 112
57 107
61 94
69 95
54 93
59 103
61 103
61 115
58 111
60 93
58 114
52 100
57 109
60 94
61 100
54 114
55 103
61 103
54 95
67 93
53 96
63 92
69 98
50 86
63 111
67 91
67 104
57 109
62 95
69 113
62 99
52 88
63 99
58 109
67 101
52 95
55 111
61 109
66 104
58 99
70 85
55 89
50 96
68 114
57 112
63 98
69 103
61 94
52 89
57 107
50 87
67 100
51 98
56 88
67 112
50 97
67 92
60 99
66 96
57 90
50 88
70 103
58 85
58 104
57 111
58 108
51 90
59 108
58 96
65 103
55 97
67 88
69 99
66 87
59 109
64 87
68 107
57 101
51 95
65 111
56 95
63 85
54 105
53 86
65 101
64 91
61 103
69 97
63 106
69 110
63 104
59 94
51 95
63 86
57 110
58 109
57 97
67 100
50 98
70 85
66 89
61 109
51 95
61 106
69 102
65 97
67 93
68 99
66 96
66 93
65 96
64 88
67 135
74 131
70 112
77 114
85 132
67 136
72 110
77 138
83 139
79 131
69 137
71 133
85 128
65 117
68 110
77 126
85 137
67 139
70 134
66 114
78 139
65 122
76 123
67 122
77 125
85 124
71 114
80 122
70 112
81 127
72 138
77 134
69 117
74 131
71 133
74 120
76 132
80 127
80 138
71 122
76 139
66 127
74 138
82 129
73 124
65 139
81 116
85 113
67 122
70 118
82 127
68 133
85 117
70 121
75 114
85 123
80 122
79 110
77 135
78 114
84 133
78 128
65 132
75 117
85 123
72 116
73 110
83 115
68 114
83 119
79 114
77 120
80 126
74 133
77 137
69 125
76 137
67 125
73 130
77 129
70 114
83 140
71 130
82 121
83 127
85 110
76 116
82 115
79 128
73 140
66 130
81 111
71 126
66 111
74 115
82 116
76 121
70 121
73 116
66 134
79 117
80 121
75 112
70 112
76 120
72 111
65 127
68 123
83 125
79 113
80 110
82 137
66 121
81 121
66 135
79 116
81 137
80 121
81 140
70 128
74 126
81 117
77 127
75 110
85 110
76 130
78 119
81 121
73 132
67 112
71 134
67 125
65 132
67 128
78 117
83 139
82 130
73 131
74 131
80 118
66 131
65 131
77 123
70 125
67 129
71 127
85 130
72 111
66 134
76 139
80 130
81 130
84 140
83 125
85 138
79 119
82 128
78 121
68 138
70 110
68 120
77 138
81 123
83 118
69 125
75 111
77 111
74 121
70 139
78 127
82 125
70 117
81 133
80 137
78 121
65 114
74 119
77 128
71 138
65 135
78 140
71 122
77 124
75 140
84 127
66 114
72 120
67 110
85 136
83 131
80 130
67 134
72 133
70 129
66 112
65 139
77 116
82 110
82 113
84 140
88 149
86 152
82 146
96 160
82 145
89 143
91 140
99 164
85 144
90 151
87 163
100 147
92 157
98 158
80 147
99 145
93 159
81 150
90 145
93 141
90 157
88 153
91 149
98 158
88 135
80 138
91 153
89 164
94 160
88 164
80 143
99 163
89 137
86 165
96 155
88 135
97 153
83 140
80 136
80 158
81 135
80 160
97 141
92 159
94 142
80 138
83 163
85 148
96 145
87 144
85 153
93 142
90 160
84 139
92 141
95 158
84 154
82 157
82 140
89 158
91 139
87 161
85 158
83 162
80 155
89 135
83 146
83 143
96 153
98 161
91 141
99 161
84 138
91 151
95 164
100 154
86 135
97 163
97 157
89 157
87 161
100 148
97 162
100 140
86 136
96 138
86 154
89 164
94 147
95 161
98 154
90 144
100 161
91 142
81 164
89 160
93 153
98 161
87 161
99 160
90 136
88 135
87 158
86 140
93 146
84 148
94 148
91 149
97 161
86 159
96 151
85 148
81 156
95 147
95 142
100 146
86 136
99 157
100 143
89 162
83 162
98 149
85 162
87 151
85 150
97 147
87 158
85 165
81 165
95 164
92 152
99 143
95 151
86 142
99 161
82 144
87 145
95 165
85 152
89 162
94 155
86 163
86 164
86 160
89 139
80 165
88 162
96 139
91 141
95 139
96 148
88 157
93 138
90 161
82 136
82 152
81 161
96 135
100 142
92 155
99 146
87 135
87 160
89 153
82 149
83 164
97 137
95 154
90 141
82 157
80 137
86 159
93 154
86 155
100 147
97 142
86 161
83 165
83 142
86 150
92 142
100 152
97 165
93 146
97 150
95 144
100 143
95 148
100 158
80 158
97 143
96 162
96 137
91 153
86 145
80 162
82 149
81 160
90 149
81 153
102 166
112 174
109 186
110 169
107 188
106 182
101 187
99 165
97 169
115 163
102 183
99 164
109 171
100 177
111 161
98 183
114 187
99 178
106 161
98 169
104 184
99 188
113 174
110 172
95 183
101 169
103 174
108 177
104 171
114 178
95 163
97 177
114 173
103 180
95 188
102 166
98 183
115 165
110 164
112 187
99 160
114 168
101 177
104 165
102 184
113 167
101 190
98 185
100 184
107 182
95 167
105 166
101 160
96 164
96 188
109 190
114 162
109 170
96 160
113 174
101 164
108 179
109 168
109 171
99 183
115 179
95 190
100 186
113 163
101 162
96 186
96 187
103 166
95 172
107 178
108 187
106 172
102 181
114 186
95 179
98 161
96 174
101 188
102 189
103 166
115 190
103 190
100 184
106 189
95 170
96 189
115 164
111 179
110 188
97 185
108 188
106 180
102 185
112 176
110 176
99 179
107 178
105 169
99 184
114 177
97 182
111 165
101 182
98 180
98 165
106 161
103 166
103 168
110 165
100 182
101 172
96 162
95 187
107 168
103 176
100 179
99 166
102 160
108 173
103 174
106 190
105 177
114 161
106 165
113 174
113 183
98 163
113 181
101 161
99 178
111 182
97 182
105 185
100 183
111 167
112 184
104 179
98 168
115 160
111 182
103 168
111 164
103 165
106 169
95 183
101 182
96 189
104 170
108 160
103 160
99 167
110 170
101 160
114 171
103 190
113 172
99 175
99 174
102 169
99 184
100 177
115 174
111 187
108 167
97 182
112 160
98 160
113 181
99 187
108 188
102 162
100 160
96 184
97 164
114 165
107 162
109 172
104 164
110 167
111 161
96 178
115 186
114 172
107 174
106 177
106 161
107 179
101 164
115 174
113 171
106 164
97 167
109 187
107 181
103 179
113 213
127 209
120 203
130 191
124 197
113 197
114 192
126 198
114 196
125 203
122 197
115 187
119 189
110 211
118 213
114 201
125 202
122 201
124 199
113 190
127 195
117 192
130 202
117 212
126 200
130 200
115 187
129 198
114 196
119 214
114 205
129 186
123 205
111 194
129 190
117 211
119 214
124 214
125 204
118 194
110 192
126 212
120 192
124 196
121 200
111 208
125 207
122 193
120 192
118 198
127 213
112 206
119 189
120 195
125 198
121 209
112 194
126 211
129 213
112 186
121 201
113 199
112 201
119 199
117 191
127 214
119 185
114 213
123 193
127 212
117 208
128 194
122 192
110 199
110 193
129 200
114 194
121 212
126 205
125 198
122 190
111 212
118 213
127 192
128 215
113 208
129 206
122 205
119 186
129 185
121 202
127 186
128 198
128 199
114 194
121 207
110 188
124 201
125 195
116 185
130 209
123 211
115 206
116 195
123 200
130 214
129 209
124 206
129 213
114 187
110 212
124 200
114 195
117 211
124 207
117 211
129 203
117 213
111 189
123 210
124 200
123 201
114 206
113 196
124 195
111 206
130 190
124 188
110 188
129 188
118 209
111 191
110 203
117 198
128 193
122 192
119 185
130 213
117 215
124 190
118 204
124 199
117 214
117 190
113 198
127 208
116 187
127 200
114 215
115 194
129 188
120 209
128 194
127 206
120 212
115 200
112 204
112 189
113 197
123 200
122 198
127 214
117 186
111 187
122 194
120 188
130 210
123 199
115 199
111 194
127 214
120 206
113 203
114 187
130 185
121 206
116 205
115 213
126 185
130 204
119 193
123 205
114 200
113 187
121 191
130 194
117 185
112 208
130 206
124 200
113 193
117 188
120 208
128 200
125 213
121 187
111 207
120 190
118 209
121 189
139 227
129 214
143 217
133 212
136 228
138 229
130 228
125 229
133 230
144 214
135 213
130 230
139 237
138 239
130 213
141 227
136 220
141 211
128 222
127 222
126 226
129 231
136 231
145 225
144 219
125 234
132 233
141 214
140 219
141 214
134 240
140 236
133 219
129 234
134 239
125 229
143 214
140 227
132 225
129 210
137 228
134 214
130 217
139 238
137 215
143 236
142 231
142 221
143 227
136 231
127 218
141 238
137 224
130 213
129 223
126 232
134 236
133 221
138 210
138 229
134 215
128 218
144 211
131 234
143 234
144 240
129 229
143 220
127 219
138 210
133 223
143 231
126 221
135 220
130 213
142 226
133 217
138 212
143 221
144 233
139 216
139 212
134 226
139 237
137 232
140 223
143 222
141 222
138 210
135 212
130 227
130 219
130 218
139 240
142 214
139 230
129 221
131 213
140 212
145 228
127 232
129 236
126 240
141 235
127 238
135 210
136 221
142 213
137 228
139 215
145 233
140 211
134 226
140 237
141 212
135 220
131 221
139 234
137 221
145 218
137 221
145 228
126 223
139 218
128 229
142 230
136 218
126 221
134 232
126 220
131 230
143 225
126 231
142 220
142 231
129 215
127 233
133 231
140 219
137 213
130 221
141 217
143 222
137 219
134 236
132 234
125 214
129 222
137 223
135 235
139 218
138 210
139 231
140 214
144 229
127 239
137 239
142 223
137 234
137 219
125 219
141 240
145 219
125 217
144 211
140 231
125 211
130 220
131 219
126 233
126 229
132 234
143 236
125 233
135 237
133 213
132 215
134 228
125 221
138 212
140 236
134 232
138 222
133 228
137 221
127 227
131 239
130 223
135 222
134 219
139 217
133 223
143 221
125 233
126 233
143 212
143 225
133 221
144 231
131 224
140 239
140 262
153 239
148 260
146 250
160 258
152 248
154 235
140 236
148 249
144 250
154 241
147 242
148 258
155 247
153 260
159 237
160 252
156 264
153 255
142 247
156 236
155 249
144 252
141 257
153 238
153 252
143 236
148 258
143 255
142 261
156 251
146 237
152 236
160 246
158 243
150 264
155 249
160 243
156 259
144 236
142 236
153 239
152 246
153 260
140 264
147 244
156 251
148 250
149 243
146 239
146 250
157 258
159 248
155 263
153 261
140 236
151 250
157 264
151 235
156 256
140 246
143 247
153 244
159 246
156 254
146 237
159 251
160 264
155 258
147 236
148 258
159 247
159 241
159 265
140 236
158 237
154 254
154 241
150 241
145 247
153 235
144 261
152 241
143 246
151 253
152 247
155 248
153 250
141 239
159 259
142 236
158 248
155 242
158 249
158 240
146 240
152 243
159 254
148 255
149 242
150 245
154 248
148 248
156 244
156 243
147 253
148 262
151 260
150 252
142 249
149 237
157 260
153 252
141 255
154 245
155 243
145 251
146 245
155 250
159 247
154 254
146 265
145 264
160 250
141 236
160 241
146 250
144 244
148 244
155 239
151 260
142 240
156 235
145 241
146 235
156 242
146 251
157 237
153 265
142 262
155 251
158 235
156 264
155 235
144 240
140 259
157 249
147 240
146 247
158 263
156 262
149 265
149 245
150 259
159 253
151 241
152 253
152 235
147 247
146 256
154 235
141 248
146 246
158 259
160 260
142 237
144 257
153 235
155 235
150 242
153 244
144 251
146 253
148 243
141 247
141 247
158 243
143 257
149 244
152 242
154 238
141 259
142 242
146 260
157 250
146 258
156 248
149 251
144 258
152 261
147 253
159 250
151 236
144 246
160 255
146 247
147 259
148 251
141 264
