2000 48128
26 31
20 34
34 44
40 58
98 3
81 18
62 49
66 34
31 62
75 2
72 73
37 91
6 39
12 29
76 96
57 62
51 82
72 75
33 83
74 19
85 56
95 26
59 86
27 27
42 58
98 34
95 85
20 61
66 14
3 30
95 75
91 97
22 16
28 70
82 6
20 18
9 87
95 6
37 52
91 100
12 921
17 1031
80 43
27 45
23 57
55 38
83 59
17 1461
26 64
67 41
98 8
62 19
62 18
57 94
88 45
55 75
6 79
34 81
75 87
24 44
37 63
69 13
66 40
10 78
49 83
100 97
81 47
9 21
94 2
69 50
12 1496
15 9
28 26
30 15
41 5
50 82
84 4
76 63
75 71
62 68
42 56
24 78
23 38
55 73
32 71
63 35
10 100
38 1
48 15
84 86
13 45
84 29
52 99
30 84
46 6
100 33
29 81
26 53
60 5
23 34
95 2
13 1612
89 42
74 79
40 91
30 47
24 12
24 47
57 61
50 82
37 66
50 16
73 60
11 3
5 89
5 82
25 37
14 40
94 83
73 4
97 25
6 27
8 32
100 75
35 62
10 1837
52 59
16 94
31 42
11 64
90 28
3 1878
21 40
78 69
50 26
61 83
7 67
73 37
36 81
15 28
22 19
24 46
65 95
47 30
34 48
69 35
12 1727
59 37
34 74
44 45
83 40
30 99
1 71
90 71
81 25
87 85
43 60
32 84
54 78
25 53
95 99
43 57
9 768
67 90
21 78
98 73
27 24
79 96
23 61
14 4
94 23
96 79
37 1
58 70
42 60
71 1
78 4
44 23
81 37
11 78
39 67
63 28
92 28
91 90
4 98
72 52
30 26
98 10
56 87
83 55
22 62
2 37
26 12
22 61
68 27
46 89
72 33
95 2
24 84
94 94
8 6
17 59
41 24
45 58
26 28
35 36
67 58
3 31
78 58
99 94
65 60
69 76
13 21
56 87
59 17
16 71
80 91
88 42
14 32
87 77
71 97
35 93
88 14
96 8
16 526
55 92
20 731
80 38
49 93
16 83
73 83
9 50
85 93
65 7
5 8
10 72
99 94
23 65
65 3
29 51
73 11
81 14
97 26
85 83
37 1
55 95
52 5
68 91
95 36
17 36
54 19
17 84
4 81
41 84
64 43
12 86
95 75
56 90
6 815
96 20
23 25
15 58
56 69
7 17
79 16
60 76
69 89
78 9
34 93
85 43
6 59
6 3
65 56
54 36
42 37
53 8
60 82
1 1603
20 98
54 18
62 29
25 17
22 1
65 9
65 100
85 44
76 94
6 1744
92 85
18 69
7 46
15 9
32 26
14 66
73 78
10 93
25 94
41 18
39 1
58 86
25 60
96 11
63 40
90 67
49 98
56 76
42 75
9 80
48 17
14 72
14 49
61 98
38 40
36 49
25 6
55 92
72 44
52 52
66 18
64 81
69 20
24 15
30 41
52 97
37 80
2 18
62 89
61 73
43 35
52 41
70 58
67 46
48 51
32 97
5 997
96 100
39 25
2 39
56 79
38 93
15 62
70 27
99 90
4 2
5 28
23 96
58 93
7 1706
27 99
23 62
91 3
47 70
98 76
20 44
99 66
34 55
22 13
12 6
46 28
16 100
63 46
15 37
82 97
10 48
98 86
42 61
17 1924
36 10
43 51
13 78
74 54
9 13
82 4
24 44
12 66
38 83
98 91
70 58
14 6
24 89
44 71
15 927
71 58
42 46
76 3
69 75
27 52
49 68
32 32
25 31
64 19
94 29
91 68
97 15
56 76
89 53
90 76
13 74
76 14
32 26
25 51
1 19
40 90
59 7
24 62
52 55
96 41
22 4
73 64
61 46
45 44
16 34
17 6
67 53
9 31
44 60
87 79
88 83
20 1880
18 10
64 13
7 97
64 38
54 32
55 12
19 65
42 84
45 39
31 91
70 49
28 16
7 93
70 68
68 58
65 99
94 81
71 12
13 92
15 37
43 76
73 37
11 80
10 61
89 94
30 85
71 44
84 6
10 1426
58 26
27 84
86 25
21 90
85 33
49 14
74 22
92 44
67 31
68 57
36 34
49 21
37 58
15 1
55 65
58 25
82 58
72 16
51 57
52 70
84 7
17 93
46 97
56 95
80 25
8 9
97 89
61 61
78 52
32 46
76 75
87 29
59 29
61 51
7 19
95 61
61 17
32 92
86 56
27 47
51 48
73 41
27 19
39 5
88 42
82 83
49 81
21 51
17 1800
51 90
25 72
88 56
20 34
8 1230
95 51
99 58
77 29
91 39
59 70
6 32
75 84
86 97
92 61
33 64
99 47
50 31
79 77
59 63
34 22
65 84
38 9
36 21
14 1740
11 1744
75 26
76 18
97 14
23 58
97 68
1 63
73 47
21 40
10 931
44 81
42 11
35 69
42 90
71 39
77 7
52 12
76 23
51 42
90 8
68 83
35 57
88 54
69 13
14 33
98 69
2 86
30 17
87 29
38 6
18 93
51 8
64 83
46 10
99 21
38 41
94 29
100 83
62 39
66 20
91 1
6 71
7 31
25 21
99 13
77 21
54 27
51 24
5 43
4 20
40 83
24 77
91 77
79 36
16 1425
56 61
28 4
94 26
85 77
15 33
83 32
54 21
65 92
46 66
51 30
15 64
83 58
44 59
66 98
44 97
61 78
57 99
49 19
68 8
33 19
48 31
96 81
86 98
50 6
14 1998
42 69
41 88
12 865
32 97
71 76
67 40
87 58
98 31
12 66
23 86
12 15
94 49
28 7
28 58
39 66
79 36
43 21
21 24
74 46
8 19
16 20
35 76
64 69
17 90
54 35
49 39
64 73
1 15
34 88
65 78
53 38
75 57
5 18
27 89
58 53
75 45
93 28
44 62
72 27
4 45
18 48
84 42
97 45
46 54
63 51
87 11
76 41
5 72
7 34
1 39
13 90
75 5
35 14
28 10
91 94
40 48
13 736
6 66
17 1958
19 1121
70 96
93 100
36 44
74 65
19 88
94 96
100 9
12 67
89 58
23 35
67 64
7 5
58 28
11 1010
4 10
21 79
2 70
31 2
25 2
61 3
31 40
89 43
35 59
4 1005
69 52
77 53
5 53
44 51
82 70
45 15
5 86
51 17
89 66
93 29
76 81
8 5
38 77
27 41
71 71
78 34
49 28
89 34
36 90
7 7
4 94
10 1927
27 37
12 1849
69 4
3 38
18 18
100 96
92 80
4 76
17 48
60 83
80 80
73 100
55 34
13 50
70 66
12 71
63 18
58 31
56 52
90 99
65 35
93 28
16 39
87 58
70 13
64 18
76 43
6 54
22 25
79 88
96 56
100 61
36 51
15 1669
3 99
5 1469
16 54
46 30
60 43
84 54
57 65
91 75
56 5
11 98
3 24
25 71
74 20
17 41
35 53
29 71
6 91
51 40
73 50
73 82
38 49
7 515
89 99
65 91
100 19
10 23
43 31
95 74
10 84
9 1613
11 85
64 34
87 100
78 90
61 15
47 94
61 95
17 79
37 68
69 100
79 28
92 43
45 22
53 48
18 1469
79 26
81 70
66 26
30 65
6 20
38 7
19 65
48 85
26 58
83 8
99 4
36 80
77 38
93 77
97 15
59 18
11 520
15 1614
46 69
33 3
72 15
6 531
46 97
88 93
80 82
14 48
66 21
23 24
58 69
70 20
31 59
37 47
3 89
96 37
18 63
8 60
33 95
88 28
55 45
11 52
70 35
5 48
46 32
98 72
97 76
94 98
57 41
4 41
5 98
2 9
89 43
76 12
45 22
34 91
15 56
76 3
47 39
32 28
51 79
56 59
2 47
81 89
92 5
4 88
28 25
61 20
11 47
12 20
48 47
17 43
22 23
69 81
21 42
67 54
67 4
69 70
12 4
23 44
73 10
16 1
76 4
13 4
43 64
20 77
46 94
57 71
47 80
44 84
89 99
97 10
99 95
90 97
29 98
43 51
45 36
56 75
3 70
55 83
68 46
51 16
23 77
89 68
71 96
95 71
8 74
37 51
63 40
19 77
59 94
20 1409
87 29
34 49
99 4
29 44
5 26
96 49
38 14
4 5
39 33
78 64
52 66
90 27
67 13
81 15
32 77
63 48
88 89
34 47
69 82
55 86
36 14
91 59
96 54
14 1484
85 29
55 79
43 12
99 20
73 55
54 6
38 20
11 35
39 54
36 23
92 30
44 31
84 71
29 95
47 87
22 55
6 11
50 52
63 33
24 23
30 67
94 62
86 22
18 7
28 60
54 4
24 93
15 73
96 14
71 98
21 34
32 94
25 76
16 46
8 984
50 82
21 3
67 84
60 68
59 8
55 6
51 97
2 39
38 28
31 43
100 25
11 83
36 53
50 29
74 67
59 75
31 47
67 28
96 97
100 53
46 87
1 52
76 97
61 60
96 65
46 46
33 45
27 58
71 73
100 42
9 22
72 6
20 96
75 5
31 73
31 4
81 62
34 21
32 94
5 585
64 64
84 70
81 23
52 16
85 98
54 42
62 43
15 96
72 69
58 91
67 49
18 56
10 42
42 97
30 67
17 815
87 95
14 11
84 15
9 67
14 53
92 88
80 73
85 48
19 92
63 97
15 3
99 53
96 18
99 48
69 93
11 33
82 18
49 68
62 48
18 67
2 9
24 42
32 63
18 1625
33 32
50 63
94 84
42 73
4 517
23 2
99 30
78 5
89 13
83 44
38 72
2 17
26 31
18 96
38 16
44 74
32 92
53 71
95 78
79 61
3 18
63 23
89 93
36 87
11 42
3 93
53 6
64 50
78 34
36 20
88 78
10 66
86 34
82 14
3 90
76 44
56 15
2 20
5 1
44 79
10 675
1 1290
97 47
61 98
12 19
35 15
57 23
43 10
39 85
51 1
73 71
41 54
65 23
61 63
28 93
75 16
15 55
80 98
90 65
92 41
15 69
29 94
53 58
100 2
62 59
56 47
28 45
18 26
57 18
32 45
13 4
92 33
26 68
62 3
4 82
89 86
48 17
12 4
31 48
38 53
14 56
55 18
30 6
13 795
68 32
57 50
4 45
82 39
36 47
93 9
26 31
2 67
22 55
78 88
54 68
35 13
33 34
81 65
52 38
89 52
64 9
17 94
32 36
90 29
78 96
88 17
30 66
77 64
99 20
13 13
14 16
13 76
67 82
43 73
90 5
34 66
99 23
94 50
16 56
86 21
38 10
41 86
87 88
11 16
70 73
40 55
46 29
3 58
8 1444
20 814
43 9
36 32
17 11
75 96
77 60
46 58
62 12
6 77
22 21
60 84
18 90
35 36
24 11
85 23
29 61
14 67
70 40
79 83
59 68
37 95
64 55
96 30
29 32
51 94
59 45
99 4
42 1
4 73
1 14
14 71
4 43
43 74
49 2
21 53
69 70
77 13
66 63
82 33
82 90
88 83
94 16
52 31
74 71
17 78
88 53
7 1290
82 45
57 45
81 65
40 12
94 39
97 71
88 41
22 71
47 65
46 38
72 26
88 65
1 10
72 91
53 35
4 4
67 65
1 89
24 9
87 34
29 1
42 71
69 18
63 90
29 53
14 34
2 709
8 1502
5 841
1 25
8 57
12 7
9 69
41 73
3 71
54 7
37 44
90 63
28 29
35 60
1 1543
99 7
74 24
35 62
23 97
27 10
91 65
89 13
79 98
66 25
75 98
8 99
7 95
95 16
70 40
87 100
8 1
83 60
41 74
90 63
35 84
48 31
1 22
95 52
88 55
55 44
19 816
76 98
45 6
76 91
10 9
79 58
26 49
84 32
66 71
48 97
10 94
8 87
36 10
88 91
73 12
63 7
95 41
80 6
57 22
64 81
4 1450
17 74
98 92
58 31
6 37
84 75
58 13
58 58
79 78
97 67
12 1
79 87
73 17
56 58
6 29
82 25
87 67
31 77
65 9
4 89
79 74
74 2
11 76
66 83
62 44
83 39
28 41
8 37
14 96
37 15
24 69
32 1
53 88
21 60
41 83
58 76
57 86
98 95
15 33
35 63
95 13
26 85
13 1
19 29
34 95
18 30
100 6
20 61
100 58
65 66
23 50
78 31
90 67
5 1275
44 65
3 62
19 15
23 58
11 50
33 10
59 72
34 18
16 62
11 11
6 29
8 44
20 87
62 66
58 90
34 71
48 28
4 3
12 56
12 81
22 83
45 2
81 62
21 88
16 62
81 19
37 53
90 63
58 2
27 71
74 91
53 18
29 85
92 5
28 75
91 86
76 67
86 46
24 56
3 1391
49 9
82 84
51 24
68 95
43 50
8 65
54 65
91 29
11 67
17 72
54 61
32 2
61 73
35 22
4 41
28 87
15 93
41 46
17 49
24 46
67 16
90 40
29 63
47 52
15 1737
56 90
38 38
12 1059
93 87
13 45
99 42
93 95
94 28
1 17
61 89
89 29
8 81
66 6
31 10
18 48
82 77
84 70
1 49
94 50
18 44
5 41
21 36
32 88
12 1453
37 36
8 33
63 2
26 27
36 47
9 5
58 75
91 36
98 94
66 88
35 23
11 38
17 29
28 17
4 18
17 45
40 58
44 98
25 26
5 63
74 7
94 25
86 39
58 29
95 25
79 40
27 24
51 65
99 27
59 11
13 1138
87 15
18 95
9 4
64 93
53 41
17 8
73 67
95 29
15 54
39 55
29 51
77 43
7 35
56 19
18 1534
23 80
95 28
18 1896
99 57
51 90
49 16
45 81
36 81
6 96
91 5
66 72
33 19
41 69
16 99
43 81
87 71
2 65
60 75
95 74
17 57
64 68
63 34
90 24
58 96
29 39
13 537
38 98
5 81
34 64
46 68
37 41
8 95
92 96
17 549
12 950
43 37
9 868
3 31
30 17
70 13
93 87
96 41
2 83
85 8
11 39
96 64
71 78
65 55
7 90
17 4
81 11
2 1509
79 37
22 86
79 52
60 27
49 67
68 49
16 7
34 31
13 17
52 99
94 77
5 64
13 1591
52 28
47 100
27 17
54 10
28 69
12 1165
98 97
23 9
49 63
82 56
86 99
96 78
52 85
2 53
54 68
68 88
82 15
75 24
98 76
4 1
5 28
9 2
4 67
72 28
25 9
90 49
16 1000
28 7
35 26
41 59
95 7
86 5
87 59
73 23
91 14
1 1722
20 3
88 62
89 87
68 17
69 69
26 37
15 47
9 555
27 89
68 14
91 41
60 3
94 89
40 17
15 55
98 16
49 70
71 74
69 44
73 30
12 74
3 793
52 37
46 51
45 50
46 95
31 55
83 8
13 1373
73 21
49 38
3 1584
60 34
37 24
56 39
80 3
14 60
70 85
3 56
40 100
89 50
45 96
99 54
34 39
84 64
66 61
31 6
84 34
36 34
52 1
56 63
47 59
56 92
60 51
92 10
1 41
5 97
74 64
83 100
23 65
46 84
83 37
59 87
57 18
71 12
67 78
88 72
84 23
88 14
90 27
23 22
29 16
34 22
3 1846
15 1936
17 38
91 87
45 11
53 23
26 72
96 64
8 37
24 31
3 55
67 88
67 40
3 47
24 36
40 55
38 46
46 1
37 91
20 34
56 39
93 60
91 45
22 68
80 31
26 67
62 82
21 57
49 40
90 49
54 30
74 66
51 54
22 67
64 5
95 64
74 41
41 28
42 79
34 78
16 10
45 33
52 17
82 49
99 79
27 52
21 56
36 76
72 4
9 46
8 9
80 43
53 5
50 5
53 10
32 87
75 23
14 43
4 43
75 62
3 91
9 24
48 80
6 96
82 43
63 84
100 12
8 83
55 63
94 90
41 60
70 73
9 1812
44 76
51 73
36 53
71 80
11 1132
24 81
94 83
31 25
31 41
25 25
83 81
80 46
78 87
66 67
6 68
91 81
21 61
81 82
46 24
29 85
80 61
51 19
11 27
43 96
2 30
18 61
49 58
95 20
10 73
71 30
32 94
5 48
21 55
20 98
27 27
96 82
43 30
4 1204
78 7
25 71
97 86
13 87
56 68
74 24
30 6
61 87
17 5
51 66
41 68
14 28
79 50
21 80
64 98
89 28
15 75
65 28
58 41
63 85
60 47
67 13
85 66
43 92
24 12
6 20
62 89
50 39
53 2
56 71
22 52
30 60
80 41
19 37
94 98
35 60
44 13
24 3
96 46
60 17
74 69
36 66
73 96
52 70
8 45
19 1629
93 50
22 72
53 20
2 90
37 8
64 18
69 2
21 73
58 61
92 65
78 93
20 2
93 55
30 46
75 72
15 6
12 57
7 12
33 43
57 54
41 71
76 55
80 57
36 68
88 23
53 25
24 85
12 70
57 46
31 82
100 62
1 95
53 53
4 34
2 36
89 12
19 3
22 89
61 84
76 64
65 54
39 28
17 683
58 8
20 25
74 36
24 14
83 81
80 99
56 56
40 35
20 21
83 62
19 91
9 1875
70 36
24 67
31 25
34 5
80 12
13 6
33 66
32 59
65 10
88 51
85 94
5 21
6 54
59 83
14 1878
33 17
23 36
56 84
80 33
32 43
75 8
5 20
55 56
10 41
84 70
62 63
49 75
55 90
45 76
67 17
14 29
66 11
90 35
96 5
51 15
21 46
9 10
35 33
4 4
25 19
22 35
89 50
82 91
79 88
47 32
99 47
12 56
21 67
6 82
43 40
5 9
32 41
47 59
59 17
41 81
30 28
73 79
89 7
36 69
69 55
56 23
50 50
34 65
97 57
45 54
85 32
70 55
53 16
19 16
25 10
30 86
93 50
13 59
11 77
71 90
11 42
9 23
34 45
84 8
66 56
76 85
88 69
6 1078
22 95
98 85
38 77
3 75
70 63
26 83
39 43
38 69
3 1797
40 92
24 86
82 66
84 46
60 69
6 547
89 61
30 84
27 34
70 46
22 85
40 44
80 74
45 74
2 86
40 48
6 1523
7 1469
5 3
20 1890
24 13
1 99
27 53
22 97
38 27
82 27
91 12
7 610
20 70
81 32
17 1127
59 13
4 17
29 36
94 58
15 37
