3000 45550
61 60
7 8
35 45
29 78
41 64
14 96
21 11
42 75
32 11
88 79
49 77
35 97
98 26
100 54
12 20
17 49
16 81
54 26
68 59
37 46
80 47
19 71
27 33
58 62
57 47
66 10
96 36
35 27
79 56
27 75
35 67
91 15
86 34
22 63
19 93
26 97
35 11
39 55
68 23
67 73
79 33
68 100
1 69
76 58
19 53
64 88
45 59
35 86
69 65
12 17
71 31
48 64
83 40
49 15
5 77
39 86
14 24
1 12
25 64
45 80
79 38
11 82
35 46
64 71
32 45
6 38
90 20
19 55
96 92
9 94
37 27
74 24
76 93
89 47
2 34
47 98
4 86
46 92
81 83
72 3
9 60
3 13
19 66
91 99
52 80
75 94
29 37
17 3
27 5
53 100
61 34
6 95
16 82
48 80
69 17
47 26
53 69
10 36
17 32
100 13
18 30
5 10
74 88
46 74
93 56
75 21
92 71
96 93
72 64
24 5
67 95
80 76
26 70
37 12
71 74
29 49
12 5
51 10
46 3
38 62
56 62
6 37
43 56
71 43
53 68
64 72
17 20
57 88
73 60
86 51
57 100
43 89
90 12
82 88
40 14
35 19
8 60
83 85
30 11
79 76
6 89
49 58
58 51
83 10
37 21
80 76
12 58
48 78
31 38
57 61
38 39
86 99
14 49
32 94
56 93
67 16
47 17
24 12
75 3
20 76
61 14
31 55
14 16
51 25
12 42
53 30
85 43
19 53
87 66
66 5
49 28
92 6
66 62
59 30
74 16
3 35
38 6
37 73
2 12
20 43
93 85
91 50
57 93
7 33
23 95
64 85
25 48
69 11
88 96
99 3
40 39
100 9
82 9
53 6
50 85
45 50
57 35
86 79
16 54
95 52
4 83
64 34
86 58
69 97
22 63
12 73
23 31
12 68
48 97
77 42
83 62
93 82
67 43
40 54
51 14
89 37
3 38
75 14
10 99
42 33
25 68
49 89
42 93
6 76
54 95
43 77
51 77
62 29
81 55
66 30
9 33
84 90
81 15
94 90
4 86
55 78
57 14
79 68
18 45
57 10
55 61
100 59
1 43
21 3
91 12
51 9
62 39
94 50
25 22
71 89
87 34
1 89
71 78
28 27
7 16
76 72
23 55
9 92
90 52
3 62
26 73
98 84
38 51
6 88
91 25
93 88
60 65
100 38
71 7
29 61
8 100
25 67
29 19
8 42
46 69
19 31
58 50
7 59
64 32
34 23
29 47
51 65
34 63
99 76
30 91
40 78
75 99
52 98
100 21
64 51
6 59
25 46
61 86
43 61
31 33
3 63
36 100
42 49
54 100
58 6
71 61
61 51
83 24
51 32
68 45
80 92
69 14
77 46
86 2
33 45
10 69
66 48
35 9
44 31
64 76
64 52
35 61
90 74
68 1
35 33
5 76
73 59
59 78
65 14
68 71
41 62
20 76
55 70
35 62
73 27
12 27
5 23
86 78
46 50
7 54
5 74
25 93
27 19
82 19
62 94
11 63
91 87
27 93
45 23
34 70
43 68
61 26
69 82
32 94
28 26
3 14
37 69
100 36
61 44
53 82
19 58
54 5
72 9
73 79
88 67
97 36
37 5
44 41
34 65
82 6
50 46
38 38
7 50
76 64
19 8
68 95
87 26
10 47
95 88
83 100
43 16
89 7
43 78
63 49
20 100
70 55
65 62
8 21
22 43
78 57
61 54
92 100
83 62
84 63
65 31
70 80
32 50
1 87
13 20
65 66
82 93
14 65
3 55
40 94
89 28
21 62
8 89
27 5
30 8
54 28
10 56
25 75
42 86
4 33
87 23
13 38
26 40
4 37
21 58
47 82
33 93
33 63
38 33
15 6
16 25
54 63
36 85
48 26
6 50
48 4
64 91
40 94
13 20
66 97
79 87
1 47
87 59
38 27
80 3
68 18
91 54
41 59
44 45
84 40
44 43
83 67
49 77
69 82
38 55
69 86
67 15
70 100
53 48
57 48
36 5
68 73
10 62
71 90
67 50
16 11
70 45
31 93
55 4
82 65
48 89
85 43
34 63
86 99
23 69
65 66
54 69
13 23
5 76
49 13
49 14
49 70
31 31
97 90
69 4
68 86
17 75
36 18
89 85
69 74
92 17
24 89
88 98
53 79
46 30
55 48
68 41
67 75
37 40
74 97
100 91
84 80
59 39
86 53
70 79
81 59
50 70
75 99
45 33
55 97
75 11
45 46
55 67
6 41
41 87
23 22
25 78
9 13
10 91
14 14
77 87
1 8
89 55
65 84
54 38
87 84
71 83
73 30
5 10
59 22
99 26
5 100
42 54
9 16
90 5
63 84
89 75
39 26
89 82
85 7
45 23
64 92
30 5
99 41
21 84
22 91
22 62
45 14
31 4
83 52
10 27
59 90
84 11
51 81
23 25
89 100
37 17
45 8
13 30
41 26
3 81
11 7
97 78
97 34
19 23
86 34
59 17
59 97
77 59
100 98
96 55
21 81
15 41
77 59
20 73
35 77
98 2
93 34
31 90
80 5
75 38
41 68
39 46
10 100
91 1
13 22
98 52
79 17
58 29
63 81
19 94
12 62
25 87
16 71
8 95
96 61
53 4
19 64
54 9
29 15
70 61
1 64
50 95
84 54
77 74
21 68
18 30
75 75
13 53
48 71
6 31
87 42
40 90
44 28
97 94
30 90
57 50
46 45
8 6
66 30
60 77
79 100
77 91
85 15
46 22
37 86
80 76
98 78
7 49
85 84
79 92
76 61
38 99
28 38
59 66
14 25
100 57
76 47
40 51
12 62
75 17
46 34
50 3
15 7
41 61
98 96
44 96
97 10
44 92
4 54
14 92
55 68
34 53
91 82
39 83
79 26
79 19
70 10
28 3
85 19
7 45
6 94
60 32
44 96
85 84
70 97
57 20
84 40
45 44
49 22
95 1
71 12
46 55
97 56
85 70
86 16
94 51
81 18
83 77
89 95
36 71
96 20
44 62
69 75
38 2
34 96
47 100
68 72
4 5
74 55
52 91
62 2
32 100
63 22
5 97
16 83
84 70
13 68
52 23
28 13
13 89
98 75
51 77
58 96
94 30
35 46
44 63
88 33
67 63
26 91
76 27
2 85
73 11
19 88
70 59
63 64
5 36
16 11
30 35
60 92
42 65
34 77
21 93
73 64
48 50
77 41
40 99
32 20
89 8
43 21
11 84
2 49
41 47
61 60
59 44
34 77
48 58
2 58
73 9
14 72
79 48
49 35
16 57
4 58
19 74
37 67
18 21
75 9
5 29
99 8
34 1
46 45
84 84
54 45
70 61
32 34
30 86
61 59
15 53
71 45
4 31
77 88
24 93
44 77
90 100
82 88
29 53
37 57
36 45
2 13
2 80
66 45
2 99
69 88
21 54
72 73
6 7
38 75
47 33
10 35
89 34
32 33
7 80
72 17
86 30
28 92
55 50
67 15
88 50
69 54
37 11
91 32
98 94
60 4
86 8
87 93
94 43
67 13
75 1
81 40
20 77
28 80
98 84
73 76
97 68
19 37
44 48
54 74
8 63
42 80
15 60
96 96
74 65
21 39
68 65
11 94
100 82
22 66
77 60
87 31
43 72
66 70
30 62
92 65
77 25
67 22
78 57
70 20
33 34
4 57
2 59
52 62
31 88
100 94
24 37
79 55
70 82
20 84
32 28
77 97
61 16
46 40
73 44
86 80
18 30
92 8
48 25
17 12
65 74
25 36
56 42
59 45
42 57
85 56
50 61
18 34
51 77
79 69
40 53
36 62
82 25
41 63
87 23
13 64
92 8
63 60
91 19
61 89
82 95
75 98
38 85
94 10
72 37
62 29
32 41
42 67
5 88
79 17
10 78
69 61
55 4
65 71
28 57
96 61
1 78
29 69
66 46
52 6
8 37
57 98
39 67
89 13
97 12
25 42
53 77
89 19
87 53
96 47
49 7
20 99
70 44
38 44
66 61
41 33
51 24
97 1
82 99
55 11
75 70
92 28
24 24
82 73
8 98
3 32
29 85
9 76
83 1
94 30
12 81
90 89
50 79
50 100
31 2
99 90
26 93
83 30
39 8
65 97
78 76
39 67
84 95
47 19
29 10
49 7
40 51
79 33
97 60
73 1
34 43
72 29
16 28
9 18
5 53
24 26
63 50
33 38
32 53
45 2
79 19
43 85
35 90
80 98
44 36
65 91
78 39
69 28
99 20
68 47
33 24
77 95
7 13
69 71
75 66
87 74
17 77
66 68
65 6
14 88
39 69
98 100
37 16
54 96
6 18
41 21
77 73
68 19
25 58
60 77
13 20
3 28
54 62
99 9
35 77
97 97
15 52
64 16
66 77
13 23
32 62
50 52
41 70
90 26
18 22
68 35
76 99
87 51
33 2
40 56
52 38
71 22
90 7
88 6
25 18
47 76
80 26
53 42
15 94
56 35
13 19
79 13
11 14
66 32
29 74
45 91
63 28
95 77
8 6
80 4
7 99
39 19
29 56
100 68
80 44
99 29
67 54
7 94
85 31
99 56
47 1
36 21
70 29
88 7
75 78
46 98
34 83
6 3
98 40
100 76
61 89
62 10
30 41
71 2
80 41
58 66
67 92
42 68
4 42
75 49
73 24
11 40
65 67
53 31
62 60
45 62
51 11
28 13
51 7
35 94
78 20
49 7
70 14
99 49
88 14
96 91
44 46
22 48
1 45
94 85
73 75
62 85
7 94
3 15
84 38
86 34
12 32
51 30
27 54
16 73
25 30
51 29
78 65
41 97
4 11
39 24
85 10
54 21
18 36
88 17
89 66
95 56
88 75
10 79
94 4
28 40
6 21
89 1
49 87
6 17
34 86
73 62
19 53
41 31
75 28
55 91
26 17
39 60
5 72
5 22
54 32
81 1
55 50
31 96
21 49
10 12
21 71
58 59
64 84
38 7
97 27
4 50
84 14
36 1
13 80
29 69
63 41
70 1
18 69
63 27
28 69
51 6
36 88
98 22
91 89
62 16
52 12
69 5
100 27
56 83
73 78
53 58
88 35
79 79
35 6
9 84
89 90
7 28
18 42
52 73
96 34
66 68
7 22
80 99
1 68
71 2
8 67
16 60
41 54
77 88
30 87
20 74
80 93
65 26
17 95
22 81
79 93
69 58
90 37
78 19
76 92
62 14
83 29
64 27
93 92
69 86
24 10
81 81
76 13
41 3
84 6
23 99
6 70
90 27
2 97
58 89
60 80
62 64
25 49
52 33
90 51
55 87
71 59
69 95
19 12
40 5
91 76
49 57
8 15
80 64
27 75
83 6
94 78
61 3
98 84
38 21
29 40
21 45
18 54
56 53
13 47
1 59
79 51
70 68
42 85
32 47
28 57
1 17
93 62
52 57
5 1
83 64
6 95
27 59
3 59
77 58
66 64
93 86
25 14
73 78
25 1
3 41
8 35
70 30
63 95
5 19
7 51
44 35
26 63
76 4
99 87
38 62
76 62
29 89
8 29
69 98
61 35
87 37
69 14
5 49
90 45
25 67
39 12
48 39
52 25
42 22
76 97
17 40
86 59
100 62
42 17
62 60
55 2
49 4
31 89
69 97
53 22
89 91
12 31
30 36
64 94
63 69
68 97
91 7
91 57
27 78
59 57
3 43
65 14
80 22
8 43
6 11
4 88
46 7
53 49
7 65
39 28
28 97
24 4
77 39
80 59
65 73
38 98
86 60
13 76
21 38
54 8
17 49
61 29
66 38
47 84
25 74
28 58
66 33
67 81
70 14
44 10
78 37
73 9
60 75
57 10
80 51
65 85
12 98
77 57
70 86
71 62
68 85
49 82
94 65
44 75
28 40
10 37
33 72
65 52
74 64
53 61
19 59
90 12
14 89
36 49
88 96
90 15
15 6
5 80
8 95
84 72
48 41
85 83
8 80
7 15
93 92
39 30
24 52
57 41
16 87
93 37
27 2
35 23
41 18
72 19
78 97
21 10
81 7
10 20
85 13
6 71
15 32
3 23
95 34
80 21
38 23
35 81
21 35
52 29
39 60
28 81
88 52
87 100
65 15
95 31
45 67
9 6
34 12
68 18
65 47
1 50
60 54
43 100
35 72
1 23
14 18
64 20
73 32
46 77
25 91
57 96
51 99
39 23
60 19
98 32
70 95
49 41
32 13
90 81
53 21
70 72
70 61
40 72
8 24
34 75
86 54
5 90
94 32
19 66
72 59
59 30
71 67
84 12
53 30
5 39
36 86
67 99
20 10
8 18
12 27
45 1
64 65
63 25
35 23
75 83
60 57
5 69
76 24
43 21
46 49
28 44
64 92
15 61
19 68
24 67
100 87
4 73
28 8
94 18
75 38
51 66
4 48
45 57
86 29
56 29
2 95
21 15
74 27
21 56
80 84
38 6
17 56
96 48
100 30
52 30
70 31
11 38
8 98
97 6
5 58
53 46
24 1
68 50
68 58
42 68
43 68
19 44
98 41
70 76
12 62
72 30
21 41
67 61
16 86
6 70
23 89
17 32
79 84
48 67
90 88
10 19
85 72
6 95
5 66
36 54
57 77
27 96
98 91
16 74
23 53
2 49
69 72
99 54
22 50
88 29
40 73
64 17
6 25
89 65
34 44
70 86
60 47
6 85
36 98
28 84
63 6
10 38
96 68
93 41
58 4
85 7
3 59
42 28
91 1
7 24
30 33
99 77
33 72
27 23
15 3
8 24
29 23
35 26
6 29
50 72
22 6
97 2
13 41
27 30
86 18
98 84
48 15
45 64
55 20
84 64
72 100
18 25
45 1
68 67
10 17
54 57
4 73
64 75
96 36
46 25
71 99
77 68
45 2
55 22
3 90
11 56
62 97
31 65
45 81
67 26
32 36
18 86
64 79
97 28
96 16
1 48
94 64
44 82
45 64
1 83
79 46
69 63
18 60
23 46
88 29
79 76
77 54
43 53
43 3
24 89
89 77
65 53
100 56
85 30
19 74
2 98
95 85
33 70
85 62
91 17
51 47
16 49
60 3
66 77
64 77
55 70
66 25
10 40
98 51
63 88
10 74
76 48
83 50
79 85
51 46
70 30
9 13
27 99
12 34
3 15
2 88
100 10
67 67
1 43
36 92
38 40
54 92
30 28
70 61
38 53
72 45
20 60
6 2
31 99
38 36
69 78
38 20
3 60
78 69
35 70
65 47
39 94
63 70
47 48
17 79
65 15
68 29
26 91
91 13
32 62
28 57
92 52
83 24
47 23
44 47
19 67
84 14
97 38
100 94
5 26
87 91
24 90
76 85
92 44
54 88
13 21
12 21
43 7
16 80
42 41
78 29
32 79
80 34
92 98
79 78
97 64
56 64
98 7
74 6
98 28
29 20
1 62
41 80
12 43
47 36
36 26
30 9
30 49
32 15
29 55
86 75
70 5
52 44
62 59
13 100
58 84
74 79
25 20
100 42
41 11
18 12
29 22
73 89
97 98
72 71
3 66
45 13
79 34
100 24
18 19
28 62
29 44
71 32
68 93
92 38
17 68
3 70
21 99
99 16
87 84
1 53
36 42
56 41
5 48
97 1
69 40
14 31
23 31
45 12
65 25
63 93
14 75
46 46
87 81
10 72
69 17
89 99
7 85
48 2
89 74
76 55
75 15
69 17
46 86
95 7
60 7
15 53
49 28
32 5
13 21
35 64
84 57
48 62
43 4
40 56
97 14
63 95
5 39
19 45
7 58
22 63
33 89
72 33
67 8
20 70
81 56
35 76
8 20
39 92
34 78
48 45
15 46
61 92
68 14
60 84
55 51
79 20
26 88
3 78
10 24
38 8
90 41
46 32
38 22
32 96
37 87
86 35
46 91
42 25
4 31
4 100
63 87
36 20
75 32
29 47
7 41
7 40
15 22
15 12
46 31
1 51
14 56
12 29
61 43
82 69
23 12
67 93
60 40
49 99
21 22
22 63
38 59
10 63
19 46
75 80
93 58
55 33
60 66
90 100
96 9
15 49
93 100
10 48
3 68
67 83
90 46
9 60
74 22
5 19
75 23
71 5
57 70
41 30
82 33
17 64
74 99
4 96
83 8
85 90
52 46
55 29
6 53
90 4
17 43
76 98
16 83
61 1
31 82
28 1
51 52
78 43
42 49
43 51
88 90
96 68
10 86
77 87
57 27
35 59
33 5
31 1
5 63
89 74
71 30
38 47
5 37
44 80
41 42
39 96
29 70
45 88
94 25
86 22
86 43
62 67
62 71
1 26
22 19
44 5
28 78
72 71
21 47
22 26
15 73
60 88
69 93
76 58
37 74
25 71
10 17
21 30
56 71
66 79
10 4
78 100
3 78
66 92
74 80
43 71
57 88
54 49
39 10
2 64
39 22
24 53
63 30
52 44
25 30
84 1
47 48
4 7
56 71
68 46
77 32
70 43
79 85
46 76
45 1
15 58
22 46
6 69
36 88
77 68
71 99
97 43
7 19
73 76
62 86
80 98
67 47
18 73
85 98
6 56
19 88
75 19
81 60
81 70
79 63
57 89
17 70
25 62
13 95
72 92
44 8
89 78
93 34
23 92
86 5
37 86
89 2
8 2
94 54
76 41
36 69
64 5
72 35
94 88
88 80
34 20
25 37
54 78
3 45
9 87
11 86
74 32
84 57
92 45
6 53
62 19
48 34
22 22
86 33
60 80
93 65
82 92
1 10
85 99
4 35
38 14
73 36
92 36
97 16
66 42
68 28
33 36
81 46
91 62
26 75
68 77
76 34
51 64
74 55
79 78
11 50
84 40
4 61
94 6
27 36
9 14
55 77
27 69
31 87
93 61
38 1
75 52
74 52
90 10
12 2
29 86
28 75
84 89
20 22
24 42
2 30
39 1
8 30
82 27
30 15
86 4
2 4
5 48
88 19
75 10
35 25
98 68
10 1
38 37
44 26
37 36
99 2
50 54
15 57
81 41
42 14
52 57
55 92
67 65
42 18
66 45
95 50
21 92
2 33
67 23
96 86
3 15
57 24
4 15
36 41
38 38
89 70
37 96
95 85
28 89
63 5
29 61
25 8
73 5
19 49
68 33
61 93
69 51
18 86
75 49
49 91
11 99
26 5
3 34
78 15
19 22
69 78
24 65
91 65
70 62
42 87
87 2
24 76
99 62
42 16
59 17
36 51
82 86
48 64
30 87
9 26
10 69
11 47
85 33
82 25
81 48
5 18
42 17
49 50
22 55
16 65
97 40
84 6
94 21
51 25
13 20
64 94
71 2
37 36
7 11
40 63
78 75
93 12
15 91
28 36
86 28
74 7
64 87
67 65
73 70
45 25
75 42
82 90
7 24
11 26
64 67
87 71
15 43
57 83
35 20
36 50
73 100
83 11
72 7
18 72
34 35
84 26
33 66
4 88
20 14
39 76
96 2
50 88
83 87
10 92
29 75
68 66
35 98
92 13
34 30
7 20
89 38
60 71
41 61
95 61
71 97
56 27
82 31
85 91
12 62
68 50
73 92
36 13
3 12
44 98
53 84
36 46
27 76
38 49
91 33
99 89
76 76
38 34
48 28
59 63
48 78
28 2
26 28
34 27
20 15
12 10
93 46
60 52
71 32
85 59
54 12
41 80
40 37
87 94
26 71
51 98
7 95
98 14
87 62
9 6
41 12
91 46
96 51
67 39
28 46
86 35
65 79
56 22
24 20
64 6
14 36
23 97
92 7
91 15
8 24
63 21
2 76
52 21
74 72
73 8
36 79
27 35
65 87
75 16
66 28
42 9
26 65
72 22
39 75
64 27
80 79
31 86
54 24
27 29
50 76
34 21
12 15
66 54
89 94
87 35
82 59
2 29
61 31
25 65
44 96
69 6
87 38
46 71
20 27
12 61
70 30
8 57
90 48
86 17
82 24
55 75
28 77
59 41
78 49
66 51
22 19
9 27
49 88
76 42
35 8
98 15
61 62
47 22
63 68
49 8
85 8
44 78
2 88
46 91
20 95
45 83
14 96
58 32
42 6
85 74
69 44
63 35
92 83
59 91
49 3
26 6
13 18
76 32
84 98
43 18
93 82
6 16
51 44
41 22
33 9
86 3
90 36
93 23
84 77
5 4
93 30
68 84
100 33
94 17
13 26
20 27
38 100
78 74
77 10
32 57
15 47
46 54
94 91
58 29
4 44
94 46
83 87
68 13
21 77
67 36
10 30
14 10
72 52
13 74
6 31
56 60
98 28
48 67
100 82
33 56
52 22
92 11
100 40
51 54
85 80
65 17
70 81
74 79
94 90
47 42
57 87
8 37
92 95
3 77
66 17
47 91
96 74
100 55
14 3
17 50
66 91
76 33
82 60
89 42
88 58
39 42
44 53
37 85
86 60
95 87
69 41
37 81
86 97
20 32
88 87
22 76
36 48
9 19
96 6
30 38
55 60
52 92
89 26
98 55
54 21
6 94
44 45
2 94
6 49
10 47
70 96
71 91
37 79
3 7
12 84
76 88
41 48
55 36
12 73
79 60
50 22
32 65
15 40
87 71
51 48
54 78
9 98
87 95
63 96
56 56
68 84
69 56
7 47
56 61
67 62
13 19
62 55
62 58
66 65
19 55
23 56
35 12
41 45
59 87
37 18
52 28
34 74
29 17
59 15
97 98
7 76
60 89
28 62
74 68
46 59
79 9
79 45
54 8
17 56
93 93
9 63
84 91
62 100
68 62
39 52
80 61
32 80
52 6
93 70
97 96
22 12
16 25
83 7
63 56
26 11
71 76
14 35
12 85
99 93
72 1
60 82
58 20
31 89
88 96
83 39
77 99
18 4
61 84
82 7
34 11
54 28
43 21
69 2
67 27
62 82
59 53
98 39
93 14
11 10
90 8
89 9
84 21
57 32
71 68
46 28
83 43
93 43
60 62
46 79
43 87
83 14
5 60
100 7
14 3
92 7
34 97
42 53
61 63
47 32
75 11
94 73
52 59
17 32
62 74
18 85
78 65
21 78
15 23
22 78
83 87
56 30
10 87
66 59
13 14
32 54
64 86
95 56
24 48
75 47
92 86
67 35
57 13
96 97
18 93
22 15
40 4
4 89
63 19
100 66
50 21
90 30
46 38
1 79
58 61
59 64
70 16
88 25
31 41
36 38
9 55
65 80
91 20
71 93
83 38
3 33
54 46
46 24
49 40
30 93
72 22
40 25
96 79
28 34
36 73
65 71
50 100
27 76
68 60
64 19
78 41
69 80
5 48
23 31
21 10
63 60
34 94
90 25
50 36
64 86
25 15
58 90
81 65
68 86
80 82
63 55
70 70
34 79
60 78
71 9
63 24
31 51
10 85
10 2
10 37
97 57
74 25
11 36
23 85
94 84
27 54
1 77
14 15
31 53
75 7
35 76
93 64
8 52
24 1
94 52
24 38
1 67
4 93
56 2
20 52
83 27
18 56
41 21
16 5
29 85
11 81
78 80
11 88
21 17
87 34
20 24
69 25
13 58
31 59
92 9
58 93
57 65
44 86
71 59
87 69
70 44
5 34
32 33
78 96
81 86
77 36
53 33
33 52
80 28
8 86
52 55
63 54
77 94
92 27
78 11
57 30
3 59
56 90
67 17
75 75
94 23
86 40
43 52
6 32
68 51
34 12
63 24
76 15
29 49
34 82
15 83
99 93
90 16
46 67
28 88
70 1
22 2
32 72
2 5
54 82
91 57
53 59
16 35
67 2
97 38
93 45
75 32
99 96
100 87
41 100
73 71
94 61
78 40
15 74
51 93
98 90
1 85
14 68
73 4
29 34
99 50
87 38
79 26
88 17
84 57
6 65
10 69
58 10
89 36
11 25
11 91
79 44
16 36
78 26
97 46
12 73
22 22
71 29
62 68
74 8
63 28
34 90
19 69
93 67
100 63
69 61
90 8
100 48
34 28
14 63
81 81
84 29
53 53
11 58
72 45
36 9
69 22
33 66
45 18
57 57
43 90
7 9
36 52
10 25
36 86
32 49
73 97
58 7
3 77
34 17
31 15
65 57
67 6
49 83
57 75
19 69
69 95
98 83
70 68
3 74
12 97
2 48
86 55
64 49
13 5
9 51
51 57
81 78
41 16
48 27
37 86
36 58
6 35
72 37
45 82
42 72
56 86
18 31
99 78
58 14
3 47
29 92
74 70
70 52
29 26
83 45
40 72
97 72
80 27
9 39
99 98
43 23
11 38
37 52
6 24
75 94
45 2
9 80
55 71
38 70
56 58
43 56
73 27
61 44
67 45
69 8
2 15
22 30
86 90
52 93
31 43
89 36
80 36
56 65
10 40
60 14
38 9
1 11
57 37
70 35
9 2
7 34
12 9
71 39
95 37
70 32
45 33
40 39
78 64
51 55
29 8
85 21
46 11
1 86
45 17
12 55
69 93
99 31
85 36
7 35
50 75
67 30
47 70
82 11
22 94
8 61
41 76
12 2
8 24
49 12
33 88
16 25
56 46
44 49
39 15
50 82
65 80
35 99
41 72
42 95
86 54
69 31
78 68
83 16
21 16
23 84
94 22
90 61
21 14
30 57
48 95
70 89
96 86
94 16
51 51
69 32
1 77
92 26
32 85
8 100
92 37
64 73
75 76
47 34
60 21
65 90
49 68
24 52
100 89
41 91
18 99
37 94
62 22
95 66
19 9
34 89
69 1
64 30
75 49
89 66
45 86
22 95
11 6
92 23
67 11
61 56
60 6
67 39
4 33
92 91
26 38
96 22
7 63
53 13
94 7
66 35
17 54
94 26
90 38
68 94
87 17
59 36
56 87
100 90
5 53
74 95
33 30
74 5
89 76
8 79
14 71
33 13
81 25
24 28
76 36
48 35
85 36
36 93
66 73
40 68
79 83
92 62
87 41
85 97
96 26
81 48
51 83
64 80
26 73
92 21
32 25
12 41
2 8
87 12
11 82
6 13
13 58
96 12
31 17
53 34
3 42
45 39
38 46
83 66
68 67
13 33
82 53
4 2
100 26
48 77
44 21
78 60
91 39
82 62
15 57
86 16
62 61
17 39
49 47
40 33
8 11
32 72
51 26
61 19
71 83
14 7
18 83
83 40
61 70
49 51
35 25
63 11
93 90
24 71
97 29
12 8
37 55
31 33
16 61
36 80
78 9
11 81
66 40
68 99
92 42
80 48
5 15
6 2
96 38
53 61
45 87
55 49
37 32
47 64
15 19
7 66
12 22
32 53
89 6
72 92
32 3
75 82
86 54
24 44
99 52
35 34
36 51
87 7
65 66
3 11
74 38
42 75
13 44
39 29
61 25
4 85
18 28
65 39
9 39
13 66
69 100
5 77
67 66
5 83
52 40
33 84
11 49
63 61
17 88
51 6
87 4
48 90
78 87
72 10
24 34
28 91
6 95
59 36
14 97
70 61
13 47
87 86
63 87
25 42
26 15
23 11
80 26
95 42
39 2
41 16
