2000 47393
22 47
18 1243
47 18
21 35
97 88
14 92
6 39
96 81
49 32
95 60
92 17
53 37
16 11
5 27
51 24
2 38
47 84
79 91
8 88
18 2
23 26
86 60
75 54
80 8
11 48
46 71
75 9
76 8
12 12
53 45
10 20
85 58
32 26
56 89
5 45
28 13
69 32
62 83
23 46
17 16
11 1699
66 62
70 52
72 5
22 88
72 27
26 94
69 23
51 17
33 81
38 77
73 94
18 40
64 30
4 1
29 40
10 53
78 62
56 47
73 16
83 58
65 19
58 25
14 83
20 59
14 69
41 95
41 91
28 51
15 40
6 955
36 45
80 54
30 9
7 1
2 41
2 35
84 46
22 16
52 3
17 26
59 92
76 96
86 18
22 73
31 48
66 9
83 77
61 9
21 7
8 92
43 66
85 25
65 17
8 100
57 84
30 37
100 95
97 26
57 88
14 86
57 83
92 84
45 91
87 43
51 36
98 84
88 77
34 81
19 99
91 31
2 58
77 42
18 78
88 75
11 1255
48 25
53 83
85 91
60 86
74 42
92 34
54 3
10 66
8 2
61 3
66 1
90 39
60 49
14 78
46 78
25 86
71 60
90 61
70 77
57 2
92 48
67 60
96 30
77 28
38 58
38 60
79 85
66 99
55 89
18 12
16 64
54 14
70 46
53 6
66 51
95 87
44 40
19 53
5 5
4 93
32 55
22 57
93 31
43 55
36 35
38 8
68 41
6 46
79 20
89 69
14 100
22 67
7 28
9 29
99 94
44 37
98 41
29 31
10 35
52 29
98 42
77 50
57 94
19 87
29 56
22 44
14 74
25 47
41 97
70 30
28 39
72 3
91 86
20 70
66 10
26 20
9 29
33 2
83 18
40 49
73 70
96 17
61 15
32 97
56 45
11 61
75 33
53 37
91 91
36 19
56 18
88 84
65 68
1 541
7 70
45 23
86 7
72 95
69 69
78 55
93 24
48 60
1 9
83 10
67 29
67 18
16 1883
28 9
99 19
95 98
67 57
24 88
91 14
79 24
55 36
98 11
42 84
81 68
3 99
32 26
17 38
58 16
72 9
33 6
22 79
30 30
77 80
60 85
53 25
46 1
37 91
45 100
93 60
14 1454
79 61
12 40
2 1652
91 94
39 48
54 39
86 91
5 57
77 27
28 57
35 80
83 14
77 19
76 15
64 34
79 17
60 40
32 71
89 33
83 100
64 28
62 63
12 81
40 60
21 99
16 57
37 60
58 89
12 57
82 71
95 39
90 69
93 62
50 7
33 62
83 61
3 46
70 53
39 17
32 24
49 61
73 96
66 37
25 79
49 62
29 22
56 95
60 53
12 93
44 79
42 52
2 1172
5 93
53 85
67 31
26 91
20 41
55 42
83 79
31 97
36 12
29 18
72 66
11 1583
78 76
4 79
14 86
32 21
73 31
52 2
15 44
73 43
25 50
81 33
98 21
25 11
61 54
53 68
84 16
73 98
96 98
77 19
99 70
52 91
29 3
65 100
77 81
100 44
72 42
11 12
30 92
59 5
39 81
1 9
91 30
68 56
5 88
4 15
52 77
29 70
8 68
66 72
2 13
84 17
98 56
51 33
8 80
59 62
3 52
43 95
31 59
50 50
19 13
29 80
1 40
99 16
46 80
30 72
98 11
69 73
40 83
27 2
27 29
31 63
79 11
17 10
50 71
19 849
73 24
1 99
64 67
80 44
10 678
17 31
10 843
16 78
67 64
22 43
74 91
21 15
64 37
56 49
70 16
34 2
37 29
22 7
84 69
34 60
2 578
81 79
2 84
43 13
59 32
80 12
73 76
37 42
49 22
22 98
72 91
21 97
23 96
87 10
52 92
41 17
3 40
14 4
8 46
21 55
87 46
82 36
41 22
2 35
37 37
62 37
35 88
25 17
83 44
18 8
58 76
86 22
50 86
59 11
28 34
60 69
39 22
100 61
96 11
87 95
73 10
1 1842
59 44
47 5
5 62
10 35
39 74
59 54
75 38
47 71
79 8
61 36
28 7
19 29
62 22
16 43
32 66
96 61
41 59
15 61
65 68
98 86
100 34
66 5
9 96
27 19
25 73
47 69
78 32
20 35
85 16
50 41
91 88
43 59
97 98
95 1
2 1069
35 71
6 54
78 83
33 41
84 62
38 70
12 99
55 90
4 1786
28 93
86 7
94 51
20 3
52 67
10 18
69 40
51 100
75 74
29 87
29 71
99 46
27 56
17 739
70 81
11 23
8 42
60 68
5 81
56 39
7 20
8 25
42 61
12 74
85 7
75 54
47 87
22 76
86 52
53 76
72 18
65 97
39 35
1 1150
36 99
90 53
26 89
5 39
93 5
100 62
33 25
73 75
50 8
60 32
31 76
5 1203
22 54
38 17
31 59
27 86
45 8
89 78
86 11
86 68
52 51
10 1344
60 73
99 37
44 45
98 77
51 65
68 14
62 73
41 99
84 34
20 941
13 1499
10 22
54 13
27 55
9 1452
38 90
99 81
11 95
97 73
29 56
82 34
71 27
18 25
64 92
49 64
62 32
53 69
34 74
16 1577
56 72
56 43
6 595
6 8
52 39
56 52
9 24
19 52
18 76
49 74
2 37
67 98
83 25
63 11
20 63
9 31
24 46
9 52
8 12
86 40
6 24
88 19
19 73
28 2
6 43
82 16
76 66
67 26
86 84
61 91
66 77
94 55
19 1981
25 52
99 15
17 1054
32 3
7 38
90 75
49 78
8 12
43 11
67 27
90 88
6 73
38 89
99 70
81 18
47 92
58 33
66 9
4 16
45 52
36 33
31 17
20 1904
17 48
58 34
21 72
55 32
18 25
86 48
48 38
86 9
62 51
46 52
57 32
94 53
5 90
98 58
94 82
12 53
41 68
61 60
1 40
98 41
50 1
99 61
78 10
96 92
8 94
95 19
19 1594
53 45
30 3
81 76
6 90
14 1517
38 61
26 61
4 82
56 37
64 60
51 71
93 46
25 10
49 23
50 29
70 14
5 64
47 86
6 1095
16 16
39 5
76 7
16 7
36 97
25 59
67 67
13 7
73 50
74 60
10 1707
6 974
78 56
88 79
52 36
84 98
38 81
41 48
61 10
41 14
96 85
24 70
44 85
41 82
1 31
44 7
90 10
70 45
48 70
88 47
18 1836
63 37
27 51
12 49
30 43
14 100
89 59
96 9
79 6
61 9
22 21
37 34
4 1372
51 76
77 64
86 56
19 1526
14 45
17 1156
99 83
6 10
74 87
22 4
49 94
14 20
22 34
44 52
55 81
44 30
91 21
43 27
80 73
5 9
21 30
92 73
35 51
86 29
32 32
82 60
64 86
92 92
55 80
1 19
26 60
6 7
77 34
12 15
43 32
14 1682
90 17
41 66
47 40
63 56
15 69
48 85
77 75
36 54
91 37
31 56
31 84
82 9
25 34
11 8
86 18
97 63
54 80
72 20
35 91
85 11
54 79
98 28
28 2
8 10
98 98
53 13
13 69
26 32
16 79
8 100
19 13
5 96
4 1053
66 4
20 3
62 85
65 89
96 29
50 38
55 25
78 84
32 73
88 85
55 70
42 80
74 54
3 32
47 60
45 74
37 75
31 22
50 52
35 2
58 76
58 14
84 100
63 88
22 34
62 83
30 19
29 33
80 47
35 14
29 49
97 51
6 68
42 85
61 39
1 96
43 22
16 15
30 32
18 864
3 51
36 1
68 26
28 5
19 1035
15 37
17 1442
75 10
97 59
74 81
61 64
55 86
18 1143
97 63
69 25
5 79
58 97
98 43
85 63
89 43
84 8
13 11
86 93
89 75
7 95
98 83
41 23
49 69
65 49
5 1312
75 15
68 100
58 6
95 92
47 4
96 41
9 29
23 81
23 51
5 39
49 61
35 14
11 24
31 7
31 28
31 100
35 37
40 24
81 43
20 100
81 18
16 50
84 62
66 63
57 25
90 9
15 45
97 47
91 77
80 94
19 52
17 43
99 93
29 9
11 86
97 48
24 49
71 66
20 28
98 99
28 4
68 40
33 64
90 79
98 98
15 91
21 79
85 35
7 66
1 73
56 34
87 84
68 22
39 95
4 46
24 98
81 55
18 42
21 44
23 31
97 87
91 47
39 25
47 31
19 55
50 63
44 78
95 4
72 28
63 57
44 54
99 84
82 97
28 18
89 14
31 94
95 8
61 44
15 80
1 26
13 16
70 13
87 9
80 38
61 60
42 6
4 35
93 14
59 99
76 31
15 97
8 86
66 29
53 73
54 16
37 84
54 35
49 46
83 39
78 63
11 2
78 92
76 46
44 50
6 61
64 59
75 96
52 21
76 55
41 75
52 46
88 70
63 40
90 54
68 7
23 99
1 1477
71 94
15 64
41 9
46 76
81 60
48 46
63 4
85 85
54 62
51 39
15 604
13 1054
33 77
68 81
65 60
63 21
43 78
8 62
20 81
59 89
5 1105
71 53
2 1878
75 83
22 98
22 12
37 22
63 3
17 1029
11 72
13 1929
11 16
5 721
85 74
8 91
57 47
14 1372
70 46
41 31
38 32
21 85
31 2
91 90
5 13
98 82
7 2
19 85
41 12
67 63
38 18
51 100
100 71
8 70
84 94
74 53
29 68
57 5
10 75
43 70
97 27
72 46
35 35
59 94
48 33
20 8
66 84
4 32
56 78
88 82
45 62
93 10
60 18
27 63
35 51
16 30
25 97
94 52
35 67
17 8
60 66
72 84
19 59
59 36
80 53
54 52
85 89
60 20
11 8
46 15
3 42
59 87
18 60
89 76
15 1616
65 45
60 35
87 16
69 76
15 12
74 97
65 89
59 73
85 14
91 4
46 76
1 95
67 100
39 79
10 1904
35 59
98 45
9 1097
5 69
8 32
89 49
59 72
92 20
1 20
21 79
38 34
3 61
79 65
55 46
43 88
20 711
19 42
55 22
87 12
39 17
21 86
60 8
3 57
32 10
45 73
46 60
13 1166
97 67
64 11
67 64
31 80
51 69
16 8
40 75
55 89
2 1983
29 23
13 60
67 11
29 95
33 39
10 693
83 7
64 55
10 93
77 95
63 51
80 34
31 68
49 62
19 2
4 5
61 21
73 59
35 15
57 93
70 18
63 99
53 12
34 29
81 62
35 43
84 49
48 21
74 17
38 38
22 12
2 92
3 97
40 74
82 86
35 87
95 69
16 44
50 42
56 14
93 90
13 44
88 47
75 58
13 6
58 49
78 14
73 26
30 7
64 28
29 71
100 76
78 27
81 82
10 1504
58 40
15 76
20 53
5 13
41 92
9 42
79 76
94 35
11 38
18 49
76 72
98 25
13 69
91 16
47 18
20 82
35 5
11 61
7 81
10 14
24 18
64 81
87 28
96 96
46 87
3 55
77 66
97 62
80 33
57 99
81 18
90 25
24 74
52 22
94 89
64 17
60 63
24 64
9 52
23 52
42 64
84 23
20 28
6 84
27 38
18 45
25 18
61 95
29 58
84 98
70 8
4 75
47 78
9 35
99 22
92 16
11 42
27 87
88 29
42 26
36 37
20 46
31 2
59 62
71 67
77 90
74 79
31 81
100 5
82 82
53 33
93 68
18 4
24 60
98 4
44 94
11 1693
75 21
56 88
21 14
3 639
78 47
24 40
56 99
86 82
75 14
18 1645
48 75
1 100
87 42
89 52
88 89
7 40
20 6
46 50
29 58
48 95
71 80
11 39
47 52
5 61
15 23
40 71
22 65
38 82
89 74
17 10
31 90
15 46
24 97
51 55
24 15
1 43
27 47
80 65
38 76
1 60
27 78
85 2
53 11
65 72
26 6
41 99
23 63
97 11
38 1
52 20
44 57
61 80
62 10
42 8
65 41
77 32
33 79
38 57
66 66
74 4
6 66
6 1140
88 2
29 14
99 62
12 16
82 8
77 8
43 81
19 36
29 19
21 10
56 37
33 29
85 33
33 42
73 80
8 95
29 4
63 80
59 15
24 61
23 11
72 76
17 20
39 51
48 60
2 98
28 59
66 25
75 54
33 24
13 83
14 55
13 89
63 44
77 22
94 97
39 3
19 54
65 32
67 73
39 64
20 20
100 2
76 48
52 14
24 33
83 43
32 17
38 12
93 9
7 29
12 22
64 84
75 49
50 25
64 43
8 828
77 83
29 19
50 51
61 59
93 2
16 57
74 47
56 97
92 79
19 95
94 52
63 84
83 78
13 24
53 99
54 98
64 25
7 1144
57 11
87 9
62 89
17 834
25 20
54 97
46 8
36 94
70 32
21 56
38 70
33 27
96 53
66 52
13 45
98 56
79 62
57 98
13 12
4 9
12 95
56 42
22 3
58 46
70 26
57 81
70 21
23 24
4 1493
3 1957
2 70
19 92
71 6
64 10
6 70
95 26
69 6
4 77
83 71
38 90
24 84
72 40
22 16
71 37
37 43
86 12
20 44
15 5
43 10
84 55
70 13
6 56
40 49
92 67
63 53
61 74
100 99
18 712
35 49
61 80
16 70
37 71
79 71
3 1278
52 80
37 41
81 53
20 38
16 1402
15 75
10 27
15 5
86 14
31 42
37 93
75 8
7 1730
57 36
41 12
11 14
40 42
11 76
16 21
31 90
54 95
79 25
92 15
53 93
62 50
26 64
13 25
78 71
14 34
92 95
64 98
65 65
28 87
96 2
85 2
19 8
63 76
46 28
33 12
100 41
28 21
69 4
26 49
2 1618
77 91
67 60
58 91
17 32
29 36
26 64
47 22
82 82
56 40
90 36
86 26
17 89
16 51
50 50
46 12
29 84
93 45
61 9
46 49
72 83
9 11
82 2
90 90
14 591
27 30
74 53
70 79
54 2
95 8
48 27
50 79
71 98
14 38
7 70
39 82
94 25
84 85
86 55
75 6
39 24
27 90
12 32
56 65
42 41
61 81
53 76
23 76
54 77
14 84
68 76
25 12
22 46
1 78
67 53
44 84
27 59
40 6
65 14
80 60
34 65
12 40
81 39
57 15
25 29
40 60
95 96
18 6
23 96
80 50
44 11
13 589
59 91
7 94
69 83
100 83
68 27
21 58
74 11
14 1387
34 94
93 86
49 14
7 91
93 15
67 67
9 1331
71 25
7 24
15 87
51 85
92 88
26 78
83 75
48 54
3 59
22 86
43 49
20 64
97 81
74 50
16 74
58 51
32 93
22 68
26 34
84 75
41 46
98 43
9 85
65 48
84 88
2 23
66 14
90 79
46 37
32 32
40 4
17 62
38 7
54 43
19 98
82 46
31 20
15 980
29 100
33 78
75 61
71 100
5 93
71 93
97 50
20 67
80 43
28 94
93 86
57 28
63 68
86 31
54 23
72 5
50 30
37 10
25 27
15 95
3 1892
13 809
99 78
18 44
38 28
36 84
23 38
8 25
13 587
53 9
61 100
98 81
86 39
35 12
20 80
42 31
57 4
16 81
13 97
36 47
96 74
5 34
92 26
58 94
42 16
97 48
29 98
92 46
34 10
53 24
58 92
12 49
75 38
56 70
29 44
12 18
44 53
51 81
72 94
12 34
3 90
32 94
61 66
40 28
18 5
81 46
33 58
74 61
48 78
45 7
61 7
43 4
2 92
4 84
1 97
43 8
100 32
14 1632
34 5
85 41
34 69
44 96
96 89
8 58
51 17
24 85
71 75
46 22
26 65
42 69
58 7
81 6
25 14
70 73
20 85
42 18
50 18
5 95
67 30
50 47
11 779
27 88
92 50
50 92
30 72
44 46
45 51
82 3
12 1605
30 55
66 43
7 1133
73 3
62 83
17 17
24 19
37 67
39 91
11 1533
63 84
33 59
3 1057
43 41
57 72
48 71
14 26
51 42
49 40
18 72
12 1290
50 86
19 72
96 59
42 88
68 15
25 82
85 33
12 18
58 84
61 24
42 72
24 78
70 34
66 26
37 12
86 50
41 97
73 31
77 41
62 88
35 66
61 99
91 38
29 6
17 23
90 60
43 83
19 64
39 99
12 6
36 86
4 783
30 77
83 96
81 24
50 44
59 77
18 8
13 61
17 12
78 83
6 84
92 41
100 17
72 62
28 53
37 18
64 58
52 35
13 58
25 97
39 100
4 1582
16 35
67 57
42 83
5 94
61 92
60 46
95 45
73 97
47 83
35 33
3 1881
29 79
7 1075
3 69
88 7
36 15
16 81
56 71
66 50
21 16
47 11
65 18
44 77
74 15
1 35
8 86
25 49
66 45
84 83
63 48
38 53
51 69
82 5
31 35
8 14
42 48
43 32
54 10
66 44
89 66
40 42
20 69
70 96
59 49
22 89
9 3
94 16
89 21
64 25
59 65
62 89
62 35
75 34
57 65
35 50
76 68
16 3
11 98
41 64
100 85
26 98
30 68
2 5
59 54
61 2
9 70
100 1
3 85
63 80
18 44
43 51
54 21
37 65
12 98
12 70
58 53
72 100
6 85
99 26
87 24
16 1
60 14
48 11
91 34
16 30
34 60
66 53
32 32
97 9
58 17
83 68
22 6
87 84
84 72
32 59
20 997
93 42
83 59
1 74
7 21
20 1793
96 76
60 93
36 19
59 74
24 14
46 23
31 25
29 50
44 48
17 1
44 50
55 13
65 11
86 35
70 43
50 22
51 88
53 74
46 82
60 56
35 42
19 88
47 91
71 65
50 98
97 80
15 58
33 9
50 54
21 30
32 63
45 81
32 23
20 33
3 54
55 36
65 7
33 31
35 86
60 7
2 31
31 87
14 19
18 93
16 22
35 13
67 14
19 61
40 87
13 47
78 68
26 80
31 34
76 58
96 96
33 84
73 90
10 54
65 92
22 95
82 83
48 6
66 75
66 57
19 90
20 81
72 45
83 96
5 11
7 30
94 2
6 41
37 68
7 73
23 85
4 89
94 85
41 50
22 1
85 71
53 96
100 68
10 2
36 82
27 78
20 1851
68 65
99 19
19 51
84 8
72 13
2 1921
83 65
89 87
18 42
13 1455
9 19
89 86
36 1
13 29
