2000 48087
52 57
55 12
20 8
95 63
3 18
6 1650
93 33
46 53
93 55
95 29
20 75
15 61
84 12
59 12
81 98
3 33
100 59
16 749
9 1628
86 95
63 26
85 98
58 79
32 6
77 42
10 769
37 82
43 70
88 22
89 71
60 67
91 78
43 35
79 26
85 92
97 52
88 27
78 76
42 4
80 33
24 56
13 30
46 46
7 68
24 94
27 43
9 52
23 52
53 58
87 47
60 98
15 35
72 96
17 28
98 40
100 38
3 94
35 22
42 59
42 67
23 44
2 77
33 96
17 78
32 2
17 39
13 81
20 81
46 14
6 37
51 13
69 70
13 928
97 58
75 89
45 11
75 1
35 92
67 14
27 10
74 38
78 11
41 45
45 86
94 90
38 36
96 75
49 35
24 9
89 33
90 1
46 53
9 534
22 48
14 82
26 14
91 86
78 63
45 94
88 52
83 51
1 1243
57 73
5 68
10 1339
83 13
49 79
69 68
70 4
68 92
95 78
43 94
45 55
87 74
39 31
39 44
77 61
5 577
87 79
100 70
74 89
1 1727
98 22
68 49
2 79
11 55
93 62
92 16
89 69
89 56
31 19
9 993
35 14
39 91
27 87
30 81
74 55
28 17
98 49
95 59
95 8
45 78
89 4
39 62
83 3
27 34
29 58
59 63
64 38
67 36
11 84
89 26
8 1253
8 57
56 26
96 96
70 12
48 39
39 64
10 80
36 46
69 82
33 51
17 1113
8 25
11 89
4 92
33 79
15 1122
53 40
27 89
84 12
97 69
15 92
75 26
15 559
93 77
3 83
90 85
56 66
70 70
100 69
44 43
16 87
59 25
100 68
11 35
29 36
99 7
49 98
38 68
87 4
17 1120
22 18
9 15
28 3
33 6
12 6
60 34
22 10
64 97
86 22
6 73
13 65
100 66
32 98
44 87
44 42
34 32
33 71
99 8
55 1
33 39
95 50
70 40
91 64
46 70
32 74
71 51
44 28
80 71
9 18
30 31
1 49
30 87
38 97
28 4
14 92
6 1144
88 37
36 53
17 50
73 58
93 26
29 14
25 75
76 75
72 52
20 17
9 7
4 23
71 76
16 59
88 13
65 77
37 98
31 76
10 98
13 1462
1 79
11 585
100 41
61 48
35 8
100 42
43 35
24 56
28 97
56 26
77 10
15 33
43 31
4 1196
39 42
87 8
73 25
15 17
62 82
44 76
35 85
23 40
99 98
5 12
90 99
39 11
21 40
18 1766
21 38
82 38
46 19
73 16
6 1538
46 11
34 64
72 73
45 4
28 50
48 29
72 100
83 27
24 38
38 32
78 57
68 48
29 26
64 64
40 72
15 1857
78 46
83 48
81 78
100 37
33 97
37 41
15 1810
71 59
57 80
66 83
91 97
38 17
12 53
64 64
76 83
9 15
49 79
47 7
17 828
76 28
94 35
77 18
10 55
69 24
66 2
87 63
36 72
94 27
3 27
9 1828
41 20
80 24
9 42
21 49
31 60
94 91
58 89
23 47
16 49
14 68
88 81
59 45
4 37
51 33
22 61
79 19
59 99
22 39
25 25
64 17
97 19
71 12
40 35
58 25
91 87
5 88
45 87
79 10
51 14
99 13
5 5
91 85
30 36
66 98
63 33
12 48
59 88
20 21
34 94
74 89
86 40
73 74
32 85
7 622
76 58
5 45
19 46
34 56
78 36
95 23
97 25
74 54
65 86
88 11
84 78
8 72
45 98
80 16
86 34
14 1415
78 29
90 38
37 47
59 16
18 1729
99 31
70 63
13 27
71 3
55 8
39 15
56 42
27 33
3 1056
44 70
2 42
27 44
62 67
88 98
4 31
8 89
36 74
30 36
73 74
76 84
13 13
80 98
20 81
44 28
17 31
66 95
21 8
6 20
2 93
79 76
61 6
52 23
100 38
25 32
22 77
54 98
15 46
29 70
32 30
37 97
24 39
34 72
63 40
37 58
73 21
18 22
45 46
8 94
99 57
17 72
83 29
63 21
48 69
54 9
6 48
16 51
19 55
78 8
21 70
72 47
8 83
33 75
24 21
7 72
58 59
97 97
12 69
24 56
26 66
44 51
60 52
1 57
29 74
74 43
38 14
14 609
44 64
82 11
60 91
42 20
50 82
95 19
57 40
49 2
48 79
62 40
64 52
19 33
92 47
84 73
90 31
99 81
17 100
9 623
58 52
26 58
14 47
20 619
49 65
91 64
64 75
61 17
91 20
44 48
34 59
28 85
96 45
77 23
9 96
8 35
71 42
58 29
2 5
27 82
58 31
1 83
40 21
21 34
71 67
31 19
5 59
61 97
30 99
73 58
77 47
39 50
50 67
90 45
59 74
50 31
32 8
75 48
62 47
23 28
18 47
96 6
2 64
14 91
24 80
11 59
21 25
94 21
20 88
74 81
72 2
78 70
26 63
12 74
50 55
97 81
42 92
6 13
9 29
23 90
30 22
85 75
61 92
15 1682
27 19
72 65
81 19
58 79
46 65
42 17
32 58
63 11
89 74
34 21
28 2
16 928
96 32
100 78
10 74
13 1951
73 59
82 27
96 40
51 73
17 1304
46 46
47 54
86 44
51 11
55 82
61 86
81 32
91 9
21 77
11 72
8 555
92 93
43 42
27 57
89 57
37 58
58 14
52 68
77 84
43 87
2 1802
41 36
38 18
79 98
51 61
5 88
3 56
84 40
52 27
53 81
28 92
97 24
99 34
65 35
100 34
5 67
25 72
32 18
96 75
98 100
42 41
64 54
89 45
37 82
90 62
30 1
73 91
100 28
81 20
1 74
42 14
11 92
42 62
80 31
41 90
44 22
36 18
44 97
27 61
87 96
96 77
6 52
36 71
47 62
70 39
35 5
3 29
95 62
66 74
98 55
92 62
59 14
6 1518
32 6
47 47
3 22
61 58
71 37
2 49
41 30
5 697
44 62
4 21
13 1908
75 44
44 10
8 97
62 61
87 59
86 58
48 8
35 87
91 61
35 78
33 49
60 51
69 34
35 29
54 13
86 59
85 83
97 26
45 24
98 43
29 31
43 70
52 64
89 40
14 59
6 64
82 69
85 21
1 77
37 90
15 1829
75 20
80 51
56 92
88 32
19 9
41 49
35 91
5 48
31 62
70 68
89 96
42 64
90 54
75 76
48 28
76 12
15 1883
2 1478
72 36
60 52
24 35
14 5
3 1586
65 75
79 63
17 30
98 95
63 35
69 6
34 84
11 30
43 77
65 87
66 22
82 60
83 47
58 22
16 50
39 94
40 35
37 70
27 41
82 99
79 23
2 16
81 26
8 1876
12 74
24 79
77 21
72 25
100 65
42 78
35 92
64 39
73 92
3 73
5 634
35 27
71 79
46 69
46 8
65 7
4 1270
63 29
46 19
93 54
73 3
13 68
31 47
13 688
2 89
10 88
45 87
80 11
63 3
77 13
85 97
26 28
1 43
13 17
97 5
52 7
6 94
83 96
15 98
78 86
37 68
27 83
65 64
7 98
72 3
10 71
23 57
9 983
24 100
68 75
25 63
48 54
33 94
8 61
12 90
34 83
19 1410
56 77
13 93
79 3
33 41
19 1436
4 30
85 83
13 58
53 34
36 41
18 3
87 81
2 90
48 40
24 49
28 72
12 3
82 98
51 27
73 26
5 54
31 88
48 77
24 80
8 2
96 30
56 74
15 62
7 71
89 56
31 62
14 99
12 1464
61 64
98 39
53 41
16 93
34 73
65 50
20 27
21 14
35 4
7 59
22 3
82 44
82 7
1 27
93 98
63 57
51 5
17 23
67 10
34 92
64 99
91 42
41 93
59 28
46 15
55 6
17 99
87 70
37 67
31 97
91 21
49 30
80 88
44 61
64 75
14 60
8 62
36 53
34 73
42 66
42 11
8 28
75 9
23 70
8 54
19 58
37 26
11 58
35 81
4 87
96 1
99 31
94 28
36 45
9 59
91 94
42 50
26 9
29 63
30 69
8 57
20 36
30 50
39 44
63 96
93 76
52 56
22 58
80 28
86 80
64 75
21 91
45 7
90 35
95 60
4 12
9 92
32 37
14 21
43 24
87 23
9 21
93 55
32 3
96 17
2 65
22 96
89 67
79 25
3 11
70 87
38 81
22 46
99 36
76 77
36 93
44 12
28 32
57 2
23 91
65 11
72 76
96 81
9 70
62 10
42 92
12 81
70 54
73 28
78 54
12 77
11 3
38 74
5 31
42 57
86 43
58 47
16 4
26 9
36 71
18 14
96 47
73 52
91 11
94 82
100 80
26 4
89 45
27 11
82 5
12 36
43 73
54 81
59 68
3 42
15 42
100 12
67 75
1 975
25 39
44 28
99 72
35 93
33 1
3 54
29 1
18 43
12 1
44 5
44 3
47 71
3 1240
91 49
71 74
51 29
36 83
71 53
28 84
11 1432
49 63
9 88
88 66
92 88
62 20
46 34
94 29
28 14
45 45
12 3
63 8
21 35
55 30
14 31
56 80
40 83
16 85
84 80
57 77
80 37
79 84
52 32
26 7
91 54
42 32
49 81
93 82
18 1909
71 33
20 17
2 45
19 48
28 56
41 10
62 35
42 76
86 95
8 15
13 1167
82 91
13 1709
36 48
3 78
26 99
49 79
10 9
65 33
16 15
45 88
21 62
95 51
5 877
25 93
73 9
4 794
66 24
21 89
5 10
95 42
91 74
24 26
11 1974
61 73
3 81
88 47
23 59
44 8
25 94
30 73
65 48
7 36
48 42
100 96
61 13
73 93
100 26
70 73
37 77
7 552
66 61
15 1320
10 94
88 84
34 30
82 2
52 60
51 6
54 43
8 69
46 47
44 68
31 94
93 84
56 40
33 26
33 82
78 50
29 34
57 27
7 22
45 81
63 63
55 16
96 28
23 27
79 60
95 5
44 100
16 36
9 48
9 12
77 74
70 41
48 95
10 55
51 95
99 6
60 12
4 37
6 74
57 10
99 56
88 19
2 45
55 47
73 96
34 27
84 96
1 29
90 5
91 69
97 62
5 67
97 84
92 41
79 46
75 95
86 46
75 45
42 31
46 93
83 56
18 56
16 86
83 2
79 62
18 80
81 7
91 74
74 68
39 32
47 35
24 23
26 2
48 80
30 21
98 97
81 58
14 16
50 26
23 62
4 84
98 39
79 81
52 20
89 79
9 26
3 1500
26 24
83 22
20 96
72 69
18 29
16 1824
39 6
100 30
68 65
8 85
32 88
58 90
81 4
70 19
56 24
5 26
48 20
4 55
34 46
97 16
36 64
99 13
99 93
10 26
2 48
96 31
40 58
53 67
85 10
49 83
31 33
62 85
83 56
2 80
33 5
100 84
90 83
23 10
51 65
11 1386
31 94
83 52
18 88
63 49
4 22
74 11
19 74
51 93
29 18
5 71
48 8
64 81
3 35
98 53
26 6
18 1613
93 35
65 15
61 1
29 44
65 97
43 33
91 81
48 52
6 872
75 37
47 87
86 47
98 47
50 51
94 93
80 92
32 54
12 80
42 41
35 75
37 42
13 66
38 67
7 1787
17 89
37 27
80 92
19 23
34 79
57 49
75 57
26 13
22 64
36 58
55 9
86 60
30 42
97 41
85 64
74 6
71 77
32 50
59 52
68 23
81 53
4 96
99 67
64 6
15 27
93 7
50 33
3 69
5 24
87 51
67 79
21 12
75 77
99 70
91 87
60 7
55 19
66 43
38 72
28 82
53 52
92 32
66 93
82 46
40 72
50 8
7 51
10 100
81 10
65 3
78 75
13 62
21 50
28 41
28 19
87 77
20 99
78 51
90 97
24 22
16 2
8 27
96 86
91 30
6 97
87 24
2 37
13 67
4 66
39 60
40 100
8 70
82 91
5 44
41 15
21 14
55 52
48 65
31 13
87 61
64 19
60 39
52 22
84 21
87 79
79 92
71 97
7 29
8 43
12 93
82 3
24 96
19 71
17 1238
66 25
77 67
64 63
67 13
89 85
67 80
6 24
80 36
26 49
39 14
85 80
66 63
3 597
91 31
13 80
13 1626
29 91
29 50
49 82
32 64
18 1415
87 13
63 55
34 18
45 41
70 49
45 62
15 1081
93 96
15 1794
56 34
10 21
92 51
19 96
29 85
80 36
37 76
86 9
59 71
62 76
24 74
95 2
6 714
35 53
37 32
44 70
9 1142
18 74
72 71
24 29
49 89
35 93
63 41
11 44
21 10
7 34
33 44
65 72
85 28
77 40
80 56
40 62
87 12
71 6
10 9
67 48
2 93
46 84
52 56
13 16
59 60
27 82
59 17
90 2
62 86
48 49
33 71
9 1176
65 74
4 93
61 61
65 63
38 85
23 54
28 58
58 47
81 87
60 1
75 70
66 14
36 92
6 25
5 27
74 3
29 30
15 36
40 51
30 75
12 71
43 58
94 90
23 30
70 39
5 6
12 83
83 76
52 6
44 5
19 8
16 80
47 98
31 69
19 1484
36 34
5 74
59 51
46 80
86 60
18 3
20 49
3 73
6 95
77 25
7 52
79 49
5 55
73 87
71 51
17 631
85 57
13 9
80 70
59 39
34 99
84 75
70 21
16 75
87 81
65 26
87 34
54 12
11 23
3 1239
86 5
98 56
74 27
96 55
43 88
11 86
66 9
14 88
13 11
71 3
91 13
71 62
1 4
47 19
96 100
71 54
33 99
32 56
84 62
65 68
90 94
17 13
100 42
11 67
85 39
87 74
75 92
9 1415
40 37
37 66
39 78
77 41
34 73
64 4
73 47
29 60
26 42
10 1189
94 48
90 52
60 10
36 60
61 65
60 13
83 78
8 64
31 67
67 76
39 19
14 80
31 95
28 65
82 44
31 88
90 31
18 34
69 62
64 74
88 58
60 50
100 39
79 35
37 43
85 11
94 38
61 89
65 23
20 79
98 96
11 70
9 82
57 58
46 81
19 1096
16 70
80 10
28 61
98 88
47 37
18 32
11 20
29 31
45 48
45 15
11 18
86 30
62 49
79 31
49 3
2 6
91 81
100 41
32 40
27 23
85 3
25 29
87 63
1 25
96 60
36 59
11 46
57 93
19 1368
57 78
29 91
11 89
88 87
57 3
9 77
34 23
26 86
71 48
63 5
6 1470
67 14
25 23
8 14
29 62
56 53
57 16
82 19
46 85
56 8
13 10
24 59
92 11
89 91
62 22
93 35
85 50
97 32
3 33
41 94
92 99
11 10
69 84
2 87
99 49
77 39
62 15
84 71
55 24
15 868
46 28
77 9
51 28
23 50
84 22
79 41
78 54
92 38
12 60
2 1469
48 97
24 21
46 49
9 1744
13 11
7 70
19 502
49 12
55 53
38 26
89 6
46 51
48 87
9 41
99 38
98 35
38 79
17 1699
82 58
44 3
97 18
79 85
20 63
99 97
1 86
3 84
30 37
78 91
47 73
41 48
100 81
94 70
65 69
97 30
36 28
29 31
55 51
71 21
77 95
9 4
8 98
17 100
6 54
7 85
77 92
57 43
5 19
66 71
21 99
86 28
9 25
17 16
64 12
28 87
15 12
65 49
83 22
44 100
94 40
29 95
85 48
94 20
74 16
1 68
42 1
9 43
29 50
97 52
79 64
5 44
57 7
38 13
21 95
15 12
14 1585
97 87
23 7
49 68
63 9
43 5
86 95
71 85
59 72
49 59
51 71
25 35
65 7
33 44
21 34
59 98
13 90
57 33
4 18
86 5
57 100
45 70
46 100
37 2
93 73
77 15
41 97
2 79
14 27
13 92
16 91
58 24
9 30
38 97
58 43
23 90
32 53
43 37
46 74
42 24
44 47
96 96
66 58
8 6
80 39
38 91
66 3
92 29
94 24
69 72
29 85
2 75
14 42
74 84
38 28
58 14
2 98
78 25
59 93
16 25
90 68
26 35
25 100
51 49
15 83
35 42
25 38
46 35
77 30
70 63
87 58
20 77
65 58
5 15
80 82
96 96
42 57
45 36
87 24
88 32
14 8
67 9
89 7
79 49
93 44
79 86
88 62
15 675
56 10
9 1793
61 18
98 29
24 92
86 17
100 77
39 74
20 10
24 66
84 60
48 39
94 28
23 17
20 67
10 85
27 83
99 100
58 81
20 92
43 36
96 56
59 23
8 43
63 16
48 81
38 91
55 60
26 67
26 4
100 53
33 28
24 62
61 70
82 57
47 53
98 38
81 33
85 79
17 47
57 99
21 38
16 85
2 78
43 7
35 52
63 63
21 89
33 51
20 95
40 80
28 38
16 2
51 3
35 80
30 70
98 35
73 22
36 81
75 1
50 26
35 33
59 29
73 87
47 54
41 85
19 39
44 91
73 69
4 17
12 37
81 19
24 55
28 73
82 97
18 61
14 76
97 11
38 1
99 79
16 57
29 33
26 16
11 1851
79 87
12 96
12 27
28 21
36 17
47 7
54 22
85 94
34 91
13 2
57 80
80 44
5 38
76 71
8 1786
29 6
31 39
87 22
10 77
6 45
66 47
43 25
23 57
18 1850
39 87
12 58
30 100
7 43
92 90
55 16
89 100
23 76
66 63
1 27
2 48
2 79
99 85
56 69
86 73
32 76
20 70
95 4
64 71
24 59
70 74
39 57
4 17
100 13
77 78
65 93
5 57
43 76
60 69
79 14
26 98
50 55
42 23
55 97
56 97
33 64
9 64
97 96
55 91
26 26
49 74
57 38
79 57
47 11
64 59
65 81
18 789
83 80
11 84
94 8
58 39
80 10
32 64
61 55
31 74
60 94
78 47
87 30
2 69
37 67
17 95
79 66
86 21
58 17
33 15
94 17
90 32
41 78
90 64
97 22
19 56
38 90
5 60
97 12
36 52
68 70
13 44
66 89
50 49
23 27
11 96
7 87
54 88
94 12
19 41
84 61
54 5
96 39
22 43
7 73
32 5
38 37
86 91
70 25
95 6
18 57
63 93
37 37
11 86
4 9
33 11
29 41
93 50
37 22
25 4
28 1
56 91
90 47
46 89
