2000 50807
34 46
48 32
76 69
97 91
35 73
71 3
35 35
58 18
60 25
45 54
5 91
72 7
95 88
88 23
61 98
37 58
73 18
75 71
48 91
97 10
91 94
17 72
4 100
78 49
36 46
88 67
1 77
41 67
96 37
3 15
31 6
29 34
50 98
6 26
25 76
84 70
76 29
12 63
93 40
88 5
8 16
49 30
11 11
3 55
88 5
23 8
91 12
12 22
49 78
90 55
8 31
39 23
7 26
64 30
68 23
42 71
51 48
21 51
34 90
46 36
23 65
65 95
74 70
72 14
70 72
51 45
7 84
98 52
14 7
51 75
37 56
21 74
99 4
99 18
23 29
38 8
21 26
14 92
50 81
22 55
3 46
57 11
60 30
61 24
20 92
80 52
3 46
70 91
100 55
88 35
67 27
22 71
52 81
93 48
45 85
74 53
43 92
3 20
23 4
56 51
53 94
11 60
28 76
3 49
61 77
51 56
40 57
81 54
16 48
41 37
2 61
70 45
98 100
14 90
31 20
69 43
45 93
85 66
91 34
44 47
72 100
57 60
17 70
76 81
49 7
13 54
1 33
43 50
15 25
75 88
50 52
19 18
37 47
78 80
73 66
97 76
80 35
64 74
29 81
47 34
5 63
83 41
16 31
54 62
96 82
98 50
22 56
40 27
34 15
64 89
35 25
58 67
21 100
3 94
33 47
21 58
15 99
85 31
16 60
81 23
59 18
65 11
99 92
95 17
94 42
23 10
43 44
73 77
86 83
71 24
71 62
90 97
53 17
87 92
43 10
100 98
36 42
17 66
91 24
22 8
80 6
25 49
79 74
52 6
27 94
63 72
73 15
93 93
47 2
40 74
73 15
57 72
4 37
23 7
3 40
50 78
45 68
45 35
22 54
83 2
15 58
93 68
72 99
20 26
31 59
67 8
19 24
18 52
83 73
10 99
39 60
62 31
34 99
17 85
14 36
13 93
79 57
38 2
57 85
77 10
77 76
82 51
33 33
32 64
56 9
35 24
81 41
53 76
31 58
55 47
35 78
98 68
99 14
6 76
17 93
81 24
24 35
35 68
98 76
6 60
96 19
89 87
20 90
82 17
5 71
85 77
46 61
36 27
22 78
2 45
12 89
50 5
83 96
97 21
33 68
91 56
83 97
14 61
43 32
14 54
20 7
77 61
11 21
18 72
34 88
79 66
98 95
58 22
65 33
47 22
63 33
61 3
35 8
82 22
42 20
92 79
66 98
87 80
27 57
39 28
88 77
90 45
40 32
23 24
86 18
73 52
13 79
69 14
86 12
7 62
34 19
5 70
83 22
96 92
74 93
16 9
74 57
23 87
73 83
38 41
69 9
36 15
50 44
56 16
69 37
91 15
47 46
87 86
29 46
25 3
77 65
69 22
66 99
17 97
91 45
4 16
89 100
55 76
72 81
26 11
61 37
57 52
30 80
95 59
52 43
55 72
10 19
77 51
77 10
83 1
66 43
45 70
70 68
16 38
52 38
90 56
58 4
98 83
76 93
87 50
74 85
53 58
55 71
40 84
21 6
97 68
43 51
9 5
51 43
66 84
34 15
63 31
74 35
15 46
57 89
25 29
69 69
18 60
53 79
45 30
52 12
18 73
41 100
73 79
85 11
93 37
63 86
43 14
42 19
90 79
29 63
68 56
94 36
83 86
7 91
14 93
79 5
1 93
22 97
81 99
18 76
7 11
95 29
91 62
21 8
3 70
67 90
89 28
20 29
19 20
85 57
24 92
88 93
78 8
96 71
73 55
22 96
58 8
67 68
63 67
100 86
95 83
30 22
93 73
29 20
88 64
7 65
59 76
88 56
28 61
39 74
57 84
35 23
85 54
47 45
7 82
87 23
13 87
48 9
58 3
83 6
32 18
33 95
23 50
9 77
29 17
95 4
30 73
38 24
61 24
45 39
37 10
7 6
26 12
30 34
35 77
14 75
88 99
93 52
53 82
67 11
83 77
10 65
53 34
19 30
8 62
60 67
57 5
73 48
7 76
14 7
7 53
90 45
99 1
29 3
99 21
27 17
75 58
80 93
16 41
35 81
76 83
53 2
93 38
2 94
34 35
27 14
15 20
21 85
71 17
19 2
87 96
5 45
80 18
40 81
23 75
88 79
51 99
79 79
60 26
57 26
45 85
66 31
46 70
43 38
47 33
96 91
21 6
21 42
28 35
36 98
8 23
3 70
40 51
100 60
4 63
25 86
79 26
70 35
97 22
1 94
89 88
84 69
6 39
68 5
75 1
28 65
55 84
77 100
59 95
66 61
85 25
3 31
84 91
30 47
97 68
30 75
78 89
17 26
2 17
5 23
4 23
9 39
59 92
96 74
9 50
63 7
20 11
39 27
32 41
17 84
39 73
72 28
52 53
96 63
40 84
78 53
76 27
46 67
6 4
34 21
12 28
90 29
36 51
47 70
71 75
84 71
28 45
100 63
100 96
29 61
4 37
55 70
38 51
15 81
50 43
98 52
77 39
22 53
36 79
60 31
90 37
26 51
32 10
93 41
22 13
71 93
22 45
97 91
68 12
27 49
30 63
31 91
16 29
17 13
77 60
38 55
100 35
4 4
38 69
51 30
33 16
93 57
5 100
22 66
7 37
7 94
19 18
35 27
28 99
54 48
95 57
69 87
31 50
26 66
61 27
52 14
48 59
82 71
48 4
15 22
60 71
29 66
98 12
27 51
45 30
74 23
64 5
96 65
30 27
1 25
46 46
14 94
46 82
51 97
35 60
52 70
57 91
53 29
87 97
36 89
58 76
33 5
4 27
88 77
10 71
16 53
92 90
57 81
97 75
91 93
23 2
8 98
20 10
20 65
34 48
16 39
46 87
49 5
12 55
75 65
50 29
57 53
88 59
47 62
59 49
22 70
98 32
67 91
26 98
36 80
2 31
35 25
68 84
57 57
74 1
77 6
72 61
65 90
85 86
20 36
56 34
60 39
27 85
75 43
31 3
12 32
42 33
76 42
61 36
53 40
2 6
62 17
10 92
89 16
8 78
20 40
62 85
57 61
87 83
39 82
93 40
40 13
73 58
60 76
97 70
47 58
89 81
20 30
11 99
73 67
92 17
18 32
32 57
70 1
44 26
63 12
82 85
86 11
38 53
94 72
38 50
92 10
55 88
99 41
80 26
14 18
19 32
94 62
70 78
57 14
32 96
62 70
96 79
5 53
74 45
44 48
3 63
62 25
16 29
65 61
34 43
7 98
83 45
18 100
76 50
26 22
80 63
9 34
63 84
69 15
2 6
1 33
60 76
8 45
51 25
92 53
21 62
69 9
85 15
91 92
77 74
68 10
4 61
73 52
24 14
77 57
68 51
26 76
90 33
83 32
91 89
76 28
89 29
25 85
93 79
17 78
2 6
24 41
77 64
65 90
44 7
79 69
17 74
56 82
38 65
67 51
99 35
59 27
88 59
35 1
1 70
64 84
2 62
4 82
88 36
26 75
33 38
8 38
3 3
22 22
90 69
45 43
97 49
31 97
21 27
41 79
99 27
23 84
64 19
75 90
39 25
60 25
5 58
55 51
15 7
43 22
73 1
13 93
53 100
60 11
99 45
53 69
76 94
100 6
8 2
15 81
77 80
40 91
22 19
80 34
14 13
64 87
76 76
10 13
46 36
97 2
3 92
44 62
71 38
66 62
70 51
9 62
77 87
75 60
15 64
91 45
17 33
87 64
55 89
69 85
99 26
53 33
73 53
26 20
5 38
80 7
40 52
81 69
72 97
14 70
12 3
85 61
29 9
40 30
46 26
74 44
36 84
48 17
69 5
6 21
66 30
38 7
66 34
42 16
12 66
80 98
85 12
80 50
66 61
91 100
100 34
16 87
44 32
72 39
41 58
100 69
52 45
33 9
80 90
23 41
46 31
44 92
59 54
74 39
83 21
4 79
99 82
70 4
52 47
67 38
75 76
17 76
56 44
40 10
10 44
20 61
71 7
94 55
99 10
36 19
85 55
99 44
52 57
80 38
22 82
44 14
79 7
25 26
76 75
10 96
99 18
21 5
53 39
57 71
46 43
87 11
61 49
96 76
56 15
64 95
14 13
82 42
32 23
70 8
73 51
41 66
89 68
43 9
35 20
39 77
31 28
71 26
37 72
82 36
50 64
59 53
25 2
28 22
35 30
53 76
37 69
34 100
73 32
42 59
90 70
71 26
80 69
2 71
66 1
88 35
65 17
80 65
69 77
96 39
1 72
94 79
37 56
41 91
36 88
23 28
79 19
66 67
93 53
16 91
99 2
94 68
26 95
76 3
21 41
60 25
28 30
9 9
45 76
52 61
2 19
35 45
22 86
34 88
36 67
40 38
21 22
1 84
71 2
41 50
48 74
23 25
34 29
36 30
63 15
70 16
10 9
41 34
87 82
2 61
8 76
38 83
47 81
85 70
65 38
67 21
97 46
92 67
28 82
41 21
95 80
81 100
75 18
69 65
14 39
63 84
8 55
34 61
15 19
30 56
75 10
62 93
52 81
60 90
98 74
14 95
29 5
59 82
54 80
68 38
61 94
14 55
5 73
7 26
98 25
69 10
26 47
94 22
12 28
5 80
35 43
6 7
85 31
61 60
74 24
51 70
23 95
33 78
36 82
37 14
14 33
62 43
51 6
65 65
22 33
100 31
78 12
2 37
58 64
84 43
69 27
70 57
97 98
25 99
29 35
46 74
93 8
6 33
40 95
56 87
10 12
26 37
62 94
46 94
86 48
87 17
96 63
61 43
72 46
84 44
49 8
85 30
45 87
99 13
2 95
66 71
50 95
31 58
68 59
8 58
14 100
88 85
77 66
62 97
13 83
57 52
8 22
57 42
62 84
99 17
13 29
23 95
76 5
26 74
69 41
13 5
64 42
16 3
73 99
35 87
99 99
74 6
72 16
96 85
72 70
73 62
61 55
22 64
3 71
80 65
81 73
69 71
68 50
9 90
82 19
80 84
66 42
89 93
36 26
27 25
39 9
100 6
2 72
14 65
25 79
70 12
27 69
89 20
37 14
51 67
75 58
88 12
24 72
46 25
83 48
48 41
70 87
95 54
69 56
73 9
27 19
1 28
93 31
94 20
9 18
74 2
25 3
26 11
15 94
12 28
5 35
53 2
12 85
6 58
19 66
88 63
27 69
45 87
28 34
63 35
47 53
3 43
2 98
71 77
100 68
84 98
18 17
70 6
31 51
38 73
94 14
57 21
38 52
86 97
2 40
98 21
11 98
26 43
24 31
25 91
89 22
28 18
30 92
100 59
33 75
48 9
40 21
11 44
44 47
67 7
73 78
90 100
69 1
75 27
12 76
21 68
10 24
29 44
90 25
92 75
18 68
35 39
100 47
7 20
72 35
1 39
57 92
82 84
78 33
80 23
59 74
67 54
59 40
88 17
18 12
43 14
87 25
57 85
53 9
30 72
24 43
77 38
71 23
44 43
3 65
83 50
64 63
13 88
63 45
5 87
56 14
81 13
91 77
56 13
39 84
62 63
8 51
95 75
96 46
86 83
26 49
54 19
52 88
84 40
41 87
69 52
78 6
79 64
78 88
30 14
8 35
53 82
7 4
30 9
48 24
9 20
64 10
12 38
73 59
27 54
68 77
81 73
59 66
59 53
36 37
49 1
72 68
43 87
44 76
67 65
28 21
69 76
20 36
31 8
5 16
12 22
52 11
82 21
42 85
81 98
12 86
49 71
33 79
70 89
31 79
80 55
78 8
94 40
43 92
3 67
72 94
63 20
83 91
30 11
21 73
70 27
79 12
44 92
12 65
74 39
11 56
92 85
42 14
82 91
22 44
46 29
46 65
25 55
80 1
87 49
5 52
91 87
88 20
37 83
60 75
18 50
69 37
89 83
63 90
63 80
43 1
35 35
25 100
25 91
64 45
97 24
94 69
94 56
41 67
58 33
67 94
51 22
49 69
61 8
84 65
22 12
58 88
29 29
47 18
37 89
16 29
3 22
79 75
3 100
40 4
90 1
72 50
60 92
31 35
34 91
22 71
73 35
68 25
47 22
50 77
84 69
43 97
43 45
77 77
83 63
100 77
96 70
85 85
100 97
8 29
69 1
22 9
17 17
97 81
20 26
6 5
64 9
22 47
84 31
66 9
13 2
26 31
89 10
24 93
56 66
23 52
46 16
80 100
90 28
44 37
29 77
25 48
86 34
24 73
54 24
21 96
75 2
49 94
5 32
75 98
8 74
25 84
48 58
24 90
74 64
19 36
29 46
37 25
92 34
65 76
55 33
5 36
90 7
43 94
28 28
97 24
65 97
25 95
76 75
7 24
68 32
57 3
83 23
54 17
80 76
36 47
26 64
54 77
36 92
82 48
80 26
43 65
7 31
79 84
19 7
80 95
97 19
47 52
16 19
89 52
63 28
70 3
45 87
4 86
65 48
24 67
100 9
81 44
49 13
28 35
39 19
16 44
36 38
22 41
21 12
15 13
57 39
46 28
20 41
93 30
80 75
52 66
87 47
86 5
30 49
5 53
65 99
79 19
4 4
32 69
67 71
66 83
54 71
63 9
70 20
18 70
86 27
21 80
50 13
86 40
100 15
89 83
54 35
35 52
10 24
74 99
1 64
18 14
72 26
73 4
62 96
51 100
24 21
49 42
88 4
5 70
53 46
4 55
83 40
8 49
35 75
1 10
74 84
40 98
15 71
95 3
57 67
1 49
15 83
59 32
38 88
67 97
47 14
91 75
1 100
8 89
17 73
54 63
25 3
40 98
26 18
39 98
90 49
1 90
87 91
29 4
5 11
91 36
32 10
40 51
99 84
66 85
40 12
24 19
6 82
55 82
18 22
14 100
7 31
84 56
72 31
96 70
50 4
70 97
87 44
3 3
77 85
55 68
56 17
54 39
94 65
33 34
92 36
35 65
33 23
30 26
63 69
89 86
20 61
94 78
28 36
18 97
59 62
20 47
41 67
16 95
26 29
10 88
82 47
84 11
46 95
53 77
79 80
95 98
75 73
17 24
49 100
51 10
71 91
56 16
56 48
16 8
88 1
47 84
50 72
20 76
76 61
12 92
9 61
96 74
57 70
88 48
65 22
68 83
7 94
58 88
83 30
32 74
19 28
16 76
67 84
64 22
21 4
46 64
11 72
95 29
14 39
59 23
45 38
37 81
15 91
1 85
52 40
54 91
99 20
54 64
74 18
27 33
17 55
34 30
74 58
74 76
73 77
38 79
93 11
80 71
47 66
27 92
63 44
18 45
43 67
82 80
81 19
63 22
27 43
91 90
57 50
92 33
2 64
53 87
28 13
68 54
5 24
32 53
21 97
56 95
37 16
46 14
82 27
53 22
31 96
55 84
78 98
4 72
44 14
70 60
35 94
43 32
97 51
49 90
60 76
39 69
30 69
40 94
53 90
8 63
83 35
61 40
100 95
36 99
13 78
79 59
3 52
70 1
10 63
23 48
25 96
46 78
69 14
58 74
51 52
51 61
12 10
28 1
54 32
7 23
50 60
88 78
49 54
98 10
37 19
8 30
36 30
18 39
100 75
40 19
26 1
82 10
100 10
25 47
69 60
64 88
3 5
71 63
85 40
65 20
45 63
9 87
62 49
65 76
18 61
12 100
16 88
29 22
92 100
69 71
36 44
41 59
9 48
84 98
38 20
97 18
44 79
25 49
14 56
43 53
16 68
39 56
76 14
15 29
63 54
44 25
30 16
18 11
66 88
15 56
82 30
10 50
75 94
43 78
27 77
93 54
7 78
42 64
73 75
98 77
62 34
60 71
90 88
70 34
96 68
79 59
18 51
39 98
3 8
32 7
33 2
18 27
22 62
8 68
84 55
37 68
3 92
65 23
54 78
68 31
31 30
87 7
29 80
6 23
81 84
55 56
50 77
87 13
48 71
22 3
84 42
10 5
82 73
25 29
31 38
29 92
3 87
49 40
67 41
5 46
32 46
51 43
74 24
53 60
58 10
9 79
89 27
12 53
26 1
94 4
31 84
56 30
80 62
11 63
61 52
61 97
66 71
62 80
99 10
13 93
84 35
83 3
74 97
17 59
59 83
57 86
45 3
62 21
57 26
63 43
18 67
88 23
13 85
44 90
92 82
22 46
4 20
33 8
33 99
29 72
78 63
15 82
85 1
58 24
25 96
97 5
70 73
42 18
59 36
68 34
55 11
42 70
2 36
80 7
10 81
61 18
36 45
6 83
74 38
44 22
68 25
91 56
31 44
80 62
34 46
75 78
53 7
38 65
59 85
37 57
66 89
36 100
51 38
2 89
45 75
75 86
99 45
66 47
17 3
57 33
86 80
23 13
50 54
87 15
54 72
59 34
99 84
42 68
64 16
72 22
85 89
83 93
63 77
68 84
14 6
48 74
42 61
66 12
37 91
52 98
2 21
55 79
39 97
52 58
56 19
36 23
78 95
54 16
1 70
46 98
10 48
86 1
68 10
59 1
25 16
74 81
69 35
23 51
15 48
84 2
47 72
99 88
66 46
61 1
66 72
79 51
60 26
59 84
44 15
97 16
10 33
97 35
51 46
49 81
48 44
6 17
84 4
78 39
12 32
36 73
23 88
21 79
74 25
43 97
32 31
98 40
68 30
52 65
72 91
82 29
36 19
70 14
80 17
1 64
30 66
46 40
80 67
90 92
56 75
75 33
86 59
66 8
72 67
88 57
66 88
71 62
93 73
1 91
48 52
4 4
88 15
23 39
77 34
61 40
17 36
60 64
58 31
84 17
11 81
82 73
65 45
46 99
51 39
96 13
99 14
81 4
93 52
78 32
22 47
49 27
52 64
59 6
66 34
75 82
46 14
83 21
46 44
90 86
83 64
45 95
46 41
70 78
67 34
22 74
31 69
35 21
33 89
40 52
18 37
43 69
73 24
34 33
41 19
24 62
30 46
39 85
56 18
22 97
68 16
77 64
22 75
71 80
87 21
87 60
