3000 45468
24 9
74 69
90 20
16 46
83 9
80 4
86 54
59 14
14 19
83 84
86 88
4 3
15 51
36 26
90 32
84 19
37 63
11 31
61 99
22 13
51 72
76 84
39 39
70 100
37 1
56 59
92 2
46 47
79 31
80 86
89 38
54 91
54 55
78 57
70 88
36 15
58 60
7 41
46 80
71 79
41 76
32 68
26 81
55 79
67 45
15 64
38 49
56 8
26 46
51 47
77 72
28 17
78 30
67 10
97 68
66 82
75 68
88 69
63 80
5 50
68 7
51 17
58 40
73 13
28 25
27 27
60 27
85 85
34 19
6 59
55 15
74 95
89 78
80 95
29 25
55 22
47 10
18 73
62 29
24 7
20 72
39 100
51 24
49 53
57 61
100 91
14 35
83 81
39 12
76 66
87 30
58 70
26 35
45 22
30 82
54 59
71 48
90 8
90 43
56 19
47 18
45 9
82 65
35 95
76 3
10 89
41 17
74 64
79 61
3 45
97 71
51 32
93 97
100 46
99 37
1 57
99 88
65 71
84 37
89 99
92 88
70 19
47 68
70 74
66 40
28 49
75 33
37 39
69 9
64 27
44 57
15 26
60 36
25 21
1 73
88 90
86 9
94 89
61 6
17 22
96 85
10 28
67 5
40 81
9 73
17 41
92 38
59 60
33 63
75 26
47 11
25 3
97 44
45 30
46 76
62 35
73 31
20 60
50 74
41 91
35 39
46 82
8 16
47 26
70 3
60 40
34 67
56 63
53 28
46 24
72 36
100 13
55 51
90 93
39 45
15 23
6 85
83 34
25 35
39 100
57 60
24 45
15 2
5 55
68 26
12 29
19 90
92 56
31 41
20 15
85 46
17 79
65 96
44 14
63 56
35 50
3 53
48 22
42 65
56 81
46 46
65 52
55 45
100 48
54 44
46 89
67 71
59 29
28 23
91 57
49 28
36 34
14 53
15 81
93 88
34 78
26 9
11 29
77 34
8 49
30 43
61 79
25 79
47 91
4 92
39 34
33 40
7 97
87 8
74 4
14 77
32 5
38 56
20 73
83 52
91 51
17 13
1 74
1 31
44 35
92 30
2 58
32 20
57 82
68 90
24 60
42 60
94 51
86 88
19 45
53 99
67 83
79 23
29 30
13 73
35 67
68 15
45 12
93 63
6 22
18 68
6 91
37 78
7 75
77 15
71 30
49 25
94 27
72 55
50 56
89 14
15 85
3 65
20 33
71 18
70 55
95 92
13 29
15 5
80 80
31 73
20 55
47 62
61 48
48 84
59 34
95 66
67 51
56 97
39 28
72 72
25 64
44 70
8 50
32 38
21 84
31 31
80 63
66 10
2 85
81 70
54 23
16 21
35 34
74 8
38 91
5 40
68 99
2 19
71 96
100 78
84 44
42 51
98 91
45 43
90 86
8 76
91 8
56 36
63 73
30 87
28 60
88 88
25 56
87 61
71 26
97 91
69 91
50 40
62 100
22 27
83 9
16 75
37 48
17 94
89 82
27 38
73 34
8 32
28 8
44 29
59 10
12 51
37 31
56 52
8 45
26 69
64 28
98 52
34 56
26 52
27 38
13 15
65 39
4 45
51 27
35 16
100 35
20 17
37 55
62 87
41 44
19 15
77 13
30 43
35 61
17 94
8 32
8 94
24 25
35 39
3 74
83 86
98 42
39 57
90 90
5 86
17 77
53 69
55 38
2 32
31 20
33 27
14 99
47 10
36 72
16 25
82 26
36 6
35 42
70 32
97 92
28 37
88 99
73 56
57 31
74 59
89 49
64 62
33 4
64 26
50 100
87 29
98 63
100 41
78 85
88 4
56 79
94 61
92 72
10 16
47 45
74 43
43 94
60 43
21 53
78 65
27 67
54 30
13 71
62 60
23 61
61 14
41 48
62 59
85 70
97 78
35 69
73 70
12 39
68 72
89 47
13 91
54 1
86 62
12 31
31 37
25 17
68 61
76 50
69 89
29 76
22 94
42 83
71 70
33 88
62 35
1 86
60 6
67 16
65 8
73 66
89 77
26 22
13 65
50 87
10 43
61 43
37 56
35 64
24 33
4 79
75 63
36 23
9 31
12 76
100 6
92 20
37 92
19 66
67 69
57 32
99 94
41 14
98 15
70 63
25 1
12 1
22 100
84 6
78 17
38 8
8 23
19 45
63 29
72 88
20 31
25 23
32 82
56 38
11 38
55 14
11 69
37 100
43 89
72 51
48 75
94 94
63 70
36 67
64 59
81 90
92 98
62 52
73 55
90 64
83 66
98 55
53 65
4 66
33 13
82 81
42 73
41 87
100 25
56 53
12 26
72 7
32 75
96 7
79 97
94 64
2 73
90 65
30 64
96 13
13 15
78 90
89 6
75 37
13 8
4 64
7 26
57 58
66 68
80 81
98 21
48 33
77 87
50 37
52 50
61 51
31 69
45 22
53 38
83 45
52 74
65 15
54 52
84 100
12 74
84 48
29 64
65 98
25 64
59 79
61 10
37 78
88 68
1 15
63 14
100 76
5 30
70 92
56 33
70 97
1 24
5 5
69 82
29 10
54 42
20 31
89 13
37 10
16 5
42 2
19 55
68 30
58 16
24 6
3 82
21 89
7 5
83 97
85 86
32 68
41 75
97 95
20 97
28 42
98 61
83 63
80 69
54 91
4 54
87 53
75 39
4 77
92 58
43 20
84 38
97 99
15 3
72 50
33 8
30 59
65 51
3 62
49 88
74 19
26 19
3 69
94 7
85 75
86 65
79 45
68 42
26 91
27 91
87 91
6 85
24 52
69 53
37 53
77 94
72 58
23 6
51 32
27 86
66 15
46 4
10 75
63 13
60 6
34 25
47 72
89 64
98 27
50 86
90 3
72 45
27 4
92 72
17 4
11 31
77 88
47 100
78 72
55 79
74 90
65 14
60 63
49 93
85 18
96 67
26 86
9 27
70 24
28 18
35 12
88 38
25 21
97 39
2 2
84 78
30 15
48 26
73 93
79 93
97 11
62 95
2 90
24 66
5 18
19 93
86 96
82 6
65 44
64 20
36 36
90 33
80 33
47 98
39 26
16 3
94 16
16 63
24 29
15 40
95 80
59 93
2 77
20 52
7 31
55 31
3 29
36 45
3 56
27 21
14 37
51 66
40 68
68 26
26 83
45 85
86 70
12 79
26 42
2 13
27 98
13 77
44 98
58 82
11 26
82 75
73 84
4 42
97 37
97 13
18 33
91 69
7 57
72 9
62 20
13 87
78 39
65 1
100 83
80 46
91 73
65 71
83 11
31 40
32 49
8 94
75 77
69 18
71 24
52 18
23 83
49 73
16 47
66 32
6 54
26 24
47 6
31 90
29 17
95 94
79 54
98 49
37 62
85 10
21 10
99 34
49 96
99 100
63 34
100 30
30 46
5 6
64 100
12 8
35 46
48 100
72 1
61 22
16 18
94 76
64 91
90 52
43 48
79 89
55 35
100 2
4 13
53 40
30 91
32 81
99 85
8 44
82 30
88 99
44 5
54 39
86 32
44 100
52 90
100 65
43 81
82 35
56 70
59 32
45 43
91 67
6 32
16 95
3 40
73 1
62 71
67 31
63 4
4 18
45 71
69 38
3 71
1 83
74 29
85 13
84 16
72 13
44 56
65 97
59 11
40 60
19 35
96 42
83 11
22 24
47 58
78 43
55 11
3 28
36 75
100 53
45 94
93 6
67 47
47 34
65 58
28 69
65 16
79 61
83 87
62 86
100 98
38 57
62 21
73 26
22 70
45 88
96 38
65 77
62 84
7 1
56 89
80 18
54 42
39 51
53 93
1 52
68 46
8 55
3 79
3 20
59 7
47 24
95 77
25 6
45 9
11 34
5 74
62 24
42 46
87 12
23 62
41 43
24 21
84 34
65 68
97 42
80 21
60 57
14 70
41 4
18 57
69 10
72 73
72 51
59 61
25 17
72 2
26 58
84 72
26 32
28 77
42 30
24 55
74 5
18 87
20 16
37 90
22 13
81 91
78 35
61 24
3 52
70 77
84 96
38 37
34 96
33 37
70 57
45 4
46 59
10 12
63 13
14 68
34 84
86 63
73 80
10 53
9 16
98 37
93 24
34 99
78 65
34 53
57 5
3 21
51 92
28 20
39 10
25 4
9 11
68 96
85 27
63 14
37 72
20 75
1 51
22 19
52 63
22 59
67 23
97 21
83 71
81 35
63 41
16 6
66 49
35 20
25 58
74 16
84 9
69 33
59 14
61 73
54 38
67 18
16 94
5 29
94 90
54 55
81 32
2 100
74 51
65 10
65 65
62 74
84 84
17 67
84 45
88 99
38 26
50 67
84 19
20 48
82 53
46 59
88 5
47 53
32 31
64 15
72 68
16 39
33 47
30 33
28 63
86 84
96 2
43 8
42 12
41 91
49 15
22 95
43 42
22 65
38 5
59 7
35 90
22 40
75 73
18 34
9 38
64 50
19 52
44 9
35 49
100 56
42 19
22 6
98 8
73 49
38 20
69 27
40 39
70 66
50 11
68 2
7 2
97 13
62 61
1 65
38 55
62 75
74 60
32 97
35 91
12 16
90 55
70 81
85 55
16 79
87 66
45 45
79 81
58 18
88 53
65 29
9 25
29 71
39 34
7 33
54 72
76 5
27 11
93 10
97 71
29 22
12 63
55 24
25 86
26 76
55 88
62 40
87 50
29 47
93 88
74 93
92 62
34 94
43 73
76 69
49 73
81 90
20 13
79 53
90 59
59 17
44 33
99 84
88 87
82 19
57 68
93 10
57 23
83 30
37 72
5 93
11 51
49 86
59 16
88 88
26 61
66 56
49 80
64 63
94 2
94 67
37 55
37 16
79 13
31 79
12 84
28 85
64 20
83 48
6 89
53 79
41 64
1 21
3 62
80 2
82 39
59 81
72 12
90 14
42 10
9 35
46 6
4 13
9 20
5 74
91 100
34 33
70 29
92 79
49 47
15 82
37 98
86 1
51 97
15 10
16 31
14 32
94 46
31 2
96 79
100 86
84 80
36 94
52 58
86 93
68 96
86 49
97 73
91 59
75 62
38 83
51 93
21 67
93 95
59 64
77 92
84 94
44 96
46 72
27 25
93 42
12 6
63 74
30 94
62 2
29 35
97 76
75 86
23 32
28 78
22 16
74 17
63 57
9 10
25 74
100 50
76 5
10 22
96 74
67 15
37 83
85 56
69 7
57 2
78 50
28 70
85 93
13 96
23 18
82 17
39 72
67 59
93 22
1 45
48 5
6 75
81 79
45 80
80 60
3 10
24 9
53 76
76 78
86 18
61 85
1 51
37 19
89 41
10 73
33 92
7 55
46 7
17 48
75 13
54 8
46 49
54 34
90 53
58 96
77 51
71 69
96 67
95 62
63 42
48 11
43 66
68 16
29 41
87 97
99 28
31 2
62 58
51 55
59 79
47 75
64 91
59 30
83 93
52 31
20 54
67 84
58 37
66 60
36 83
32 49
71 20
81 84
86 82
61 72
91 79
14 33
31 92
86 46
8 46
46 85
86 8
2 63
13 100
66 1
40 11
64 79
48 2
1 68
14 33
6 33
47 42
77 23
16 14
82 86
28 5
36 67
100 22
37 41
53 78
35 4
69 89
23 97
68 87
54 71
35 20
58 18
19 55
18 11
95 63
78 52
63 95
32 22
80 14
75 47
97 74
19 24
38 77
97 76
20 92
4 10
2 60
18 85
32 84
70 73
51 71
60 41
5 39
51 92
96 81
57 16
37 47
16 22
79 65
4 34
21 44
66 84
13 51
39 50
83 47
8 65
17 1
45 41
39 38
48 14
71 39
88 12
66 37
61 16
84 39
37 80
64 77
37 98
7 65
95 12
6 70
57 35
6 52
10 60
59 78
54 85
66 27
48 24
69 6
97 91
3 9
42 49
14 27
16 11
80 98
96 73
75 27
48 98
40 65
65 65
47 63
62 4
52 28
65 99
22 71
35 18
1 31
37 99
72 15
59 95
32 62
29 36
68 81
89 14
39 47
26 10
94 50
56 73
25 33
15 55
4 16
28 42
56 55
17 94
95 52
87 52
64 66
69 79
87 1
3 30
33 95
33 63
65 85
37 22
97 13
38 7
71 91
50 43
75 57
94 5
60 89
58 19
75 92
27 69
46 84
65 38
5 30
92 33
72 62
29 63
6 39
76 29
8 56
13 93
44 22
2 59
99 96
8 39
22 89
37 48
62 69
7 83
22 10
78 5
43 56
18 74
16 12
65 46
19 69
90 68
11 2
79 57
47 38
85 45
5 78
44 21
49 34
9 7
35 5
20 48
90 69
92 43
47 76
97 76
4 87
43 50
51 35
55 82
2 88
24 23
91 81
63 8
30 58
12 42
93 13
24 65
82 16
8 76
41 63
52 84
49 95
51 16
30 40
95 33
87 61
87 69
90 5
87 94
47 76
25 10
6 41
36 96
68 4
5 69
85 72
72 43
47 70
87 6
26 76
48 57
10 80
68 57
62 65
92 89
32 98
54 29
15 54
13 13
13 4
7 16
64 48
61 98
57 83
46 40
7 82
95 43
84 8
97 87
81 89
30 83
73 48
39 81
18 79
40 3
43 49
54 50
63 45
41 18
40 7
40 21
88 27
49 86
8 77
1 43
40 75
39 26
55 71
7 80
3 39
67 26
13 47
18 38
80 23
70 29
63 77
86 57
16 72
46 85
82 43
97 12
28 19
54 42
35 92
45 97
46 44
77 93
98 98
8 41
17 62
37 56
48 61
56 88
37 94
7 89
8 82
77 20
97 14
14 52
83 99
99 4
33 77
95 97
16 42
12 52
16 25
31 70
97 8
32 48
76 6
31 2
80 59
55 25
36 95
14 51
99 73
81 90
42 95
48 23
41 30
10 56
36 78
88 42
17 96
73 23
46 30
24 77
1 42
42 96
38 29
83 92
40 99
22 57
29 88
7 92
33 60
97 65
37 62
81 19
80 12
65 19
11 72
59 23
19 43
47 66
72 25
70 68
27 56
13 19
17 42
67 37
22 74
5 71
6 79
90 69
29 94
51 8
13 46
29 35
92 3
2 26
11 79
83 54
23 34
91 66
90 45
55 46
87 82
78 58
88 64
66 94
42 29
98 36
76 16
61 23
44 53
47 40
82 90
71 60
11 58
50 31
89 97
84 83
54 2
47 75
73 4
82 47
97 34
38 1
10 81
41 89
39 78
72 11
75 42
14 11
15 29
16 38
20 56
1 10
94 48
7 72
19 3
35 76
5 7
94 70
47 98
48 11
93 61
28 40
70 71
55 18
78 70
11 67
39 53
83 23
57 41
63 56
65 69
5 26
100 56
26 2
97 14
91 33
50 12
72 55
4 95
64 40
87 45
23 3
16 2
32 92
30 74
34 4
67 67
34 80
80 26
65 16
33 90
24 86
45 55
55 12
78 56
74 77
65 78
68 8
56 99
21 70
31 15
72 20
77 96
82 70
50 21
74 9
72 54
99 84
45 64
75 48
62 76
83 8
98 50
77 77
15 51
79 75
63 32
33 69
12 6
94 57
49 84
96 48
69 43
93 91
50 59
98 50
18 67
14 37
66 57
26 17
86 6
48 71
97 36
63 1
29 92
46 56
88 10
53 97
44 92
84 25
27 44
57 67
66 84
76 46
86 43
32 34
54 20
48 74
64 54
17 26
93 83
65 37
13 73
61 25
9 79
14 83
58 74
27 45
28 19
75 82
52 62
65 25
22 4
100 49
79 77
3 47
46 5
66 38
55 43
41 48
49 62
33 38
50 14
67 97
61 83
35 56
98 30
14 55
82 81
14 83
83 32
26 63
78 72
47 56
86 39
86 50
60 38
43 64
12 47
39 9
18 97
15 60
4 85
91 100
15 8
82 61
93 46
60 64
100 99
99 40
52 11
48 12
32 78
1 24
14 9
92 12
87 31
64 90
57 18
20 64
77 73
91 1
45 26
54 96
37 8
30 17
91 97
49 46
25 80
3 43
87 6
94 77
69 2
42 90
84 28
83 62
76 50
29 26
94 25
75 100
27 65
98 36
74 12
10 94
98 11
40 20
53 6
37 42
3 9
10 75
56 57
79 33
100 76
1 82
84 80
89 83
30 50
74 77
89 80
6 30
28 71
27 85
99 58
97 25
69 74
35 37
31 86
96 76
63 14
25 10
70 75
41 31
22 97
95 38
51 24
71 8
34 57
3 81
7 1
36 18
64 56
63 57
66 2
16 83
63 90
49 82
56 65
44 40
75 10
44 97
50 21
2 80
70 81
100 30
50 56
90 7
34 66
81 93
85 82
96 32
5 55
6 8
89 62
78 51
1 46
39 37
48 58
86 54
93 18
55 10
74 71
57 25
17 66
39 73
24 59
31 56
40 6
79 23
74 95
14 15
22 71
75 15
67 46
91 52
75 96
17 54
33 58
8 61
97 46
17 91
56 92
53 100
75 98
44 5
30 51
27 43
34 42
77 60
12 97
26 11
83 70
37 19
34 35
51 87
76 43
57 93
81 42
67 48
35 67
7 88
80 62
56 38
81 2
98 60
99 41
7 97
66 13
31 50
15 10
14 10
99 40
22 53
66 10
25 37
65 10
47 12
51 32
98 51
76 23
63 28
75 13
58 44
99 98
9 47
61 31
26 41
17 91
41 72
92 88
52 9
99 60
23 2
59 98
32 13
73 61
9 90
38 62
38 25
91 39
4 23
52 34
42 78
25 27
69 95
66 67
41 36
16 6
17 98
38 38
91 81
31 77
65 50
100 24
81 26
25 48
60 54
7 66
41 90
53 78
50 54
44 51
51 37
25 7
3 100
82 1
49 19
11 90
20 14
86 43
54 28
23 36
37 28
95 58
100 15
6 23
60 24
40 50
73 28
76 73
30 40
63 60
6 1
94 89
14 84
39 26
70 89
74 37
97 92
10 78
26 66
46 97
54 80
76 54
22 3
8 80
10 55
70 21
70 69
81 20
8 63
23 96
55 56
44 90
17 53
54 22
1 64
29 28
94 23
73 44
4 100
75 62
87 3
62 52
20 3
1 86
100 78
89 43
74 75
96 69
98 20
51 40
93 17
3 52
78 94
67 19
62 31
87 100
88 39
32 99
19 19
95 53
54 46
74 26
39 94
23 51
79 47
91 58
51 78
72 22
64 53
6 30
98 83
50 55
19 81
17 37
50 41
70 10
5 79
75 67
17 30
55 51
25 58
10 46
57 2
3 51
28 64
19 84
41 2
15 54
2 34
60 73
10 58
7 79
33 98
100 52
29 81
11 97
90 61
31 11
35 70
53 65
89 92
32 4
55 19
7 72
49 41
56 11
29 34
5 19
31 77
45 63
59 21
7 35
6 9
68 74
9 37
33 24
38 57
2 91
100 78
39 90
61 63
9 35
45 69
45 12
8 38
26 1
7 60
49 50
56 11
41 29
54 14
96 2
25 33
8 33
55 26
25 25
15 95
83 59
29 95
45 24
79 21
40 16
4 10
85 81
7 89
64 46
69 5
44 46
65 88
68 82
34 87
25 50
28 68
78 7
21 14
87 6
3 8
28 25
36 7
11 18
20 54
41 21
58 20
44 38
48 5
12 97
68 62
62 51
46 55
49 56
59 74
25 27
88 23
62 83
9 8
46 12
77 81
29 64
41 9
42 68
49 45
74 95
18 70
76 64
51 2
39 35
15 69
6 61
66 59
2 28
16 78
37 64
42 100
73 49
81 1
41 56
37 45
100 14
54 6
82 51
100 22
12 80
6 30
39 44
25 14
66 89
84 7
2 94
95 52
24 67
95 14
95 96
97 62
12 35
70 59
100 15
2 69
36 80
5 75
19 79
37 59
72 4
56 43
30 58
96 5
36 95
70 13
32 1
87 9
24 70
66 52
87 30
87 49
71 81
25 25
64 15
89 69
61 32
17 8
83 72
84 50
11 73
77 67
33 11
22 7
98 77
84 77
76 27
86 8
40 3
94 6
74 66
63 59
49 48
4 75
58 63
36 42
25 39
42 63
75 2
100 9
7 14
61 83
39 9
29 46
37 8
2 23
17 66
97 91
18 83
51 37
33 40
28 55
79 55
17 3
1 14
29 84
100 31
28 40
66 43
39 86
22 45
39 61
1 44
22 44
94 35
10 6
10 38
71 74
3 68
84 91
70 34
61 34
96 74
8 42
90 31
32 33
61 65
58 49
29 75
78 47
61 85
13 66
57 1
39 92
29 20
10 14
19 27
28 51
37 6
84 69
18 36
10 2
23 29
70 79
84 46
68 16
79 36
93 35
38 41
34 3
28 25
60 74
94 88
75 50
19 15
83 71
6 34
80 31
93 19
86 8
9 77
53 55
98 74
66 30
43 46
26 93
27 95
62 24
5 95
15 100
97 93
22 30
25 54
19 21
43 60
60 51
39 36
74 95
4 85
76 76
7 50
31 61
87 1
100 89
5 11
6 16
35 59
62 96
85 46
27 77
100 4
45 75
31 84
97 29
62 4
73 81
75 73
88 50
86 5
31 68
3 2
83 97
53 49
79 55
53 69
47 61
38 5
91 5
20 7
41 41
19 32
26 56
23 1
5 33
78 97
79 63
62 100
64 55
92 59
46 45
42 84
91 14
91 71
72 67
40 42
4 74
96 99
66 66
92 76
82 3
96 33
46 77
64 99
100 34
76 83
68 20
47 94
13 39
59 76
66 100
5 79
29 7
44 8
27 79
33 91
73 4
57 94
47 90
36 10
48 52
92 87
77 93
39 65
34 57
100 11
30 58
38 83
95 10
95 23
81 10
76 64
90 8
78 38
91 63
90 41
53 20
59 34
88 86
17 58
69 9
5 37
21 36
97 15
100 96
99 66
81 58
72 99
55 59
27 99
59 61
2 10
71 37
87 53
92 26
56 46
86 16
21 83
45 28
33 77
15 6
77 89
60 40
57 65
54 26
3 54
46 57
6 97
13 87
85 42
22 54
81 95
89 30
94 41
29 62
89 26
92 6
61 19
12 76
46 17
40 69
71 36
100 78
62 6
9 41
91 4
17 51
47 56
12 38
14 30
79 84
78 95
90 18
38 23
34 59
44 43
92 77
31 15
1 39
4 63
15 8
75 44
84 58
4 38
68 84
64 71
44 15
60 41
25 89
55 90
57 9
16 57
77 78
56 87
77 14
86 70
47 42
93 64
32 77
10 31
58 93
62 60
87 26
48 10
51 82
21 36
43 4
43 58
3 3
95 94
46 73
18 10
69 37
82 82
73 99
89 72
45 52
16 65
100 65
21 92
70 7
56 73
36 100
47 84
64 11
64 14
84 53
10 4
57 77
15 81
71 35
66 22
28 40
57 12
13 31
78 21
29 47
7 87
20 31
32 1
2 80
18 55
49 63
70 69
99 36
21 61
10 40
95 39
88 26
9 56
68 30
57 84
65 29
55 81
55 67
80 91
19 94
38 71
41 95
27 23
4 3
11 81
92 44
31 42
67 92
57 26
61 14
48 90
63 64
32 44
79 91
64 44
49 98
79 53
86 12
99 85
51 65
95 3
46 23
38 42
4 59
65 4
94 25
20 39
71 85
1 43
99 81
89 78
38 65
91 75
67 52
94 67
1 7
11 95
76 8
19 98
19 73
36 22
66 88
81 36
68 17
96 30
97 31
16 67
74 82
34 94
67 3
24 46
28 49
12 26
61 40
83 59
28 81
7 64
54 97
98 65
59 7
52 29
39 95
48 71
42 56
5 46
41 38
94 62
67 93
17 97
13 60
85 65
4 70
30 99
18 52
71 87
26 28
66 35
39 5
51 61
99 28
57 7
75 6
26 76
20 84
87 45
61 34
47 65
45 61
14 82
44 29
3 67
18 63
82 23
3 89
11 18
39 21
43 78
5 79
57 13
11 27
69 90
42 29
67 96
98 88
11 32
89 34
23 67
76 66
27 90
74 27
26 94
35 97
100 33
51 21
54 32
38 29
63 7
100 96
35 41
77 40
96 77
37 59
94 2
77 51
91 100
4 71
15 71
34 77
60 50
24 83
96 55
28 91
65 63
62 51
78 79
27 95
51 36
100 45
54 60
29 26
25 72
79 5
64 74
76 56
81 78
17 5
66 36
44 84
69 53
100 29
20 75
64 29
88 87
65 77
92 79
79 86
20 47
59 2
64 15
80 48
82 36
59 69
59 39
98 99
21 71
36 69
24 93
23 59
88 65
77 4
51 84
64 88
7 9
66 9
40 95
87 86
35 13
57 83
30 21
3 17
56 11
1 95
18 45
43 97
65 23
9 76
73 35
37 70
67 77
36 49
68 69
48 12
95 69
26 59
97 62
67 92
62 27
20 54
89 50
1 44
48 10
91 85
64 31
54 18
57 93
55 26
93 55
43 57
11 60
22 75
45 74
66 70
75 21
14 70
61 18
39 44
74 97
85 52
27 65
41 25
21 52
94 33
40 89
67 73
20 44
37 50
33 64
33 70
8 56
73 65
33 65
8 65
15 49
96 96
13 34
71 93
51 73
5 40
65 1
13 32
27 66
9 26
31 53
1 86
74 96
43 70
91 29
48 44
27 74
70 45
40 69
47 77
63 30
31 9
13 1
82 73
19 58
97 16
66 94
27 65
69 80
98 59
86 29
84 80
46 6
98 14
6 24
48 78
3 53
71 25
60 61
81 18
31 50
42 13
33 56
57 97
84 34
75 36
4 93
11 59
44 81
43 61
9 36
7 10
25 69
74 88
40 82
44 78
70 4
6 27
22 43
91 35
55 85
7 23
26 67
100 90
4 89
83 90
47 19
6 41
5 14
59 79
38 11
88 16
100 43
70 66
44 64
36 29
45 1
99 56
98 87
40 81
93 68
6 74
46 42
17 88
31 62
38 75
60 66
53 65
43 2
81 60
43 51
49 86
87 34
20 17
1 28
91 22
54 7
99 46
48 63
59 72
57 77
38 25
46 39
9 71
7 90
41 3
44 99
3 90
39 58
41 86
43 23
31 78
98 59
40 16
47 65
29 20
77 91
7 82
33 36
71 92
39 41
75 87
20 29
26 75
46 55
20 56
68 96
99 61
18 54
67 10
9 85
27 30
4 34
54 23
35 100
63 75
46 25
30 99
65 17
84 35
22 84
7 39
14 12
71 94
47 54
61 28
99 14
75 96
19 62
83 1
46 87
57 2
9 39
65 16
34 28
54 94
36 71
1 76
5 54
5 24
20 37
13 90
31 5
23 23
19 13
17 57
85 97
64 89
46 55
2 13
48 23
19 90
60 3
13 86
90 83
58 9
25 66
40 48
33 4
43 27
23 49
78 91
52 80
31 39
94 58
85 60
37 32
29 80
38 35
41 86
33 56
57 23
53 27
16 60
31 45
23 39
32 16
16 42
39 28
30 22
69 6
86 2
48 63
28 9
50 88
89 46
86 69
75 5
29 45
18 24
69 31
3 45
95 14
72 10
33 84
40 23
