2000 50663
66 40
80 5
9 91
67 53
98 68
94 88
3 74
50 76
54 1
46 11
35 96
83 23
75 95
55 94
58 63
11 75
28 44
31 63
55 11
75 49
72 63
2 69
58 78
28 93
83 14
67 65
84 44
19 9
71 25
69 41
96 39
89 65
100 97
4 30
7 69
49 16
97 69
62 94
98 91
2 70
7 56
84 38
84 44
82 51
90 31
93 6
44 77
17 27
23 68
99 87
91 75
46 82
52 56
100 52
73 27
86 21
19 69
8 70
5 81
89 93
76 62
52 19
29 9
76 11
55 100
36 29
24 26
3 21
97 22
74 69
4 42
3 78
9 58
39 85
84 28
99 89
31 91
80 4
67 67
5 10
78 42
10 41
50 92
81 97
9 44
74 18
66 69
27 64
81 39
70 49
68 9
8 52
73 20
96 17
83 14
27 71
31 46
59 40
81 91
79 19
84 60
36 32
82 96
44 17
74 17
17 75
94 57
56 7
96 30
61 23
60 16
25 72
22 15
61 59
5 20
82 11
34 28
23 89
61 74
14 66
44 89
28 82
22 70
17 8
75 51
56 83
95 79
58 96
66 74
76 21
36 66
1 33
11 53
69 62
45 2
37 69
86 88
38 58
92 27
33 18
50 33
4 94
10 41
71 99
64 53
66 60
53 9
50 80
88 100
13 83
15 98
32 89
92 16
36 19
48 48
66 66
44 1
42 78
75 13
61 27
69 99
11 79
62 11
32 51
79 92
58 12
68 71
16 79
47 22
11 49
49 48
97 6
14 42
58 88
19 4
30 46
23 48
23 13
31 26
63 47
87 95
45 75
94 87
78 62
33 93
93 35
96 28
76 45
86 12
70 40
88 71
7 10
32 70
49 34
38 12
63 61
6 97
5 34
78 92
53 18
15 82
26 39
1 75
81 24
35 79
19 79
62 21
10 78
94 91
44 46
72 24
80 37
88 72
17 63
10 98
20 16
9 97
57 77
47 61
46 8
26 17
87 83
52 70
10 38
35 16
89 81
72 99
93 65
45 15
1 90
97 34
12 48
27 80
97 9
44 71
13 58
67 87
57 92
22 35
12 29
100 89
45 11
92 65
39 13
61 73
53 14
11 28
21 21
9 91
57 40
19 80
86 59
95 23
70 49
95 96
30 90
11 82
18 46
74 54
55 48
19 35
70 88
18 95
97 67
18 96
61 18
9 24
36 34
69 61
83 11
100 62
68 1
27 21
91 78
7 13
40 45
95 91
17 41
12 65
3 33
25 32
30 44
88 43
20 54
100 45
83 39
1 96
62 78
52 84
74 1
68 25
70 71
95 40
86 19
66 89
64 35
98 88
27 12
99 20
67 48
9 22
98 81
34 49
87 94
40 58
92 13
78 38
34 1
60 5
90 54
88 85
37 37
19 50
76 28
8 42
18 94
10 18
8 37
31 71
61 53
33 38
99 47
31 75
27 77
36 65
48 63
90 64
33 5
74 75
40 35
99 4
34 48
90 16
85 4
73 42
81 25
76 17
50 31
15 77
88 21
39 85
54 62
24 9
58 34
29 41
31 51
27 79
38 58
90 39
58 49
51 10
22 28
8 95
33 85
100 57
43 11
32 47
89 72
75 67
6 73
80 6
74 71
91 21
21 73
10 74
63 14
2 50
37 90
13 96
68 26
24 63
51 80
21 39
99 23
8 65
50 31
29 25
87 43
39 88
18 64
44 43
41 50
91 43
3 89
73 86
90 99
45 52
5 84
30 22
19 18
62 57
10 28
44 88
52 29
82 100
5 14
15 94
83 1
42 3
79 89
50 79
17 17
29 21
71 17
16 40
89 85
72 100
96 16
75 80
62 39
66 79
70 22
3 88
56 74
72 63
27 25
46 24
68 14
83 9
27 46
86 83
96 17
88 73
82 23
48 45
70 24
86 36
14 90
52 25
79 90
92 78
54 3
96 7
72 98
76 71
63 98
60 83
99 70
58 13
86 14
60 61
23 44
55 87
14 48
31 69
78 49
93 73
76 92
45 14
27 33
54 37
83 97
23 49
42 9
16 19
22 45
11 85
53 6
35 34
14 61
32 95
78 11
67 63
27 53
49 61
94 85
41 50
61 43
92 7
98 15
46 8
4 67
21 10
53 94
17 66
51 78
82 43
61 90
78 21
27 56
88 22
31 58
61 4
10 22
24 18
76 74
31 66
34 2
28 79
17 99
100 62
59 26
46 62
18 76
37 78
46 22
12 61
77 80
6 16
55 19
27 46
4 23
58 37
99 7
56 16
27 2
1 84
89 10
87 44
30 56
15 18
74 65
12 13
27 73
83 39
36 31
2 47
65 4
21 32
82 77
33 55
20 46
92 2
78 68
90 21
81 32
76 89
1 33
9 11
33 56
55 3
35 56
36 30
65 39
33 62
43 97
91 93
85 97
32 59
77 36
14 52
98 76
51 52
26 17
25 48
85 90
13 47
78 46
2 46
33 30
59 23
34 100
5 75
51 76
64 67
94 48
31 7
39 7
46 80
39 69
71 14
52 83
26 24
59 43
16 73
10 37
53 91
6 65
95 85
84 49
83 52
8 89
34 24
85 4
85 5
58 24
21 93
49 3
35 69
22 38
82 32
46 43
8 89
38 59
48 71
23 7
83 6
78 29
61 65
80 37
68 98
83 78
83 71
45 73
93 72
99 44
55 62
46 63
56 60
49 46
81 63
90 12
8 86
14 39
26 67
45 42
23 62
47 11
93 44
10 82
20 1
26 76
55 77
27 89
15 86
2 47
1 48
49 91
31 75
13 12
28 27
50 24
96 90
11 50
95 97
40 13
61 93
49 58
85 27
16 4
49 55
18 90
6 67
56 41
31 28
31 33
52 82
54 41
29 96
45 78
15 74
49 96
22 5
69 50
27 36
37 90
22 48
28 83
85 32
4 75
40 95
65 58
53 98
87 36
75 59
47 46
27 100
87 51
47 55
63 27
2 7
95 10
80 68
59 73
3 2
63 47
42 58
54 35
68 87
70 53
50 12
82 12
70 48
72 16
2 14
97 35
60 57
75 61
76 18
96 88
78 87
15 64
12 46
30 37
54 51
86 4
29 82
80 50
24 7
75 89
94 28
26 13
70 98
26 95
36 37
72 51
88 41
77 94
77 85
55 79
47 46
27 49
88 91
68 45
50 64
89 4
64 80
61 21
15 16
39 49
8 8
92 55
6 12
20 5
73 91
59 14
57 61
1 24
90 63
81 19
28 12
83 43
58 83
97 61
8 37
93 71
20 11
95 30
70 65
48 48
1 60
68 62
26 96
40 2
87 59
75 11
80 5
51 90
87 83
94 73
41 38
95 43
85 27
46 1
66 99
10 69
56 14
22 11
10 92
45 28
54 81
37 4
28 70
11 63
85 16
87 59
4 34
56 27
34 88
25 50
4 26
34 47
44 63
29 73
26 49
30 21
56 83
5 5
32 62
94 18
99 29
73 99
40 12
35 7
70 51
5 10
44 75
26 64
79 73
54 67
70 44
32 53
42 22
49 13
43 68
79 37
36 23
98 53
86 15
21 10
74 2
89 40
6 9
17 16
70 12
31 9
98 89
77 47
36 65
30 50
70 16
34 94
54 1
10 27
68 100
23 51
66 36
12 75
100 67
44 60
17 93
22 10
28 13
10 14
70 74
70 80
40 2
57 97
19 32
26 17
29 58
92 85
66 8
35 18
8 100
35 72
65 26
57 88
11 18
100 91
86 90
33 85
33 36
91 90
94 11
53 35
14 40
59 98
16 61
65 6
55 58
32 53
86 67
82 70
93 18
8 41
3 1
33 20
16 89
21 32
10 88
45 46
12 16
75 95
79 64
71 67
10 66
43 41
27 55
72 35
43 31
65 44
4 19
27 66
55 33
97 29
79 53
20 24
8 27
94 65
37 30
14 36
77 70
22 96
95 5
70 87
81 88
49 57
54 58
97 76
21 88
63 45
93 74
84 55
37 92
71 37
54 21
98 9
65 77
32 27
70 44
7 60
48 70
25 14
34 77
3 54
74 43
64 29
74 30
33 21
10 46
10 59
46 8
86 15
84 6
92 64
7 53
64 46
40 20
60 63
12 21
60 7
74 59
4 94
43 61
63 50
74 82
48 81
60 59
39 11
31 60
81 54
97 70
79 29
6 67
82 46
33 35
31 61
98 27
58 64
63 33
7 72
68 74
8 40
92 38
51 31
51 3
99 90
66 76
90 22
10 52
78 97
1 80
84 11
81 42
95 92
46 12
7 24
94 25
57 22
97 34
24 84
38 75
45 55
54 64
95 94
27 52
86 98
77 54
24 78
44 13
39 39
30 1
63 38
98 78
73 38
65 69
48 33
23 28
30 44
89 6
85 31
59 92
41 86
20 93
92 34
87 77
17 5
98 9
32 1
73 26
46 94
7 84
62 53
90 48
61 100
56 46
68 51
98 97
84 51
91 29
41 62
22 89
72 29
55 99
71 19
97 19
19 67
70 51
19 98
1 11
10 56
3 28
59 54
50 41
22 21
50 87
88 70
38 77
99 47
19 22
63 54
96 40
26 58
24 6
86 39
38 57
32 3
5 90
35 5
15 54
48 70
28 66
89 94
19 50
82 65
59 12
15 68
1 83
81 62
86 65
53 45
90 18
40 45
11 99
92 10
14 17
13 37
31 31
51 93
63 84
50 53
65 46
11 75
27 62
89 4
48 66
16 18
20 6
52 7
50 22
86 59
99 76
77 40
74 5
18 77
11 4
85 16
84 45
11 38
65 78
21 61
63 83
6 47
61 57
25 81
97 8
74 73
89 17
28 39
76 65
4 52
29 43
41 63
14 27
7 56
81 66
61 44
22 73
100 23
12 50
23 46
37 34
11 77
52 37
11 38
80 53
62 92
47 53
15 49
24 30
63 30
36 10
38 12
68 28
48 18
62 92
17 36
73 91
3 60
96 26
48 7
6 12
76 20
40 21
19 90
82 75
20 86
79 33
55 99
71 9
42 82
29 96
8 94
4 58
80 33
70 31
83 62
41 24
16 83
50 11
64 53
30 65
37 72
1 64
97 92
84 89
15 7
65 79
8 31
69 67
60 56
55 38
74 78
35 27
47 58
44 19
68 1
66 96
74 51
74 51
89 56
15 84
3 47
96 49
19 93
82 31
17 79
53 54
75 54
84 13
2 16
38 59
13 77
38 87
91 74
61 21
73 28
57 81
26 51
80 58
25 99
37 7
87 47
50 76
72 33
33 5
93 46
91 86
50 52
18 96
17 36
38 7
32 31
19 34
85 7
2 23
100 64
1 85
55 28
26 70
84 97
8 44
64 28
48 26
46 82
6 1
9 46
70 9
14 33
34 48
50 67
90 31
70 54
36 13
39 58
93 39
68 69
83 3
36 76
69 20
100 50
52 11
7 78
83 80
70 45
43 84
85 54
21 60
96 20
91 34
99 29
31 69
98 77
62 8
79 46
95 58
19 9
87 43
17 19
32 93
72 90
66 37
73 24
93 96
1 49
11 81
38 34
20 70
93 36
73 9
40 41
44 85
76 71
46 71
26 17
97 67
41 54
10 22
69 79
36 26
52 55
67 7
66 46
2 83
80 15
44 91
48 93
98 75
82 33
64 11
81 19
5 22
29 47
53 42
98 17
81 47
15 75
87 2
52 68
59 62
11 62
92 9
2 98
86 85
37 31
28 14
82 51
29 36
89 88
2 29
64 61
41 94
69 88
30 6
42 77
48 54
25 96
89 69
98 80
59 80
53 31
30 98
63 2
33 29
35 92
12 70
14 27
49 66
98 24
17 95
8 27
8 37
8 55
61 24
45 21
97 85
88 90
26 24
25 20
29 29
28 4
89 33
69 22
48 91
70 90
62 98
95 96
46 38
2 18
92 75
4 17
6 100
22 25
67 70
39 28
56 16
78 92
4 7
56 33
28 15
20 1
15 11
87 51
80 7
76 86
32 72
76 43
15 75
9 95
100 14
43 3
88 98
40 98
63 77
35 41
9 88
76 74
30 88
55 25
78 44
73 63
10 41
83 43
46 87
76 63
73 23
53 54
6 54
28 29
61 86
33 68
100 81
75 96
71 18
79 87
50 81
2 41
54 81
17 8
11 87
5 94
11 62
98 37
45 44
26 38
33 29
5 31
1 64
14 16
11 55
30 7
38 78
21 47
65 1
84 16
48 9
89 23
88 69
5 62
17 3
48 6
89 81
68 83
23 1
60 51
46 21
24 34
61 43
51 53
92 41
71 30
55 99
55 2
21 18
51 42
80 92
53 46
56 72
80 55
18 61
18 78
62 61
55 91
90 24
26 13
90 58
38 85
14 36
30 79
42 98
82 90
77 84
31 79
49 73
51 37
90 81
46 45
27 70
50 23
96 98
70 10
73 52
51 96
24 63
93 21
53 37
3 54
97 66
60 60
35 8
66 79
78 37
96 20
20 69
67 12
21 33
62 26
56 96
86 20
43 56
98 94
68 9
19 40
80 24
68 33
22 76
69 4
14 30
100 97
70 78
9 79
69 6
94 82
11 74
93 20
86 2
64 62
47 74
34 68
23 73
81 33
99 46
52 9
76 53
71 66
19 20
48 37
84 43
74 68
86 8
26 99
23 13
5 68
96 38
2 88
72 1
17 65
22 91
85 82
68 61
92 20
46 60
37 18
85 1
8 85
81 89
23 3
71 98
27 62
56 22
46 70
8 47
7 67
97 30
35 51
77 32
67 1
35 87
60 74
93 68
20 94
85 72
15 32
24 13
32 61
69 19
47 65
1 77
90 61
84 46
68 89
81 81
29 5
56 6
18 81
36 41
36 95
40 35
59 38
15 8
47 56
56 59
22 6
53 22
4 88
8 56
81 5
71 89
42 42
92 31
15 8
13 87
76 54
81 92
88 52
60 67
49 10
35 16
60 43
39 23
18 62
27 32
71 55
98 18
35 89
88 35
33 59
70 35
79 22
91 96
84 95
78 77
46 55
57 100
82 51
50 94
17 56
63 7
72 34
10 49
54 37
38 94
23 88
82 91
18 85
62 39
41 9
67 46
96 54
52 51
5 68
65 15
78 34
27 22
62 85
12 75
67 9
95 43
34 9
45 30
37 90
69 55
74 58
35 44
78 55
56 8
36 90
94 62
70 15
59 23
3 62
23 3
96 16
77 49
56 45
13 52
39 39
48 53
31 98
86 93
99 4
35 17
51 59
77 89
14 91
64 43
40 63
80 51
10 37
25 24
24 32
47 27
46 78
50 89
33 22
75 32
5 49
20 11
20 45
74 15
78 86
74 7
48 17
25 1
51 55
4 62
89 5
41 46
51 66
20 54
26 38
50 21
6 70
28 48
78 10
19 12
92 43
69 24
98 14
1 79
46 47
74 45
99 5
43 25
23 86
31 79
17 8
27 86
2 89
36 53
52 100
31 74
9 11
51 68
55 27
11 17
6 81
44 83
51 62
57 47
15 36
77 51
58 67
20 57
4 99
87 28
39 69
47 93
7 52
36 34
48 71
4 98
9 79
46 28
46 74
83 16
29 6
14 82
9 53
30 46
49 86
12 4
61 72
10 48
63 71
67 50
20 64
20 4
62 32
71 26
28 2
76 67
99 28
85 20
96 23
54 26
23 48
86 43
1 70
82 51
21 77
48 41
37 100
82 7
45 20
83 74
64 74
73 77
48 7
25 26
3 74
49 44
88 29
15 45
58 91
2 51
33 46
77 54
22 54
95 77
99 31
49 55
22 95
49 59
86 27
69 70
55 36
60 74
54 64
55 6
41 24
27 40
54 98
78 23
8 98
98 17
12 48
23 71
23 45
59 54
99 48
77 18
7 97
87 28
43 15
16 87
40 79
75 60
93 93
61 84
69 89
43 23
10 91
43 35
44 81
47 17
11 4
98 69
6 42
65 20
4 74
47 65
91 11
57 23
76 39
50 9
6 39
87 87
24 31
80 35
97 92
23 31
56 52
56 89
61 58
98 66
71 27
100 36
73 78
15 19
13 72
93 18
58 42
74 14
35 52
53 74
20 30
98 8
50 94
25 71
62 27
5 67
23 87
4 37
61 41
50 77
5 97
18 79
88 15
28 80
98 65
85 7
2 10
5 17
92 47
62 67
55 34
62 73
14 55
27 63
77 92
26 26
71 80
86 85
99 39
58 32
38 10
70 20
55 91
39 56
94 42
68 17
43 74
69 28
71 5
55 15
18 56
75 2
72 45
58 71
54 81
21 10
94 77
56 42
78 78
85 75
69 8
32 63
46 47
82 62
10 26
22 90
59 39
80 57
7 26
9 29
89 40
96 88
78 48
95 30
86 43
72 89
62 98
28 16
92 68
84 3
34 30
61 24
58 56
58 75
18 46
12 88
78 84
11 74
19 29
55 13
95 48
87 36
38 75
41 94
21 50
47 100
14 36
31 88
79 57
73 61
40 17
67 96
20 100
17 16
14 26
6 42
40 5
75 23
33 58
31 24
59 77
67 39
44 47
68 32
24 13
13 92
31 71
53 48
24 65
49 99
60 60
70 64
88 87
97 35
62 58
60 36
96 86
28 45
90 75
74 94
100 57
29 91
92 90
19 57
98 7
5 67
76 98
37 63
32 41
9 7
20 86
42 70
27 98
63 85
9 53
2 62
75 28
92 24
6 10
50 45
40 22
17 21
72 8
79 8
66 7
33 17
38 95
61 45
60 61
80 70
86 38
11 18
8 12
77 79
82 74
5 18
34 45
57 23
94 32
17 38
17 82
13 70
58 7
95 79
27 54
18 59
48 40
53 33
9 82
54 1
3 77
1 56
22 22
26 85
79 15
87 80
58 1
69 10
99 24
70 14
48 31
84 14
32 31
7 42
13 92
13 56
64 12
46 89
70 30
57 43
14 26
38 11
21 64
71 84
33 89
47 69
40 42
80 81
99 2
49 76
85 81
53 30
1 83
7 54
78 14
31 49
45 86
88 67
99 10
44 61
9 32
98 40
79 74
