2000 48733
76 43
12 28
25 100
42 4
52 91
81 9
29 42
58 76
41 70
8 89
66 68
92 60
88 15
20 1239
52 53
56 4
25 86
54 19
85 18
69 16
32 67
15 66
77 38
11 2
80 16
87 35
18 97
8 43
35 65
3 87
36 61
10 7
14 14
12 60
4 62
66 56
92 68
32 4
23 32
84 90
91 92
40 99
27 49
31 6
61 95
31 2
86 61
38 80
84 72
70 78
58 95
15 38
36 44
86 84
25 92
68 59
73 71
1 1744
2 857
59 35
97 26
4 1841
18 1526
11 40
21 76
2 1516
28 95
65 96
54 57
2 26
100 85
97 1
41 77
27 85
27 58
54 71
9 86
12 19
91 3
92 10
34 96
100 49
6 99
21 91
85 85
82 90
88 49
57 55
76 30
62 54
6 1807
73 55
23 18
87 33
35 94
96 94
9 86
62 41
60 89
63 43
63 18
11 25
59 95
55 94
89 9
85 52
8 17
97 47
48 70
50 71
88 8
33 66
1 19
45 6
54 56
86 55
27 48
41 57
16 566
2 77
3 62
61 1
26 31
77 79
47 33
60 77
72 24
55 19
73 69
83 64
69 13
87 38
94 40
79 7
42 32
82 49
15 58
1 100
79 95
63 80
3 70
4 1048
95 45
3 40
63 59
48 52
40 95
41 6
41 8
34 55
42 34
95 69
94 56
20 17
71 100
92 40
79 45
95 75
46 58
4 13
14 1678
67 22
90 50
22 30
45 80
31 33
56 78
60 38
84 84
86 24
74 17
86 5
3 25
20 13
40 97
17 36
20 64
80 43
57 41
60 24
65 97
51 27
54 44
10 4
70 43
76 95
1 44
100 87
70 70
98 53
3 51
99 12
64 27
93 52
20 41
9 6
75 37
75 71
20 43
58 20
12 94
93 11
95 77
15 71
12 75
87 73
83 6
31 91
66 15
40 98
90 14
82 63
42 24
95 9
91 19
11 66
71 4
91 62
10 4
40 25
12 1974
65 54
38 36
52 92
57 6
10 28
14 1992
31 94
36 98
31 92
41 13
48 92
9 1322
35 41
4 1876
86 29
21 13
96 19
17 19
38 79
87 68
58 84
19 42
28 92
5 93
9 60
90 9
75 48
51 73
52 13
66 24
1 841
16 18
56 11
42 82
72 75
65 38
53 31
54 68
100 36
35 22
94 33
19 728
57 28
81 73
60 40
94 57
53 38
8 10
10 27
43 16
94 77
20 11
61 57
22 68
24 55
22 16
11 29
50 54
72 40
62 93
15 77
62 30
29 10
22 87
55 11
100 85
86 76
7 93
6 4
38 11
93 14
51 36
36 89
1 94
83 61
48 28
95 50
8 1096
55 89
56 28
10 674
48 66
75 90
90 70
69 85
11 1364
63 37
32 13
3 1729
87 29
45 5
66 77
48 58
74 15
87 15
3 20
25 51
25 91
61 12
82 54
14 1
6 77
20 538
49 90
6 70
15 2
96 69
100 71
2 51
50 58
56 99
31 63
98 75
82 88
73 84
18 59
32 84
87 73
1 72
82 84
73 1
98 28
99 13
73 58
71 94
38 27
75 29
47 44
14 17
87 40
29 50
27 70
92 68
61 43
75 11
50 90
27 96
71 31
49 60
81 46
72 40
4 10
63 8
21 14
38 50
87 44
91 25
21 85
74 16
91 96
54 68
46 16
88 23
53 32
18 25
10 69
42 59
44 53
57 12
55 27
83 44
37 13
81 96
26 11
49 55
55 58
75 52
75 50
77 89
24 64
7 47
1 80
79 73
70 55
21 94
16 74
9 1949
63 18
14 1692
29 13
54 65
42 78
75 80
93 39
94 9
44 4
3 7
87 67
88 56
11 71
41 46
70 99
47 83
73 41
95 61
95 90
79 51
70 65
21 91
56 91
45 28
80 38
14 796
23 100
49 44
80 15
91 74
56 93
43 84
78 83
37 5
96 48
19 60
8 1925
40 39
64 21
6 39
94 97
50 39
93 46
56 19
42 84
14 96
54 2
14 77
61 56
100 43
93 27
82 20
21 33
100 17
78 99
100 22
7 86
100 99
100 65
38 1
42 24
55 57
80 84
72 58
43 13
27 84
90 18
5 48
67 74
6 90
11 38
12 22
7 28
55 83
68 41
49 12
21 78
21 94
14 88
81 86
73 36
6 66
14 5
93 20
57 34
91 56
44 42
15 19
42 54
95 58
20 1916
84 29
1 67
84 7
55 86
44 79
11 42
1 843
48 79
16 1052
1 44
10 16
40 88
60 72
65 99
59 28
60 35
85 76
32 21
73 74
17 13
4 56
31 39
30 18
48 28
87 72
20 25
43 21
54 42
13 78
89 78
6 65
96 58
89 44
89 23
2 95
84 75
51 16
50 2
32 53
31 82
2 45
41 20
71 21
61 68
9 1282
81 49
20 54
93 46
64 69
93 27
9 58
67 77
75 17
38 27
66 56
61 40
9 51
60 76
66 34
22 80
48 5
71 98
69 89
37 49
12 72
9 1146
20 75
14 87
72 37
3 79
14 1670
13 1474
96 98
67 40
34 1
4 68
47 88
53 6
97 13
63 9
97 33
5 22
81 37
71 1
95 1
10 1346
84 41
55 3
6 19
49 74
76 35
54 75
72 23
97 23
42 75
35 94
19 58
13 49
48 32
42 94
68 27
92 51
14 27
63 25
58 42
99 79
18 92
57 82
4 84
14 56
19 42
100 68
19 29
51 78
23 69
65 29
97 73
58 61
19 84
55 43
6 86
47 18
60 17
29 8
43 40
53 92
63 53
13 50
65 40
11 84
54 95
32 19
54 86
19 21
46 43
64 27
18 51
64 86
20 8
21 35
77 93
90 49
72 54
47 73
40 78
46 22
11 2
89 2
3 34
82 37
95 44
6 1507
28 54
54 61
89 26
70 45
6 52
4 986
34 94
22 91
62 13
87 89
6 9
67 98
5 61
7 631
30 77
74 12
14 563
1 36
46 98
95 84
42 37
18 827
41 57
34 66
63 25
4 58
22 68
66 58
85 46
68 11
7 955
12 99
73 71
14 54
33 95
78 22
65 84
66 89
51 65
78 96
4 29
56 25
97 46
60 41
7 80
26 74
34 4
24 71
27 9
79 1
18 55
20 45
48 4
59 11
53 11
63 28
14 20
26 78
28 37
98 65
93 40
5 65
5 863
65 11
70 19
93 9
94 84
87 54
10 49
45 100
16 1
13 29
100 77
12 46
24 70
58 56
90 71
9 25
82 26
68 80
40 26
51 32
87 76
87 81
9 42
40 86
49 60
74 61
65 15
28 96
23 25
10 55
32 13
83 39
74 17
54 83
27 48
68 100
40 36
36 96
64 100
55 36
100 25
15 28
67 34
76 46
25 35
8 4
84 70
58 12
75 35
23 47
8 44
61 11
62 27
17 85
52 96
10 38
42 46
17 63
90 34
65 22
26 69
73 46
47 13
51 85
26 80
74 60
70 84
65 15
61 7
33 35
72 2
13 83
48 62
90 35
88 80
24 48
97 91
71 50
81 60
71 25
94 48
88 3
6 890
55 27
56 87
5 501
16 64
98 84
51 45
5 97
62 58
28 13
78 94
60 70
78 97
3 73
33 81
100 32
20 39
46 39
32 19
91 41
58 22
31 32
80 27
45 1
54 80
76 17
67 2
34 39
98 42
20 1232
74 41
80 76
66 76
29 79
14 58
34 39
26 15
64 54
38 88
39 72
43 18
67 33
99 41
73 66
22 58
83 73
72 98
9 649
28 11
55 68
31 88
37 32
86 99
62 15
33 85
91 30
37 31
100 86
77 68
34 72
11 35
50 60
13 100
77 62
78 91
27 9
62 1
56 5
42 63
51 40
94 28
37 80
18 72
44 68
9 98
39 81
27 40
32 95
31 29
6 50
8 1863
13 16
43 34
71 64
74 30
27 70
14 94
62 13
26 55
90 13
47 36
37 42
91 25
59 35
9 804
20 15
37 44
26 55
75 71
31 58
76 46
21 98
67 37
45 18
16 17
27 34
35 50
42 8
58 80
65 78
100 9
43 45
29 94
94 42
66 9
2 75
20 11
31 54
15 87
46 18
20 66
61 23
34 11
62 42
72 9
98 13
81 8
8 52
75 20
8 78
90 61
50 65
80 27
8 50
47 34
95 43
86 35
81 36
89 2
95 15
98 13
88 11
90 11
26 58
81 4
55 19
80 33
52 67
85 72
94 71
97 84
56 90
7 45
15 1657
17 83
78 54
79 58
49 91
37 57
53 29
56 68
27 18
7 1786
35 47
86 67
1 31
30 41
72 1
33 66
18 43
16 1929
82 79
57 53
55 78
60 36
89 8
61 48
5 1792
40 74
1 545
84 91
89 9
4 13
42 87
70 54
12 1125
19 40
49 64
21 85
56 49
53 92
76 5
34 18
7 89
11 51
71 84
59 20
92 43
94 36
44 85
61 85
60 55
25 15
17 89
66 32
84 3
5 97
79 31
74 74
96 70
75 54
10 64
84 79
31 66
51 3
54 32
50 13
70 94
54 95
22 97
77 42
58 39
98 53
10 59
17 27
60 55
32 94
75 98
51 98
14 991
70 35
63 82
37 36
95 49
79 71
2 19
78 3
35 67
32 49
52 77
30 88
7 935
61 92
14 66
89 20
11 94
19 50
38 32
32 88
24 96
12 81
12 686
81 34
9 33
69 92
49 13
68 88
1 85
76 62
70 85
78 66
45 96
32 18
14 1
39 97
62 88
67 19
17 99
96 6
99 20
20 27
77 46
57 74
32 71
42 63
45 93
94 64
12 12
34 77
26 3
35 8
8 916
8 1769
68 93
53 41
19 1397
16 57
72 28
6 11
91 19
41 64
83 29
36 14
24 82
96 81
26 62
85 21
62 100
94 13
32 79
12 71
13 39
9 24
68 44
96 9
2 86
12 88
90 25
14 98
46 16
67 79
48 57
42 24
51 14
67 1
95 65
4 40
35 10
18 92
61 3
77 28
11 56
43 31
64 93
34 37
10 613
90 7
71 9
4 62
83 19
54 87
15 32
48 57
62 10
83 27
43 18
64 96
46 67
32 42
29 45
43 82
98 72
76 53
85 6
49 86
95 53
31 70
6 1370
29 14
48 13
65 79
57 93
58 20
59 9
21 86
44 8
1 72
10 92
66 17
4 85
44 10
19 3
70 17
91 18
33 65
4 95
34 35
96 60
50 61
17 28
24 56
44 95
15 100
51 8
28 52
15 37
97 12
10 73
70 13
77 26
58 85
86 92
34 18
67 57
97 52
54 55
62 64
97 23
15 98
27 80
52 8
58 59
46 35
73 76
49 29
78 99
77 22
34 63
25 10
78 83
4 1417
100 65
21 29
16 94
2 24
1 80
82 30
51 35
10 4
4 42
27 12
19 40
89 33
12 30
38 96
85 85
17 36
99 60
33 59
31 34
78 91
36 18
41 44
75 77
9 45
41 72
52 75
85 67
26 87
28 36
14 1
75 29
79 100
34 29
43 74
80 23
86 60
76 3
82 10
48 15
79 96
9 21
66 54
68 81
20 50
55 50
15 965
89 38
6 61
89 75
71 23
83 3
24 45
11 66
57 80
32 89
3 38
60 54
68 55
80 24
87 42
81 55
7 4
65 41
67 35
49 29
96 16
4 46
24 83
78 25
51 60
55 78
38 45
69 14
22 58
9 47
23 15
77 74
97 84
28 75
65 1
68 58
62 29
89 97
30 23
18 8
72 37
85 60
77 14
40 92
64 35
15 55
72 98
18 1907
31 47
90 85
16 1697
79 62
94 30
46 100
56 86
44 42
100 30
45 83
12 7
21 87
53 81
87 21
49 13
2 16
14 47
14 65
21 73
76 75
54 13
50 95
45 35
25 49
86 7
22 48
16 92
2 93
88 2
40 42
71 83
19 48
29 26
41 52
97 62
22 7
38 4
4 99
66 100
37 33
48 81
29 6
9 71
52 13
15 26
57 35
53 28
81 24
22 51
73 52
8 51
75 63
75 47
52 85
52 12
12 5
25 32
19 55
13 97
13 85
58 96
84 31
83 84
87 73
76 83
31 45
60 80
13 86
34 44
77 31
1 70
33 76
6 37
9 40
36 89
72 14
65 75
89 16
52 38
39 25
13 20
11 40
13 88
39 18
63 24
16 51
51 22
87 7
35 5
63 70
51 91
92 53
98 53
85 74
30 25
25 87
15 19
90 56
4 1121
48 14
18 87
89 93
32 89
23 23
97 32
68 77
47 36
14 58
8 45
50 25
52 83
20 64
61 16
16 22
16 1762
75 39
32 24
61 54
13 45
66 28
23 23
64 87
9 80
21 75
48 61
91 57
45 61
63 31
32 12
34 84
62 44
49 98
22 28
46 32
72 72
71 60
65 61
70 60
36 17
72 5
19 84
39 51
43 68
31 100
54 72
53 100
5 90
37 95
13 53
18 87
54 75
36 27
33 73
15 6
8 2
80 85
5 62
52 14
94 67
36 74
37 50
8 10
84 23
11 77
53 94
7 95
33 88
69 54
76 54
68 57
40 10
47 89
58 7
18 1720
77 40
63 31
87 28
82 30
100 77
99 80
51 16
5 51
5 1904
83 40
19 9
7 768
62 25
23 70
8 1201
8 91
10 95
85 26
67 53
9 966
47 54
71 46
52 64
79 94
39 51
80 69
98 50
78 60
26 57
55 8
11 88
54 97
18 90
49 67
87 78
69 67
48 98
37 45
73 69
85 55
19 84
44 29
78 14
33 8
18 51
26 90
40 51
28 45
10 67
6 3
73 66
57 20
76 100
76 29
35 13
66 2
55 97
85 14
43 61
32 6
91 74
15 1012
13 571
60 63
54 18
72 79
28 81
53 15
9 23
53 2
37 69
79 58
48 30
14 34
11 18
65 80
91 23
2 68
44 77
1 41
7 70
68 42
9 61
34 21
44 71
15 1184
99 22
50 19
11 792
93 34
82 24
70 64
50 85
67 77
29 26
3 2
90 7
9 59
7 16
50 81
13 60
43 84
29 39
60 89
9 18
39 56
76 69
99 92
41 23
20 97
51 33
99 44
87 38
59 45
33 16
82 60
54 69
83 37
32 79
84 59
3 1167
13 54
5 22
77 54
31 31
34 100
79 55
20 37
94 58
85 22
70 18
6 69
79 5
98 56
65 9
87 74
36 63
40 29
16 772
28 37
11 25
88 50
27 80
50 63
99 94
11 95
9 958
52 14
93 83
62 52
87 73
20 4
26 6
92 46
48 57
56 36
15 836
78 63
28 24
70 54
14 84
97 41
27 74
93 40
46 48
91 83
31 14
33 62
82 11
68 31
61 98
45 36
8 32
87 77
94 50
6 25
49 23
7 530
9 38
93 57
38 75
95 62
65 60
63 80
86 8
19 848
19 67
62 4
90 82
46 90
83 10
3 65
94 83
13 1180
95 57
39 82
51 69
78 22
23 44
85 80
45 52
83 41
29 67
52 83
21 70
74 68
57 59
69 44
97 90
17 48
62 1
6 1078
12 10
12 1616
20 1309
49 69
89 80
19 61
63 24
78 61
64 3
45 85
81 78
9 37
6 72
27 34
2 1655
56 40
4 1019
21 13
92 19
1 58
56 6
72 37
52 40
28 27
45 56
61 50
97 70
42 46
77 97
10 22
27 9
40 58
10 1236
27 4
89 26
27 13
45 64
51 2
5 73
60 18
47 38
37 2
68 54
52 9
63 35
66 24
60 49
19 89
1 1338
51 19
19 98
94 93
23 8
7 821
21 19
19 63
34 86
69 41
12 8
63 35
2 1992
39 17
2 92
18 1442
65 72
90 18
95 11
62 87
92 71
51 36
21 5
39 8
87 37
89 58
42 17
1 72
6 81
1 65
71 12
44 69
4 35
89 10
89 61
78 42
63 98
62 32
96 5
96 36
30 24
8 12
58 70
12 37
98 80
12 61
79 84
14 3
1 30
25 46
75 90
45 100
75 81
96 94
3 1553
13 18
36 3
76 76
14 41
41 36
77 92
36 4
37 4
32 26
25 65
77 16
9 20
87 63
38 99
4 24
34 50
68 22
63 87
92 19
31 59
60 19
3 31
9 94
74 21
55 61
86 39
100 10
51 12
1 913
95 55
85 71
25 89
30 58
61 46
90 81
23 93
89 89
25 84
59 48
12 860
1 49
35 63
28 86
39 63
25 62
83 61
73 12
92 83
98 99
16 82
74 93
57 17
70 12
34 86
82 38
76 24
19 25
82 99
27 36
31 96
28 54
11 6
55 84
58 11
23 4
96 64
32 55
11 44
20 99
42 2
82 10
73 47
28 16
61 47
11 61
52 29
96 59
83 72
95 64
93 58
50 5
68 56
1 26
19 69
2 42
83 15
47 92
20 66
16 14
73 79
2 61
43 67
35 85
8 96
52 29
10 40
3 59
83 83
72 35
75 9
24 36
54 97
47 56
52 51
14 43
57 16
3 80
61 54
11 1276
98 95
53 63
41 96
17 50
54 88
12 64
18 91
88 3
58 8
90 8
3 16
82 86
91 68
97 34
68 22
99 15
49 14
77 13
1 25
31 48
49 48
27 34
7 83
2 44
73 41
10 85
67 38
4 894
5 1947
28 91
73 47
61 10
32 53
65 95
78 60
85 93
76 58
47 50
6 1609
85 17
36 10
26 62
66 3
27 29
23 47
86 76
77 44
10 847
62 89
77 68
53 7
10 36
4 1
11 41
63 79
28 41
20 25
82 16
9 49
84 41
9 59
81 47
44 50
92 11
98 41
73 9
29 3
25 51
72 11
52 49
10 67
7 20
78 10
27 21
85 48
52 8
12 97
61 91
74 67
26 85
90 11
78 25
35 72
45 63
89 65
98 50
72 56
60 90
79 17
81 56
43 30
39 75
13 2
39 31
30 38
62 95
63 40
58 92
87 97
34 50
62 41
48 15
93 21
91 2
26 36
77 68
42 62
38 84
90 11
67 28
63 68
79 73
96 5
49 91
23 35
36 69
98 92
46 90
96 10
28 8
78 97
38 39
18 35
