3000 77259
20 45
21 3
28 3
56 45
3 60
50 91
12 53
23 86
6 85
92 29
93 71
43 48
39 31
85 54
8 73
97 75
8 82
16 92
42 71
14 57
35 40
44 34
59 92
95 69
5 68
32 66
76 64
96 82
99 21
33 85
61 6
70 65
5 40
88 8
26 61
7 99
90 50
37 13
81 36
95 87
80 42
25 7
37 34
18 72
61 12
96 6
67 46
68 45
11 50
60 69
33 2
45 89
3 54
91 45
92 9
8 21
75 63
67 24
55 54
25 83
99 9
15 59
95 99
56 100
55 18
72 59
14 98
44 20
60 24
95 85
38 6
39 65
19 43
26 39
8 88
32 54
21 97
74 85
99 99
31 46
85 5
32 52
76 86
88 59
74 96
19 94
95 31
100 58
85 18
1 85
25 92
35 78
15 95
71 90
90 77
21 13
42 1
4 26
64 84
1 24
98 10
53 89
91 40
68 53
78 79
98 27
51 58
50 27
24 63
50 8
81 72
8 68
33 59
8 9
95 26
58 55
26 3
41 56
58 12
62 72
41 92
34 4
96 1
8 87
4 45
86 77
28 51
97 97
41 54
44 86
97 20
90 15
96 26
39 11
9 19
26 4
36 89
60 77
75 31
59 52
9 36
7 54
19 19
93 95
14 63
65 96
50 1
91 17
6 3
59 12
52 88
98 95
92 67
100 88
57 33
95 64
85 16
85 35
43 60
77 21
80 20
39 32
66 35
75 45
77 42
74 54
100 100
65 31
33 82
75 82
75 82
93 17
33 36
93 52
85 63
47 50
58 47
87 63
89 66
15 49
45 75
93 5
64 95
37 93
92 44
21 79
83 56
28 59
57 13
26 16
4 79
36 84
16 47
69 65
10 80
45 40
42 18
62 32
9 70
27 51
88 13
35 3
19 68
20 100
28 54
56 30
18 49
37 100
94 93
7 14
51 1
38 19
51 70
66 47
26 63
42 13
86 26
9 19
21 23
42 90
86 86
24 1
77 26
53 84
44 66
39 5
97 23
85 35
100 36
57 93
11 86
87 1
92 47
82 5
58 100
71 1
37 34
76 49
59 52
30 78
34 14
9 52
19 48
84 84
74 51
45 11
25 96
12 76
5 29
45 19
53 17
42 66
20 71
82 42
94 49
63 88
20 99
43 23
99 23
71 86
99 67
62 60
9 86
42 14
43 64
66 38
12 14
31 49
41 86
70 65
12 27
74 51
30 69
30 74
57 34
56 19
26 84
33 82
19 46
82 64
29 52
71 14
75 81
100 74
52 56
69 29
62 62
23 6
11 4
61 36
93 91
61 70
22 47
1 29
3 83
16 10
67 18
66 48
46 58
59 55
88 65
9 36
33 5
69 85
90 62
41 91
24 3
68 97
26 24
42 100
1 13
54 75
65 13
76 93
54 100
68 20
96 74
67 61
91 25
58 77
79 48
35 68
18 98
100 94
88 48
20 33
67 55
54 65
38 80
64 65
12 19
25 44
72 100
96 75
93 28
62 61
89 65
69 82
81 10
14 88
62 33
81 22
19 14
78 46
56 66
24 14
46 65
51 39
43 26
88 42
8 67
21 74
74 9
78 65
73 19
61 8
49 97
39 74
14 24
86 28
3 38
78 42
62 72
26 89
25 16
55 51
39 2
65 33
75 85
19 11
78 72
36 17
100 32
49 38
66 14
7 97
24 51
11 31
58 88
66 28
50 72
17 54
87 1
23 32
94 18
59 20
36 39
43 66
97 45
49 62
28 94
51 82
78 55
90 17
77 70
55 22
96 19
67 71
19 6
70 55
86 33
49 78
57 72
85 16
49 15
22 37
91 65
72 17
84 67
100 52
38 44
85 90
17 57
24 97
60 21
62 27
82 68
95 11
4 92
30 12
95 72
84 85
33 45
25 78
25 53
9 14
79 100
72 72
75 37
49 57
93 26
12 69
49 34
49 49
48 85
97 100
23 38
39 49
69 16
58 4
90 52
6 12
95 94
58 8
81 8
54 66
20 34
62 75
48 77
75 26
43 86
42 100
10 62
75 82
18 78
86 67
35 95
96 29
57 90
62 83
97 85
49 15
73 4
45 71
50 16
21 40
94 70
24 5
11 40
62 38
33 60
100 91
19 49
27 53
10 50
99 56
80 71
81 84
12 30
79 47
55 61
54 67
73 98
17 74
81 48
90 75
2 40
15 94
38 55
59 29
76 29
86 92
59 96
1 84
82 62
8 63
21 23
75 83
83 67
31 14
36 20
16 26
82 4
6 68
42 31
43 5
4 75
74 53
23 88
15 56
52 99
78 100
21 74
24 96
46 26
1 21
66 23
47 65
15 67
3 29
57 46
43 95
88 20
16 93
43 78
69 81
75 55
15 52
96 16
58 73
97 65
83 35
73 50
78 20
89 55
66 32
73 24
92 29
39 84
95 64
59 37
91 82
24 15
79 10
66 30
69 40
31 31
83 4
68 5
45 49
85 32
24 2
39 95
24 4
39 94
33 24
45 36
66 100
47 75
40 51
23 72
95 91
74 38
95 73
25 10
62 92
60 5
97 85
6 72
51 88
91 100
64 8
93 22
15 15
94 18
58 51
83 54
24 100
93 6
50 10
20 48
29 89
26 63
59 42
53 44
16 56
43 65
49 80
81 55
42 91
40 30
3 78
36 81
13 19
49 51
60 90
75 10
61 55
56 26
32 82
11 94
47 26
95 89
3 15
61 40
40 58
12 17
95 45
63 57
4 22
97 7
82 4
33 63
74 69
92 45
37 6
89 77
35 61
37 85
70 83
28 51
76 67
24 13
63 31
40 85
25 63
23 72
14 47
85 69
78 50
45 80
47 14
24 75
91 68
1 29
36 66
30 26
64 45
83 62
44 34
20 19
31 20
78 38
4 81
4 89
69 34
40 38
92 17
55 47
28 75
13 99
82 97
3 93
89 11
97 80
42 29
13 25
19 3
8 75
49 45
96 52
4 54
47 59
72 78
47 74
47 87
59 95
28 51
62 83
41 57
72 84
81 1
23 76
1 73
84 33
26 16
69 7
75 71
70 32
76 5
2 45
34 31
9 1
56 37
74 93
5 32
50 65
86 70
23 87
57 40
86 14
71 38
12 45
32 24
94 68
10 18
30 10
52 62
38 20
92 45
45 70
61 56
72 45
19 98
61 28
56 78
45 13
81 86
82 48
66 97
8 90
84 44
51 27
17 43
91 80
25 71
73 74
40 44
62 40
48 60
48 35
48 6
70 50
60 80
79 29
63 69
21 49
61 91
14 30
58 21
52 35
10 52
70 76
23 79
29 49
30 3
30 8
25 61
63 41
12 55
42 57
70 30
95 98
44 35
38 72
85 29
68 58
63 98
77 25
82 97
10 9
24 59
29 2
79 58
35 90
59 83
41 78
56 91
19 73
6 60
65 11
70 7
68 11
35 38
45 85
96 59
16 92
74 45
72 71
30 32
85 99
13 80
100 62
31 49
56 66
89 85
16 77
76 23
51 82
44 53
57 72
60 91
67 12
37 25
90 100
2 53
95 7
82 78
9 43
66 31
88 37
73 5
87 37
7 99
59 94
31 74
2 57
27 86
5 18
25 79
56 17
41 68
37 58
7 78
72 16
44 76
96 63
39 45
19 98
98 96
82 97
27 21
58 86
48 60
63 46
99 38
1 13
10 4
81 15
9 7
27 35
20 3
34 64
13 23
26 1
44 57
96 96
79 9
70 42
100 65
3 39
26 59
92 33
91 49
32 88
63 100
34 24
79 2
1 96
5 73
77 98
34 45
31 94
86 35
34 4
46 91
84 72
34 68
55 46
16 38
95 27
81 32
35 92
80 90
45 55
12 44
23 46
40 2
90 52
93 40
91 67
44 91
70 50
83 99
34 91
53 37
45 98
68 14
32 91
98 46
72 38
8 40
83 90
54 83
93 74
16 45
99 25
28 46
2 13
5 71
44 35
96 39
85 2
30 27
27 80
82 8
94 70
49 77
21 10
83 74
93 16
12 76
79 16
14 65
46 26
12 6
67 54
42 75
31 71
50 96
91 20
54 8
57 35
74 9
8 91
1 8
89 54
58 15
80 5
90 18
63 37
23 92
37 56
99 91
5 18
63 87
80 98
98 39
64 63
53 7
32 12
8 31
64 34
10 27
22 47
61 59
74 84
40 100
2 34
4 54
89 47
93 53
10 62
97 81
66 14
17 4
97 41
6 67
26 18
76 97
96 36
88 7
51 88
32 43
87 97
55 5
47 29
18 94
4 96
10 91
70 53
87 7
17 73
85 38
97 86
90 20
45 97
22 69
29 71
47 82
77 75
69 18
91 86
86 88
65 50
8 99
54 91
61 90
13 17
80 60
89 87
60 52
67 66
91 74
44 94
5 62
97 31
90 74
23 8
100 26
99 17
92 12
86 84
67 89
29 49
34 21
9 8
73 45
55 42
37 79
71 78
32 16
6 48
13 64
69 3
22 97
20 14
23 93
83 87
33 31
2 4
23 25
92 34
20 70
13 98
35 80
25 31
9 80
76 53
99 90
60 5
26 69
42 1
45 41
45 10
70 50
31 61
53 17
95 46
85 54
41 47
17 76
68 69
98 94
30 39
37 23
20 43
49 4
59 67
2 29
33 34
12 71
76 53
77 20
31 40
88 2
63 51
7 22
48 82
39 55
57 64
7 38
16 76
99 64
3 30
60 85
20 65
33 43
12 53
66 11
70 96
53 100
83 86
37 17
50 45
12 76
25 39
69 87
12 79
83 58
22 67
97 65
46 28
49 71
73 36
77 19
88 25
87 86
35 92
35 58
77 40
92 55
93 95
93 15
42 71
96 77
52 51
13 35
80 19
16 4
79 97
49 14
20 3
13 34
86 82
21 99
76 9
10 73
90 38
87 40
45 30
63 4
35 56
90 9
64 27
7 91
18 79
51 51
94 28
5 70
38 8
22 67
96 77
30 54
14 34
89 47
77 30
18 84
53 81
57 100
33 87
31 30
5 66
52 41
95 63
42 47
72 92
70 24
4 19
13 29
57 63
100 100
28 32
43 18
41 8
91 10
50 60
59 86
41 60
95 87
63 8
78 19
16 5
10 84
60 25
82 90
50 30
36 6
99 74
2 62
44 6
31 12
85 91
1 23
82 5
79 54
94 69
5 96
49 29
49 40
18 24
57 91
48 39
97 7
99 60
89 99
87 17
100 19
47 84
79 28
94 5
61 43
9 99
62 61
22 26
20 23
43 51
71 7
7 28
41 76
24 21
51 85
23 87
8 11
3 7
56 43
87 16
96 28
60 38
87 44
45 67
29 13
43 86
44 57
25 20
41 45
32 55
63 88
93 15
30 91
42 15
86 71
42 33
2 13
99 32
63 11
21 87
93 82
85 17
27 67
33 9
9 37
29 3
55 95
16 100
31 10
10 90
54 67
79 89
22 27
40 63
23 7
50 40
34 48
18 63
27 11
75 45
50 70
89 98
19 11
31 12
82 12
56 82
73 44
83 77
55 65
35 6
55 15
47 98
20 23
82 33
32 6
80 11
10 36
38 52
47 62
93 97
100 41
1 29
71 85
21 20
92 43
45 91
22 59
26 90
62 5
48 69
52 86
63 26
89 18
70 49
94 37
70 81
25 30
66 33
5 9
79 46
100 38
59 24
78 43
71 60
92 8
9 100
2 23
54 43
98 51
49 84
46 39
97 44
49 64
16 75
69 63
40 6
12 17
91 21
65 48
73 22
90 41
16 85
88 47
78 58
85 33
81 36
100 90
10 14
46 68
56 99
40 59
97 5
14 74
69 53
20 17
58 81
77 52
21 91
11 24
27 55
69 74
56 14
23 98
69 90
23 89
44 60
9 95
34 5
86 32
25 42
58 78
75 24
93 27
97 77
5 33
29 59
77 12
56 22
90 73
74 31
11 20
30 83
71 35
76 93
98 36
42 3
33 26
27 39
62 93
43 49
5 93
83 19
50 62
79 42
51 8
72 2
22 1
11 2
57 59
7 84
88 96
67 36
34 7
80 22
63 64
38 39
8 32
40 75
45 13
98 56
13 5
55 84
79 39
35 92
82 29
28 26
76 46
15 54
6 64
90 39
57 54
10 9
72 9
7 67
41 50
22 16
30 69
62 3
85 69
39 27
21 86
72 64
5 14
54 45
51 37
19 78
43 35
10 21
10 4
87 47
59 76
75 9
93 31
89 66
9 52
74 59
17 91
37 97
88 64
74 7
26 87
97 17
36 15
49 95
55 83
76 64
22 62
36 3
37 66
6 31
74 81
57 52
29 94
30 95
62 48
31 83
49 24
56 82
41 3
58 27
42 29
99 30
32 87
86 11
40 48
93 38
12 21
56 38
29 87
99 84
81 96
6 25
47 100
16 10
54 20
53 34
91 26
75 81
89 37
28 43
33 11
14 17
36 46
61 57
44 63
50 93
92 91
92 86
5 75
32 93
1 65
99 3
82 74
33 51
84 13
73 21
77 41
95 33
28 11
57 27
46 68
9 6
62 51
44 67
76 68
67 22
49 52
67 45
93 55
37 40
46 87
25 65
2 9
33 33
86 73
45 71
82 25
77 63
88 9
87 99
60 7
89 73
37 1
93 33
73 23
72 65
66 53
49 63
67 49
45 15
57 41
64 16
5 73
18 44
59 34
81 40
36 17
7 86
99 84
28 71
95 25
44 70
53 36
97 85
76 54
90 60
93 56
58 79
66 75
81 16
96 77
77 33
21 88
84 30
21 65
93 10
55 46
38 70
93 25
21 95
83 84
49 17
36 10
39 56
18 12
47 44
71 47
53 29
53 81
69 82
80 99
48 57
12 4
84 86
96 42
88 57
73 98
88 49
97 35
90 72
20 64
44 64
18 4
40 51
27 93
39 21
32 12
81 38
76 90
76 88
54 32
10 73
24 5
41 94
1 81
93 68
87 89
71 27
45 96
40 69
40 61
77 95
39 77
3 64
60 32
34 18
90 20
33 29
73 18
38 7
22 100
93 81
33 70
40 56
32 31
11 62
30 76
16 95
44 51
57 17
91 82
97 35
19 41
67 38
89 80
19 21
11 6
76 68
41 100
56 53
67 88
80 60
84 99
57 64
83 23
43 31
42 34
24 94
27 59
14 51
14 100
1 11
6 32
98 69
92 18
90 14
9 82
21 93
5 8
52 85
29 61
47 42
100 19
47 1
65 79
40 98
17 74
76 36
15 17
58 73
31 89
33 56
89 84
14 87
89 71
23 6
8 17
82 4
99 51
35 28
96 7
64 51
87 38
53 90
61 19
78 55
42 55
21 53
50 99
46 15
24 37
78 59
45 56
75 55
77 11
9 34
15 4
93 84
84 22
81 72
2 56
66 10
14 27
43 39
31 48
54 97
65 96
91 65
88 53
15 47
77 44
83 11
30 97
63 81
35 52
43 67
40 87
77 6
63 19
41 37
74 20
39 55
18 47
18 75
13 61
94 57
79 61
27 16
39 41
14 34
60 87
92 48
80 43
25 65
34 39
62 90
78 62
51 34
52 6
65 66
17 32
28 49
99 76
47 80
42 81
34 27
89 47
33 19
62 84
3 17
73 55
87 4
41 72
91 1
57 30
6 84
36 10
35 42
32 100
26 50
48 75
43 38
18 49
79 69
67 3
51 87
93 11
97 16
53 21
44 68
13 81
70 4
24 69
12 8
16 84
65 49
97 86
4 30
50 20
58 21
6 46
22 74
96 76
99 69
64 27
52 6
4 53
52 88
38 99
87 4
77 37
86 26
30 41
94 37
16 46
96 43
97 24
8 8
92 58
49 96
4 76
5 90
18 99
27 44
68 49
85 82
43 44
64 86
88 63
92 63
73 7
46 61
66 89
68 82
96 81
29 67
72 39
99 33
80 54
9 90
37 36
9 42
46 67
18 29
54 78
62 12
66 71
50 1
21 20
9 81
51 96
24 95
65 22
20 47
2 90
32 23
5 28
97 33
47 8
92 43
88 48
19 66
89 3
5 36
39 100
36 83
86 54
62 38
86 68
65 7
70 79
23 55
25 100
68 45
92 83
79 77
29 57
57 6
28 30
1 28
66 86
78 77
25 74
30 59
98 23
26 63
62 81
54 51
22 47
8 89
97 93
62 94
79 6
86 47
18 81
69 5
21 81
3 86
30 43
59 48
68 44
51 73
81 55
92 43
18 18
72 37
22 72
98 26
29 42
50 1
99 5
46 79
79 77
75 78
75 38
28 52
100 92
88 18
81 54
74 38
48 58
78 98
87 84
26 64
15 44
4 16
46 68
87 24
7 2
27 62
45 24
26 45
29 35
77 78
69 40
99 4
49 66
91 11
96 29
29 8
40 11
46 85
26 86
70 39
20 62
100 23
50 90
72 53
88 93
30 43
97 42
87 50
59 40
83 77
64 13
25 35
38 93
9 81
12 11
44 46
87 42
56 34
21 42
15 28
85 63
90 81
13 31
33 28
80 43
61 11
13 87
71 5
58 95
38 73
92 44
30 56
89 47
41 85
53 60
28 39
23 80
49 54
14 41
81 71
83 30
77 53
58 58
20 74
37 85
69 68
16 19
23 79
76 53
36 13
90 6
60 67
77 45
54 89
44 94
56 88
66 99
8 81
78 92
24 46
97 5
70 87
5 53
86 3
62 24
9 13
65 94
84 55
57 18
79 34
17 25
91 47
7 86
74 34
62 21
44 23
94 1
29 91
18 53
69 5
17 3
7 58
81 71
93 48
61 98
24 17
49 87
26 49
84 97
78 78
1 94
80 53
99 17
57 46
17 55
61 40
65 10
82 48
44 46
73 27
12 81
12 70
15 74
18 19
85 56
77 46
13 93
30 8
5 36
31 45
99 13
21 91
89 54
79 83
66 38
49 52
54 99
14 24
27 100
37 47
43 53
79 93
69 51
42 21
36 90
85 6
2 60
52 100
66 5
97 57
25 78
29 86
61 27
39 3
47 56
97 34
67 48
11 48
27 41
24 36
41 92
25 53
96 26
30 97
55 88
61 15
30 48
60 38
26 90
8 99
97 37
69 42
87 91
65 87
10 15
74 33
1 92
63 26
77 32
19 97
11 83
1 61
47 34
71 61
92 64
45 89
68 94
10 11
56 88
94 34
33 98
48 31
70 87
29 23
77 27
24 26
89 37
59 27
83 63
15 26
66 25
31 99
35 20
4 68
47 38
96 34
29 100
100 29
10 59
6 83
18 77
20 93
58 43
64 62
43 53
1 6
61 2
10 46
11 69
16 89
55 80
43 66
15 71
24 18
23 41
92 50
99 95
12 77
2 76
33 9
78 55
19 52
64 60
64 26
23 19
62 97
59 11
51 18
61 77
68 21
8 100
30 6
87 14
66 43
46 67
81 66
66 100
6 69
90 64
76 68
73 9
96 95
71 86
87 32
19 12
93 26
30 81
69 58
56 54
31 8
2 66
85 8
50 59
17 25
48 85
24 78
30 21
6 47
74 47
43 50
25 68
82 99
72 55
64 33
99 93
17 21
44 98
64 92
22 41
34 13
92 12
94 50
81 7
62 97
33 81
100 70
6 22
62 13
20 27
62 75
93 20
21 93
98 35
94 78
89 69
46 71
17 7
19 42
3 18
42 6
61 91
28 37
75 4
32 97
91 69
25 96
49 17
34 66
89 39
22 58
19 31
32 50
68 59
100 37
93 46
100 39
51 7
98 67
61 51
70 33
11 94
5 22
43 77
9 80
50 99
31 98
6 50
66 58
49 39
8 19
60 63
9 81
35 55
86 18
93 77
77 23
11 13
93 45
63 41
51 51
14 2
81 71
82 53
81 12
32 7
26 98
32 50
34 65
23 17
45 52
56 98
86 62
49 73
98 26
94 41
99 24
28 75
51 42
16 33
29 65
58 13
27 47
89 45
45 67
13 64
81 73
21 42
75 28
73 18
35 82
25 30
87 71
68 4
58 82
19 83
99 10
83 32
3 84
85 75
5 48
47 88
40 24
42 9
95 12
89 1
87 1
45 87
16 76
37 94
61 19
96 40
95 6
39 65
85 37
91 73
51 80
65 61
63 66
77 59
90 78
98 47
1 89
28 1
65 2
58 22
98 35
15 63
40 53
100 70
99 37
97 52
46 57
90 12
90 12
93 69
78 65
77 12
89 55
46 92
13 6
1 26
41 83
59 11
40 42
25 19
49 35
90 74
42 80
64 52
67 32
83 9
61 50
19 72
10 61
77 51
29 94
7 95
43 14
20 98
7 65
94 2
16 50
4 73
83 14
6 61
48 41
13 30
34 25
37 48
58 21
98 82
37 25
50 3
57 44
76 66
27 74
57 79
18 39
68 5
20 82
36 23
50 13
32 32
54 94
11 26
60 82
82 39
17 20
3 95
54 37
75 36
96 97
69 38
79 9
30 62
26 50
78 1
42 43
11 26
14 100
51 63
9 7
51 24
1 17
65 51
78 42
27 90
73 81
95 32
46 94
45 62
30 54
47 59
28 93
36 100
57 84
88 75
69 38
73 55
90 21
22 26
100 91
37 69
43 63
30 51
18 30
20 65
7 51
60 72
31 90
21 3
62 86
39 97
23 78
62 3
55 47
52 19
88 44
79 79
47 3
33 90
23 40
28 56
31 48
51 33
15 55
87 83
90 59
84 45
12 37
31 31
5 70
11 79
67 100
99 85
40 29
84 81
19 49
46 32
95 5
1 90
18 34
57 90
91 38
92 11
70 44
45 36
44 82
58 40
75 14
42 84
42 29
98 54
21 91
73 28
100 38
36 98
11 10
89 48
19 42
22 46
19 78
75 11
32 25
37 29
74 47
71 53
72 10
44 47
69 36
19 14
44 37
38 69
75 55
34 26
30 80
96 99
30 62
25 13
53 90
4 75
18 96
47 18
1 80
38 86
71 45
52 69
73 83
81 54
92 68
43 24
3 51
10 98
18 87
86 75
98 26
43 33
57 80
70 87
86 80
77 67
88 100
29 68
66 36
14 7
62 93
47 67
9 57
91 54
71 79
14 46
94 81
88 74
12 63
47 12
78 11
82 7
50 33
50 94
14 12
42 100
45 69
16 62
3 97
62 55
2 89
1 75
56 40
10 20
70 61
41 19
38 86
9 13
21 86
3 73
74 71
82 30
50 39
82 27
24 84
72 17
47 72
69 16
12 42
58 86
67 79
89 53
91 44
69 11
90 46
5 55
10 63
34 14
72 68
12 11
47 21
25 8
12 85
2 60
86 27
33 98
94 30
23 65
93 10
14 15
78 37
66 32
47 44
79 28
48 58
22 79
50 44
46 81
91 46
13 38
56 66
9 25
1 90
46 9
77 35
43 87
2 15
86 97
76 52
26 34
50 8
75 24
50 42
13 44
28 83
36 20
98 41
22 12
10 36
90 2
35 78
39 25
56 33
82 74
17 52
3 90
3 52
19 47
100 22
45 98
31 84
55 87
6 74
84 25
53 47
82 8
26 63
54 13
20 57
53 15
79 47
21 16
27 90
81 40
33 59
7 73
16 11
30 52
28 36
77 47
20 53
14 14
16 71
27 38
47 39
32 22
81 79
2 90
2 68
80 1
46 39
33 4
35 87
3 12
16 28
87 86
85 72
41 91
92 98
56 28
45 57
71 44
76 95
24 46
51 35
60 53
30 70
18 46
42 4
9 6
94 44
13 9
22 71
61 14
39 46
69 9
45 87
19 24
70 50
46 6
98 76
67 41
78 9
84 63
70 52
93 89
22 48
6 75
85 79
14 97
61 54
82 87
84 93
88 48
5 84
86 27
99 53
86 54
3 24
40 8
94 11
48 67
4 16
15 33
61 32
42 61
83 93
5 18
12 37
4 42
50 76
62 12
71 82
28 84
45 26
40 86
72 72
67 25
45 12
9 2
80 22
57 66
90 88
15 14
44 65
46 24
52 92
42 17
31 77
6 16
34 25
76 39
53 82
37 92
90 71
65 14
31 5
25 15
69 83
42 93
28 56
19 58
3 4
98 90
98 94
100 82
89 27
69 17
18 6
33 38
29 19
49 79
89 55
70 58
15 44
84 72
15 81
66 88
26 40
97 9
71 3
59 64
24 47
75 36
47 8
14 69
40 1
77 12
90 83
8 84
19 4
17 91
78 93
73 59
67 80
75 38
72 40
55 58
44 55
41 98
88 47
24 25
89 28
28 54
94 82
3 72
12 25
60 63
68 59
89 64
9 23
90 13
99 80
32 70
65 48
45 87
97 90
4 49
22 50
86 73
63 84
92 53
55 63
41 28
64 63
21 94
15 66
88 55
75 51
10 72
28 52
14 49
34 96
69 79
94 2
79 29
71 2
57 26
90 91
91 12
45 90
98 66
80 24
95 21
82 35
96 24
39 7
30 24
99 72
12 56
16 48
14 7
3 60
70 62
54 86
67 74
90 55
68 3
54 28
16 57
30 74
33 79
30 58
15 21
1 10
23 59
93 50
24 11
79 85
34 92
14 75
75 26
84 57
45 98
69 46
65 43
41 21
59 4
46 19
91 44
71 11
61 66
4 2
73 22
82 28
57 88
91 95
23 34
77 42
96 23
91 43
58 16
29 53
20 100
72 88
81 62
94 58
16 37
4 25
24 94
49 29
69 99
50 71
32 37
66 48
18 68
48 80
6 21
28 23
94 98
96 16
98 33
6 15
52 18
71 6
40 94
60 57
61 1
62 28
36 98
57 75
52 22
93 65
37 27
23 73
16 53
17 41
68 82
31 41
73 17
43 28
80 21
41 15
92 98
63 58
6 14
61 18
11 37
63 34
89 40
56 86
11 50
38 73
61 100
62 19
8 30
100 94
21 75
21 30
14 73
9 24
29 56
17 94
53 41
65 83
92 18
69 93
33 75
59 99
51 85
5 91
54 26
82 6
98 5
97 76
45 63
3 70
58 93
7 51
18 56
98 32
14 36
28 57
35 56
74 35
89 75
95 86
26 28
61 1
15 15
91 100
69 24
95 23
7 45
74 64
11 5
98 62
94 8
43 79
9 13
44 93
100 69
62 38
78 50
97 25
10 13
74 12
51 46
67 5
80 62
68 1
16 89
93 49
95 57
51 44
18 83
35 31
97 29
95 63
96 83
11 96
85 62
16 7
57 18
44 59
41 22
67 74
93 72
34 82
61 4
53 36
30 74
60 24
66 74
7 23
8 100
76 38
80 86
59 45
42 95
11 99
26 98
10 83
55 47
73 54
60 78
24 29
7 37
56 7
71 91
54 19
18 54
55 5
70 77
26 71
50 15
10 51
92 96
43 38
96 32
52 99
95 74
77 5
64 22
13 47
83 79
71 21
88 36
14 16
81 17
81 82
76 14
59 14
90 16
82 60
31 20
1 94
57 40
89 56
8 52
27 83
43 26
25 5
34 87
64 55
2 27
83 53
73 5
93 74
77 90
20 36
97 72
24 63
96 92
12 45
36 61
30 22
34 65
23 97
95 37
15 33
3 78
70 50
73 47
