2000 82714
8 19
15 29
18 21
10 32
22 35
23 23
14 12
9 28
9 40
19 40
24 24
12 16
6 24
24 21
11 16
12 21
8 27
8 14
21 15
19 27
22 28
11 30
8 11
18 21
6 12
5 34
17 13
12 22
13 21
25 15
14 16
5 37
24 21
9 27
14 36
7 21
9 11
11 11
22 16
17 40
6 26
24 31
20 30
10 14
13 33
18 22
9 32
10 27
20 20
20 25
9 16
12 26
5 35
19 16
14 36
21 16
19 36
6 39
22 37
12 21
11 20
23 23
17 10
16 40
14 10
13 23
23 16
22 21
10 24
18 39
15 30
25 28
25 38
12 38
10 27
20 19
18 39
25 34
15 26
13 16
16 13
12 32
13 25
9 17
15 24
7 17
8 17
5 27
5 18
18 35
23 30
21 29
22 29
15 24
6 13
5 29
16 16
22 23
11 20
12 30
20 33
18 36
13 27
20 10
20 34
16 28
17 32
24 37
22 25
15 23
7 40
11 32
18 21
10 34
5 32
18 20
24 14
12 22
20 25
15 25
11 12
24 27
9 15
8 11
6 31
18 16
24 25
18 31
24 39
14 20
13 34
14 10
8 32
14 28
20 30
7 20
22 39
21 23
21 17
23 33
10 38
23 23
11 31
17 11
9 24
24 14
24 39
19 13
25 25
20 35
23 29
16 35
19 40
16 30
25 30
6 39
19 16
9 33
10 21
25 21
18 12
22 10
6 27
14 30
14 31
15 14
22 27
23 37
6 13
22 28
18 36
5 18
20 36
9 34
5 33
9 40
23 29
7 35
13 40
20 15
19 36
5 37
25 15
24 36
6 17
24 11
16 39
24 11
8 17
5 40
6 39
17 35
7 35
18 28
9 10
8 19
15 40
8 15
22 37
12 21
33 46
30 40
21 53
24 36
26 35
21 60
26 61
24 46
26 39
34 42
22 53
23 62
35 54
37 53
22 36
26 53
26 43
34 55
20 62
26 56
40 53
32 56
40 35
31 64
32 59
31 39
38 54
24 62
36 37
22 54
24 45
30 49
40 58
32 49
39 56
24 46
24 51
39 52
32 62
26 53
30 51
36 65
28 57
36 40
40 40
38 61
21 60
28 38
27 44
39 39
36 53
40 36
39 48
39 53
23 64
30 64
39 60
36 47
24 55
26 42
25 43
23 43
26 46
24 55
28 59
37 49
23 43
40 49
29 36
27 35
20 38
20 43
21 60
21 46
26 40
25 41
26 57
34 51
37 58
23 51
39 61
24 60
29 50
20 58
20 40
28 46
22 53
38 39
23 42
25 57
22 37
36 61
36 45
40 55
23 45
32 50
39 40
20 42
39 48
23 36
26 52
39 59
39 65
29 47
32 44
26 51
21 64
39 35
27 53
26 44
39 59
30 37
31 65
40 49
31 40
25 64
33 58
22 59
36 51
28 61
25 41
38 39
29 56
21 46
32 56
25 38
22 44
20 43
25 45
40 54
20 39
29 37
23 40
40 52
21 64
22 48
35 55
31 40
34 53
20 51
37 36
29 53
38 55
27 52
28 52
34 46
28 53
38 48
32 44
28 44
20 41
40 43
26 40
40 39
39 62
20 62
20 41
31 40
36 44
35 57
21 58
29 45
31 50
37 36
23 52
36 65
31 36
38 54
39 51
33 61
32 46
30 42
20 37
23 42
37 35
37 38
24 35
21 65
31 37
34 42
20 43
35 45
40 44
24 46
26 53
33 39
29 60
25 46
20 54
23 40
24 49
31 43
22 55
40 65
28 41
26 42
40 45
36 56
32 47
33 46
50 68
46 86
39 86
46 87
55 81
55 61
45 68
46 79
35 74
40 76
36 82
46 64
44 68
51 78
37 86
49 78
46 71
35 62
51 77
55 77
35 60
53 72
42 85
35 64
49 75
45 87
48 69
49 66
40 83
52 63
52 81
39 79
46 63
35 64
46 78
36 87
52 66
55 83
39 66
42 65
35 73
46 86
51 89
48 67
48 85
41 66
52 90
50 71
45 74
47 80
48 64
45 76
45 82
44 67
41 61
43 74
44 70
53 66
38 68
38 88
50 80
36 71
53 87
50 78
44 68
41 68
52 80
42 81
39 89
50 64
45 66
50 74
55 87
36 81
53 88
51 62
45 81
35 60
46 65
49 87
35 83
50 84
49 85
53 80
52 66
39 80
48 71
38 85
41 79
46 67
39 62
50 90
36 82
54 67
43 75
42 66
42 63
36 76
36 70
52 78
42 89
37 87
50 66
43 72
40 66
55 68
38 86
55 87
41 66
47 70
40 64
54 85
51 74
46 63
50 72
46 68
38 83
53 77
49 84
47 83
37 73
41 63
39 68
40 82
36 62
35 90
46 74
50 69
52 60
55 78
46 61
46 81
36 87
41 83
47 62
47 76
44 74
50 82
36 76
35 61
49 70
37 80
53 81
44 79
38 69
35 60
50 87
37 60
54 85
43 70
42 63
37 69
51 71
40 64
50 73
48 71
37 61
46 74
47 87
44 70
36 64
38 72
52 88
46 83
47 60
38 76
51 84
48 77
53 84
38 88
55 84
54 87
44 64
54 75
37 70
47 61
47 62
55 75
53 83
36 78
39 64
41 85
40 85
40 60
48 60
48 84
37 62
46 75
53 88
45 64
49 80
36 79
47 75
45 77
40 67
54 89
49 66
40 67
55 60
35 77
68 87
51 103
52 111
57 92
50 113
66 113
64 99
64 91
65 101
62 89
65 111
57 87
64 105
54 111
69 99
53 99
63 106
62 102
67 86
61 92
61 87
55 98
50 103
55 95
51 92
61 110
55 97
51 113
55 88
58 103
55 89
66 85
63 86
61 94
70 93
50 114
55 103
60 107
51 109
68 91
60 99
65 115
53 110
60 111
69 106
59 99
56 97
70 102
56 114
52 97
59 94
64 97
55 101
69 113
65 87
56 96
50 85
67 95
65 90
58 104
70 99
63 103
68 98
50 91
70 113
56 98
52 110
70 112
70 109
61 106
60 108
66 96
66 92
61 99
65 108
50 91
64 87
68 85
55 109
60 108
68 108
59 108
62 112
52 111
54 95
52 102
55 98
51 109
56 99
58 88
59 92
62 94
69 115
60 108
54 99
54 96
61 105
65 104
50 105
60 89
57 114
64 85
56 99
58 87
55 114
60 85
51 95
65 97
59 102
70 85
70 104
61 85
64 96
58 107
50 86
65 112
56 98
66 95
51 103
70 109
67 96
68 102
58 115
64 112
62 87
56 95
62 90
67 114
70 112
65 98
69 97
53 112
64 89
62 108
50 99
69 87
66 88
61 98
54 102
65 99
63 88
52 94
65 86
57 105
70 108
62 112
59 94
68 114
61 110
65 115
66 87
54 85
52 105
58 91
65 104
69 110
52 97
59 111
66 91
59 94
65 100
60 115
63 109
51 87
64 101
61 109
54 89
66 107
57 90
62 113
54 96
56 97
57 106
70 87
58 106
68 106
54 100
52 112
63 103
67 110
68 86
64 105
70 95
54 112
62 87
55 89
52 98
69 89
51 109
62 113
54 101
57 103
64 91
51 89
61 96
61 112
52 100
55 100
61 109
55 90
66 110
79 119
80 136
76 124
76 128
65 110
73 136
85 140
78 110
71 134
80 139
72 134
85 116
82 113
84 124
75 133
71 128
66 134
80 122
80 138
77 125
81 140
85 124
85 119
78 137
77 135
65 131
67 114
74 131
71 132
83 124
72 126
83 125
67 118
83 123
78 132
76 111
72 113
65 126
85 139
75 121
83 115
75 117
69 137
81 124
69 140
68 111
79 134
82 131
74 118
77 117
65 137
72 127
77 131
78 119
83 122
65 117
74 129
78 134
69 117
67 140
84 110
84 126
67 122
72 136
69 117
77 126
65 116
78 110
68 112
84 121
70 136
78 138
71 139
69 138
79 134
84 120
73 136
68 128
71 140
85 134
69 121
81 115
72 119
77 119
74 120
73 131
72 114
71 128
72 113
66 115
78 120
74 132
77 118
73 118
83 129
73 117
82 118
66 121
70 125
75 134
85 116
73 140
85 140
80 120
85 110
67 138
78 139
75 123
66 135
66 118
67 131
82 116
72 136
84 122
70 115
71 113
70 128
71 127
68 128
69 128
81 119
76 136
81 112
75 118
81 137
78 115
82 139
77 122
66 139
80 110
83 139
74 118
76 112
67 140
80 129
78 113
75 110
79 140
85 116
85 135
75 131
73 126
80 120
72 119
73 131
68 115
85 118
68 140
70 115
65 136
72 124
70 128
78 137
66 124
85 132
69 111
71 115
80 137
75 122
82 130
65 122
85 127
73 118
71 139
69 124
74 113
80 133
71 120
76 115
81 128
68 139
83 114
73 111
75 129
74 114
77 123
67 112
68 115
76 125
84 130
78 136
69 134
83 120
76 114
81 136
81 118
70 115
73 137
66 122
74 128
83 131
79 110
74 137
70 139
68 115
78 115
72 118
85 127
71 112
90 136
95 142
99 154
96 154
91 151
100 161
81 147
96 135
93 139
90 149
81 139
100 152
85 153
88 139
89 144
91 157
92 135
81 151
83 145
94 136
89 137
89 161
86 143
84 161
88 153
96 147
85 162
81 163
99 153
91 151
100 139
82 140
87 138
100 156
96 159
81 140
82 149
94 143
92 157
84 138
91 144
86 163
92 143
83 152
93 157
93 156
96 143
81 165
93 148
88 156
93 144
92 165
95 157
81 149
80 140
83 153
81 163
83 152
93 142
99 135
99 139
95 157
81 150
92 154
94 143
80 136
84 135
97 142
95 137
80 135
100 138
84 157
90 138
92 137
92 145
87 139
98 157
100 159
93 151
93 165
86 155
86 143
83 160
84 143
97 136
93 138
87 161
94 135
100 136
98 140
92 138
97 159
80 137
86 160
84 164
95 142
87 155
98 137
100 161
86 147
83 153
89 162
89 142
83 142
82 135
98 152
80 153
99 160
90 161
92 141
97 146
82 141
83 160
90 150
100 154
96 148
90 142
91 150
81 142
87 155
92 138
95 141
96 149
93 144
92 153
98 165
88 161
90 164
99 149
94 141
94 141
99 138
90 163
80 162
80 143
92 142
87 153
81 164
93 147
86 142
96 154
91 161
82 145
92 137
99 140
95 156
91 161
93 159
98 144
87 160
97 165
83 160
80 146
82 149
96 162
96 155
92 162
90 163
84 141
90 162
81 138
94 155
94 145
88 155
95 164
83 139
89 147
91 147
89 153
98 148
81 152
89 163
97 148
82 151
97 155
82 165
92 162
85 155
100 165
93 156
83 156
83 158
100 154
97 159
84 163
89 154
85 140
96 157
95 143
80 140
87 152
84 151
96 154
82 148
81 147
87 146
88 161
94 135
100 138
94 153
97 187
100 172
96 180
99 177
109 169
98 181
100 185
113 165
112 169
107 190
107 180
112 177
99 170
97 187
112 167
98 173
115 179
96 162
100 186
107 164
101 169
113 189
114 189
102 174
107 179
103 184
111 180
114 182
106 183
113 174
112 190
98 160
99 179
105 187
100 178
101 177
108 183
113 189
113 174
98 186
95 184
105 167
107 185
105 171
101 174
102 175
100 181
110 189
105 172
110 180
98 183
96 184
98 177
98 163
95 160
102 187
107 173
108 163
95 161
97 180
102 169
104 184
113 176
112 165
100 173
115 185
104 187
115 178
112 168
103 169
100 179
110 189
102 167
114 164
100 176
109 179
104 187
115 180
97 160
107 167
98 175
106 179
104 180
97 180
106 186
96 162
98 162
108 172
115 160
111 176
103 170
110 166
105 173
96 179
102 175
111 184
97 186
95 169
112 175
110 169
105 186
96 182
103 170
115 163
115 180
104 183
99 179
97 164
111 182
97 170
109 176
106 164
98 172
98 185
105 169
99 164
106 172
104 189
109 188
100 190
98 178
113 175
110 177
113 162
97 168
104 173
110 172
103 165
104 189
110 175
101 160
110 168
115 172
112 160
106 165
98 185
106 178
114 183
95 186
107 171
105 163
111 186
112 170
95 163
108 186
95 172
106 166
111 162
113 184
96 185
102 160
114 177
99 186
115 180
102 160
100 182
103 184
114 175
97 174
101 169
107 166
108 190
114 169
105 186
110 161
95 188
107 169
113 175
107 180
114 183
99 161
108 180
95 187
108 186
103 183
110 174
98 181
115 165
107 172
109 160
109 181
102 171
106 165
115 161
113 185
95 172
113 165
106 180
96 166
115 168
96 177
101 181
114 160
97 165
105 187
109 181
103 187
100 173
95 184
114 185
110 190
129 199
119 191
123 191
120 201
127 189
113 186
121 191
115 204
117 196
116 197
124 213
127 186
121 192
112 206
125 195
116 191
129 185
129 209
111 207
111 203
127 191
130 206
112 205
128 204
125 205
115 185
125 189
116 209
129 207
123 199
120 192
113 207
121 185
126 197
118 207
118 203
127 202
121 191
118 196
114 188
119 209
122 200
121 187
117 194
113 205
130 208
126 194
128 186
111 212
127 214
117 196
120 196
119 205
129 186
114 195
130 214
121 190
125 214
114 204
119 212
129 210
129 185
115 185
128 195
116 198
124 193
126 208
122 202
112 187
129 194
122 206
128 196
113 203
111 215
121 196
123 195
123 196
110 190
114 192
114 186
120 208
129 194
127 212
117 209
130 197
113 191
110 192
121 211
120 207
119 210
129 202
115 190
121 195
118 188
112 209
111 190
115 199
126 215
119 193
129 189
117 205
129 205
128 210
116 202
129 189
113 200
124 196
117 199
123 214
128 191
113 207
114 191
128 206
117 196
112 207
122 201
113 208
120 191
127 200
116 212
118 185
120 192
128 215
113 185
116 191
130 203
129 198
125 212
113 210
130 185
114 205
119 211
129 203
116 208
121 209
115 204
110 214
128 188
116 198
112 207
110 191
130 197
113 214
122 207
123 198
117 190
128 189
110 193
123 187
116 206
126 202
110 201
110 186
120 195
129 204
126 185
120 192
125 196
117 201
129 208
121 205
124 210
130 211
130 198
127 185
123 205
121 196
116 215
119 208
125 210
114 191
114 187
115 186
114 200
130 198
119 197
114 187
127 213
122 194
123 209
128 196
129 209
125 200
127 186
127 213
118 202
110 200
121 200
117 185
125 187
124 189
124 201
130 204
129 186
114 204
128 187
121 188
115 204
126 199
131 234
137 221
133 224
127 237
139 219
135 234
136 218
132 231
145 211
138 211
141 212
130 233
139 226
129 238
144 221
145 230
133 230
140 222
144 234
138 239
128 211
144 221
129 228
141 238
133 217
144 228
127 226
137 221
141 213
137 214
137 227
140 227
143 234
139 218
128 214
132 225
131 236
141 219
134 233
136 210
145 214
144 217
135 235
139 232
129 235
143 218
138 229
139 226
142 231
127 235
136 236
128 234
138 210
128 210
132 216
142 231
125 225
129 239
127 225
139 212
144 224
125 229
144 212
141 220
144 235
137 223
132 221
126 218
134 215
142 212
140 217
144 232
130 229
127 239
141 217
136 221
128 217
145 230
129 210
138 240
136 212
134 222
141 223
138 233
137 238
142 239
125 226
145 236
139 215
135 216
141 231
144 210
137 222
141 215
136 228
140 214
136 221
142 212
136 215
131 219
141 228
131 215
140 234
145 215
128 231
139 217
134 234
140 214
133 234
138 227
142 220
143 240
131 212
134 222
125 233
140 217
140 236
135 221
127 219
138 224
145 236
127 218
140 235
129 233
131 230
142 235
126 236
133 226
130 232
126 212
133 224
143 232
139 228
132 235
140 225
125 234
128 235
145 237
143 220
140 212
145 235
131 233
128 228
130 226
131 213
135 230
126 233
140 234
137 220
134 213
125 232
144 212
135 235
140 211
144 224
136 238
125 240
139 238
129 238
134 232
127 236
129 223
126 229
141 237
145 231
142 231
135 234
142 235
132 227
132 226
144 239
144 216
135 210
145 222
131 222
126 234
126 221
134 234
126 221
137 236
131 225
139 219
145 214
139 235
144 239
133 228
139 232
138 232
140 235
140 226
140 212
132 221
143 222
141 220
142 229
140 232
137 229
140 222
141 213
141 218
144 249
149 263
147 253
159 257
148 255
140 250
142 249
156 238
159 260
157 252
156 252
152 251
156 240
157 260
150 265
142 244
151 261
149 247
149 256
156 257
154 245
160 264
159 264
157 252
143 247
146 240
159 243
143 235
142 248
144 255
145 258
142 256
155 236
152 263
155 240
141 264
157 258
145 239
152 261
147 246
148 258
149 237
150 238
160 246
148 258
142 260
147 261
147 264
155 249
143 249
141 245
156 236
141 243
148 257
158 260
144 242
147 252
153 248
143 244
146 235
153 256
143 245
150 240
157 245
145 235
149 241
142 241
142 246
143 244
151 249
143 239
145 251
145 263
144 240
147 256
157 236
156 263
155 260
145 250
145 257
149 261
155 259
157 239
149 247
142 238
160 250
152 247
152 260
160 263
144 244
143 237
160 260
156 252
143 236
140 256
149 252
160 255
158 249
156 245
155 239
146 250
160 254
154 253
153 236
146 243
155 235
153 251
145 242
145 244
147 238
152 264
153 246
157 261
145 244
155 251
147 251
149 264
154 258
157 249
153 264
160 263
149 235
159 254
157 248
160 247
145 260
155 237
160 263
146 262
140 235
142 249
157 244
151 251
152 259
157 255
147 253
148 251
147 264
147 256
146 263
143 259
153 248
145 258
147 256
155 248
149 263
151 235
147 239
153 236
148 249
160 252
142 243
148 252
151 235
148 248
157 245
144 252
149 236
160 237
158 260
140 241
149 243
147 259
153 257
151 243
147 249
152 241
156 259
156 259
153 264
141 255
153 247
155 236
152 247
155 235
148 250
149 262
145 245
151 235
153 247
155 238
151 236
145 249
145 264
151 251
141 247
143 239
153 243
154 239
152 238
149 262
160 243
155 241
151 245
140 249
146 250
140 250
160 259
158 241
142 237
