3000 45591
3 5
70 65
23 60
21 64
72 20
46 57
63 5
47 39
7 41
15 98
5 94
67 98
12 12
83 50
43 8
84 86
97 58
58 24
5 76
19 78
92 4
77 14
57 36
14 44
1 8
84 48
43 79
50 66
7 85
74 35
62 34
61 90
43 51
37 45
82 5
67 70
82 53
44 10
13 60
41 93
58 7
69 53
7 91
21 70
4 55
2 50
57 55
52 64
59 73
61 82
70 41
50 28
38 95
78 76
16 71
38 3
61 76
58 1
39 20
19 60
31 35
1 6
80 1
26 37
89 50
61 6
92 6
22 3
56 15
56 18
62 95
13 73
24 70
69 37
33 42
79 24
70 87
89 48
30 87
80 11
2 29
99 80
81 39
91 23
29 7
96 61
80 77
41 82
53 62
18 97
60 42
84 48
70 2
91 42
61 85
58 3
3 99
52 90
80 5
58 65
7 59
41 100
70 37
82 29
61 88
54 30
61 4
82 74
95 77
90 43
61 37
48 57
41 74
42 27
38 32
21 80
37 87
17 8
61 62
42 48
86 56
20 3
25 96
56 57
10 96
85 32
13 60
64 47
88 21
92 16
21 11
46 80
85 67
42 48
27 60
97 55
96 77
39 15
79 80
42 6
81 9
91 68
89 62
73 82
32 94
78 93
93 62
21 81
94 53
53 23
62 80
31 8
73 77
38 27
86 17
34 24
74 58
51 28
98 70
13 31
94 43
70 81
58 62
78 62
12 80
36 73
75 16
7 56
27 87
5 47
100 13
7 96
95 15
88 27
79 77
79 8
65 71
71 90
51 40
10 23
75 64
12 72
40 31
99 40
1 98
78 47
33 16
26 56
28 74
82 85
38 38
21 68
3 17
95 99
51 29
14 96
82 71
77 96
72 4
8 9
81 43
71 16
14 4
75 57
10 94
44 33
5 64
26 65
66 74
55 56
87 87
41 38
66 27
79 17
39 29
18 24
56 15
23 44
43 31
83 40
56 81
32 68
55 60
59 97
26 18
5 88
72 45
60 88
81 84
44 48
67 97
61 26
66 15
33 52
88 82
76 9
28 36
92 97
53 73
94 10
47 4
40 59
86 47
64 30
18 28
24 75
34 6
25 94
99 71
28 36
7 34
54 51
60 56
13 93
12 47
37 73
18 32
36 43
96 13
50 67
31 90
15 9
63 92
96 57
99 12
2 25
23 65
26 48
45 74
76 37
19 9
43 77
67 47
56 55
59 59
36 26
80 81
92 64
60 20
78 51
19 51
66 5
83 1
78 6
30 49
95 100
15 79
47 32
82 42
62 91
49 99
12 84
76 51
11 42
59 40
74 14
64 67
82 4
100 61
8 92
9 92
70 21
51 68
75 90
26 75
9 26
10 68
57 8
100 41
69 39
86 58
70 92
86 43
68 11
48 97
15 43
14 10
14 27
14 74
95 3
75 69
14 24
6 86
3 71
76 66
17 77
28 85
39 32
98 32
79 97
46 75
58 75
49 18
48 42
32 65
26 44
56 20
93 84
34 51
7 60
13 22
19 9
77 3
50 16
86 19
76 100
16 58
100 80
41 78
81 83
46 34
67 47
94 7
4 72
69 17
21 24
20 48
49 53
59 55
17 32
27 50
57 29
26 6
27 67
56 22
9 22
52 10
12 93
1 5
37 61
70 5
65 26
55 21
46 7
66 41
41 91
73 58
81 50
92 22
13 36
62 85
37 55
80 34
7 43
40 78
100 2
80 66
11 78
48 55
90 72
79 9
75 4
46 52
4 14
53 22
2 25
12 88
5 83
65 18
12 92
93 43
34 22
28 70
48 15
32 80
93 62
40 5
4 38
26 12
83 78
69 25
87 48
19 85
100 10
45 90
11 62
51 11
24 55
21 39
51 17
14 78
100 99
77 20
11 29
3 13
29 93
64 53
67 52
85 76
80 70
30 43
78 70
66 43
58 64
25 85
97 23
2 26
16 41
52 12
27 37
98 19
72 36
65 84
68 3
71 97
10 25
78 64
22 7
85 31
51 55
24 24
50 8
2 53
100 95
13 36
56 17
28 88
28 88
22 68
13 15
8 10
52 63
42 84
73 52
61 26
66 68
21 26
62 51
81 9
24 89
89 39
30 79
96 76
53 74
97 81
18 72
14 98
75 96
91 79
99 28
77 2
14 54
100 35
78 55
13 48
12 22
85 23
93 87
92 10
7 43
57 1
99 71
10 5
98 85
23 74
70 82
63 4
95 100
83 85
95 64
18 88
71 23
24 42
65 16
76 49
20 74
83 87
89 98
46 22
73 65
39 78
74 23
87 18
39 12
3 29
99 18
2 86
88 52
43 56
45 47
46 46
99 57
43 17
7 2
96 93
17 90
28 83
58 48
11 41
10 19
4 64
81 81
33 42
79 5
45 96
8 42
51 31
27 82
48 39
48 4
100 99
87 16
22 26
38 16
77 80
24 7
88 85
30 65
63 10
31 41
75 11
60 55
29 49
69 27
66 56
25 93
86 68
93 90
34 40
48 9
55 9
90 3
80 41
87 2
68 60
77 36
46 43
18 42
3 69
93 33
18 45
54 67
31 49
39 70
91 35
7 80
14 28
79 19
89 44
77 37
61 11
15 6
36 91
89 59
83 84
54 98
13 3
20 51
46 88
99 43
20 11
52 96
88 97
99 51
38 49
55 8
75 38
35 43
25 49
30 7
28 75
42 45
35 73
10 75
32 67
78 59
69 54
45 94
8 78
57 49
73 31
68 88
71 6
61 21
56 99
5 89
14 19
21 1
25 92
11 58
71 95
96 54
63 5
58 44
46 57
52 53
64 51
73 46
87 95
40 52
2 52
66 21
33 48
88 77
75 96
64 14
65 35
43 1
61 8
72 64
51 50
85 90
91 4
73 7
45 62
99 2
78 48
10 32
71 54
54 39
21 89
41 1
49 44
35 93
98 44
94 100
38 45
61 46
66 46
76 91
1 49
19 49
41 12
85 97
7 77
68 7
49 10
23 12
62 59
61 69
47 27
65 60
45 58
37 30
37 67
90 72
87 83
66 14
99 3
57 37
71 4
71 92
97 37
71 47
57 36
46 80
17 99
95 33
7 77
34 96
70 23
59 26
53 44
63 86
43 22
11 21
82 44
43 83
85 84
43 3
3 4
31 10
59 62
100 61
20 40
48 28
89 32
6 22
13 93
39 87
15 10
36 96
62 78
11 46
6 95
18 13
57 77
22 93
12 45
15 6
56 88
82 20
25 31
60 83
96 5
19 4
22 3
77 49
14 86
6 38
71 51
68 89
37 48
30 64
67 2
8 39
77 92
55 85
65 12
41 36
46 71
79 22
76 32
59 100
90 19
34 78
76 65
98 96
55 70
40 61
64 1
62 9
21 80
40 83
21 91
68 37
58 86
42 46
44 37
71 23
100 83
14 87
39 12
36 82
43 2
5 65
95 20
71 93
12 1
59 32
64 81
9 72
38 5
91 64
67 23
79 23
24 41
94 87
76 18
31 62
33 48
91 70
92 70
5 79
30 4
65 12
72 15
87 89
58 9
15 51
10 12
57 44
29 89
100 75
92 25
23 43
56 91
38 97
46 87
19 91
97 28
9 67
79 14
34 32
99 30
45 37
12 54
23 70
91 23
39 24
53 31
23 22
29 45
96 52
28 1
58 49
60 16
51 67
96 89
18 24
66 70
57 52
74 67
46 10
56 78
18 44
20 52
64 68
55 40
65 39
82 11
3 19
73 5
13 24
36 2
24 35
9 60
99 7
46 56
99 83
37 82
50 87
22 56
17 27
45 90
1 56
26 27
57 57
51 23
22 67
26 81
68 92
78 19
99 99
65 53
86 96
68 94
85 5
1 16
75 33
49 43
34 26
77 51
74 99
46 1
65 4
49 33
55 61
63 11
94 89
53 95
52 92
95 27
26 50
68 18
91 68
78 58
46 96
99 25
81 80
67 63
24 57
48 23
96 33
75 7
13 75
33 80
42 1
49 31
33 95
16 85
49 73
67 72
45 88
74 72
64 25
9 91
22 56
18 85
71 1
67 96
23 31
74 93
61 74
100 32
94 62
4 42
78 89
39 10
2 18
58 20
57 72
26 74
57 94
4 4
100 32
21 21
37 83
93 32
69 51
21 30
9 69
18 76
87 53
5 56
91 99
3 77
13 46
13 54
20 13
35 99
79 2
94 43
9 43
92 75
94 27
54 4
95 68
71 67
92 65
96 85
80 87
100 36
73 10
36 32
3 91
24 42
57 52
39 26
17 25
77 55
60 55
77 45
94 30
98 59
81 100
37 80
100 36
93 98
49 33
72 48
79 96
79 86
65 43
87 38
70 61
58 21
40 93
64 28
80 87
83 58
12 65
59 25
82 45
36 74
47 57
85 36
60 67
55 60
75 61
76 44
31 14
86 67
4 88
77 95
36 25
84 40
13 74
87 12
28 37
13 59
58 12
6 32
91 44
75 6
45 21
13 4
84 26
36 13
28 84
64 12
71 22
39 100
74 37
52 67
27 73
72 45
88 54
86 92
78 4
15 66
13 87
9 70
52 32
16 74
37 64
87 8
99 13
49 38
74 72
78 1
13 48
83 83
83 32
3 91
9 88
79 4
15 47
93 13
15 17
43 30
8 76
85 90
33 29
33 64
88 56
59 53
5 60
28 9
96 96
82 64
42 74
8 82
42 85
45 57
23 8
30 48
32 17
73 72
78 37
57 88
50 73
90 84
39 70
85 56
45 27
100 9
63 12
11 73
92 73
29 80
5 54
99 48
65 69
38 34
83 64
53 25
48 38
39 23
32 85
96 86
73 38
25 11
3 67
14 74
69 19
78 26
44 22
100 35
2 50
73 10
8 22
52 74
15 46
99 91
88 81
59 72
98 99
2 92
21 96
89 71
31 71
26 49
39 71
47 40
15 34
73 86
99 16
14 71
12 60
82 52
9 56
84 98
6 14
64 75
49 71
75 33
41 52
44 44
26 67
42 1
17 6
34 89
45 26
83 51
32 31
84 7
93 22
29 30
38 98
13 69
69 52
20 21
38 17
59 74
66 12
52 2
31 59
17 79
66 72
42 19
98 82
74 80
77 68
4 96
89 6
26 90
30 28
29 57
69 86
55 94
23 10
37 91
40 34
19 35
71 41
71 65
55 93
63 14
51 46
92 43
76 82
71 97
11 63
13 50
81 23
76 26
65 51
12 81
44 4
82 74
5 51
42 85
7 5
34 70
97 32
96 10
59 60
26 59
76 19
79 45
32 5
98 80
68 35
72 38
69 14
38 27
94 2
75 59
1 92
97 99
66 1
76 73
67 48
28 15
40 74
100 70
55 40
56 76
63 2
99 43
37 49
19 53
92 79
44 54
52 22
88 11
91 15
62 33
65 21
66 85
41 29
96 25
16 64
60 15
19 15
84 30
97 41
13 16
58 88
49 32
9 67
75 88
76 56
27 14
2 2
16 81
26 83
56 93
23 56
40 36
6 35
60 5
59 40
97 65
55 10
10 14
84 27
97 76
72 46
48 48
62 61
64 75
96 72
77 24
23 89
14 86
12 5
71 82
26 54
69 92
72 65
86 72
95 31
47 73
65 85
96 84
14 53
42 19
4 76
37 9
82 54
9 62
48 65
40 94
6 79
54 74
1 7
41 5
50 49
72 4
41 52
11 61
87 30
36 76
40 37
61 19
49 13
51 41
32 52
27 18
20 85
3 16
64 89
66 67
1 88
28 25
62 51
15 93
22 43
17 78
3 1
3 97
25 40
50 65
94 42
82 70
55 90
94 100
75 74
4 90
18 3
15 78
66 51
4 33
50 5
5 87
65 3
98 17
56 79
48 54
76 87
27 63
2 21
40 27
92 82
2 61
19 52
5 32
68 53
40 94
21 9
70 5
94 42
98 100
71 21
87 35
31 69
25 10
33 34
5 95
28 99
2 37
19 72
46 1
5 69
20 76
50 39
21 23
70 44
57 18
20 28
45 82
35 32
21 48
84 9
79 13
75 60
3 12
83 96
42 64
42 57
56 57
12 20
88 51
5 8
82 40
74 85
35 29
7 49
58 19
92 23
86 100
59 55
10 46
83 100
16 75
82 21
33 91
88 97
51 16
41 60
8 76
95 50
28 91
80 75
79 10
6 56
54 35
33 21
40 3
48 50
26 29
95 59
59 70
13 79
51 19
92 9
39 64
86 47
50 10
96 34
77 69
88 9
7 40
38 14
70 60
74 14
19 86
54 50
61 62
69 53
47 9
20 37
16 2
74 52
52 11
46 11
79 59
5 97
78 83
18 61
52 47
55 12
65 72
62 68
68 42
15 90
6 76
6 57
52 88
7 85
53 90
80 8
94 45
11 29
70 21
16 57
84 94
40 58
69 6
97 55
61 62
15 67
68 43
76 64
40 70
19 6
21 26
18 80
24 54
50 61
88 92
27 100
4 72
4 63
41 19
23 13
70 4
46 95
80 22
22 43
4 31
33 11
53 50
98 28
95 40
22 70
13 84
79 33
62 79
33 41
27 40
74 41
100 59
94 34
49 56
39 80
13 91
21 81
9 59
88 45
22 41
96 51
66 96
25 64
51 65
58 15
100 29
20 21
55 61
79 50
93 63
59 91
63 12
46 13
8 70
58 51
19 34
20 53
36 36
32 13
4 94
14 27
5 5
3 52
7 12
5 60
42 32
71 3
25 92
50 42
10 47
46 85
97 92
28 94
23 100
47 9
85 8
22 80
18 29
40 68
52 29
63 43
98 11
15 41
60 55
5 80
72 43
78 89
76 85
59 30
62 53
79 78
72 8
66 57
34 81
30 20
71 68
27 64
53 74
47 11
28 58
62 72
45 47
76 1
41 65
67 47
74 9
26 25
40 26
91 89
65 92
91 7
53 32
14 54
5 99
12 86
18 86
28 41
42 26
45 70
86 23
3 30
75 99
9 30
20 38
8 31
91 49
42 5
86 47
43 74
89 68
13 4
56 45
33 14
88 4
97 10
51 12
13 65
74 34
90 90
4 53
38 77
32 48
8 84
51 83
37 46
72 22
20 68
64 38
13 99
64 89
2 60
67 29
38 39
10 42
86 66
98 69
100 42
80 23
83 67
94 16
68 90
48 70
50 60
52 55
87 26
98 21
2 19
100 90
71 54
43 8
55 42
60 83
74 7
62 78
62 65
62 52
33 99
81 84
78 41
97 97
96 72
31 53
15 77
85 62
92 94
53 43
34 30
44 87
32 65
69 97
37 2
99 54
16 18
38 14
2 60
2 43
35 34
55 78
53 32
57 40
49 37
7 74
16 22
22 43
69 3
29 86
36 46
53 53
61 69
65 87
2 49
56 92
95 39
16 78
93 53
86 84
68 20
26 82
29 70
51 84
94 30
66 24
1 89
61 100
55 37
2 48
15 42
42 22
8 78
67 26
98 61
56 66
74 51
66 82
30 9
94 53
94 67
65 6
98 5
55 87
29 92
99 5
62 78
75 82
67 82
6 30
60 17
86 1
84 64
89 87
37 36
29 45
6 62
37 24
90 44
12 50
91 24
4 38
53 71
98 53
70 63
3 32
54 18
95 65
68 13
83 78
88 17
13 32
99 84
38 73
19 18
79 27
88 29
81 96
53 61
54 11
38 77
64 77
92 63
21 40
4 15
80 99
50 37
9 28
16 74
39 80
21 77
58 49
94 69
25 48
56 1
15 83
27 79
61 71
10 47
46 43
95 48
49 15
59 26
93 83
86 39
77 44
23 10
74 68
9 91
75 22
79 30
47 19
38 98
22 92
19 59
42 65
1 42
68 47
2 92
69 68
58 26
74 69
26 16
3 47
99 16
33 69
18 29
77 46
93 39
79 28
23 88
87 86
79 94
33 14
31 69
17 33
9 9
53 30
42 100
70 51
79 51
20 29
68 69
69 100
94 72
86 79
62 64
94 66
6 25
63 8
14 33
63 3
89 76
40 100
66 49
39 43
72 68
35 29
15 88
17 6
65 8
89 27
3 44
43 2
21 92
86 64
59 34
82 52
38 45
52 85
3 2
17 95
24 65
70 23
85 46
17 36
7 1
98 10
10 1
12 26
12 17
24 85
27 80
100 44
15 85
44 28
90 86
38 52
78 8
57 25
54 10
94 16
45 51
9 5
36 17
18 95
94 20
47 2
99 46
83 64
98 86
53 100
51 10
21 50
74 22
35 55
37 85
80 22
84 64
99 38
44 99
96 32
74 22
22 78
95 75
40 6
65 57
37 12
77 10
94 65
93 36
83 71
87 80
89 39
91 75
74 48
6 33
36 94
72 49
56 30
18 9
70 34
8 29
69 18
42 35
33 50
55 72
31 71
65 24
39 88
29 8
8 22
86 19
54 82
81 52
80 46
93 39
97 8
68 9
21 48
42 72
60 97
3 70
28 3
49 35
45 96
53 50
6 19
32 41
25 50
14 48
2 49
46 35
73 29
22 66
87 69
6 30
28 90
17 92
70 5
18 77
97 51
29 27
3 47
2 32
9 30
35 44
46 23
5 37
2 53
67 22
46 9
62 49
21 92
25 63
62 35
18 87
29 65
19 53
1 28
53 14
32 52
2 76
50 1
5 80
75 94
37 69
62 62
3 83
5 12
31 66
72 59
54 63
59 44
75 57
55 94
19 73
9 1
1 16
23 10
10 5
19 38
20 70
23 53
91 81
44 32
36 39
8 67
24 96
55 91
61 46
77 62
86 94
14 74
78 62
42 74
89 67
14 82
3 87
43 1
71 94
85 52
14 11
24 56
43 96
40 67
30 1
61 68
48 19
82 69
35 77
10 23
100 58
54 98
84 27
91 90
49 82
20 65
50 56
73 29
74 7
62 54
1 90
11 1
76 27
78 3
5 26
16 45
44 85
7 12
58 97
66 30
92 63
23 7
41 85
86 58
63 25
70 37
99 78
62 44
52 57
85 6
23 66
3 14
39 4
7 45
45 3
39 85
26 9
95 11
63 13
51 68
8 16
15 55
61 68
83 42
45 57
65 93
98 38
88 41
24 56
7 34
5 22
15 70
82 92
45 6
52 28
96 16
66 95
2 57
57 59
17 51
87 62
32 77
20 17
77 17
38 21
16 71
15 53
63 81
10 33
30 66
13 48
70 48
44 72
25 67
52 41
88 28
90 11
2 78
27 21
13 66
8 63
31 42
79 36
41 54
27 100
82 15
36 22
93 94
84 71
45 32
9 96
70 84
76 8
80 12
46 1
13 80
96 35
12 53
27 13
57 67
41 70
91 12
26 67
85 41
67 79
30 7
24 21
56 89
31 37
51 41
20 7
90 99
81 82
50 42
31 5
60 33
84 8
18 26
52 26
67 30
62 57
60 74
88 13
89 17
92 85
85 65
53 48
39 71
48 70
79 12
47 38
89 91
21 24
25 56
25 32
88 2
6 62
48 52
95 42
36 50
98 44
67 48
77 1
31 25
16 41
59 5
90 10
51 100
77 82
93 35
69 29
90 90
4 8
56 94
79 6
95 45
92 58
31 6
85 15
92 79
62 17
84 4
80 70
82 40
8 59
56 53
21 93
13 73
55 56
16 87
100 22
5 99
82 86
28 22
35 75
49 79
87 78
76 84
100 78
15 11
20 71
20 7
4 1
23 78
28 100
34 58
70 74
19 9
65 63
54 41
10 40
78 32
89 96
41 61
59 23
48 7
48 13
32 68
60 79
3 20
99 54
11 52
7 18
32 39
39 26
93 44
80 17
77 55
68 28
31 47
91 66
39 98
51 53
94 18
61 27
78 4
28 75
30 53
48 64
44 90
36 93
10 55
21 21
24 40
2 15
31 95
72 46
50 79
62 62
83 76
52 98
12 15
94 80
58 15
43 6
84 5
50 59
75 74
60 11
69 38
5 72
50 76
7 87
7 24
95 93
67 13
36 79
74 20
97 17
36 95
69 9
32 9
45 1
89 81
7 49
98 16
72 75
78 46
47 94
33 89
61 22
98 92
45 55
6 1
7 58
39 12
89 57
56 68
13 86
100 67
76 5
70 57
1 43
82 91
76 33
47 87
1 56
64 63
21 6
49 72
51 9
41 66
32 33
95 10
30 46
38 33
44 77
1 73
16 78
91 70
85 61
28 51
40 13
81 67
33 3
47 23
20 79
73 59
54 90
84 16
72 26
30 47
53 24
24 20
63 89
81 56
70 58
63 44
44 71
42 64
11 68
94 31
83 81
42 52
40 40
64 79
32 84
83 16
16 51
99 13
25 38
100 63
26 16
65 2
33 29
58 18
63 24
4 59
82 77
16 66
87 74
53 2
97 12
40 98
28 73
60 100
20 5
49 30
74 96
15 75
43 45
37 63
60 58
25 26
30 14
99 97
40 4
61 49
33 65
55 6
59 13
58 54
6 20
84 28
74 7
90 100
93 46
88 83
93 59
74 22
55 48
32 32
78 75
52 11
23 29
5 99
63 62
42 34
6 28
36 57
8 60
48 25
72 71
67 17
24 2
54 84
17 66
63 57
14 84
49 82
17 14
73 97
58 87
22 33
8 24
83 93
12 32
1 21
70 75
56 90
26 94
77 74
87 74
4 20
28 36
9 2
60 18
42 98
2 87
65 98
29 54
61 99
12 74
53 25
27 15
35 75
6 60
95 32
97 83
19 96
96 65
65 96
43 92
5 51
39 28
3 67
88 96
2 11
3 40
9 22
57 53
28 33
85 48
96 26
83 53
64 83
56 79
43 70
57 80
10 66
7 19
86 34
70 64
71 92
38 10
49 30
57 66
95 21
43 14
6 100
13 16
38 78
70 95
8 7
43 81
8 74
10 26
82 76
61 85
64 65
42 49
18 37
43 97
79 96
65 14
26 1
42 79
20 92
68 23
51 58
81 57
26 41
36 43
51 72
48 33
25 4
99 54
5 50
19 25
93 67
10 50
83 40
83 44
79 44
90 99
25 76
39 70
51 24
58 51
99 54
14 40
99 100
68 42
57 88
77 95
84 55
34 89
71 25
56 98
53 11
21 83
36 55
78 51
8 77
38 78
78 35
32 81
36 31
82 37
2 5
81 97
43 86
84 96
63 93
73 81
26 94
39 68
11 2
76 69
96 71
62 55
42 60
46 22
81 48
50 48
75 68
65 54
83 36
45 93
72 52
35 98
17 27
7 58
64 100
24 3
45 87
41 35
7 83
32 18
74 23
8 39
12 66
16 60
43 35
26 10
89 92
68 80
64 78
51 94
96 1
11 100
64 100
89 60
9 21
97 48
38 7
83 88
13 53
72 94
79 80
84 56
6 43
95 58
42 65
69 43
70 61
86 52
62 29
28 95
70 21
35 51
35 86
33 38
3 10
29 72
11 48
43 1
49 51
74 77
93 46
44 3
37 76
9 46
84 63
45 48
5 45
21 21
27 35
17 97
44 67
57 67
52 5
49 9
51 76
93 21
69 3
72 36
31 72
30 31
99 83
100 44
17 33
85 68
84 82
71 94
13 39
94 29
13 47
61 41
20 57
5 92
56 44
56 32
65 37
91 58
100 31
69 81
63 30
78 17
37 30
6 96
34 35
88 86
54 57
36 11
81 6
75 59
7 46
11 30
56 42
57 80
62 73
72 74
93 47
97 6
42 68
57 37
91 86
54 66
18 78
10 42
11 57
25 73
17 25
75 94
16 82
16 55
96 26
78 11
45 72
32 7
36 59
78 6
72 92
89 15
65 16
52 50
63 25
23 14
14 79
71 66
79 93
75 3
42 92
23 92
71 9
36 11
79 28
13 94
41 76
48 5
74 36
3 32
73 29
90 12
78 77
40 10
57 67
25 55
69 73
1 90
8 13
4 31
30 47
79 5
45 97
94 63
30 54
59 21
16 28
95 84
29 39
46 72
21 86
23 82
68 63
44 94
10 92
47 91
56 88
50 19
94 47
30 75
53 50
18 28
71 86
82 79
9 37
28 4
6 85
30 9
80 93
13 97
85 91
62 40
92 53
29 87
55 54
73 58
40 60
23 33
68 41
20 50
20 4
88 27
42 83
88 67
31 72
51 74
86 9
39 11
53 92
31 7
20 37
5 93
49 34
90 75
86 23
9 23
69 78
43 7
38 83
49 23
55 56
23 74
10 62
98 8
51 12
16 67
23 66
42 23
90 99
42 58
62 24
10 54
81 36
55 6
49 72
12 8
6 31
34 80
2 18
58 22
64 39
21 7
14 67
64 72
62 81
51 41
73 94
31 58
93 48
10 29
31 80
99 55
32 2
92 93
49 62
35 65
59 11
71 79
76 88
49 61
12 37
89 63
58 15
92 72
44 69
6 86
55 79
1 99
91 18
8 49
10 73
54 56
28 55
23 91
18 79
42 87
73 31
90 25
72 44
65 30
99 53
2 76
63 84
83 6
45 20
63 46
69 70
3 31
33 24
44 9
51 91
96 60
85 72
60 57
40 84
28 40
65 43
46 14
80 90
7 12
54 62
89 62
61 67
33 68
11 52
78 97
74 54
83 35
19 21
97 50
99 64
69 25
50 77
13 48
3 30
94 96
76 45
71 52
97 78
60 68
67 60
47 69
56 80
51 31
7 77
47 63
30 22
23 19
44 76
9 64
82 30
97 90
97 25
42 48
82 9
7 29
71 45
7 15
41 63
41 17
4 64
91 26
9 42
5 92
3 25
12 23
99 87
78 69
82 74
95 65
90 89
48 34
93 85
97 68
50 16
51 61
43 82
79 90
26 32
86 9
39 53
7 13
35 50
35 29
48 61
68 59
93 57
70 57
74 25
33 71
10 25
29 40
23 49
70 18
34 31
78 73
81 41
32 17
7 42
15 66
78 33
96 82
14 51
70 69
92 1
16 67
73 82
86 34
94 8
98 13
24 42
33 60
4 77
10 44
19 40
3 89
77 54
12 97
24 97
2 78
96 19
33 22
31 17
71 67
54 91
16 99
100 40
87 83
99 15
6 33
1 49
76 100
54 66
66 99
97 20
97 66
81 17
21 1
83 99
27 24
18 65
58 92
11 35
73 42
67 35
29 75
27 30
95 88
92 23
50 27
96 17
40 41
34 100
78 85
62 60
88 90
93 83
61 99
74 73
43 98
66 83
26 73
70 49
19 48
43 71
19 68
68 65
24 40
39 69
50 63
2 15
57 85
59 54
12 50
81 26
25 89
92 76
8 56
71 28
36 50
9 34
66 45
75 42
43 33
96 29
36 1
82 74
88 64
48 51
7 46
83 61
13 85
84 70
52 61
84 32
26 41
70 80
51 96
1 80
9 48
52 10
54 46
17 85
62 64
65 47
97 10
86 4
9 22
56 17
56 83
96 23
65 2
73 27
22 65
59 86
68 8
9 65
92 60
8 71
56 68
98 57
90 83
20 52
33 27
93 95
3 36
58 19
15 74
5 31
11 50
23 74
8 93
64 95
91 58
69 56
81 42
87 67
6 11
89 63
95 36
13 93
36 38
59 37
86 72
57 2
69 23
