3000 44598
21 78
15 74
3 26
7 14
52 44
58 8
30 30
79 26
69 29
26 77
17 37
37 30
19 56
96 64
58 27
25 75
98 4
21 65
85 62
37 70
18 65
5 91
41 99
14 63
28 98
23 39
59 93
94 2
84 34
42 62
16 5
5 64
8 36
70 82
11 77
60 79
79 89
92 59
90 56
48 70
18 87
58 92
36 99
36 42
54 56
45 78
12 68
51 59
17 42
48 30
39 80
34 58
52 20
31 30
100 73
80 18
53 68
58 65
73 71
36 54
51 79
40 27
92 17
58 14
10 9
55 45
69 44
88 49
46 3
58 99
87 18
63 41
16 42
22 69
51 82
21 49
67 46
62 50
23 60
35 39
10 79
61 91
21 48
13 50
91 21
20 72
92 19
43 88
77 89
16 89
30 41
79 67
56 68
74 9
88 80
17 76
28 54
57 75
4 76
73 8
66 73
43 94
88 49
33 66
16 14
38 82
53 15
34 59
51 83
27 26
69 49
12 61
87 16
89 96
25 63
77 36
8 20
68 81
71 76
36 8
36 22
53 68
14 74
91 89
26 77
1 5
7 16
53 82
9 79
62 91
77 41
75 3
56 84
64 41
59 68
72 97
53 23
64 34
5 7
4 5
90 59
25 7
67 18
77 27
13 55
43 32
5 62
20 74
63 12
28 89
55 81
98 33
32 57
20 54
88 21
9 85
21 58
46 36
61 18
81 88
59 79
89 58
7 90
67 62
53 51
66 9
38 11
57 73
29 43
94 69
12 29
70 53
19 76
79 98
46 79
83 30
73 29
3 93
3 55
35 93
82 81
9 35
32 25
13 89
81 88
71 98
21 25
53 97
68 85
33 42
33 84
79 63
21 52
40 25
45 77
25 2
5 33
34 87
82 26
85 75
27 55
45 54
54 80
97 82
23 4
52 58
80 11
48 84
6 50
34 65
82 76
87 83
94 51
14 1
99 71
74 90
84 50
71 96
26 38
52 34
3 37
59 21
30 97
75 40
50 97
26 73
52 41
6 30
59 11
85 66
90 56
37 65
29 72
95 35
34 99
4 75
46 45
65 61
51 10
51 94
50 26
32 86
89 28
43 28
97 86
39 99
17 18
81 35
9 46
94 55
84 20
63 34
4 28
65 16
90 74
53 24
90 40
41 14
58 5
100 50
25 32
99 61
36 67
5 3
94 47
21 65
8 29
91 91
37 25
10 38
94 37
86 2
42 23
82 16
29 30
38 60
21 66
97 99
70 46
81 11
42 53
5 66
44 97
46 32
69 33
85 22
98 56
10 73
25 87
56 60
9 74
1 18
54 72
97 40
5 20
99 71
17 4
65 100
90 61
54 81
74 38
83 49
91 82
67 12
16 65
19 63
5 24
36 30
67 61
26 69
17 93
9 66
31 86
12 89
54 97
99 71
96 10
3 4
61 43
72 96
10 16
21 68
24 66
16 39
17 8
80 37
14 9
86 63
96 37
55 22
91 95
70 26
37 70
81 29
36 89
53 86
52 91
92 12
40 68
18 4
18 33
8 60
78 21
48 70
71 100
83 69
98 40
18 61
38 25
10 34
41 8
47 40
31 2
64 73
62 30
47 61
44 10
28 39
84 75
39 98
82 12
74 70
60 75
71 81
55 98
48 63
75 19
58 40
91 27
14 86
27 95
8 11
22 97
5 15
7 80
44 48
39 36
57 72
62 8
76 60
66 5
2 15
23 51
96 58
66 40
36 80
95 70
61 1
63 70
78 45
51 98
97 81
4 66
63 24
67 14
10 15
10 86
41 32
67 54
100 12
6 69
93 1
60 74
79 17
49 67
66 54
23 64
88 2
22 77
84 71
63 61
88 33
37 37
37 63
35 91
54 28
25 43
29 12
66 28
87 64
59 8
17 77
35 45
62 73
31 100
1 10
23 87
40 86
93 41
89 93
91 49
99 61
33 45
50 75
77 77
82 11
68 28
99 92
21 13
41 4
34 62
83 25
28 88
71 50
72 88
63 78
76 78
96 82
43 42
42 5
34 45
1 49
10 34
69 41
14 74
40 33
21 50
36 12
79 70
14 42
76 56
21 71
12 54
9 100
71 45
88 30
42 11
38 24
39 21
62 75
78 79
72 34
96 99
58 66
94 84
67 38
72 96
70 13
14 19
66 37
63 69
48 16
19 37
72 2
16 8
32 10
11 87
36 10
68 74
41 8
1 51
43 29
61 78
12 5
3 29
83 74
52 86
44 91
72 97
42 59
5 65
2 27
65 92
1 15
59 93
59 27
19 53
82 40
80 39
33 23
99 28
42 60
80 90
17 64
65 61
47 98
49 26
75 99
34 7
68 99
67 7
35 9
62 27
27 36
98 13
65 7
62 10
49 99
60 97
33 58
90 57
65 13
34 85
55 100
17 28
44 29
65 79
35 80
77 68
96 69
67 2
76 95
37 28
98 44
92 10
53 41
44 41
40 35
79 39
78 99
59 33
45 97
64 7
21 12
23 33
61 20
37 70
84 42
10 70
96 67
69 99
51 78
12 79
2 35
57 29
28 58
46 63
73 7
63 37
74 82
68 76
81 91
49 28
56 55
79 34
41 38
8 95
74 26
32 72
86 86
3 24
43 57
82 82
66 82
63 20
5 14
27 53
99 89
40 7
88 74
46 55
8 58
90 51
58 86
10 92
47 32
85 43
7 7
19 90
99 32
32 88
87 65
80 74
81 68
42 72
10 59
73 5
2 66
83 84
56 28
87 3
86 59
98 84
69 85
3 40
60 3
25 50
29 45
10 92
64 9
68 18
8 98
24 66
58 21
65 35
33 9
56 52
1 30
91 67
74 41
52 13
22 7
12 58
83 86
54 74
6 29
92 44
26 78
7 46
26 79
82 5
45 49
63 89
79 41
65 85
66 80
91 95
89 86
94 24
52 38
5 94
14 42
59 36
28 11
71 14
75 22
12 72
26 65
28 51
54 38
51 57
79 63
27 44
63 14
61 100
81 69
20 94
4 95
58 46
78 40
29 25
91 3
74 40
44 13
22 95
39 24
9 45
12 89
79 61
54 68
15 27
35 55
67 61
26 14
62 17
37 74
52 35
25 40
14 38
79 38
78 78
65 47
9 52
5 73
79 12
69 52
37 94
50 6
24 98
94 91
27 97
5 23
85 93
100 36
48 87
6 39
90 11
56 31
69 28
21 71
61 51
35 6
55 25
28 11
60 19
69 94
16 85
12 5
93 33
30 74
42 42
23 62
46 20
51 94
79 87
24 32
19 97
15 80
73 89
95 46
60 70
51 85
99 20
44 15
2 72
46 7
1 53
44 82
53 89
21 32
64 52
13 39
56 37
18 29
92 50
67 55
38 22
8 86
78 60
31 6
89 59
72 53
53 20
34 31
22 98
31 6
9 14
92 94
97 85
81 2
86 92
56 6
83 38
84 11
52 20
84 9
81 69
52 25
27 90
33 58
25 56
90 41
98 48
32 93
60 69
89 49
98 99
97 42
48 34
28 10
79 100
36 45
99 63
83 19
21 27
20 60
65 24
29 40
11 6
61 60
61 93
97 97
17 17
43 30
32 59
68 89
27 90
13 28
71 13
5 31
97 37
47 68
47 71
94 84
78 12
58 92
35 33
76 63
54 85
82 18
3 72
85 84
70 62
1 86
67 2
42 88
72 98
32 77
71 79
82 3
92 88
83 23
30 51
60 57
26 4
62 9
79 45
4 93
74 88
50 57
8 23
70 24
96 76
6 46
16 60
74 40
63 89
50 92
1 2
69 73
83 61
3 73
53 9
4 75
55 11
71 62
46 14
26 8
54 91
68 93
59 62
98 78
50 15
89 12
57 86
27 19
50 72
36 30
30 63
75 12
37 38
90 86
96 87
84 14
95 83
11 46
9 5
58 71
12 89
9 6
26 95
47 50
63 30
30 3
50 24
69 40
52 65
47 37
46 47
6 55
66 81
57 8
3 84
16 96
45 71
11 70
42 66
46 95
98 51
24 28
72 6
86 89
13 65
67 92
70 54
59 47
30 90
30 58
16 17
41 78
91 63
93 64
39 27
5 92
74 66
41 2
74 32
26 82
87 39
71 30
31 88
5 19
27 90
85 72
20 66
23 60
95 93
13 31
68 6
45 43
36 11
39 63
30 83
100 75
58 7
51 36
59 22
87 96
81 93
26 90
79 73
23 7
71 53
18 100
27 99
44 71
58 1
52 82
69 52
96 91
23 63
99 40
100 10
1 52
35 63
71 27
24 64
30 7
36 58
43 69
74 1
23 68
34 32
55 84
23 94
91 38
6 71
33 15
77 33
38 16
10 57
7 57
60 22
80 61
24 56
86 20
24 31
33 9
38 53
92 35
81 51
12 16
43 26
32 60
12 67
77 40
3 39
87 30
58 46
90 96
30 51
31 98
12 15
63 34
86 33
86 8
53 71
43 4
70 75
81 55
80 19
80 31
39 11
39 92
59 43
63 19
24 64
82 74
47 79
13 16
26 60
79 29
76 31
68 85
11 41
40 50
96 24
65 79
26 31
54 69
54 26
55 81
36 18
17 92
69 14
73 51
3 51
73 36
15 6
24 25
5 42
94 76
3 7
44 5
32 67
62 50
58 75
8 30
95 75
4 53
72 46
20 34
83 33
100 28
39 18
45 73
39 29
35 93
9 3
64 60
88 13
14 80
71 92
23 30
30 71
91 58
48 80
84 22
64 45
62 37
8 98
68 87
56 12
10 5
63 43
39 79
71 6
20 17
98 8
18 32
76 69
22 5
37 65
10 53
21 85
28 34
54 78
59 13
62 26
62 80
74 24
1 90
75 12
96 68
75 19
56 34
87 25
22 51
40 55
50 21
84 87
47 5
69 59
91 99
56 9
32 1
81 29
79 66
51 17
79 36
96 97
78 37
52 93
84 13
87 90
72 77
11 98
40 67
82 41
24 75
53 98
55 65
24 64
79 61
51 84
99 82
35 95
89 60
20 32
74 49
90 80
55 71
20 53
58 39
45 69
27 13
41 91
26 97
57 30
44 8
56 84
4 78
21 96
7 28
88 90
8 85
30 4
50 39
99 3
11 97
74 13
52 53
65 13
49 28
82 13
67 96
47 62
16 7
7 55
19 93
89 8
96 34
73 15
60 12
54 24
18 83
39 77
94 15
95 31
95 6
89 74
50 15
99 36
10 69
8 42
38 25
69 6
37 98
87 16
67 60
47 94
12 80
70 12
63 6
61 8
52 77
82 53
59 69
19 35
88 7
77 13
8 42
84 92
50 28
19 6
89 16
19 62
57 82
34 82
13 93
4 39
23 55
14 59
2 74
32 75
21 52
39 51
52 80
9 1
77 66
18 92
7 46
41 45
40 3
21 51
53 4
43 79
2 3
11 72
61 66
42 61
88 37
20 7
77 53
37 64
39 12
65 20
55 25
47 45
98 1
19 69
50 84
72 7
32 79
3 57
55 33
4 31
93 59
6 65
64 83
22 24
76 56
70 29
62 21
67 58
90 31
14 24
9 89
44 86
76 48
69 54
85 46
63 84
41 12
61 50
51 99
31 76
77 69
57 75
77 20
26 21
75 96
79 55
98 79
58 74
33 12
52 12
61 56
26 70
10 76
76 39
47 46
85 31
45 67
60 18
51 40
87 97
25 41
59 80
82 82
100 40
79 85
66 80
15 75
19 97
78 29
65 25
49 72
54 50
22 100
78 43
31 70
48 95
8 98
28 1
6 20
40 61
32 12
18 76
17 82
41 39
94 14
15 27
25 69
90 80
74 44
27 60
76 28
50 37
85 40
57 62
50 28
15 24
74 93
64 3
86 72
3 21
80 79
86 95
8 22
53 78
15 38
39 44
1 24
22 35
66 44
6 44
14 47
97 55
75 19
82 28
37 45
68 84
97 55
13 65
58 15
22 50
39 24
85 94
72 38
75 15
94 55
73 66
42 91
19 99
88 20
27 62
22 72
67 50
64 57
29 93
72 28
79 46
19 36
72 3
100 32
85 79
29 98
65 78
33 85
3 16
47 5
22 81
23 51
95 11
86 45
32 65
16 13
25 21
16 59
39 50
51 35
61 65
63 67
92 25
80 64
50 38
18 87
1 35
69 88
82 95
81 27
40 67
12 40
100 15
11 69
63 71
36 45
91 67
28 48
20 82
45 34
26 4
41 62
67 85
20 15
27 7
98 1
87 27
3 27
66 59
78 28
53 61
26 76
40 95
45 38
5 39
42 84
14 76
57 25
10 71
47 22
38 3
49 37
58 61
89 17
11 58
21 83
24 62
1 24
100 82
43 43
97 9
77 85
36 56
64 45
48 51
14 62
13 46
34 29
16 40
30 56
63 57
20 53
56 31
3 3
16 90
12 21
44 86
30 17
21 45
5 57
28 38
58 48
53 45
38 50
46 64
15 54
10 32
21 77
67 77
61 65
63 71
63 38
37 49
50 27
26 82
84 52
63 40
91 27
69 80
78 80
20 83
32 88
50 32
27 65
86 90
65 73
39 86
81 28
46 41
11 30
85 84
74 78
20 77
37 80
63 27
17 93
51 34
72 10
37 69
17 62
32 74
51 92
31 99
68 74
1 18
57 33
51 25
63 57
99 59
19 57
93 88
18 93
2 44
42 71
45 58
87 86
58 43
35 43
67 13
4 35
97 24
51 48
77 12
16 1
39 79
39 90
32 45
41 12
62 99
68 13
9 26
93 24
18 56
40 76
12 98
70 73
48 8
14 74
85 82
46 19
32 30
29 69
15 63
86 26
22 40
11 20
72 63
79 34
45 14
91 75
82 69
41 90
41 74
10 32
56 42
32 52
100 22
39 86
24 16
61 72
6 50
33 41
5 96
76 6
24 16
16 93
45 78
71 76
29 18
81 11
68 94
13 100
9 80
82 56
98 25
30 71
93 28
21 39
9 4
89 93
11 13
42 24
82 82
4 38
52 8
89 23
87 89
51 29
28 8
10 4
64 52
33 10
42 44
68 47
60 15
65 12
84 91
57 44
87 39
12 9
37 55
54 32
76 8
46 34
36 39
73 84
27 4
28 18
94 22
87 59
16 63
56 86
29 35
49 44
59 23
32 42
38 19
45 11
34 22
65 78
55 67
49 73
49 87
48 62
17 72
9 53
13 25
100 62
65 97
99 63
63 22
1 51
5 46
39 29
98 36
40 37
63 12
77 91
19 54
8 85
63 49
86 16
64 70
43 35
35 12
74 44
74 28
72 82
19 7
60 49
36 11
25 73
8 74
84 98
72 86
24 45
44 50
36 11
75 6
8 98
87 73
90 28
61 48
43 19
80 8
10 83
82 55
42 72
86 73
100 60
2 56
49 74
37 76
65 78
91 60
71 39
38 73
17 88
94 72
8 79
28 36
81 82
32 3
35 9
17 31
56 89
11 5
60 33
43 99
37 11
20 30
81 71
78 90
80 78
23 41
9 49
89 12
56 95
3 20
27 37
7 55
4 28
75 62
44 82
68 57
17 21
66 72
5 29
85 8
60 43
65 60
12 96
92 76
96 62
99 4
8 7
3 50
61 9
20 39
98 100
49 71
39 68
30 23
27 12
70 97
53 63
35 60
10 9
8 58
37 80
36 97
67 64
40 7
62 58
10 97
59 15
31 78
75 68
64 43
15 38
86 62
80 2
79 33
30 37
75 16
29 36
37 43
30 17
89 96
8 81
79 17
37 18
46 49
8 39
15 29
67 45
60 1
50 89
77 5
20 10
38 20
64 53
86 25
78 78
78 10
47 21
36 92
8 40
73 88
51 86
74 77
11 1
30 88
52 9
40 38
57 55
32 96
28 80
38 71
20 44
36 13
16 87
9 61
81 61
23 77
23 42
100 57
35 30
24 30
28 14
6 91
62 1
91 66
43 16
39 78
68 28
89 36
26 21
27 67
61 76
29 6
1 95
23 76
58 93
4 3
62 13
66 47
36 50
90 45
3 70
55 93
25 57
70 56
15 6
57 69
93 85
38 47
56 77
79 14
61 28
35 90
84 4
22 28
26 8
78 71
12 57
45 35
66 59
90 77
72 53
78 34
18 82
72 47
1 61
27 27
27 49
14 26
93 25
62 50
3 22
47 94
69 43
79 78
17 2
83 48
88 98
61 38
72 46
95 74
39 51
85 73
30 64
74 6
58 52
55 23
51 29
70 8
51 57
68 87
11 36
22 9
97 72
28 17
45 7
49 84
6 95
72 55
63 9
98 72
33 4
17 82
45 17
1 98
96 59
13 70
36 97
35 56
73 7
7 42
29 82
63 9
43 66
58 97
36 67
1 17
64 19
38 95
22 24
15 27
57 81
32 59
88 87
53 4
11 28
33 93
2 87
16 74
56 99
64 96
14 45
88 54
80 77
10 14
41 52
27 88
22 83
28 100
61 95
94 42
86 42
90 28
8 50
29 59
99 24
43 16
29 76
15 42
32 10
50 51
81 68
88 42
81 62
68 54
92 45
43 89
52 98
93 32
58 14
7 96
8 79
23 11
47 50
40 7
32 24
39 53
18 46
5 58
66 52
79 93
50 99
3 45
20 20
57 49
31 4
70 44
51 16
11 79
84 37
82 26
60 81
64 5
21 19
92 42
84 10
65 64
34 30
35 60
9 47
44 96
94 55
17 77
66 6
40 56
8 83
50 29
78 8
25 81
54 38
95 60
55 73
56 37
49 56
26 92
12 37
80 59
48 87
63 52
90 89
83 24
96 29
2 70
47 80
69 48
45 11
30 41
33 63
79 93
16 100
41 61
22 40
9 55
9 37
39 45
48 10
16 71
88 25
77 70
93 51
42 62
23 29
99 23
97 50
72 36
77 67
60 86
3 47
24 53
22 90
44 35
6 28
70 18
45 56
4 7
38 17
90 19
85 48
22 31
20 63
1 47
62 91
93 2
61 53
71 27
31 98
61 15
38 98
71 74
37 84
82 100
12 35
12 64
81 23
60 37
35 99
57 41
19 22
37 45
32 45
93 63
80 32
89 73
14 81
77 39
93 79
3 49
18 9
77 26
24 80
89 71
29 25
85 22
33 24
90 29
7 49
15 21
50 43
45 98
85 46
38 78
26 97
48 81
1 41
58 71
7 69
35 92
66 63
78 42
71 88
97 8
70 5
3 19
86 80
35 37
31 10
30 10
37 85
48 18
58 88
60 16
88 89
87 12
44 38
20 64
28 40
3 38
34 37
77 35
47 87
19 82
66 12
24 83
66 14
67 53
34 6
25 82
1 44
99 68
2 24
24 83
48 27
23 28
78 2
85 6
57 16
8 11
14 16
93 100
7 80
71 3
52 68
94 68
9 66
47 5
13 84
36 57
49 94
46 20
64 91
47 80
16 53
30 3
23 62
34 67
96 7
56 19
58 100
48 2
54 39
59 23
23 84
53 65
81 2
100 37
37 23
37 69
59 99
2 38
81 69
65 79
25 92
32 88
58 98
33 9
30 92
22 81
69 65
79 85
20 52
32 8
77 64
35 5
13 62
99 77
68 23
60 68
54 48
77 22
8 21
60 86
35 97
82 56
12 50
67 50
34 93
1 72
55 19
92 91
2 61
35 39
57 21
78 4
18 26
66 19
11 12
48 69
40 51
31 29
26 5
59 55
14 36
2 20
45 59
27 49
1 48
65 33
86 68
6 95
41 6
45 88
65 32
76 2
27 43
29 82
94 4
60 87
29 5
49 74
3 30
82 66
83 12
11 50
60 21
1 89
77 20
70 33
100 9
68 23
52 13
25 65
26 77
65 100
78 84
70 87
43 48
30 83
34 19
81 15
36 78
27 24
25 2
52 9
54 78
3 96
80 42
47 33
14 35
8 47
95 6
17 64
90 64
30 69
27 65
1 84
82 57
3 37
70 68
81 17
70 59
73 80
57 81
47 35
37 31
86 16
69 21
32 78
16 98
54 39
12 92
51 27
80 14
36 45
2 88
33 43
91 93
82 29
80 75
4 27
41 27
26 80
20 42
82 42
7 48
47 6
82 78
40 56
1 42
3 45
72 72
23 100
75 77
28 52
69 86
64 7
14 67
37 6
95 37
81 17
91 96
58 28
31 43
22 10
45 25
84 82
55 52
35 17
17 11
34 27
39 95
58 89
11 58
58 36
91 83
18 6
4 93
73 60
9 61
57 87
27 56
81 33
79 38
54 32
60 36
99 24
69 91
25 55
88 29
15 27
5 71
30 25
72 6
87 65
51 86
16 82
71 47
5 89
51 98
87 9
90 67
89 44
96 49
1 25
98 31
87 31
70 30
2 24
11 42
78 42
58 62
89 98
58 26
88 99
42 81
70 14
86 22
10 23
94 68
73 3
24 1
99 90
2 79
95 7
85 6
53 16
63 88
7 4
9 4
13 38
46 64
99 71
53 33
41 13
99 95
50 64
79 95
20 76
51 39
89 89
97 69
60 100
30 86
7 47
99 50
71 18
76 60
85 24
33 41
69 79
9 26
56 41
19 20
11 56
3 99
56 77
15 71
65 87
62 81
23 74
77 76
7 96
21 96
29 8
100 8
71 42
78 71
78 55
42 69
81 61
19 43
39 38
92 12
48 80
45 36
91 62
70 97
72 95
27 85
2 37
40 25
35 62
10 30
11 44
45 17
12 28
66 72
11 39
28 66
79 52
34 64
56 41
86 48
6 60
84 1
37 7
29 1
13 71
14 13
70 22
45 84
84 55
8 59
89 95
31 86
4 46
31 56
53 83
27 40
57 92
54 71
19 64
91 5
63 100
29 59
88 73
26 80
46 30
50 11
53 45
24 34
83 75
8 86
61 33
41 34
43 86
97 91
69 86
8 8
63 4
38 7
4 43
46 10
98 17
44 38
29 96
53 62
74 45
81 78
80 53
82 89
86 100
98 68
25 93
1 52
26 78
64 66
78 31
23 60
13 76
83 75
46 93
96 2
90 12
7 77
36 87
85 49
55 67
56 73
44 9
17 70
93 31
99 51
15 80
42 100
43 40
95 27
95 61
68 85
27 56
74 66
50 25
64 55
23 33
74 17
64 6
48 11
89 82
94 36
22 70
1 10
76 63
67 14
48 11
17 26
25 90
83 98
53 75
80 8
90 22
96 83
48 78
83 52
47 85
14 9
24 51
89 25
8 87
70 64
56 61
86 42
43 29
57 85
50 96
17 13
82 1
65 54
16 23
70 35
58 41
37 44
71 44
33 3
4 9
18 6
2 81
28 98
53 55
54 55
59 6
42 76
50 89
59 35
76 80
96 73
24 95
52 82
36 49
84 81
21 45
43 9
69 22
16 25
100 93
18 69
32 38
33 46
35 22
48 12
3 32
92 15
84 8
25 27
77 69
39 16
42 32
78 49
19 66
46 87
31 3
77 23
40 14
32 91
87 57
15 93
79 16
11 51
66 75
14 64
46 83
39 71
9 73
14 4
54 48
60 17
84 24
37 85
92 14
18 46
84 48
94 45
61 12
20 55
70 71
37 80
58 23
64 55
14 29
76 88
9 93
97 83
5 10
100 6
28 74
43 18
15 51
7 41
5 20
32 77
72 4
50 2
70 47
80 28
64 57
75 46
39 97
99 80
12 82
83 62
16 77
47 30
28 59
76 88
66 36
98 29
65 68
76 10
61 35
78 96
51 97
21 27
26 30
7 58
21 85
54 3
50 27
87 35
12 95
54 46
18 63
35 51
4 99
40 9
67 78
19 55
14 7
57 26
17 35
77 88
39 88
84 63
76 17
67 46
11 51
93 5
16 26
75 70
68 14
28 13
5 17
71 63
48 39
30 46
77 72
20 75
35 1
78 99
6 9
98 95
32 96
76 23
33 45
87 95
67 32
51 75
5 1
32 90
7 100
73 87
9 77
98 39
56 50
84 46
16 36
66 100
28 50
31 14
41 21
96 63
10 26
97 37
18 77
9 16
26 82
94 49
29 91
61 82
24 99
86 51
58 29
7 94
13 74
42 73
93 88
79 57
92 99
49 89
11 46
51 51
21 75
71 22
48 89
28 76
6 67
63 77
93 27
33 68
45 90
85 47
80 83
54 67
33 83
97 59
62 82
59 17
43 59
42 24
71 50
66 57
80 75
80 78
72 51
92 100
22 3
64 90
23 56
65 1
64 30
33 53
15 51
84 57
55 26
14 92
11 32
60 45
76 20
55 59
92 12
72 61
92 5
72 94
77 27
24 40
68 5
91 60
34 8
10 15
32 84
4 57
27 72
11 10
84 87
98 74
55 9
57 89
13 63
77 16
21 41
76 93
61 68
36 44
11 1
15 45
49 35
21 32
74 89
77 6
28 90
17 53
100 66
71 47
40 46
77 92
94 38
60 2
19 3
80 45
21 17
50 86
83 53
48 40
13 47
18 39
45 13
67 55
74 79
10 27
95 22
47 72
85 71
55 41
34 15
96 71
69 86
82 1
68 3
94 26
10 6
47 44
10 78
62 71
17 42
50 76
90 14
63 79
9 77
8 68
42 75
29 45
57 54
76 80
76 84
21 52
94 70
73 48
39 59
19 49
34 75
33 80
65 72
18 45
39 73
50 86
65 16
7 58
32 38
85 70
100 35
93 43
31 13
62 13
6 65
100 55
11 88
95 30
62 85
19 16
2 97
55 12
99 61
11 2
30 91
75 96
31 54
75 60
99 44
22 64
46 60
32 70
6 43
62 31
1 14
45 15
12 68
18 81
3 24
95 5
54 50
55 59
39 99
36 63
16 71
45 15
35 69
26 10
39 44
48 5
96 25
41 93
2 16
46 37
3 46
84 58
20 85
85 51
58 18
70 80
6 14
55 29
53 49
12 57
17 12
54 14
8 23
28 31
23 95
10 47
22 36
76 44
64 57
60 86
11 58
31 79
56 1
98 26
8 88
95 44
45 31
3 64
87 88
99 98
49 53
89 34
82 56
20 37
73 84
91 25
42 68
31 98
46 53
94 16
94 6
62 16
99 29
1 28
41 47
73 75
62 26
14 34
100 19
78 34
25 19
63 76
8 12
81 19
60 54
16 51
75 15
56 84
70 15
61 54
54 33
70 19
1 87
87 88
90 7
25 23
78 12
83 74
55 20
75 17
76 89
48 25
36 32
27 69
100 4
28 30
99 44
62 30
41 63
99 14
39 15
65 82
13 89
98 27
45 52
72 94
13 77
71 18
79 29
83 43
83 72
33 62
52 13
83 58
71 49
93 19
60 80
100 61
75 92
14 51
74 29
3 32
14 27
61 60
81 1
13 31
88 90
31 96
26 12
80 4
81 9
16 26
45 85
93 49
14 4
41 89
64 43
26 33
64 6
43 71
60 27
46 77
27 32
12 40
81 87
97 33
56 58
40 66
49 45
83 50
5 69
22 73
85 33
18 95
83 84
17 33
83 77
70 25
47 80
60 88
50 29
28 88
76 66
46 65
20 89
41 69
38 53
36 31
66 1
1 59
30 53
78 28
47 87
56 37
41 19
79 73
4 69
96 76
18 91
52 13
