3000 75240
58 15
49 18
87 53
64 26
64 92
51 19
34 96
83 94
49 40
49 21
25 52
95 3
91 58
15 70
14 22
24 72
6 93
30 41
57 43
37 42
88 83
13 81
53 86
41 30
83 44
89 87
56 91
42 63
18 26
97 23
24 61
27 40
46 40
62 65
90 18
9 83
13 83
75 65
43 29
13 23
23 85
20 80
7 77
65 95
34 49
72 51
89 18
91 93
1 91
45 61
27 34
40 25
9 93
32 19
81 7
92 88
20 58
88 97
85 51
89 83
84 19
9 63
15 23
29 10
70 27
57 92
89 45
34 62
31 56
84 73
46 36
6 40
3 4
52 12
22 86
88 5
23 14
62 4
78 97
75 5
59 16
57 83
15 81
67 8
88 53
47 87
10 48
59 10
34 83
95 98
48 93
69 53
3 60
14 67
98 15
24 38
22 58
38 59
58 51
53 13
73 83
3 86
10 4
75 86
55 50
31 90
62 90
29 63
93 45
92 39
56 19
51 60
48 73
70 100
69 19
35 25
68 38
79 66
93 87
53 73
73 15
92 31
21 25
27 26
58 97
70 91
50 64
79 6
8 1
7 14
83 70
32 83
62 52
92 73
7 21
16 53
75 14
20 62
96 67
19 58
11 52
51 86
21 69
10 24
72 37
41 88
44 1
91 26
19 5
89 87
43 98
43 20
32 17
64 75
69 45
89 65
33 65
71 60
20 70
92 66
29 74
2 39
24 100
90 77
46 63
82 20
57 81
72 77
53 34
53 47
90 86
16 85
55 84
62 55
25 9
79 20
2 42
21 9
69 98
73 46
61 47
12 95
15 17
44 63
27 69
36 62
85 27
59 86
58 21
4 48
3 51
86 46
5 38
78 50
76 74
2 100
11 22
32 54
73 28
63 7
36 1
14 14
30 91
91 84
27 68
7 51
21 56
29 61
79 11
89 53
53 58
39 57
52 99
19 75
34 71
78 20
54 88
18 49
89 5
63 60
21 96
91 7
49 6
78 33
20 8
76 31
31 85
30 29
7 85
4 12
44 87
95 85
17 77
26 78
37 20
44 44
32 28
57 75
24 56
10 39
45 79
76 66
100 47
97 78
94 92
85 18
26 49
100 79
3 66
14 53
14 38
75 14
56 59
62 95
4 98
75 66
89 26
35 82
56 47
96 62
38 46
100 33
90 98
6 22
25 62
26 17
1 18
8 42
34 44
76 73
69 32
78 22
3 90
68 78
26 51
97 81
4 47
4 99
48 11
6 13
17 3
61 1
33 78
73 13
75 95
36 75
99 79
63 72
70 57
55 77
10 33
59 54
6 61
51 30
17 75
30 75
28 99
17 92
37 16
61 42
45 17
57 47
91 15
47 6
24 24
68 66
95 39
27 23
71 16
42 49
85 35
88 19
55 49
17 12
12 83
81 96
4 38
62 13
95 19
26 46
16 89
57 4
84 99
21 2
7 85
52 74
2 76
35 83
69 65
90 43
95 24
65 33
46 89
85 91
11 39
21 64
53 56
6 77
100 86
75 23
99 77
36 72
14 93
53 26
4 35
25 76
85 21
7 73
39 88
32 39
84 18
6 29
88 94
20 17
27 82
94 79
71 42
80 57
28 61
91 6
22 99
75 37
55 91
19 39
11 27
66 29
40 54
15 34
71 57
91 40
90 56
69 33
26 63
3 1
74 10
29 98
80 76
10 82
87 70
18 15
41 73
71 39
23 95
28 66
42 55
1 76
22 44
12 96
33 32
1 5
3 54
54 82
75 41
57 44
72 72
86 67
22 24
63 26
100 52
44 32
53 17
41 7
65 64
30 79
44 59
38 74
10 76
23 86
47 7
97 97
92 1
88 79
19 36
14 95
15 45
60 42
67 71
88 88
23 90
99 54
89 92
25 95
52 88
63 84
34 38
75 11
100 2
7 13
38 36
52 53
51 44
90 4
92 12
15 59
20 83
87 22
4 84
29 10
61 8
2 91
77 7
52 8
89 69
47 42
66 54
56 13
58 35
32 76
43 53
81 24
30 82
31 44
5 18
33 21
46 80
38 7
7 31
97 33
45 19
44 19
48 86
47 14
86 74
92 49
13 73
5 56
78 70
16 56
85 18
39 77
17 98
62 24
42 36
58 67
60 17
7 42
13 31
18 51
90 69
55 83
98 27
71 50
38 79
2 44
55 22
83 58
92 3
62 53
79 90
36 73
57 23
79 27
34 87
42 96
70 27
46 11
98 4
99 97
61 66
83 21
89 25
77 16
96 96
31 61
86 82
55 12
89 54
98 64
72 14
31 22
5 47
69 40
53 24
42 25
23 36
8 45
76 34
14 90
21 49
54 75
1 62
77 71
84 54
34 100
71 19
5 80
79 10
68 74
56 76
91 76
2 94
44 1
19 43
49 89
26 13
5 24
56 52
67 18
2 87
79 65
49 39
6 85
100 57
1 14
99 61
22 44
8 59
74 94
87 85
80 7
80 21
39 46
57 30
63 74
72 46
27 100
20 53
2 55
46 73
75 29
44 82
100 66
70 81
62 24
48 6
48 45
18 99
3 57
66 62
72 38
82 73
14 52
77 22
81 81
14 66
28 35
54 76
74 76
1 28
40 60
53 82
32 48
78 58
61 63
47 73
1 3
39 62
66 26
54 9
85 86
40 6
97 43
36 3
61 86
10 18
83 8
8 82
28 17
38 16
73 43
99 6
19 41
86 46
27 79
51 73
52 63
6 13
4 49
77 38
59 93
95 60
81 72
90 40
24 17
94 34
36 65
76 71
32 48
53 90
81 32
68 33
44 95
77 74
3 36
5 32
38 91
86 95
12 13
17 59
75 11
37 7
67 64
93 3
22 4
46 95
95 75
25 67
51 7
50 75
53 4
9 99
44 87
34 75
51 91
19 3
27 61
38 55
94 26
10 8
91 96
74 57
78 92
34 90
2 82
80 27
90 73
91 24
17 74
2 37
60 35
91 84
90 95
26 50
35 38
11 98
71 44
81 64
88 64
22 51
30 39
40 20
82 1
25 25
25 94
32 91
43 79
51 54
70 97
88 4
61 13
12 92
13 12
90 5
97 81
66 45
21 83
87 5
9 69
38 56
40 41
68 3
80 91
29 35
93 52
67 28
91 33
64 96
99 92
30 48
37 98
29 82
70 67
70 98
5 6
94 13
2 41
48 36
97 66
23 37
87 92
9 31
86 29
52 3
98 35
34 61
17 100
18 17
20 66
77 68
7 73
11 6
44 22
39 63
91 93
37 73
57 91
34 77
52 20
55 34
63 24
40 17
83 15
84 43
9 67
88 72
30 55
62 7
87 7
26 72
36 43
25 98
86 2
21 71
76 53
83 36
7 84
45 52
52 5
26 49
21 19
59 77
89 6
65 92
49 91
31 98
53 64
5 33
64 74
56 36
59 66
79 50
95 4
94 80
62 92
3 70
33 51
91 46
17 28
71 58
68 17
52 23
95 7
53 71
25 93
23 59
87 6
31 28
19 10
39 62
8 76
39 80
49 38
48 34
55 71
97 29
79 31
59 87
53 61
94 57
14 22
63 79
72 6
8 25
56 58
34 97
63 47
40 61
76 94
31 26
10 70
44 62
82 48
57 76
48 32
58 93
31 35
35 90
88 20
49 44
25 51
48 96
39 24
25 41
95 81
94 46
73 21
25 11
4 32
25 81
19 19
18 53
87 59
90 24
77 30
95 69
23 72
39 28
34 29
99 17
21 53
96 50
94 79
3 53
4 25
41 62
12 45
34 59
27 51
52 64
82 3
3 54
99 11
72 78
79 94
45 91
17 23
3 14
70 54
21 55
27 46
88 72
38 59
66 57
29 48
66 40
12 77
4 71
57 67
97 57
54 88
77 72
44 6
47 18
31 76
47 30
39 79
43 20
80 41
18 82
94 35
13 95
72 87
44 98
37 72
51 32
88 40
53 46
53 97
9 93
25 52
32 94
96 17
62 63
49 50
77 16
80 2
12 78
80 86
36 21
8 34
33 73
12 44
4 91
31 42
43 19
50 73
69 73
37 90
82 13
38 6
30 24
46 7
10 92
25 21
82 30
12 23
12 13
87 75
16 71
21 5
11 79
99 64
68 73
25 41
99 14
96 88
4 94
10 43
75 74
39 14
70 29
7 98
50 9
25 19
37 92
44 27
74 43
58 64
80 68
7 55
95 69
61 92
53 61
56 60
85 64
86 42
19 34
49 76
24 17
35 4
21 33
35 47
85 67
88 5
11 87
84 32
36 45
14 32
45 27
10 70
4 98
66 55
69 67
5 6
90 25
57 58
49 85
16 68
14 73
80 52
22 22
61 41
41 95
26 35
68 52
25 11
64 76
87 85
25 86
87 44
73 40
45 70
73 90
57 59
85 27
83 28
92 90
20 71
48 60
37 68
29 40
3 9
54 22
97 58
8 14
44 47
54 68
8 98
11 66
19 40
87 2
32 39
79 81
79 96
58 73
47 32
56 6
73 1
85 69
80 44
59 44
57 60
25 65
84 86
13 18
9 91
66 65
5 60
28 13
66 76
93 27
8 52
68 84
46 1
5 62
27 98
41 47
10 29
34 47
51 64
80 68
73 100
83 2
59 100
51 96
92 27
57 84
6 53
16 27
93 52
38 48
74 22
49 63
62 13
57 7
61 81
70 3
75 24
17 92
49 16
92 99
9 70
56 19
11 83
7 70
12 80
38 32
47 68
73 8
23 78
98 31
53 28
95 78
32 33
63 27
98 25
75 59
71 62
55 29
90 37
63 65
92 77
15 58
11 28
53 89
24 17
71 60
74 43
50 40
40 51
74 10
41 38
48 20
82 29
51 20
54 90
93 60
40 51
1 57
66 20
63 81
50 40
70 47
9 10
33 24
32 25
58 34
59 82
2 87
13 14
48 70
64 51
4 90
14 27
74 30
9 30
37 43
96 89
34 73
86 82
35 39
60 34
78 20
35 11
41 62
81 91
40 52
33 22
20 94
92 60
50 93
34 74
41 99
19 39
95 35
25 22
2 15
52 68
83 55
3 53
16 33
30 24
18 4
72 23
96 3
91 85
32 4
32 45
39 74
65 76
70 27
25 64
76 10
47 98
11 26
16 23
27 88
51 77
1 96
99 81
42 37
50 88
84 6
35 87
21 78
30 40
59 61
22 45
82 59
42 67
77 97
49 92
23 43
94 52
20 66
18 45
37 37
51 69
50 89
27 10
68 97
19 67
51 25
43 58
17 64
62 51
59 80
96 4
64 27
59 28
94 36
5 15
60 15
29 42
39 54
32 45
59 33
98 14
54 89
92 44
91 32
82 85
40 35
13 74
75 89
12 52
83 18
11 25
62 20
32 59
37 86
81 16
2 77
40 10
24 73
70 41
53 60
34 5
65 96
16 39
44 32
10 31
72 5
55 98
39 24
11 58
87 94
49 9
60 23
92 82
40 52
2 7
73 19
31 38
14 80
99 7
42 89
96 50
10 83
56 60
79 60
98 68
36 28
32 36
89 29
59 100
2 28
93 41
44 56
18 75
8 31
87 39
28 6
32 35
42 37
18 81
94 45
80 30
66 41
5 19
71 64
57 92
6 25
95 82
39 81
19 57
93 40
33 69
67 6
54 22
88 81
97 17
4 41
23 8
29 52
92 21
34 59
82 32
37 61
77 15
99 6
96 91
16 53
78 63
27 78
9 41
95 44
20 74
88 23
12 36
24 92
10 38
20 28
29 17
56 71
59 8
100 73
48 10
91 29
18 30
54 83
30 9
14 46
9 75
52 16
42 49
100 95
37 74
75 80
88 8
66 40
74 38
84 98
81 45
51 100
10 27
89 37
98 95
82 100
28 11
9 31
5 92
89 48
29 10
86 60
44 18
39 69
37 32
43 79
81 97
54 13
96 61
10 57
67 58
4 35
61 24
61 58
56 82
50 50
35 38
43 89
15 89
60 27
26 38
95 85
11 26
88 65
35 22
8 21
69 16
14 32
68 3
73 7
2 80
48 12
10 18
45 49
86 80
46 1
87 28
66 77
99 13
35 40
27 85
18 22
90 27
40 9
78 80
45 8
89 58
64 69
40 96
3 98
24 95
17 33
49 83
86 72
4 49
83 56
45 92
72 65
96 87
12 94
97 23
49 18
12 57
6 93
93 19
97 37
4 93
31 46
15 65
54 6
17 85
41 49
71 27
7 11
32 9
100 58
3 18
20 66
64 26
42 65
22 16
87 72
11 50
70 50
72 44
14 98
4 5
68 87
38 14
51 43
79 33
34 89
99 13
90 89
91 81
43 31
39 25
94 73
26 76
5 89
100 30
42 12
97 38
70 57
48 75
29 98
70 66
51 44
48 64
85 44
44 9
22 31
23 15
54 58
43 80
46 10
20 7
47 36
13 97
57 73
49 30
91 29
90 61
100 42
33 17
32 93
42 24
71 42
78 65
19 51
27 82
77 95
61 63
23 71
46 3
8 37
51 69
67 68
10 80
99 84
51 11
6 40
72 14
73 78
59 49
14 45
18 87
78 56
12 32
82 83
34 80
61 61
73 63
75 40
60 55
57 80
7 32
53 78
27 73
36 48
72 29
53 54
12 42
84 43
27 25
57 96
43 31
78 45
76 64
53 10
28 28
78 26
58 2
99 41
3 3
68 50
64 37
72 90
98 57
76 68
54 24
83 36
88 80
26 87
58 27
47 34
82 66
16 58
51 12
60 90
51 58
74 92
64 43
62 51
57 34
90 19
70 47
100 64
19 63
97 62
4 25
46 42
75 87
13 26
96 34
77 42
80 28
60 70
48 83
29 84
87 89
1 6
12 72
74 69
78 92
69 98
72 54
11 9
36 8
22 17
22 98
38 65
96 8
85 93
51 15
4 41
27 63
20 13
3 4
45 78
17 74
6 29
43 19
43 13
18 6
90 53
19 6
50 33
1 74
18 88
78 69
87 15
71 93
89 40
60 35
48 85
9 37
31 88
11 45
96 44
5 5
32 95
33 60
52 12
69 39
83 27
7 53
95 1
55 39
10 8
91 30
71 65
67 88
33 49
65 29
37 94
75 53
83 34
86 78
75 78
52 21
15 46
62 92
22 65
56 85
73 26
70 1
64 74
56 14
80 46
60 17
12 18
63 40
44 29
63 81
31 78
27 55
69 85
25 30
81 45
30 93
68 60
3 61
97 32
52 60
67 89
85 77
26 12
1 74
70 55
1 89
52 94
36 100
14 33
74 11
91 37
38 58
95 11
7 10
93 71
26 56
18 78
4 40
88 47
61 6
18 73
71 76
39 60
39 57
95 58
19 57
68 1
14 17
73 17
16 33
66 76
91 6
52 61
91 39
43 79
21 15
43 79
95 25
9 67
8 11
20 35
99 3
46 69
66 97
5 12
38 91
43 53
74 89
94 83
30 51
35 47
63 7
52 79
73 58
1 63
99 36
44 14
21 16
12 52
68 31
88 100
77 79
59 36
40 60
20 69
53 66
12 75
14 47
47 42
20 93
22 10
18 76
71 95
67 30
35 73
27 58
56 72
77 77
1 98
1 54
59 79
87 44
64 60
10 57
11 2
16 75
8 92
6 15
36 42
20 95
74 45
76 41
48 73
84 32
15 52
67 41
36 98
78 26
81 40
35 91
50 18
54 49
4 67
20 64
20 78
39 91
98 21
27 49
15 19
50 71
28 55
25 49
36 66
91 66
35 6
47 67
6 92
94 97
52 34
94 33
13 92
77 30
69 25
13 16
60 62
35 77
79 9
48 11
12 2
11 48
82 1
61 72
64 48
85 19
32 87
35 77
75 61
30 60
62 77
42 31
79 30
41 31
66 80
15 95
83 49
100 85
13 14
40 40
46 33
16 47
33 25
58 76
93 28
53 49
70 44
4 89
87 25
1 52
51 51
99 79
63 51
32 4
11 2
27 98
69 22
43 88
61 74
43 35
72 47
74 50
36 65
2 28
14 33
2 44
68 75
96 81
53 80
80 88
36 72
98 13
96 86
20 96
8 40
40 13
73 45
29 83
43 54
59 21
29 34
94 4
9 99
44 84
77 59
20 100
70 81
45 81
14 40
82 6
40 15
37 86
56 8
75 79
38 66
69 40
28 75
6 40
17 72
81 54
37 79
52 95
30 66
32 16
71 43
37 6
23 28
95 39
66 40
66 33
54 59
46 74
59 89
14 10
89 9
35 47
85 9
10 42
32 27
98 48
92 47
23 93
86 86
99 6
97 24
24 51
19 97
25 98
81 42
35 68
57 51
17 72
38 15
86 69
1 87
61 57
23 26
23 14
55 47
40 65
88 99
60 5
37 90
98 87
74 14
78 99
85 33
10 75
87 40
16 12
8 22
30 38
90 4
45 59
28 44
86 79
68 61
99 40
62 76
48 54
33 60
18 79
65 25
23 26
56 99
65 11
35 34
78 76
87 77
89 80
69 40
27 75
1 36
5 82
76 61
26 50
82 80
60 45
35 76
21 71
27 56
94 49
50 60
16 12
39 8
30 3
54 42
6 68
28 95
15 18
6 22
12 6
85 48
22 98
86 31
40 46
38 9
20 16
17 21
76 85
61 95
37 12
2 11
61 30
41 45
78 23
86 31
75 24
89 67
72 6
47 46
16 75
66 55
96 6
83 38
4 14
77 60
36 79
61 33
4 6
51 48
18 6
68 63
35 47
39 4
53 93
26 92
76 64
73 60
94 64
52 48
33 54
30 28
5 10
45 36
22 72
34 32
82 66
96 48
23 50
53 24
42 45
90 24
18 30
90 50
72 13
73 95
66 62
8 44
34 27
22 67
58 91
3 33
89 30
44 38
42 88
93 74
69 81
69 51
65 86
62 97
72 50
49 39
43 76
77 59
93 74
64 47
10 90
74 92
12 46
84 39
79 67
5 91
73 15
96 48
94 92
45 79
21 42
12 53
52 22
6 68
85 72
61 65
8 52
73 53
56 54
49 39
65 78
24 86
70 89
82 63
37 82
41 90
30 2
79 57
17 48
75 27
94 56
79 89
100 70
5 53
62 28
78 88
10 43
35 94
26 35
55 35
79 72
46 76
18 39
82 46
51 44
2 10
42 10
58 47
26 62
97 63
59 86
43 92
72 48
28 26
24 54
60 82
20 16
5 7
90 90
37 15
31 86
83 97
67 4
83 7
88 50
28 31
12 95
49 92
14 76
37 29
55 78
44 99
34 5
73 17
25 44
84 100
74 78
18 53
94 46
52 92
66 67
4 83
94 83
37 67
83 9
69 88
48 48
2 76
25 95
37 37
90 90
8 80
72 34
56 93
90 86
59 35
36 75
1 32
59 78
49 2
90 61
13 56
93 1
23 17
37 24
69 44
7 16
11 53
87 49
52 61
14 44
52 15
55 96
7 78
41 81
37 56
27 66
40 80
38 31
3 60
77 69
80 72
10 91
48 54
35 17
51 28
58 88
70 91
52 60
68 65
19 93
41 20
80 72
63 45
63 36
17 95
31 88
21 3
79 48
69 36
24 15
44 43
73 3
78 10
2 21
13 35
66 65
28 86
4 15
56 47
30 45
32 35
35 71
92 87
79 88
21 87
42 14
88 75
91 29
45 73
55 39
61 73
85 44
87 11
75 17
100 31
55 57
5 57
72 33
85 56
26 44
96 48
28 99
98 46
25 57
29 19
62 33
43 74
8 56
65 99
98 72
89 100
97 33
84 42
32 86
27 20
4 80
74 51
67 94
46 9
18 76
73 84
6 81
55 19
59 46
80 50
6 50
65 55
37 6
77 82
1 10
62 49
24 81
80 60
59 47
1 90
8 30
20 79
95 63
67 85
36 29
44 86
8 36
32 61
27 28
39 73
59 32
82 7
12 24
25 77
28 67
82 99
97 60
85 100
36 17
8 58
65 49
41 18
24 12
53 54
69 52
25 73
14 54
45 32
4 33
24 100
97 73
64 14
43 30
91 35
82 99
30 10
34 73
89 34
62 70
12 100
28 7
72 53
93 58
91 82
48 29
20 77
72 80
96 89
5 76
59 48
55 98
21 24
51 18
79 9
73 29
20 69
55 33
38 34
16 52
10 17
61 34
12 25
25 31
55 15
54 11
7 29
84 25
87 83
95 14
97 46
98 34
22 72
68 99
42 44
65 53
67 79
14 20
36 84
63 19
70 95
95 84
69 16
90 70
45 1
47 76
14 98
16 69
53 9
51 31
31 20
63 25
63 16
94 44
87 7
69 83
47 55
45 87
4 59
85 89
40 1
1 4
34 23
13 24
20 54
76 66
77 77
87 33
89 85
65 12
1 3
58 79
59 95
69 19
99 48
55 95
68 94
12 97
23 63
20 54
14 79
53 35
34 79
28 95
99 30
73 37
96 29
97 84
17 24
99 87
82 73
8 24
51 42
15 47
21 47
71 48
42 12
49 75
9 32
30 48
65 87
61 34
39 78
23 81
81 52
37 77
30 28
48 98
100 73
52 90
20 51
65 51
56 76
53 81
92 97
54 6
25 18
39 77
3 41
94 41
38 63
84 65
1 16
40 5
50 11
73 62
62 52
92 22
74 89
70 35
73 21
38 75
82 68
12 98
13 7
63 20
100 74
42 86
10 17
100 46
45 28
81 67
16 49
100 3
34 100
8 97
6 8
10 17
46 74
8 1
55 57
35 88
43 65
56 72
27 92
92 76
80 85
88 95
83 49
53 73
10 29
8 70
43 99
91 49
19 67
55 58
5 68
70 41
48 43
15 36
21 38
44 70
95 54
37 38
43 25
80 53
44 35
100 32
42 69
41 60
59 84
96 77
28 47
1 49
3 48
54 91
93 76
35 33
41 37
27 24
39 57
50 66
86 45
81 8
93 14
56 64
87 65
97 33
26 56
86 59
63 20
46 45
29 29
10 73
82 83
24 53
41 26
77 69
75 36
82 46
70 28
34 20
30 23
97 26
34 20
32 22
50 16
78 95
18 54
90 53
57 70
57 63
92 70
42 15
37 70
36 35
98 30
76 34
84 19
75 85
13 92
47 38
20 29
42 72
56 10
54 63
17 76
96 87
82 31
91 12
30 33
51 10
24 83
59 7
47 88
10 2
42 28
96 3
39 96
60 34
38 7
95 65
68 96
81 28
89 31
56 65
68 62
38 60
31 50
51 32
12 96
44 93
97 69
83 77
37 65
4 79
88 39
53 40
52 17
70 22
95 3
81 1
20 83
19 85
91 7
67 70
80 86
32 35
14 25
18 33
43 68
3 31
65 98
10 15
83 11
53 80
18 79
50 24
42 92
48 80
1 56
5 87
43 72
49 24
87 63
31 88
53 54
27 54
83 80
4 71
96 27
78 82
84 71
15 9
48 19
26 30
33 79
27 4
57 64
47 3
44 37
52 83
49 85
60 86
13 97
84 95
64 17
30 27
33 19
5 8
30 58
85 26
61 95
72 29
86 49
100 9
3 69
38 55
26 14
37 48
93 25
21 40
66 29
28 47
35 49
13 47
53 76
20 79
91 3
9 91
66 81
87 91
12 25
66 17
46 28
25 21
49 64
10 44
54 99
34 34
14 52
83 56
18 59
75 98
7 37
3 59
74 6
61 5
92 13
51 72
97 4
84 89
71 11
63 32
11 36
57 11
27 31
63 63
76 89
18 85
24 54
93 21
4 27
87 78
59 38
49 54
11 51
7 1
58 49
17 1
40 86
24 100
51 9
10 44
50 97
57 45
64 2
75 55
17 1
8 15
25 78
66 4
91 3
95 88
80 87
54 90
3 99
6 69
68 53
79 39
75 5
43 58
71 60
30 31
30 35
81 49
79 84
92 37
40 1
88 33
8 38
79 86
63 84
59 46
40 29
64 33
67 42
56 82
38 39
36 94
63 48
14 16
1 97
5 3
60 3
80 35
10 92
63 53
37 4
78 96
93 92
12 60
72 53
15 3
41 91
53 40
96 51
71 74
45 28
35 3
11 58
4 65
65 88
25 42
14 62
57 68
89 26
81 55
12 49
78 64
68 48
26 49
92 79
68 96
82 51
51 33
99 83
92 42
65 86
35 38
21 38
57 29
98 97
92 42
72 83
91 87
97 33
19 85
61 13
41 61
5 87
23 70
44 77
69 26
48 63
58 39
77 93
36 40
90 45
88 93
65 3
57 45
65 41
56 33
76 40
47 91
59 66
74 74
90 85
23 3
60 11
10 74
80 31
58 8
53 15
3 13
100 94
49 48
73 49
60 58
41 60
77 35
35 80
85 36
97 60
82 94
94 74
74 4
69 34
35 71
61 48
33 36
91 15
78 41
41 69
66 6
76 83
99 86
91 80
65 67
73 88
2 42
26 92
52 18
59 49
30 7
6 82
10 95
79 6
78 82
22 52
19 65
6 16
56 31
55 100
3 27
89 25
100 26
76 82
57 10
34 48
88 81
41 45
76 14
65 21
33 65
93 19
40 4
31 50
35 50
56 22
4 89
37 92
81 14
7 58
95 92
11 72
65 91
57 38
41 29
94 72
78 42
11 45
100 87
33 24
18 96
2 65
21 100
17 73
77 98
29 9
3 20
16 79
21 6
78 85
81 51
54 70
23 4
72 6
36 72
57 5
80 28
91 60
93 48
60 93
98 18
40 92
22 16
14 8
96 29
62 96
7 32
73 70
25 92
58 70
5 94
42 87
59 35
77 93
10 12
87 84
57 54
12 83
55 62
77 59
42 68
35 13
82 80
64 23
58 70
18 51
20 27
37 49
8 63
13 27
49 41
57 32
52 18
70 8
70 91
99 98
84 3
29 22
71 20
8 46
86 92
27 13
1 33
97 78
55 57
10 96
35 61
11 10
22 78
89 75
39 68
63 45
75 39
21 48
78 19
85 8
90 50
97 98
21 57
49 64
61 24
21 49
6 47
64 93
43 9
27 38
62 90
26 63
55 11
84 9
85 9
93 54
10 73
85 41
89 31
16 82
94 88
75 44
26 91
67 65
64 18
17 11
81 62
90 8
89 10
58 80
74 15
78 11
55 77
95 23
26 75
67 52
67 72
83 73
31 44
9 80
10 62
44 86
86 42
16 73
28 46
70 2
60 78
89 19
6 42
100 61
5 100
52 81
75 4
82 42
18 46
90 73
98 52
99 59
79 80
86 61
56 38
53 46
63 72
62 67
99 69
41 98
81 18
65 92
23 70
11 14
74 23
84 32
6 51
59 16
52 56
33 96
81 18
63 33
22 66
86 11
63 93
26 65
37 92
89 48
7 7
7 37
78 20
57 10
5 95
56 51
42 23
12 84
8 97
57 46
26 50
6 17
97 43
6 20
23 8
71 64
68 85
48 30
7 47
73 35
6 45
10 2
6 30
38 62
72 87
79 96
24 25
86 31
56 12
12 16
74 79
14 70
18 4
51 50
70 32
74 98
59 1
64 54
38 33
66 97
20 99
63 35
24 65
68 93
20 6
98 72
90 8
39 90
45 53
48 55
11 24
50 49
9 8
68 5
40 11
33 46
98 52
