2000 51355
48 64
29 95
59 95
28 62
69 66
90 100
74 79
70 49
91 51
62 3
33 7
9 55
66 62
49 19
32 58
42 23
65 65
92 7
26 39
64 97
45 54
61 98
18 35
85 75
49 51
47 67
64 47
81 32
73 66
4 99
74 100
72 81
85 46
32 94
99 42
5 63
73 45
24 21
27 11
15 96
86 75
11 70
75 2
3 36
59 40
7 12
96 11
24 5
50 18
21 49
39 1
94 72
34 98
57 35
30 98
34 48
3 53
94 44
15 80
27 70
49 95
88 79
50 50
85 40
71 25
49 92
90 54
96 21
24 64
16 65
62 68
9 38
78 34
37 70
63 73
36 25
95 81
58 83
59 29
44 50
31 83
98 81
38 73
64 80
6 67
67 23
97 80
8 71
12 66
63 11
86 40
13 12
2 41
35 42
97 51
25 17
35 85
38 57
20 38
59 48
5 21
33 5
19 85
82 6
69 26
82 9
18 30
63 58
91 92
28 11
59 8
21 26
77 43
96 80
36 58
82 10
14 54
33 89
89 32
78 20
47 99
26 24
42 83
49 91
61 65
90 34
73 8
47 1
28 90
44 45
5 48
32 62
76 49
76 84
66 67
45 27
9 92
35 48
59 84
99 35
62 58
69 91
72 13
39 53
64 23
7 70
20 14
30 28
91 58
61 45
59 47
38 56
86 68
100 30
38 98
98 84
89 15
10 5
45 84
68 56
5 49
1 83
52 69
80 50
76 66
17 87
76 76
84 10
51 34
87 11
35 44
64 44
55 54
6 56
2 96
71 76
12 77
74 9
52 3
3 34
34 5
10 2
92 41
71 25
61 83
29 39
69 8
1 49
90 43
65 44
69 56
94 44
65 26
72 24
25 93
41 92
88 62
1 20
76 1
90 95
87 30
10 96
5 90
93 83
15 52
59 37
63 10
79 28
32 97
14 65
33 14
17 2
75 18
24 54
39 26
35 52
4 44
59 85
88 52
45 87
23 28
8 7
90 82
88 6
79 82
14 74
80 97
18 43
66 45
55 49
59 89
52 26
17 44
63 79
97 61
31 47
21 67
59 22
61 27
52 64
25 38
93 40
20 17
99 7
68 45
59 94
86 58
23 89
17 30
25 9
67 27
40 10
32 67
8 8
79 15
10 100
22 33
10 63
27 42
87 29
16 11
85 83
91 6
32 6
99 13
87 66
15 53
20 79
97 88
75 31
23 94
21 77
68 22
43 62
72 84
87 18
53 55
9 41
10 6
69 37
33 2
28 84
60 46
64 20
36 43
90 60
25 20
57 27
99 22
3 13
95 55
15 84
87 95
85 61
46 89
37 7
23 78
60 41
56 38
20 65
87 23
31 31
92 94
6 44
73 45
63 77
92 62
25 51
23 69
53 19
45 87
55 70
81 55
5 32
70 90
68 97
94 43
94 61
76 24
45 16
96 73
70 30
59 99
34 20
7 90
56 88
23 78
29 68
68 80
78 15
100 84
54 3
60 98
92 77
59 98
32 42
6 53
50 11
8 92
29 22
55 30
5 31
35 43
35 84
9 62
5 84
54 32
54 57
50 96
29 55
98 72
98 69
98 85
8 71
83 40
56 26
64 10
5 17
85 93
31 89
35 32
36 29
84 43
94 29
27 57
94 41
78 22
33 10
95 51
37 65
13 83
49 32
41 95
47 77
35 67
1 9
3 13
88 99
7 65
53 8
16 5
56 88
2 76
66 89
64 58
84 15
73 67
79 67
41 84
57 11
9 8
75 15
45 39
44 50
68 95
71 96
89 90
97 68
55 57
83 93
34 32
67 91
32 24
74 27
66 19
18 91
27 87
68 31
6 41
33 51
72 39
73 45
88 38
25 66
90 86
51 48
9 33
63 52
29 66
1 16
71 14
89 73
75 30
15 53
84 23
94 76
38 100
72 64
91 43
92 8
55 56
24 26
11 50
38 32
49 4
76 68
55 74
75 90
95 99
12 14
7 92
67 37
37 10
47 82
43 54
26 95
49 29
51 86
40 98
30 94
3 1
11 12
18 19
77 82
77 16
2 41
23 9
14 67
25 56
13 51
58 74
79 64
88 77
68 23
68 47
36 80
95 42
75 20
63 22
89 40
86 85
69 13
7 28
74 94
67 94
50 34
100 41
16 74
52 19
91 38
45 20
55 72
1 1
14 38
83 53
30 16
67 30
5 62
43 82
92 85
69 64
100 7
22 100
56 92
19 81
90 46
44 24
65 23
64 65
6 45
6 14
1 1
26 9
64 94
75 47
93 3
13 27
26 39
8 28
17 45
16 28
52 47
23 68
69 29
17 36
57 21
98 96
84 65
14 34
92 78
75 2
82 49
44 36
96 1
90 41
62 17
37 47
33 16
27 91
52 63
38 60
32 4
5 64
63 20
95 49
79 62
55 22
60 75
56 100
14 2
28 72
23 27
17 48
2 39
91 7
34 84
58 11
40 3
17 48
23 44
32 32
91 1
5 45
27 19
38 2
46 85
88 35
75 48
78 100
66 25
26 10
15 11
49 81
30 25
29 30
96 29
60 38
36 4
55 56
67 89
49 5
34 27
90 68
66 4
87 17
32 74
51 87
44 28
72 28
67 87
19 23
55 11
9 87
23 67
81 30
46 88
68 51
20 64
72 87
97 2
38 41
98 49
63 64
86 73
79 25
91 46
81 1
91 63
26 49
87 56
57 51
27 5
72 34
98 18
92 8
58 51
30 44
42 47
54 78
53 71
60 85
72 100
59 82
68 23
46 19
39 11
65 63
65 21
10 26
37 49
61 23
99 18
34 97
23 38
85 90
64 74
65 83
17 43
54 36
91 83
56 98
63 38
69 39
27 84
60 56
12 99
37 34
89 51
5 45
90 11
93 21
64 81
13 62
51 54
83 3
58 80
41 64
47 65
22 1
51 42
83 14
34 75
49 59
68 62
56 12
85 1
32 87
20 47
54 43
37 22
62 81
9 92
99 60
30 20
87 75
11 67
93 18
23 8
51 17
97 14
12 70
44 89
60 94
76 84
94 43
42 48
33 15
35 58
89 13
6 67
37 99
71 78
39 41
37 10
91 91
94 5
74 10
22 78
66 3
27 4
10 51
79 83
35 95
61 10
61 2
73 22
71 28
53 71
96 81
73 96
50 84
59 51
16 85
61 29
35 86
62 27
3 77
67 100
48 36
43 41
73 67
36 35
65 18
63 7
72 96
55 8
57 63
97 57
28 37
74 65
23 60
38 88
52 100
9 6
98 49
64 1
82 27
20 29
17 24
77 60
92 24
66 59
87 10
60 60
78 88
21 95
21 38
32 16
40 46
20 74
74 56
64 12
55 8
91 25
26 71
78 3
97 84
34 33
75 59
77 21
59 50
97 70
14 8
11 49
58 27
63 8
74 1
39 54
34 36
42 24
67 13
25 60
59 35
5 74
36 71
37 22
78 20
56 9
68 37
69 65
75 82
94 44
32 77
81 41
36 68
9 99
59 95
32 51
95 31
33 5
8 23
53 32
81 74
73 30
15 32
38 100
87 90
41 33
28 5
20 25
82 8
46 69
97 36
41 42
51 94
32 7
77 15
80 65
40 15
44 3
48 30
66 96
89 98
31 58
47 88
24 65
39 56
5 82
56 68
85 38
89 86
15 90
38 22
69 11
40 72
4 53
59 62
78 61
44 37
38 19
50 85
26 97
84 87
46 21
66 38
86 33
29 79
42 5
17 97
20 93
37 7
64 78
86 40
26 5
94 35
32 79
49 21
84 42
88 60
56 88
69 32
76 97
23 30
58 53
96 59
14 1
61 5
54 20
91 61
5 94
44 38
40 97
82 90
79 77
37 69
47 79
16 9
18 47
40 83
32 57
37 91
28 42
95 35
22 82
53 98
88 21
5 60
54 70
71 15
44 19
9 58
91 46
19 67
83 39
100 50
15 25
96 39
61 6
20 97
87 51
17 99
63 34
78 47
50 88
41 62
67 16
96 67
56 22
84 14
87 1
39 79
20 5
14 42
33 65
94 86
67 91
72 85
50 98
20 61
95 99
94 68
80 70
85 96
12 35
15 8
85 45
78 11
10 46
97 3
50 7
48 96
65 1
12 41
78 42
14 41
5 54
44 9
61 7
12 76
27 75
47 59
51 54
46 79
60 1
83 18
91 16
78 43
7 54
41 13
49 3
1 5
34 33
81 72
85 100
45 67
95 79
21 97
75 77
4 76
69 99
24 84
4 71
85 99
87 76
81 65
98 39
91 81
24 25
10 97
55 56
50 99
56 56
57 61
47 29
68 8
91 30
38 45
45 50
97 84
78 9
46 5
97 88
11 41
26 76
82 39
7 59
20 7
54 87
33 88
23 82
75 85
56 23
26 5
59 36
43 50
6 21
9 26
85 30
81 45
18 75
39 86
30 96
26 82
47 98
77 24
45 41
38 28
66 20
89 90
34 11
43 81
86 94
31 50
5 73
11 22
64 40
11 32
30 28
17 27
44 71
5 61
91 63
51 93
30 65
2 50
93 94
88 85
10 28
30 23
68 82
79 2
20 60
50 77
4 35
67 58
78 100
100 75
4 85
43 72
41 16
37 47
85 52
26 10
67 48
89 24
37 83
82 87
51 7
66 62
99 65
46 77
70 22
41 80
97 21
52 39
42 29
41 14
91 75
3 56
70 89
10 56
82 9
42 48
11 84
37 43
8 57
88 84
37 69
11 93
30 7
77 85
99 39
14 58
2 46
18 86
54 81
90 28
99 25
57 88
56 89
49 41
2 16
77 62
90 20
50 89
80 100
83 49
91 2
22 27
86 56
12 42
84 82
19 17
5 90
94 66
55 11
12 98
82 1
43 80
74 91
11 7
71 64
25 29
77 16
25 9
42 67
82 96
14 88
40 43
38 35
21 76
89 83
92 3
98 89
30 3
41 91
29 41
12 3
83 44
3 67
49 58
47 86
86 100
67 74
51 27
31 17
74 85
15 24
12 17
68 16
88 14
75 75
39 79
12 95
3 90
63 39
5 13
36 38
76 26
45 55
74 24
97 53
85 37
65 78
46 93
14 91
57 68
26 33
77 93
92 12
28 99
26 3
38 49
65 99
44 76
40 75
96 67
17 12
54 98
59 84
85 79
94 64
85 10
23 57
57 58
39 52
37 47
62 22
75 41
12 72
58 76
100 64
60 76
42 64
16 94
5 69
7 55
72 61
83 1
83 99
63 24
10 52
60 1
52 72
27 2
4 29
92 46
74 68
20 92
45 96
84 3
56 71
90 11
69 65
30 79
47 68
59 16
66 26
8 41
33 8
78 49
65 16
84 23
89 25
58 79
99 16
94 45
64 85
71 77
76 97
98 84
85 52
37 48
58 84
37 24
15 49
13 64
28 21
88 69
32 56
24 68
72 71
40 26
14 78
92 35
69 4
60 97
2 2
35 29
19 37
35 9
64 78
35 52
18 32
52 54
92 83
69 47
97 98
7 19
39 75
24 94
56 2
23 27
61 94
65 38
11 2
27 94
77 1
90 74
15 62
61 56
14 42
38 85
100 81
79 19
81 71
20 37
90 68
82 73
54 65
8 4
68 33
17 94
42 8
38 16
21 99
85 42
6 15
17 96
43 60
96 89
41 42
98 62
70 67
53 35
15 51
81 20
79 28
91 51
70 94
45 42
3 59
35 35
34 26
2 39
13 5
14 48
22 75
2 72
48 72
27 92
61 76
15 5
96 37
54 35
4 72
16 36
38 76
9 86
84 31
32 35
56 27
24 24
82 48
26 45
28 58
96 98
6 65
59 38
38 49
27 58
3 31
41 7
62 44
89 8
94 97
26 48
54 55
15 24
80 72
1 27
94 67
40 99
68 83
89 3
94 33
71 54
56 38
83 8
32 92
39 21
15 42
87 70
15 96
96 42
64 14
42 6
43 39
69 78
100 43
80 39
48 87
55 25
20 45
61 30
43 32
14 94
86 30
48 86
80 17
65 1
49 64
73 35
5 99
68 46
13 37
50 31
90 52
68 27
32 90
73 95
7 99
46 83
60 64
21 94
93 24
23 77
14 99
35 63
44 7
14 93
67 1
43 93
20 69
86 98
3 75
62 100
51 91
40 4
9 86
83 59
57 4
9 1
55 93
13 2
28 99
68 81
62 84
18 2
87 59
93 73
90 96
93 57
91 55
1 11
65 3
35 79
76 39
79 53
22 41
71 45
44 98
88 93
13 90
63 66
25 90
67 64
76 66
76 32
6 67
36 3
10 90
62 70
97 55
64 34
74 23
24 53
83 67
87 6
41 54
22 25
80 78
83 1
66 34
22 32
83 11
31 36
56 10
10 50
61 40
29 2
80 46
4 37
16 95
44 35
18 55
41 84
10 98
93 72
68 16
68 64
80 26
77 57
29 85
76 80
92 43
55 7
100 33
27 9
41 12
92 38
48 33
72 89
74 39
13 66
45 21
9 1
95 53
53 82
70 50
7 45
81 84
50 96
62 33
97 78
93 82
79 87
89 13
55 80
23 58
8 80
22 43
3 35
36 37
2 80
30 15
79 79
56 86
29 47
5 39
49 98
73 36
4 71
20 38
98 26
69 89
17 10
6 27
15 93
69 92
28 28
22 37
49 27
77 75
83 70
45 56
21 57
14 8
85 68
27 36
36 18
92 100
48 30
90 52
79 88
2 9
20 66
58 18
9 95
100 64
14 56
57 44
24 100
18 26
29 33
22 25
38 66
45 43
79 3
52 59
13 86
6 31
25 47
61 64
34 57
8 16
58 19
55 13
73 24
94 38
33 48
8 93
86 37
33 30
50 44
64 24
34 38
21 62
73 41
42 84
20 25
87 96
51 79
96 76
56 74
79 12
17 53
93 39
75 6
95 7
96 49
87 91
53 37
21 96
99 54
86 94
80 63
8 24
92 58
52 38
2 61
25 58
11 30
87 98
57 87
12 74
2 21
42 76
32 87
75 62
83 12
4 11
13 9
85 90
99 39
68 82
63 53
67 43
60 73
89 58
13 49
7 73
75 100
65 86
27 68
26 53
3 31
58 31
33 28
94 88
61 68
34 89
70 45
72 50
72 86
78 83
35 23
26 58
19 59
67 61
52 71
54 70
70 71
64 80
90 11
20 61
31 13
53 64
86 3
42 37
41 21
98 52
48 10
68 21
15 89
27 77
45 25
17 19
84 59
77 53
10 58
45 27
63 41
32 55
68 28
34 78
9 37
2 50
11 87
80 47
20 10
62 58
85 16
41 32
77 89
74 79
60 45
59 1
78 42
97 47
100 38
71 62
95 98
100 99
38 34
9 86
26 75
34 59
77 56
9 34
10 63
86 66
5 12
72 55
69 20
24 39
58 84
30 8
26 40
68 70
9 55
45 1
82 27
45 22
38 84
10 67
18 100
97 28
69 20
96 93
94 75
68 57
18 55
40 24
67 7
7 40
100 62
44 81
40 50
76 69
53 66
49 12
13 34
9 29
73 18
82 5
33 19
82 1
11 65
10 10
49 71
71 19
6 62
82 49
15 92
43 46
92 16
84 92
40 25
60 35
79 84
85 51
79 43
48 90
76 27
98 49
54 82
75 88
41 81
93 31
50 8
45 99
94 95
14 94
6 79
66 12
95 98
38 98
47 13
57 62
99 59
47 35
27 32
4 21
81 35
93 24
47 18
72 50
77 67
38 94
83 36
7 2
74 45
13 30
55 92
49 71
10 30
8 73
75 10
3 11
53 55
76 17
99 61
46 49
89 62
4 39
11 61
36 60
93 88
9 25
92 73
91 47
7 11
71 57
47 67
87 45
15 80
45 36
10 47
91 46
34 29
92 82
50 47
7 25
57 64
4 90
7 47
18 93
63 14
81 8
20 55
15 69
8 77
71 15
12 69
96 38
26 54
22 81
31 97
19 41
82 57
75 22
61 39
89 67
97 78
7 57
27 64
63 9
3 92
37 10
54 6
36 73
80 43
3 52
94 97
36 6
58 94
100 96
54 51
72 59
32 3
25 5
87 27
39 79
95 72
98 48
87 17
73 77
72 28
69 65
43 69
5 85
43 86
3 8
45 3
91 15
62 64
72 66
54 23
16 56
8 27
59 28
52 80
87 70
13 32
45 76
23 27
70 25
97 71
28 29
41 35
28 26
52 34
79 14
19 4
99 57
29 61
5 20
23 33
52 40
73 85
65 1
56 76
68 22
19 60
53 79
10 37
32 24
24 96
63 11
48 31
31 23
73 39
99 10
69 44
85 70
95 37
43 70
6 46
91 8
70 51
47 32
71 85
74 84
77 45
89 88
24 92
5 5
93 8
46 24
8 45
65 44
10 76
16 20
84 65
80 36
68 50
94 53
12 59
91 46
56 64
59 89
73 20
81 54
9 50
41 63
65 75
3 86
84 84
71 20
94 45
5 34
69 51
64 29
78 69
45 48
52 17
53 60
2 52
96 76
98 35
61 48
12 71
59 63
76 20
96 87
39 98
43 21
89 92
2 8
33 66
96 55
60 48
57 37
76 8
68 97
98 99
41 82
22 82
33 35
63 53
15 79
37 20
31 55
30 7
67 89
27 2
33 75
71 100
28 6
28 2
21 87
89 5
40 72
79 49
16 24
87 11
69 46
59 45
75 2
22 5
43 62
22 56
81 52
100 51
98 15
100 48
49 1
90 48
22 81
81 35
52 52
88 59
69 7
82 58
18 18
87 47
60 12
2 92
58 46
40 17
30 46
78 84
80 73
21 69
8 32
95 49
7 79
29 29
53 45
33 80
2 33
48 6
54 87
83 36
47 8
3 1
34 83
95 9
92 100
7 16
27 95
95 51
95 74
47 1
28 61
64 43
34 47
88 72
65 87
43 45
27 40
46 32
72 28
6 12
18 100
31 12
100 60
24 79
59 92
5 4
8 10
61 77
52 62
62 97
95 12
50 69
16 49
80 47
96 29
8 49
87 62
22 24
2 51
33 87
20 24
30 11
48 30
53 23
69 82
