2000 51182
4 32
45 50
8 35
66 69
43 47
61 13
50 49
22 68
48 4
72 14
1 69
39 81
8 98
45 24
98 88
10 16
19 28
67 16
18 10
22 23
21 18
39 51
31 63
92 90
39 76
63 27
82 84
100 18
59 30
59 7
28 5
62 14
55 57
88 91
79 82
98 55
48 4
28 83
19 22
95 59
52 96
20 43
85 39
11 94
64 18
82 26
72 9
34 45
49 94
89 18
55 20
21 63
28 68
86 82
12 53
18 95
100 8
45 36
69 13
10 89
56 43
96 69
71 54
10 51
35 59
1 36
7 5
35 14
29 18
78 26
29 72
32 65
97 20
66 63
42 58
12 38
99 88
14 66
45 34
99 33
54 36
100 53
19 96
33 55
37 34
83 48
2 50
36 93
27 35
70 14
98 34
82 29
66 82
68 87
92 79
52 40
21 74
50 35
86 54
1 91
27 13
67 77
32 56
23 32
32 39
25 65
34 69
30 79
90 83
79 55
29 63
44 70
30 7
99 58
28 24
66 93
81 57
30 25
53 37
8 44
99 90
50 22
41 72
16 71
70 9
32 3
68 63
90 34
34 89
5 68
90 25
60 1
71 44
21 32
35 33
54 35
45 48
20 53
84 13
87 30
50 59
64 75
82 99
79 18
14 85
9 75
96 10
95 41
90 51
49 98
54 36
89 41
98 20
94 8
56 63
67 80
78 62
75 25
8 13
11 50
80 44
97 89
22 3
2 88
69 72
56 87
56 22
66 72
76 39
91 86
52 1
77 50
6 12
33 52
56 67
19 96
41 78
51 28
13 89
31 28
51 25
18 24
71 20
49 96
12 83
78 35
67 27
89 96
5 59
75 92
99 98
84 55
23 80
20 100
37 42
92 4
28 86
92 15
57 75
55 76
82 52
8 27
31 25
87 63
40 30
38 91
58 59
32 7
41 18
22 99
14 87
91 95
40 22
84 58
91 90
51 57
14 92
58 69
91 52
18 3
84 60
89 49
53 57
6 91
60 48
89 50
97 94
87 85
81 16
5 20
41 61
14 67
12 47
24 85
53 29
3 28
61 28
62 39
87 35
1 45
83 37
100 73
92 39
22 11
36 30
34 81
24 19
49 22
43 49
14 70
66 76
26 60
2 71
18 32
84 50
14 70
58 33
32 96
100 55
90 48
37 15
93 67
4 14
100 13
16 3
8 94
55 41
28 30
69 85
41 27
29 27
51 73
40 99
72 17
25 83
75 28
5 97
48 53
23 1
100 97
62 23
40 76
25 8
15 45
9 59
60 58
28 14
67 91
92 53
80 20
56 38
80 19
24 38
11 3
31 32
91 41
70 97
85 24
18 70
38 81
25 50
98 96
41 5
65 48
69 65
65 88
91 27
26 13
64 40
66 28
25 10
77 14
5 55
1 17
92 10
14 14
61 26
71 76
32 4
4 78
2 47
87 94
35 49
77 85
98 96
65 32
67 25
19 44
50 55
37 46
57 76
74 56
34 94
49 81
90 55
55 58
65 20
81 33
80 70
28 11
46 12
56 31
57 77
50 67
56 48
100 86
15 32
68 25
22 61
46 87
23 55
24 8
85 80
57 3
52 92
34 28
22 34
19 68
52 71
23 40
55 13
8 47
96 95
88 6
8 79
86 1
42 63
72 98
18 33
73 85
52 60
63 45
28 15
8 36
64 63
36 14
7 74
31 94
55 39
28 34
76 80
78 93
3 93
60 60
86 47
55 36
93 39
59 80
25 55
97 9
81 71
79 68
4 7
77 65
18 25
64 85
14 17
12 40
35 34
31 49
36 24
86 46
45 45
16 38
45 81
8 7
51 52
3 54
90 100
57 90
83 40
66 80
34 34
85 84
77 91
72 80
91 20
22 29
30 11
15 74
18 89
11 81
45 93
73 96
39 97
63 18
36 32
52 13
26 57
23 18
34 13
61 80
60 63
30 58
76 69
5 95
89 64
78 20
7 49
79 64
35 61
89 40
44 95
20 46
26 23
72 37
91 25
16 94
93 17
21 87
83 68
62 5
31 67
27 12
35 52
21 63
41 29
22 36
24 75
66 37
44 5
57 88
79 68
4 19
38 45
54 89
60 13
26 60
84 8
66 13
4 75
18 21
7 52
99 21
89 66
84 75
71 57
32 43
99 68
15 25
52 29
81 87
77 30
34 96
8 99
63 33
54 10
100 79
36 20
77 85
66 68
80 24
85 24
96 87
83 42
22 20
49 75
42 7
47 79
84 35
59 19
3 6
53 55
17 71
1 26
42 72
100 97
23 83
73 66
51 16
38 59
76 47
31 55
66 88
61 94
90 5
80 73
66 3
42 35
15 92
94 39
7 2
46 68
78 62
54 41
28 61
51 33
54 15
21 67
49 64
38 49
32 86
51 69
90 55
100 8
4 94
83 79
100 4
26 28
7 44
50 71
15 87
82 90
32 25
32 26
94 83
74 29
11 50
59 38
15 16
78 94
52 76
73 17
23 61
81 90
26 9
3 21
83 74
31 24
75 88
32 37
68 24
58 73
34 5
10 79
58 80
89 51
92 57
9 35
15 30
51 52
58 5
81 68
84 94
41 82
13 94
78 76
66 62
75 95
36 65
32 77
4 88
40 41
56 46
27 48
20 82
33 54
81 69
3 55
64 29
7 8
86 44
83 53
65 32
19 100
92 31
22 11
8 50
84 39
30 97
74 32
86 90
39 53
6 99
69 83
31 86
18 44
46 11
49 48
45 39
34 27
32 76
48 26
73 19
88 21
26 74
92 100
72 27
58 94
46 7
87 55
65 1
83 50
70 7
29 32
2 49
61 89
2 94
61 51
96 27
83 42
86 34
81 69
21 94
91 32
50 3
3 80
61 76
95 65
51 79
5 66
80 92
83 54
4 91
52 10
22 27
82 16
96 10
93 53
91 61
41 68
32 7
55 61
24 17
1 14
35 44
77 17
61 2
36 89
89 19
9 81
18 82
26 52
89 49
90 28
68 36
90 3
45 59
28 11
37 68
95 37
84 28
16 59
29 42
40 18
68 68
50 68
21 86
63 29
95 20
11 46
55 96
26 79
18 59
30 64
78 44
52 54
58 33
38 97
40 95
98 51
46 77
9 76
75 55
87 77
51 3
43 90
76 80
95 61
70 52
12 47
89 49
6 79
28 57
70 91
45 48
47 24
71 10
17 33
9 5
65 30
79 31
15 100
42 60
96 89
45 16
19 3
100 42
54 48
9 99
39 36
4 50
6 28
99 64
78 4
44 56
49 66
20 93
72 35
43 79
42 44
83 33
32 79
47 74
62 89
53 69
91 22
8 65
23 79
59 6
68 69
40 60
37 36
83 20
81 19
85 24
79 35
52 73
84 18
84 34
12 23
74 5
87 84
69 2
72 68
65 87
65 58
21 86
84 32
36 44
63 16
25 27
18 29
46 94
71 1
32 69
98 15
13 74
39 33
21 93
71 79
7 53
12 4
60 67
41 73
92 74
44 90
19 59
95 46
27 59
2 93
58 20
52 64
89 28
79 22
23 83
53 66
43 79
95 20
36 97
78 74
10 35
13 76
95 2
55 81
35 28
78 71
5 95
48 1
17 55
77 39
70 31
75 60
88 42
29 97
15 84
31 15
72 39
33 42
78 60
50 97
34 86
87 31
1 12
74 65
65 52
76 47
78 31
7 82
70 66
66 79
84 8
79 53
78 54
31 9
86 85
12 81
8 31
42 79
11 33
76 38
18 17
81 64
50 97
57 58
61 60
64 80
39 72
33 50
96 73
16 83
34 47
82 59
3 13
87 10
7 23
67 17
14 56
85 5
26 98
83 74
50 84
61 5
14 78
27 89
91 66
51 62
90 70
51 48
92 40
1 2
26 85
61 8
81 17
28 81
69 17
41 77
91 60
7 40
25 26
39 33
75 22
11 24
20 43
77 86
49 86
26 17
95 54
62 93
62 22
72 52
96 66
11 57
33 8
9 95
37 45
75 25
11 56
27 66
25 73
2 47
79 20
3 57
14 54
59 36
82 90
34 70
51 64
72 1
41 9
76 42
10 85
15 82
38 65
81 27
43 20
86 2
59 96
89 73
47 95
20 69
61 76
42 12
83 25
93 36
3 7
19 21
67 60
13 62
97 39
44 84
67 9
75 58
98 93
32 14
85 45
79 82
66 36
36 61
2 34
6 96
63 2
12 19
72 30
52 18
44 97
66 49
37 20
54 92
54 73
35 14
26 60
14 49
76 25
8 36
58 36
78 83
78 9
25 47
43 45
27 47
68 31
9 5
1 56
17 75
92 70
38 52
95 8
57 5
25 12
96 41
14 53
39 13
59 59
85 82
90 31
55 56
2 82
78 2
60 99
56 6
12 67
85 11
21 54
87 43
44 46
79 41
17 26
22 54
3 88
11 70
48 52
22 70
71 26
100 59
90 44
62 95
37 11
84 51
19 52
13 22
31 43
32 4
51 87
42 2
69 37
92 69
48 9
70 18
69 70
7 59
77 23
80 88
92 69
98 29
19 30
35 15
76 21
87 7
8 20
30 8
97 28
55 24
3 29
67 53
7 82
92 72
28 100
95 44
27 74
46 51
8 18
57 17
30 6
10 4
50 70
50 42
2 24
97 78
19 11
70 93
4 36
48 85
50 32
47 57
45 65
68 61
33 71
72 86
54 68
41 42
1 45
2 95
95 17
55 74
68 100
53 51
46 45
95 99
48 94
72 71
93 49
55 11
80 87
74 6
64 66
30 56
23 47
65 89
78 85
41 57
87 33
81 72
88 93
36 64
79 28
84 58
55 77
12 50
55 43
60 96
52 92
7 39
61 42
98 60
61 12
80 93
51 10
58 9
74 91
98 4
81 79
18 91
4 66
61 17
91 96
19 84
42 24
13 42
36 72
19 8
6 50
22 57
52 79
45 43
57 72
30 7
81 52
63 48
41 56
35 46
74 95
44 99
94 84
34 37
94 59
6 48
65 29
44 20
64 56
38 72
93 23
44 86
8 14
48 41
56 54
50 10
66 24
97 77
63 3
1 47
68 84
20 5
22 3
19 14
16 47
30 75
100 20
96 50
44 74
93 28
83 95
17 69
36 78
76 78
2 57
81 88
81 25
66 37
76 8
96 32
56 60
20 82
92 69
15 74
67 74
47 22
64 83
85 97
96 98
78 37
85 96
63 81
97 41
59 98
33 47
13 39
40 24
84 66
60 88
36 98
76 45
42 82
52 18
64 75
17 12
6 26
44 62
50 88
23 62
20 21
97 20
78 22
39 55
88 88
92 95
58 28
87 10
56 29
42 77
34 59
85 17
78 72
48 92
82 58
88 21
80 38
46 48
28 97
15 55
57 88
15 46
91 52
99 69
66 63
54 26
67 32
23 40
49 39
68 20
46 1
20 60
65 39
75 74
59 66
4 78
67 20
68 93
42 39
74 100
9 21
75 98
58 17
86 92
22 41
91 26
74 65
53 78
88 73
53 13
68 32
45 60
67 58
10 35
43 81
84 72
15 60
9 64
59 11
63 99
77 83
4 63
83 10
93 73
78 37
93 75
48 51
96 8
60 19
90 41
69 8
20 40
64 90
79 76
5 83
38 30
69 1
30 99
90 59
9 25
34 11
9 43
53 37
52 68
18 77
47 69
88 39
32 37
55 32
46 1
47 87
83 15
49 64
81 48
27 87
78 100
73 74
75 89
74 59
84 92
64 30
94 66
3 83
79 19
72 41
59 18
16 1
93 93
41 16
58 59
1 18
74 27
18 1
5 6
78 46
36 78
51 74
65 37
19 66
57 5
10 37
17 52
92 19
58 100
97 51
18 58
87 51
21 24
92 46
60 62
4 67
7 27
54 27
58 50
86 98
25 20
17 67
53 98
69 64
9 34
62 8
69 81
82 60
80 61
25 38
11 58
67 38
75 11
75 94
37 55
32 16
84 82
54 58
23 34
93 34
50 8
92 91
80 36
71 83
36 89
91 97
74 49
42 15
44 76
84 50
79 64
21 95
100 68
32 61
89 10
60 2
45 21
10 43
93 13
24 81
34 80
4 70
90 70
9 91
78 15
79 24
92 6
14 97
32 33
66 91
6 82
81 40
57 82
37 17
3 22
92 22
28 14
29 22
86 88
23 41
12 72
64 52
43 87
63 39
47 64
32 96
22 40
92 84
93 38
14 5
15 16
26 18
17 74
57 85
86 8
47 41
87 60
29 13
60 89
18 92
94 55
17 70
50 83
3 88
6 86
53 56
94 9
33 51
81 78
31 97
55 91
92 49
95 100
50 77
6 39
93 63
33 73
27 31
84 99
25 62
92 35
51 14
2 79
9 60
59 51
88 38
55 52
45 10
16 2
66 40
62 54
62 57
34 9
63 36
64 44
39 95
15 92
9 53
23 97
47 21
40 1
30 88
90 69
86 100
79 16
95 59
78 14
11 40
21 89
62 64
35 2
65 75
64 30
88 80
73 87
22 80
75 18
79 38
18 41
43 71
96 78
31 94
56 27
29 86
93 82
71 71
68 32
8 73
79 23
90 29
54 93
70 75
19 68
44 13
7 26
49 83
90 23
85 91
59 23
63 64
98 55
45 24
27 90
13 36
33 55
99 76
34 67
59 24
29 66
51 59
53 95
24 43
33 5
8 21
4 80
25 86
78 91
71 12
32 10
9 65
13 92
38 54
30 39
83 59
33 18
37 16
32 93
22 40
21 7
42 15
84 55
70 13
39 38
10 45
82 100
71 45
60 20
67 66
81 68
40 85
69 24
86 62
15 79
1 28
93 83
19 11
25 65
23 25
41 74
9 74
83 90
53 65
98 79
12 80
88 75
82 96
48 48
19 67
3 88
20 54
12 82
39 42
41 18
50 71
100 86
22 17
72 15
12 58
40 34
53 83
51 94
8 57
38 96
66 73
60 37
82 78
36 83
37 53
56 55
76 56
45 27
38 96
81 72
94 57
50 75
68 46
75 53
49 22
38 12
29 92
69 27
1 45
19 33
9 44
51 16
19 71
83 12
22 82
30 28
22 45
26 16
32 21
82 54
15 12
49 45
93 90
49 41
84 79
29 42
4 95
12 34
25 20
94 90
92 57
18 29
43 17
11 2
44 33
91 90
100 66
73 24
11 69
100 62
91 8
72 64
50 29
61 78
6 76
24 11
42 5
27 72
1 26
26 78
60 25
16 89
74 22
53 66
64 30
10 1
33 60
19 76
21 86
58 31
12 18
64 43
75 59
6 86
26 96
71 91
49 27
77 13
43 14
59 95
76 75
85 22
82 59
78 3
98 51
87 86
53 65
39 56
66 57
53 91
64 85
77 34
68 31
90 58
29 99
83 12
99 58
14 58
2 40
71 96
71 41
65 57
86 90
97 99
71 94
11 85
67 90
19 20
39 50
61 55
29 67
14 24
98 76
11 77
43 26
95 79
97 62
95 43
85 86
14 70
48 33
49 70
91 3
67 15
38 27
71 54
50 27
88 37
84 63
3 66
58 84
54 3
67 74
43 73
51 2
89 67
5 9
69 43
7 38
43 58
30 97
88 4
8 81
79 25
98 80
51 59
73 3
46 93
45 1
57 88
60 63
44 85
57 57
50 17
11 51
46 35
20 70
12 77
33 23
56 85
14 94
42 6
9 87
32 67
36 78
11 40
73 85
92 87
80 82
79 75
86 44
61 79
18 78
94 77
39 3
15 10
96 87
63 57
13 2
92 87
71 44
24 16
36 23
28 52
25 85
98 73
25 38
96 54
9 2
58 61
51 90
74 95
51 66
60 77
57 14
87 44
22 68
29 98
78 82
1 50
60 72
64 77
13 80
77 2
9 53
3 82
44 11
4 39
65 90
56 64
95 77
36 33
79 32
82 51
15 36
3 16
79 24
39 73
98 21
87 25
48 33
49 11
12 71
99 99
60 39
69 84
37 94
81 6
97 82
14 27
34 55
8 5
29 3
46 34
85 6
89 8
49 67
28 68
92 46
65 56
35 84
39 75
52 40
13 15
20 25
66 27
67 30
51 100
57 100
16 50
89 76
4 84
16 60
1 47
54 34
27 98
21 30
90 27
8 56
69 63
56 5
93 10
77 68
84 8
38 96
61 25
25 15
38 14
40 45
16 12
3 22
74 28
6 86
54 61
38 42
26 63
72 88
56 71
76 62
28 39
71 72
64 38
83 22
39 32
16 84
37 56
65 81
36 65
26 34
24 36
5 28
33 39
16 98
81 95
69 46
54 93
93 71
93 12
43 6
32 15
8 23
97 27
57 42
14 61
3 40
46 35
91 75
74 79
1 57
18 36
53 17
23 29
81 25
35 38
61 12
97 60
71 45
26 92
84 25
49 79
49 80
88 52
81 69
17 77
68 98
49 14
22 21
12 68
93 77
64 78
95 35
1 51
61 5
51 28
66 11
63 96
96 63
8 85
88 74
48 19
25 73
40 42
71 99
57 97
74 79
31 10
53 9
97 76
8 54
37 85
97 54
9 33
76 36
29 74
25 61
44 85
30 87
98 81
7 4
22 15
61 58
2 90
74 65
73 14
52 18
91 76
87 9
100 80
98 12
74 34
47 50
22 36
65 75
69 1
79 33
91 6
52 10
83 93
39 81
11 15
71 77
35 86
19 99
47 64
15 59
95 11
42 100
44 97
92 91
48 3
66 63
5 1
49 93
91 27
77 66
53 62
82 54
16 27
52 41
79 18
89 60
50 42
1 53
6 87
71 42
31 37
96 92
22 4
13 29
34 24
32 70
84 5
20 61
3 69
82 20
34 19
97 79
23 19
78 67
41 22
70 74
95 29
45 74
71 66
85 7
73 39
23 79
66 61
88 65
26 19
45 78
29 25
27 12
97 30
86 63
97 54
27 67
81 54
70 9
91 95
14 29
2 78
26 52
33 89
4 98
7 71
66 59
52 77
29 42
95 25
44 50
51 15
89 5
40 23
21 32
26 11
65 61
95 10
91 71
4 26
72 80
87 100
