2000 82276
6 37
16 36
24 30
14 14
5 19
25 12
6 19
16 34
24 23
6 31
17 27
8 24
15 30
9 37
9 13
13 39
10 33
19 16
14 32
13 35
10 25
6 11
7 30
21 39
10 28
11 19
5 29
20 14
8 29
11 34
14 12
15 28
16 26
19 14
9 12
11 16
9 32
17 16
24 39
7 21
5 34
23 30
19 18
11 26
13 30
6 23
8 10
12 25
18 33
15 31
22 24
6 17
7 10
9 24
24 28
25 24
18 18
22 30
9 31
24 16
17 22
10 40
14 29
10 36
13 40
19 14
15 18
10 26
9 35
11 16
22 28
22 29
21 29
17 15
18 20
12 27
15 10
20 13
6 39
23 39
17 18
18 18
6 21
12 35
10 27
10 25
19 28
12 36
17 21
9 21
13 21
9 21
6 22
19 37
19 18
13 15
21 35
7 10
20 12
7 21
25 34
23 31
10 39
23 24
5 26
25 36
15 31
7 14
25 29
15 18
8 32
21 21
20 34
19 33
9 12
11 22
5 34
19 14
10 26
5 37
15 21
15 34
5 40
12 40
10 36
13 23
17 30
8 13
24 11
18 14
16 34
8 37
24 26
18 17
10 25
10 10
18 34
15 35
9 28
15 19
16 39
17 39
24 22
10 37
15 34
20 23
21 22
13 11
17 19
19 37
18 20
12 28
15 27
20 35
15 12
5 26
24 33
5 27
10 23
13 25
6 20
18 29
5 15
12 26
22 39
10 14
23 15
15 20
11 38
24 34
10 15
18 39
13 31
21 39
22 34
10 16
9 19
18 32
18 26
19 35
23 27
21 29
14 26
25 19
12 12
14 21
17 18
16 12
18 30
16 40
12 22
11 23
13 10
20 40
21 21
14 35
9 28
10 26
10 21
13 22
40 61
20 51
37 65
28 65
35 50
38 64
29 36
34 47
39 50
34 49
34 37
25 54
22 54
31 56
30 63
38 43
32 59
38 58
25 41
37 43
39 53
21 49
34 52
22 55
20 42
25 56
37 45
30 63
37 47
22 62
36 55
34 35
33 58
34 37
34 48
38 50
22 50
36 55
32 59
25 65
31 46
22 41
38 35
20 52
28 54
39 53
40 47
30 52
20 41
28 35
32 64
21 53
21 47
26 48
32 48
21 35
20 38
24 45
33 41
29 46
26 39
22 35
37 49
38 55
32 38
28 42
26 37
34 45
22 64
37 51
30 39
33 35
39 54
25 41
21 37
29 55
38 49
33 57
38 40
28 51
29 62
29 40
40 49
20 45
39 42
33 56
30 43
34 51
21 64
35 54
27 41
28 40
29 60
37 49
27 37
34 39
37 54
29 62
23 60
35 50
23 63
26 45
31 60
37 63
35 50
33 56
29 56
23 42
40 52
22 48
20 52
40 52
39 61
30 43
36 50
21 53
29 61
28 49
24 57
30 42
30 61
38 60
23 55
34 65
37 54
25 61
33 64
29 43
33 58
29 46
39 39
22 53
33 60
24 50
29 45
34 55
35 53
35 54
26 46
36 47
22 35
38 35
25 51
22 56
23 57
40 47
37 62
28 58
28 62
23 40
23 61
33 41
22 39
31 52
34 46
29 46
26 37
29 42
32 54
23 55
38 61
33 40
22 62
20 46
30 35
23 61
37 40
27 41
21 60
26 58
23 55
29 49
20 49
34 38
26 48
20 45
36 56
33 62
32 43
24 41
34 55
34 35
20 64
28 36
37 63
33 59
26 60
22 39
37 60
34 41
31 61
21 49
27 64
22 65
24 51
40 43
28 37
24 63
29 46
26 53
37 80
36 83
53 75
47 78
54 90
49 74
53 67
47 69
39 65
55 65
49 71
36 83
42 80
43 68
51 75
54 67
47 64
39 74
55 83
35 86
53 83
36 74
37 64
52 60
37 88
47 86
48 77
53 76
50 64
48 65
53 77
41 82
39 71
50 66
55 65
53 82
38 69
44 84
44 83
45 78
54 86
40 84
47 88
42 76
39 89
50 79
41 60
43 62
39 73
46 70
49 67
35 72
38 63
55 84
46 85
55 73
42 82
54 88
39 72
38 79
38 61
42 84
49 75
49 68
48 61
54 74
44 78
35 82
39 87
36 75
41 85
37 69
37 61
45 61
38 78
47 82
39 85
45 76
44 67
46 64
43 72
39 74
41 71
39 79
55 78
36 87
39 62
51 83
55 69
44 74
50 71
40 72
48 78
48 72
53 80
55 61
48 62
53 90
39 78
40 77
40 82
38 73
42 74
46 81
37 88
42 77
50 69
48 70
39 83
44 79
44 66
40 72
45 63
50 77
37 88
46 84
39 73
47 67
46 69
49 76
52 60
42 71
43 88
55 61
38 70
49 89
48 69
45 80
52 78
47 61
35 65
36 60
50 89
48 73
45 60
54 70
36 90
53 66
39 69
55 72
36 85
53 64
42 80
49 73
42 88
54 81
38 67
46 79
44 82
35 70
38 86
37 79
35 71
47 77
48 90
45 67
36 66
40 85
45 60
42 60
55 82
35 89
36 65
53 61
43 74
39 75
47 60
49 62
39 85
52 88
49 74
44 73
44 72
54 73
46 75
45 68
44 60
45 61
53 81
51 89
35 71
52 71
39 75
37 79
49 60
38 90
36 77
35 62
40 80
40 66
38 85
37 66
38 78
35 88
48 66
38 68
49 69
36 86
44 62
38 87
69 112
58 100
68 91
57 92
54 113
66 111
53 111
67 101
56 90
52 103
61 93
58 111
53 98
51 89
59 87
61 99
59 110
55 92
53 96
56 109
50 109
62 115
67 102
57 115
53 111
66 113
62 94
66 102
59 96
51 90
68 105
53 91
59 97
59 98
67 109
68 114
63 107
68 88
66 95
58 112
59 101
59 89
55 100
62 100
66 95
58 88
53 88
66 95
66 107
50 92
69 114
56 85
52 114
69 112
55 85
62 94
56 99
62 92
51 87
51 104
64 93
56 92
67 86
57 110
55 96
51 91
50 87
62 112
58 88
69 89
61 98
54 102
59 112
55 105
67 99
53 91
63 85
56 87
59 114
70 106
68 112
63 101
52 112
69 113
60 86
51 86
53 98
65 93
68 95
68 88
55 89
53 98
59 106
54 115
69 95
58 112
69 97
60 87
50 106
58 91
53 113
57 90
59 107
66 101
52 91
69 108
62 110
50 93
57 103
65 89
52 111
69 115
70 93
69 101
67 112
58 105
60 113
51 86
66 88
52 103
57 87
50 99
69 98
64 95
50 113
59 110
57 95
50 115
64 108
55 99
70 90
55 95
55 111
55 102
50 107
66 86
54 95
50 103
64 88
57 102
50 93
65 105
70 88
63 87
60 87
50 97
58 104
64 90
59 114
61 91
53 109
61 97
70 104
57 105
55 111
52 104
57 101
61 102
58 113
70 99
50 90
52 89
53 100
67 87
62 114
68 114
59 100
69 104
67 91
67 107
68 97
54 85
62 103
61 101
69 92
63 97
57 108
50 85
58 106
67 101
70 95
60 93
70 108
64 109
64 87
66 114
55 110
64 96
63 100
62 109
62 109
54 113
65 103
55 106
68 115
68 111
63 105
53 113
66 112
53 95
66 112
81 120
80 113
84 115
78 125
82 115
75 113
85 132
67 140
67 136
66 128
80 111
69 132
66 126
75 125
67 123
85 110
80 120
72 121
85 130
84 122
84 111
77 136
73 112
83 114
77 127
72 125
73 134
66 124
72 131
73 113
65 124
71 133
85 114
69 117
74 138
76 125
72 112
68 130
81 140
66 138
81 122
77 112
84 125
72 122
67 121
78 113
65 126
80 125
75 137
80 118
83 119
67 131
70 138
82 121
66 111
70 118
69 127
82 124
73 133
69 111
82 119
74 135
77 138
78 120
84 140
79 126
72 117
80 125
84 124
75 137
72 139
79 135
73 123
75 123
76 113
67 116
71 127
65 111
76 121
80 115
81 138
84 125
68 134
78 112
67 132
84 129
80 110
84 110
84 129
84 126
85 137
78 138
74 134
85 132
68 120
69 118
65 126
85 117
80 131
67 122
79 115
71 138
72 121
75 125
73 119
76 127
69 132
75 123
79 123
74 125
66 111
76 137
80 124
68 132
85 119
70 120
65 112
84 127
76 112
75 120
76 110
68 123
85 117
71 114
84 110
70 119
72 120
85 124
66 114
73 134
66 114
76 134
65 118
73 128
76 120
71 128
80 131
82 112
84 135
70 124
79 134
80 132
66 135
85 133
77 114
67 118
82 127
80 126
83 120
68 112
83 138
75 138
82 130
69 122
67 114
77 115
82 127
80 137
84 137
83 116
83 114
69 119
75 123
73 123
81 133
78 120
84 113
66 114
67 113
73 113
76 120
85 112
67 110
65 112
69 125
73 136
80 130
79 117
71 134
72 132
75 113
78 113
82 115
85 134
81 133
65 124
65 110
75 136
76 121
67 134
69 111
81 123
83 127
85 129
72 118
68 134
65 118
85 122
73 113
93 153
81 163
88 159
90 148
82 159
83 147
92 153
90 136
82 136
95 155
89 162
81 162
95 138
88 149
94 151
90 153
98 143
95 136
88 143
80 152
80 141
93 152
85 145
98 158
88 137
84 165
90 139
89 153
84 164
94 155
89 151
81 149
88 153
90 156
96 161
86 160
89 139
86 156
99 159
100 158
92 155
100 158
85 150
81 164
80 144
84 161
92 156
95 149
97 153
96 165
89 147
86 145
97 136
90 163
94 146
98 154
90 144
83 160
82 155
80 141
96 144
90 157
86 139
87 137
83 145
93 136
82 157
88 139
87 144
92 151
86 154
82 155
83 149
89 154
87 138
85 165
93 156
88 140
94 158
98 148
94 142
87 154
85 158
93 155
92 157
91 154
89 139
89 138
97 154
95 152
86 147
84 163
91 138
93 159
81 143
100 160
96 150
89 144
99 139
89 141
100 136
83 136
90 136
100 157
89 159
86 140
92 158
89 139
97 137
85 153
86 164
91 156
87 157
99 154
96 161
92 153
86 153
83 165
84 157
97 139
95 161
85 152
87 144
85 145
89 150
100 153
91 141
95 158
86 139
99 155
100 136
98 159
81 161
96 140
81 143
96 135
91 149
99 155
90 141
81 135
92 159
91 164
89 155
95 159
95 163
95 155
81 155
96 151
91 138
86 164
99 162
82 148
99 147
86 136
82 165
83 140
84 150
91 157
96 156
83 163
99 164
81 151
88 164
98 163
81 156
87 144
81 158
86 162
88 159
83 156
95 163
99 149
95 159
87 150
93 152
98 136
87 161
84 164
90 151
90 157
81 158
90 156
83 155
98 151
85 147
99 138
81 163
97 153
82 154
84 139
92 144
81 153
96 153
88 159
84 146
95 143
92 146
85 147
96 148
82 148
115 161
114 160
109 160
110 179
111 177
101 181
111 186
95 186
103 181
111 176
98 160
111 160
106 179
103 172
113 168
100 184
102 167
108 169
111 170
109 181
96 178
109 178
97 175
102 186
95 190
115 163
104 161
114 171
107 175
102 177
107 173
96 162
107 163
112 184
115 164
110 167
100 181
112 164
95 165
112 168
97 169
98 164
104 173
106 185
98 165
100 179
101 181
105 165
114 187
95 165
108 169
112 181
96 163
98 161
106 183
96 172
108 179
96 165
97 190
114 188
101 169
113 179
101 162
100 181
105 181
115 188
115 162
113 185
100 170
97 173
112 163
101 161
99 166
102 184
113 165
104 166
99 162
107 170
104 177
109 161
96 185
114 162
102 174
95 160
107 181
98 187
95 163
111 174
110 160
104 171
100 184
109 176
96 168
115 189
96 185
101 188
100 186
95 173
111 182
95 162
115 183
109 165
104 181
96 162
103 181
108 181
101 187
96 168
106 190
110 183
103 163
105 170
95 175
96 165
103 163
95 177
95 162
97 180
95 165
107 169
106 161
113 169
105 163
95 188
111 179
103 185
104 167
110 178
100 185
95 186
108 189
112 181
107 160
97 179
95 160
111 160
108 188
101 185
105 181
114 161
113 169
100 190
115 188
109 163
108 166
111 173
108 168
111 160
103 172
107 170
101 175
111 170
96 176
115 170
99 185
106 173
95 164
100 176
108 186
97 177
104 175
101 160
100 162
97 185
111 176
113 184
96 173
115 170
108 166
103 161
108 189
111 163
109 185
103 161
109 166
102 176
98 175
95 169
109 176
113 190
111 166
103 160
101 183
111 174
97 187
107 188
115 188
98 187
100 180
112 165
113 171
113 175
109 168
100 171
115 186
110 183
111 188
103 179
102 161
112 176
113 201
110 208
125 197
124 214
121 196
124 209
120 208
118 199
116 213
120 207
126 214
125 209
113 188
118 198
112 198
126 185
122 196
115 192
123 190
111 206
115 191
121 189
112 203
126 213
121 193
118 191
115 185
123 185
110 195
125 191
112 193
117 204
111 210
126 193
116 185
127 199
119 195
113 188
113 188
126 195
111 202
129 198
113 199
123 203
118 208
114 199
126 211
130 203
129 211
118 203
117 207
123 214
117 204
113 210
122 185
111 212
128 204
127 186
117 204
110 208
126 194
111 196
122 192
116 206
120 207
121 210
124 194
121 195
127 208
118 200
119 192
127 195
117 202
115 210
130 212
117 201
116 208
113 192
112 209
115 214
130 189
119 212
128 199
120 192
120 194
129 215
116 215
114 192
117 201
115 206
121 203
110 202
126 185
124 188
121 204
118 188
119 209
110 189
120 186
128 197
118 214
128 209
121 201
115 196
118 215
111 199
130 190
125 206
111 207
118 209
111 211
129 215
118 209
125 208
117 195
127 188
118 196
117 191
125 208
125 211
130 202
128 189
124 193
119 210
127 203
112 192
121 200
117 214
128 193
125 215
124 206
128 210
114 210
127 211
122 200
128 191
112 215
115 207
114 189
116 188
120 189
126 188
118 200
128 206
113 204
118 191
113 205
125 194
115 185
112 185
128 210
115 199
120 201
122 210
111 205
121 192
114 189
120 191
117 194
124 192
125 201
115 190
112 198
111 202
116 201
111 209
129 206
112 215
122 194
128 207
120 203
111 204
123 192
112 194
122 206
118 195
121 212
112 194
118 211
128 203
114 195
125 204
129 201
114 187
117 193
110 208
116 203
114 201
117 189
127 192
128 193
113 212
123 214
129 196
117 212
120 186
118 194
120 187
127 189
124 203
138 234
141 217
137 228
139 213
129 227
140 223
137 234
133 237
127 221
125 221
144 215
144 220
137 210
138 214
145 225
135 226
144 239
133 224
130 222
129 216
134 234
135 229
141 232
125 214
127 230
131 218
131 236
131 212
135 238
129 240
128 236
144 225
142 211
133 218
131 222
133 218
133 237
137 228
136 220
144 229
132 214
136 231
130 220
134 233
140 239
128 226
127 212
140 225
129 235
140 226
136 210
144 219
141 227
126 225
144 226
142 236
127 236
141 226
128 217
125 220
138 237
137 237
126 232
135 213
130 210
136 233
130 218
140 236
143 237
128 231
137 219
142 238
131 238
142 219
140 228
130 216
144 223
125 224
145 219
127 232
137 240
143 218
145 222
139 210
127 220
133 226
140 214
128 234
140 234
133 211
140 229
139 235
130 216
135 214
145 229
129 233
125 214
127 233
135 210
138 231
134 222
126 210
126 229
128 223
127 235
125 231
126 231
132 223
129 229
130 220
129 219
136 231
133 240
145 237
132 214
133 220
134 232
144 240
137 212
126 230
134 236
133 216
138 231
137 219
132 211
144 222
129 228
138 229
127 223
133 227
125 240
128 212
125 213
140 240
125 223
126 238
140 237
139 230
143 228
129 232
125 227
140 234
134 213
138 230
141 235
145 214
137 239
125 220
127 215
125 216
133 237
133 232
130 213
132 216
132 216
132 217
134 240
132 234
128 221
135 228
143 227
137 235
136 232
145 227
127 223
139 220
140 231
135 239
126 216
125 224
129 240
136 213
127 231
136 238
143 217
126 215
132 210
127 217
144 211
133 224
140 220
135 229
145 231
132 236
138 227
129 218
135 238
132 220
137 216
139 228
140 227
125 215
129 228
140 217
145 211
128 239
126 223
144 220
132 239
142 238
148 245
152 264
155 249
144 259
151 248
150 265
150 264
142 250
148 247
153 237
159 245
157 257
144 251
155 258
157 238
146 263
152 258
159 254
151 235
149 256
160 257
143 248
145 257
160 239
160 251
159 247
145 240
154 252
147 237
157 235
157 263
148 254
155 255
153 258
147 253
145 238
157 236
155 261
150 244
156 258
144 238
145 254
145 242
157 262
142 248
154 249
153 256
145 263
144 242
151 235
155 235
157 237
160 248
152 258
142 260
159 248
157 254
154 237
158 242
150 239
160 257
156 263
143 252
158 258
156 247
159 252
141 257
159 246
141 247
146 260
155 251
146 265
143 244
151 263
148 264
156 237
142 250
158 235
150 257
151 257
140 247
152 246
140 258
158 243
158 257
143 243
143 245
141 244
147 240
142 265
151 240
140 255
147 235
157 252
150 244
156 256
153 248
149 261
154 256
154 245
146 239
141 255
143 257
152 262
153 238
141 264
150 262
153 259
155 241
147 249
153 249
154 241
148 238
156 237
144 236
152 239
141 261
156 250
156 255
152 248
140 240
147 263
150 263
142 261
146 264
146 251
150 244
140 242
158 255
158 239
141 252
148 257
140 235
144 262
150 249
160 246
145 253
155 254
142 263
156 251
144 255
141 239
160 256
150 244
155 252
154 261
155 254
157 248
143 257
148 240
156 251
158 257
149 256
152 252
148 258
156 244
148 237
144 241
156 255
140 263
159 261
143 243
154 242
145 264
159 261
145 236
156 251
149 250
154 236
155 257
146 236
151 236
143 243
158 256
144 256
145 239
150 243
154 261
144 263
154 247
148 260
153 237
160 240
145 249
160 249
150 260
145 237
156 252
152 265
143 241
149 259
158 236
155 251
158 253
146 253
159 239
147 246
155 254
148 256
154 252
