3000 76554
34 3
39 90
33 55
51 20
15 50
78 74
27 43
17 46
71 28
97 44
49 23
28 77
58 93
52 1
62 26
38 46
22 40
42 5
35 92
37 46
32 56
45 7
64 75
48 2
91 11
32 52
32 55
76 74
15 19
95 34
95 1
48 21
33 23
80 8
50 92
100 24
57 81
76 34
68 69
27 9
24 77
16 91
6 37
81 21
67 91
19 62
70 67
88 82
60 67
57 58
77 79
91 74
53 64
92 53
91 28
43 26
76 56
22 82
18 99
90 74
68 15
65 52
89 94
53 37
44 59
39 86
4 60
52 39
66 71
71 80
79 99
90 48
87 70
36 35
22 68
5 12
55 49
44 86
93 93
66 67
100 44
21 71
57 40
52 7
64 23
99 19
46 85
39 30
20 1
15 35
80 3
40 15
79 86
69 97
92 4
74 44
59 34
47 15
26 35
24 4
17 95
56 85
65 3
55 64
91 20
39 23
60 76
97 68
82 8
4 20
63 86
33 51
76 91
71 77
84 10
39 65
69 96
81 46
78 95
40 96
95 80
57 97
31 62
26 66
77 45
22 65
99 61
35 30
20 32
76 95
11 34
37 26
31 80
27 88
91 41
74 51
17 62
2 68
22 70
98 70
57 88
84 55
30 72
32 78
54 83
65 33
71 42
74 78
45 78
48 36
66 73
92 58
56 85
96 87
69 75
33 81
70 3
67 35
19 11
89 34
95 82
81 44
25 11
25 13
60 83
68 52
50 15
76 45
21 19
72 84
26 66
78 6
55 90
55 89
9 35
61 72
72 22
31 77
86 50
68 51
78 64
51 74
59 60
86 100
47 12
27 86
70 81
16 15
46 73
40 91
4 100
40 54
73 86
81 11
16 18
32 68
100 14
66 32
59 64
20 84
89 67
84 81
49 90
95 8
91 70
58 24
55 79
62 43
40 52
93 80
29 93
70 68
43 6
40 5
55 67
41 17
18 90
24 99
56 83
15 14
15 89
12 83
54 19
87 26
44 45
22 36
70 46
43 10
87 19
29 9
14 93
75 37
64 90
63 82
69 44
54 59
72 58
76 75
67 53
11 61
20 54
48 97
80 28
62 59
87 1
86 95
55 28
56 43
61 45
62 10
71 56
76 34
73 44
76 75
62 59
68 40
97 62
84 4
10 49
83 33
12 65
76 42
9 69
75 54
38 75
30 13
81 64
61 84
57 87
47 16
71 45
76 92
94 12
3 24
89 3
32 65
88 70
43 30
88 59
49 15
5 91
10 14
76 48
29 87
85 40
37 58
97 78
82 2
20 14
58 27
16 34
83 78
33 20
77 2
10 83
70 46
58 66
90 98
82 82
14 4
36 65
53 78
41 96
82 76
7 1
29 50
13 92
94 71
24 31
52 50
94 37
80 21
61 16
69 36
8 59
98 55
58 93
56 37
31 8
29 58
14 15
46 41
12 87
98 86
74 95
21 21
20 83
31 12
62 18
1 64
44 68
97 82
53 41
84 15
78 10
11 94
65 64
43 1
5 16
40 94
94 3
50 52
19 66
7 18
19 87
78 25
4 72
76 31
34 61
34 80
4 41
99 27
31 72
67 27
96 12
5 18
39 48
15 94
35 82
100 17
16 58
31 49
49 99
20 50
66 63
26 8
31 95
30 26
20 60
87 10
69 19
14 62
36 13
39 84
20 79
54 51
17 8
75 3
81 34
50 20
8 34
37 74
100 46
90 5
3 52
95 9
94 75
94 51
62 3
81 56
93 68
29 12
11 4
93 66
48 61
76 66
71 25
30 56
58 91
90 84
68 17
78 61
55 98
4 30
17 96
26 76
9 80
85 4
100 78
42 13
86 75
59 63
78 38
85 73
49 68
32 90
31 81
94 94
77 92
92 83
74 49
22 59
72 94
36 4
14 76
20 7
64 69
84 52
1 14
21 11
74 88
69 30
50 23
28 85
24 59
18 18
54 12
84 91
2 73
5 42
25 55
39 48
16 4
54 93
23 72
64 23
38 34
6 52
9 16
14 25
97 35
83 64
35 36
69 80
18 67
1 63
40 86
81 87
84 15
92 51
53 49
9 2
12 81
55 71
89 38
87 91
72 89
94 49
71 81
26 61
98 90
47 36
16 60
13 94
53 80
39 31
28 16
42 13
44 83
37 84
55 37
92 69
71 99
42 24
12 48
40 18
42 87
3 86
21 4
77 1
47 36
25 53
86 54
58 68
79 23
26 91
45 59
3 63
19 91
67 39
80 24
68 81
13 26
95 83
33 26
17 5
85 14
12 93
58 17
80 48
48 76
13 6
24 16
70 75
6 29
87 15
10 92
99 67
90 52
82 47
75 19
36 40
6 51
12 72
45 7
37 26
89 14
89 65
91 88
7 5
55 56
70 11
27 37
20 33
16 46
11 14
36 38
53 11
22 58
46 6
32 58
22 34
58 11
55 73
91 60
15 92
42 87
52 3
13 58
83 91
33 1
39 29
70 30
91 52
3 100
14 36
27 77
43 66
55 53
69 16
2 22
61 60
90 27
28 58
80 92
5 24
38 23
68 81
57 34
11 80
13 87
41 91
32 65
22 49
95 63
75 76
88 40
88 1
26 30
52 50
70 91
59 31
90 78
39 20
49 82
44 29
5 8
27 10
87 46
59 12
95 25
88 67
19 23
84 3
67 76
99 66
40 26
56 98
18 47
49 11
66 30
82 85
89 1
50 94
3 33
83 15
24 22
90 73
23 16
49 51
41 74
92 58
59 81
82 3
83 30
59 14
78 83
87 89
37 75
16 29
45 52
83 100
3 95
63 26
66 54
21 23
13 91
58 32
76 72
82 89
6 42
93 1
63 73
46 95
42 47
65 6
28 9
65 68
6 30
50 76
66 18
98 55
94 34
76 99
80 9
76 15
35 64
9 91
62 3
23 39
24 71
6 6
6 90
78 66
20 31
23 43
98 40
85 21
80 26
25 11
66 10
37 68
17 12
29 34
82 62
59 10
45 91
62 22
23 77
51 20
63 98
40 94
48 74
56 83
16 44
79 34
83 97
2 8
87 25
44 99
76 98
10 95
1 56
81 87
87 12
73 86
4 81
84 51
57 6
35 59
8 14
22 67
24 26
77 77
50 53
57 39
35 86
47 43
18 12
9 62
97 63
33 9
49 7
44 88
88 91
16 3
23 22
23 39
69 62
61 98
18 89
44 59
71 44
71 44
77 97
57 56
43 29
80 29
93 58
99 35
66 87
52 71
72 53
41 64
28 99
74 5
98 54
62 84
20 100
67 66
23 97
68 62
99 26
71 4
11 1
39 17
38 58
85 74
61 55
6 19
98 71
78 44
1 29
68 67
48 87
77 25
76 22
42 68
8 5
68 31
92 2
26 92
72 54
64 6
66 7
99 52
89 63
63 61
13 88
8 62
30 78
35 84
75 75
80 3
57 39
37 75
18 71
46 96
74 1
78 78
51 14
71 23
8 73
3 42
90 89
7 11
80 18
65 62
49 78
87 23
33 93
40 31
64 66
4 46
3 37
30 72
54 49
43 51
44 84
66 36
50 12
25 13
52 72
76 38
5 16
60 10
65 64
22 38
5 58
38 64
52 15
7 23
60 39
11 87
10 17
49 27
17 50
89 34
13 89
65 27
27 8
97 33
5 58
43 73
52 30
59 46
72 97
6 78
2 48
67 80
23 66
3 11
92 93
27 37
31 48
96 60
86 98
95 11
69 97
91 55
84 27
72 64
97 78
95 65
82 2
6 94
43 43
51 51
46 79
7 83
15 30
25 87
56 15
71 39
19 11
7 96
82 36
90 7
64 26
35 83
56 39
39 91
37 45
99 83
65 79
67 92
46 42
50 76
13 54
15 90
92 31
96 32
38 5
41 60
90 96
72 7
98 5
84 91
22 9
96 83
43 73
88 90
72 69
50 40
11 28
90 80
56 35
92 15
79 38
72 60
26 97
86 76
10 2
14 93
85 58
26 80
33 84
30 51
27 8
97 90
96 93
19 90
45 21
34 97
11 49
34 69
57 55
8 5
70 59
30 16
3 87
64 31
17 5
74 8
13 70
27 85
63 87
20 57
70 99
41 76
91 68
47 48
79 52
52 70
13 40
63 61
29 1
45 24
44 64
56 8
93 65
40 56
26 49
37 85
25 4
36 49
23 53
81 11
43 53
92 63
62 26
98 40
7 94
78 82
71 99
19 15
57 66
34 85
38 23
26 65
26 12
81 91
25 12
56 63
32 60
37 51
18 76
61 12
33 26
62 39
68 72
25 42
53 94
93 20
62 27
77 49
80 21
84 31
9 59
22 73
27 94
70 36
19 64
33 39
99 18
42 62
51 5
55 83
27 98
40 28
33 99
52 10
20 18
57 10
60 24
4 29
93 13
77 99
64 40
77 90
90 89
31 63
1 32
94 34
75 35
14 10
22 83
54 55
49 40
30 93
27 79
75 85
51 29
98 95
59 23
2 46
39 8
61 28
56 28
65 6
1 55
40 79
68 67
72 24
48 88
27 42
75 52
92 52
56 93
38 43
68 42
97 81
20 6
21 25
91 15
94 40
34 34
64 49
99 46
83 25
94 41
26 24
9 10
96 69
23 18
68 84
97 66
13 26
28 11
5 46
29 83
80 17
96 24
96 1
52 40
44 11
75 42
26 43
35 15
82 86
16 38
3 8
30 67
87 43
23 32
72 33
81 34
56 17
36 33
31 79
90 41
29 73
56 54
51 2
76 94
30 24
18 86
25 59
42 1
97 48
81 4
70 83
29 65
76 27
18 35
80 56
19 90
44 76
57 51
54 56
77 14
24 88
8 63
6 80
11 82
30 94
78 64
43 15
37 62
13 96
73 45
79 2
93 20
29 98
29 4
68 13
58 21
98 41
44 72
52 21
94 88
24 27
73 55
74 4
52 6
90 89
5 60
70 47
85 17
62 62
75 2
61 30
37 49
82 64
67 61
47 30
63 9
44 24
89 96
100 70
8 71
62 40
30 23
100 90
90 37
58 78
19 3
99 10
55 18
63 26
2 82
100 6
38 4
75 37
26 9
89 9
16 77
30 20
11 7
1 93
43 33
85 8
61 74
80 81
67 23
79 34
26 62
81 83
74 9
15 57
80 4
81 31
76 48
61 27
80 21
17 37
18 56
51 75
67 46
24 74
65 52
21 79
76 31
2 7
95 67
1 91
43 68
62 44
30 63
53 74
62 88
25 95
37 82
75 62
4 28
55 56
5 47
29 89
36 39
79 8
95 98
67 42
11 38
22 97
28 20
91 10
90 33
97 76
93 36
9 30
73 1
57 39
29 9
100 31
58 46
75 75
100 73
52 13
36 18
81 35
4 38
98 58
5 30
93 71
24 19
8 9
99 27
28 17
89 49
86 17
58 24
83 46
5 58
69 14
57 43
32 78
59 75
46 27
80 5
3 11
54 57
4 5
59 49
34 65
3 87
68 46
8 91
2 59
20 10
44 9
35 94
75 48
93 66
39 75
19 18
16 36
99 83
18 96
43 52
87 31
55 12
53 28
21 29
59 70
21 41
77 23
42 99
31 15
75 49
22 55
33 77
80 5
77 59
91 78
14 21
80 45
58 23
21 12
33 3
29 33
64 72
67 48
4 32
56 89
58 74
74 1
71 24
8 56
91 97
66 27
46 39
46 8
18 6
66 67
4 29
38 98
95 41
98 79
20 13
21 89
19 33
52 41
100 46
47 43
42 18
13 66
26 87
51 93
34 29
11 42
80 77
97 100
29 41
35 8
5 40
86 15
8 60
27 63
93 22
51 56
44 42
90 60
48 16
61 47
56 78
3 96
50 45
2 18
100 75
69 9
22 59
70 59
72 1
73 4
17 2
13 19
86 21
94 40
16 63
71 2
4 81
47 39
67 53
33 74
81 98
23 93
70 88
40 57
50 55
15 61
90 65
93 48
4 21
89 80
6 47
11 98
92 75
7 43
64 68
91 1
28 51
37 26
61 60
99 51
10 81
77 61
64 21
95 53
22 100
79 83
65 54
26 33
25 21
83 7
10 6
57 70
58 99
79 45
96 27
7 5
45 5
38 91
51 5
1 77
26 22
8 51
11 27
69 96
67 93
27 46
60 49
94 95
63 71
72 8
44 45
72 3
100 20
7 18
18 7
21 19
37 100
34 61
98 3
13 73
69 19
7 60
69 94
26 69
38 56
17 20
84 25
34 13
6 62
86 29
34 89
83 83
94 79
97 67
52 31
12 23
23 12
63 79
5 17
85 34
34 38
100 14
9 36
85 57
7 31
78 43
5 75
95 82
12 55
55 30
8 6
32 25
61 89
76 100
9 93
50 97
92 71
92 17
84 9
49 33
29 98
17 97
32 67
74 76
13 16
83 97
85 51
87 27
45 27
89 67
72 61
30 64
41 80
32 96
66 20
47 10
9 90
22 47
41 44
72 96
76 28
100 49
3 20
89 68
76 48
11 64
38 64
19 71
54 33
21 72
68 3
35 30
90 21
99 21
8 57
54 36
33 70
93 7
41 62
29 96
33 74
64 22
10 12
73 5
95 70
75 31
71 15
55 11
96 29
64 10
27 7
24 56
63 58
81 78
12 24
90 58
92 42
49 87
9 28
97 74
22 11
28 82
31 55
11 83
78 2
91 11
64 70
10 23
83 18
4 31
38 19
67 43
67 5
99 82
92 47
13 26
73 12
62 13
68 36
20 93
77 22
94 94
43 48
40 32
26 72
54 23
81 41
17 65
3 62
41 20
66 90
24 24
68 1
48 44
86 6
45 54
38 54
49 75
6 77
72 23
5 57
95 47
91 65
23 13
93 28
82 64
36 90
65 91
95 76
55 78
37 83
72 50
100 71
79 83
63 81
25 94
33 57
43 21
94 58
87 18
84 40
11 47
10 93
3 92
58 90
47 98
48 97
48 96
95 24
5 73
71 70
51 33
100 71
61 87
74 45
92 98
42 50
61 35
9 41
89 77
67 12
45 23
60 26
66 34
23 57
22 58
42 28
7 14
16 30
35 37
93 83
51 69
45 36
54 76
54 12
55 77
100 25
53 9
2 72
47 49
57 33
72 94
49 81
56 4
33 80
22 77
100 53
26 29
34 11
60 93
14 57
100 74
56 68
25 83
17 60
30 76
98 40
59 39
37 41
14 70
93 75
81 24
64 90
90 10
35 51
17 54
44 87
86 75
69 14
97 10
84 23
78 46
20 3
33 55
33 1
4 82
54 32
84 6
30 62
40 94
95 50
95 19
91 20
50 69
20 53
8 79
80 45
17 44
18 17
68 85
82 65
62 43
48 60
98 55
51 53
82 10
14 60
46 91
20 37
35 73
94 52
3 59
64 70
14 7
35 66
48 71
17 40
41 97
32 28
98 2
80 42
26 77
93 72
22 61
28 98
64 76
29 39
7 42
80 19
98 7
74 78
14 84
60 50
21 90
11 90
10 54
55 51
76 49
8 96
26 87
62 73
1 47
28 98
25 42
66 5
15 63
73 64
83 45
55 11
56 91
80 98
86 52
81 20
24 21
7 65
8 17
87 96
88 3
66 10
19 66
37 62
91 39
84 49
96 11
64 28
94 90
58 16
70 79
21 90
65 11
95 17
83 62
17 9
74 14
7 56
83 14
88 28
31 19
17 10
42 38
86 10
48 7
79 42
19 81
72 27
38 6
78 97
10 22
77 60
44 58
28 39
13 21
34 96
63 40
9 83
97 76
56 29
66 98
18 6
77 71
82 60
12 22
11 32
50 21
86 88
17 87
32 86
73 15
100 58
100 95
67 5
85 19
48 1
45 98
3 99
71 27
82 3
81 47
80 100
58 14
76 4
60 38
71 35
61 51
22 77
31 69
10 78
78 58
96 67
27 83
6 28
29 78
39 57
16 11
78 98
76 44
84 50
62 35
48 10
83 7
61 29
66 14
20 77
8 81
11 11
74 75
78 59
44 65
6 73
10 58
54 79
81 28
69 48
76 13
42 78
90 76
6 81
51 8
19 85
53 99
29 90
76 12
81 29
67 46
91 75
58 78
42 89
27 24
19 13
42 51
9 82
32 93
7 64
28 58
39 74
69 27
54 84
69 32
65 91
59 56
78 42
18 69
40 35
98 89
93 33
33 64
39 16
50 66
83 71
58 1
2 64
63 61
33 64
34 92
30 58
76 38
91 22
23 99
2 13
62 34
16 49
62 94
93 26
23 12
42 3
83 99
43 38
95 86
3 83
7 81
53 93
32 24
24 49
44 27
29 12
68 82
76 91
68 79
69 47
10 61
77 79
70 62
73 73
9 95
55 6
2 31
36 32
46 27
76 29
89 45
59 12
92 77
51 90
3 37
66 40
92 93
85 88
8 30
38 30
40 70
67 10
90 75
71 93
42 58
34 53
100 56
10 91
9 95
67 86
30 89
71 8
43 17
52 3
43 80
3 11
6 8
96 62
91 42
51 86
71 42
79 38
61 97
14 70
29 28
63 85
31 10
72 72
100 24
39 39
9 53
91 93
57 100
51 27
61 37
98 9
36 32
60 44
7 100
96 78
78 30
89 40
66 85
72 46
40 42
8 17
27 56
45 1
55 30
17 49
48 86
26 72
47 87
8 34
91 41
76 66
23 71
22 2
99 37
22 94
12 40
60 89
12 39
68 91
62 68
24 27
65 100
97 51
36 71
24 51
92 28
65 52
12 90
10 13
37 97
51 84
17 81
15 4
95 84
72 10
83 52
42 22
49 81
29 38
2 7
91 74
56 55
24 77
12 75
7 91
97 23
23 67
66 32
60 13
90 57
27 51
83 39
7 56
75 1
70 61
30 58
66 80
35 12
93 48
27 44
23 8
43 31
44 24
37 63
89 66
67 86
71 15
83 39
67 18
99 4
84 46
57 91
7 59
7 74
21 18
13 1
3 48
43 84
78 32
14 60
85 40
56 82
48 99
43 48
30 34
18 59
72 5
47 14
52 71
64 4
74 57
74 30
58 86
69 33
62 93
46 52
87 18
32 59
80 90
5 35
82 62
63 87
61 78
88 72
69 61
81 95
100 73
23 8
76 78
29 56
88 20
12 69
36 90
36 18
54 68
65 23
53 28
25 25
64 88
4 50
40 80
89 97
77 80
49 66
9 81
90 24
46 69
47 98
21 82
26 10
51 84
2 95
88 49
11 13
90 67
9 9
44 7
41 91
83 68
71 36
70 46
71 87
82 57
5 35
6 56
35 24
22 10
58 36
11 100
37 97
13 85
50 80
25 45
89 16
50 97
85 25
30 91
95 17
31 22
50 72
72 78
81 58
51 19
60 26
43 70
92 85
20 34
86 29
33 75
2 54
8 64
54 72
72 92
89 72
58 7
29 48
23 48
31 16
38 35
33 47
67 12
50 19
34 78
43 9
90 87
35 26
27 33
19 77
30 42
57 7
68 49
53 72
37 64
71 67
12 97
32 85
62 3
83 31
69 65
46 29
85 36
77 81
51 100
8 27
65 52
9 6
89 26
88 99
91 73
26 60
72 98
58 37
76 31
6 27
100 45
65 17
40 53
79 77
84 93
21 46
35 83
3 93
74 17
24 98
73 11
37 14
55 35
87 65
72 96
23 99
84 93
8 83
99 79
35 45
67 61
16 31
95 2
55 39
3 81
85 75
33 98
26 78
94 11
8 80
83 57
46 7
24 48
75 61
24 83
59 93
95 6
58 18
62 85
20 75
33 15
34 48
9 40
87 49
72 12
80 87
62 100
56 57
87 69
12 78
42 1
5 81
27 60
36 54
60 19
81 93
20 28
92 69
7 22
66 90
51 48
89 78
11 48
74 96
63 38
34 31
33 88
10 96
43 100
46 24
29 22
76 66
79 23
89 61
14 67
3 35
20 99
75 66
10 43
6 19
39 95
51 95
63 99
65 7
86 48
22 18
46 99
57 28
65 86
4 20
22 69
15 85
92 50
32 17
40 80
55 87
17 99
24 19
64 34
60 98
69 95
44 55
35 63
100 17
33 15
100 29
2 51
4 13
27 46
63 45
62 31
65 41
13 39
24 30
81 47
50 39
45 99
78 45
6 66
61 84
81 16
80 34
75 68
73 65
63 50
66 100
79 4
80 100
90 70
94 37
39 97
10 64
37 92
25 12
9 81
21 6
24 92
62 83
25 71
2 38
24 28
86 53
18 78
88 18
9 34
99 24
37 56
5 32
76 20
95 21
65 67
57 35
74 7
91 87
81 52
36 8
56 38
59 55
15 8
97 7
52 91
5 56
59 23
40 82
81 67
67 3
13 40
57 11
81 85
37 62
58 48
56 64
74 14
76 25
96 82
34 100
74 100
32 37
38 31
1 19
26 10
54 50
9 5
51 16
44 88
41 56
87 23
51 25
51 62
53 30
100 83
54 53
10 86
58 5
94 86
90 4
76 59
6 77
46 14
8 44
94 38
4 61
64 7
19 4
79 37
59 40
52 3
4 88
42 77
41 85
56 6
20 86
46 86
65 63
70 1
41 73
5 70
8 75
91 49
56 32
61 5
42 84
9 36
70 42
99 40
54 73
59 45
27 99
11 50
57 11
34 42
56 39
60 23
49 100
74 42
90 60
59 92
77 96
45 47
1 20
69 81
100 5
20 5
66 66
16 19
41 57
6 91
73 88
49 83
49 91
80 71
9 87
90 74
40 58
30 28
41 14
94 31
40 25
67 64
56 32
96 87
100 57
12 70
7 9
49 8
37 64
96 68
7 99
66 59
92 67
59 18
86 91
92 23
30 74
52 9
59 41
71 82
57 99
31 80
19 65
5 41
10 51
79 51
47 67
50 8
60 31
87 32
95 90
99 7
53 95
50 21
47 93
4 51
13 43
53 1
4 58
2 6
1 21
11 57
67 64
92 87
21 26
52 55
35 9
51 100
55 63
94 1
21 81
64 13
76 80
91 45
20 53
86 82
69 48
66 19
87 42
80 30
52 50
33 31
78 36
56 96
34 4
76 80
60 46
47 46
29 32
63 4
48 51
81 52
25 12
66 66
72 90
98 37
69 20
7 50
48 88
24 34
52 50
20 69
87 98
27 82
62 65
58 3
64 63
82 64
24 73
2 4
61 93
27 75
34 87
90 80
83 70
20 90
66 11
94 16
18 87
46 43
56 71
17 37
26 46
33 34
82 2
49 88
30 22
50 74
7 37
29 10
25 59
58 39
100 30
63 57
37 20
61 94
21 11
100 34
42 10
44 83
54 90
54 2
22 57
87 76
43 34
4 27
58 17
8 44
97 94
75 3
53 86
5 16
91 91
30 84
89 49
72 44
79 71
70 70
74 69
85 59
98 31
50 28
95 97
49 60
13 36
31 68
9 6
85 46
82 54
2 15
80 28
35 43
55 68
1 37
74 70
97 1
57 15
31 38
57 97
5 8
6 40
9 82
9 75
48 82
39 17
49 75
20 25
69 87
18 96
45 46
5 46
67 27
94 73
99 94
15 38
58 60
81 62
75 43
94 5
63 15
76 9
73 84
49 9
82 77
26 72
22 78
31 29
82 86
5 15
87 25
86 45
10 6
47 59
47 19
57 39
37 75
95 93
28 63
5 14
13 89
24 60
10 59
79 67
18 84
60 52
46 4
27 43
93 65
20 47
21 99
55 31
48 7
93 35
55 91
29 35
18 6
77 68
59 64
51 92
33 34
97 40
37 88
42 91
44 98
35 7
50 29
80 25
29 51
30 44
37 38
93 91
53 3
98 48
24 57
70 87
57 51
69 61
49 81
49 68
40 59
69 80
55 98
87 65
13 14
62 89
68 100
83 71
90 8
26 15
33 14
22 94
75 54
21 2
15 84
18 4
55 60
64 13
49 28
84 10
45 56
85 17
28 1
98 10
34 64
51 9
19 96
43 14
71 69
67 29
43 33
11 27
87 8
50 31
49 44
100 73
11 71
16 95
82 43
100 78
94 9
66 57
21 23
68 14
87 10
87 7
37 17
41 69
50 71
85 96
76 78
47 26
22 12
4 30
44 87
7 75
6 39
62 35
49 41
29 59
81 63
92 73
91 38
67 70
41 55
39 81
66 94
3 77
55 75
99 36
2 55
48 35
65 44
74 29
67 48
51 53
60 35
3 17
43 21
61 5
39 12
19 51
7 82
60 24
74 80
2 69
19 50
79 70
64 55
67 42
7 29
96 17
10 67
49 66
62 38
50 21
88 98
80 31
4 98
42 24
30 18
5 4
41 58
46 14
30 32
7 57
96 66
41 19
9 73
91 39
54 23
47 85
9 41
60 57
59 60
34 72
14 25
77 9
12 94
77 31
95 51
71 22
24 47
5 17
19 39
37 84
6 89
58 36
16 66
10 38
99 59
98 83
66 93
91 68
43 96
96 25
97 24
91 14
88 95
57 49
81 4
41 69
56 33
41 96
53 25
14 92
74 67
66 1
42 52
37 60
94 31
36 2
59 33
17 77
92 70
30 71
53 12
98 11
87 58
21 77
7 48
38 16
18 60
72 41
28 35
12 7
19 17
25 11
2 72
7 63
33 59
82 27
99 31
88 43
74 22
51 56
1 86
47 41
68 56
94 37
84 100
13 87
82 91
94 85
29 15
73 12
23 55
34 27
22 22
10 65
6 3
80 22
47 80
75 14
4 14
74 67
86 73
74 82
50 77
40 44
32 44
83 87
73 71
31 26
70 29
47 44
33 81
23 66
93 84
53 37
68 2
28 36
65 75
49 44
74 20
46 89
74 8
96 26
31 15
47 81
5 90
36 70
27 2
3 22
62 83
82 67
77 40
99 7
55 48
78 16
38 51
87 43
12 54
11 73
17 69
34 82
57 68
1 1
8 99
1 52
53 89
75 52
81 39
18 63
76 96
54 10
63 4
1 3
49 87
93 18
99 83
6 29
80 39
25 37
8 50
41 74
58 3
36 41
39 80
13 3
66 8
29 82
99 97
77 61
91 6
67 17
10 94
47 74
67 18
69 92
99 77
20 58
44 43
31 15
89 21
71 38
36 24
51 76
71 92
37 62
95 45
69 27
42 90
74 84
46 15
1 39
14 57
3 69
37 31
4 36
67 71
54 38
84 70
65 20
30 98
74 75
31 88
92 91
72 48
50 57
60 82
23 76
69 15
55 25
53 90
57 87
25 14
89 65
59 62
47 58
77 27
53 6
68 84
18 16
26 89
65 98
70 7
91 97
67 66
58 37
46 85
86 89
11 75
30 54
50 60
93 24
55 28
33 99
84 15
27 28
82 56
95 96
49 3
2 70
2 72
53 45
10 8
26 38
93 9
68 21
25 95
69 87
72 26
92 30
38 55
49 67
8 79
8 13
39 63
26 96
65 1
36 47
11 36
28 75
17 100
61 95
20 99
72 80
45 94
3 65
50 7
26 1
49 12
50 9
79 22
50 84
2 53
88 29
28 21
47 14
7 49
52 15
15 52
78 26
95 96
53 58
26 92
2 74
12 70
16 7
27 69
28 71
