2000 48994
71 97
11 88
7 700
71 68
5 44
6 24
87 92
55 41
76 84
77 84
77 55
37 1
17 77
96 24
24 83
6 41
69 100
22 30
10 36
2 1950
18 54
80 45
58 44
40 73
36 8
84 74
45 11
45 38
30 46
49 29
72 1
52 94
17 545
39 20
23 13
16 11
97 43
9 4
70 3
72 27
37 40
98 10
60 79
53 68
93 33
83 14
11 9
14 85
56 43
72 44
2 7
74 97
51 41
59 2
65 69
38 48
94 27
9 31
34 37
75 72
19 1898
7 1985
27 18
20 79
96 56
1 30
35 90
92 51
61 86
56 44
15 77
12 1513
53 53
75 7
49 92
98 38
57 20
59 52
11 22
20 1718
30 96
12 80
38 11
33 88
22 33
2 31
70 35
16 59
63 61
56 23
90 82
23 72
61 59
68 99
42 51
56 66
68 81
28 92
100 16
28 66
83 87
14 44
24 90
14 1393
40 51
73 33
85 77
49 70
83 85
95 50
13 84
65 80
6 29
50 94
3 1799
79 13
3 24
18 53
94 23
17 37
73 75
36 4
40 8
33 85
55 55
7 756
41 50
23 35
15 1279
92 66
2 52
43 40
57 61
78 41
30 79
97 11
2 73
14 7
45 33
84 9
8 8
57 16
48 40
65 88
58 10
96 58
44 100
60 85
14 10
89 22
77 73
38 36
76 77
68 33
23 72
31 31
100 42
15 1589
5 17
60 95
6 39
58 68
3 34
62 99
35 60
32 64
58 10
36 85
98 70
54 42
72 93
5 77
6 1600
71 33
22 64
19 70
67 90
17 15
31 7
32 52
57 36
59 79
69 39
33 12
26 11
91 11
15 95
77 5
5 32
71 63
37 99
10 22
28 31
39 84
24 20
15 42
9 706
33 81
50 26
19 68
39 74
73 19
76 96
100 83
96 3
49 11
71 52
62 92
65 25
1 58
45 95
73 60
11 89
13 34
5 23
88 99
56 44
71 17
64 3
12 27
41 80
52 53
74 48
69 62
18 1243
97 19
83 3
64 34
29 100
84 81
34 1
67 73
9 51
61 96
19 7
4 53
9 6
89 11
17 96
25 30
8 1115
61 91
1 1778
3 8
25 76
2 64
19 647
80 71
25 32
5 61
92 97
65 63
57 66
65 96
85 24
98 1
13 14
20 1302
13 35
93 65
3 11
47 87
12 38
63 61
59 83
30 96
66 65
68 88
70 6
34 12
92 70
62 26
94 54
41 10
64 33
18 29
95 25
5 91
50 51
19 57
9 4
93 47
83 71
17 69
9 94
68 95
67 21
21 60
38 25
31 7
65 24
92 35
77 94
76 13
54 47
88 28
57 9
71 11
55 67
2 689
4 74
98 36
87 39
97 28
39 98
50 72
3 1043
33 74
54 14
16 59
51 82
15 17
4 1934
85 53
83 37
16 51
4 99
49 58
88 10
42 23
80 16
52 33
33 57
8 61
28 98
5 1842
47 88
36 6
9 65
1 55
62 19
13 38
51 42
100 10
61 17
89 39
50 33
79 25
73 65
55 46
46 83
23 46
21 15
53 39
59 98
4 51
20 41
63 96
4 60
59 50
4 70
35 28
63 35
88 78
95 88
42 32
26 32
41 76
77 89
87 48
94 30
38 7
99 38
44 71
38 68
11 54
84 62
39 100
19 915
56 26
45 98
87 12
78 71
66 12
92 3
88 21
21 14
63 43
50 16
76 26
22 93
5 38
63 53
84 79
93 15
57 40
25 10
70 47
49 15
1 50
56 94
42 96
91 56
6 31
37 19
80 76
69 37
20 80
70 75
10 66
75 57
14 72
96 78
4 27
31 35
87 80
92 99
3 49
50 22
41 67
79 26
23 66
98 4
41 78
58 96
90 18
49 17
34 5
11 64
97 84
34 6
67 10
91 31
76 62
24 40
79 49
7 89
92 76
99 80
76 63
1 94
73 36
90 87
11 723
18 919
72 21
35 2
20 13
75 21
36 75
12 79
5 46
58 93
9 82
45 75
15 88
50 100
45 44
48 45
61 63
93 79
34 50
79 72
35 9
61 63
2 64
14 58
68 51
94 91
12 37
43 14
94 84
36 73
84 52
42 6
64 87
56 72
77 59
35 99
30 45
64 34
47 30
34 42
22 78
55 11
30 17
88 65
57 10
26 60
36 9
17 25
18 38
21 11
2 1354
53 98
81 73
48 63
18 55
100 24
93 6
29 44
43 89
39 89
16 68
78 40
6 1172
32 54
33 63
60 5
66 4
14 7
24 38
12 33
99 49
45 15
19 44
80 17
32 32
75 5
5 28
19 92
43 81
75 65
91 2
89 81
79 62
24 75
88 43
96 69
23 50
81 48
76 12
17 90
71 89
5 1020
95 29
2 35
22 84
79 43
19 1802
40 39
93 2
85 29
51 24
91 2
81 95
14 1416
23 18
12 26
95 75
27 45
83 18
89 56
1 61
25 19
29 36
79 74
48 45
17 30
26 42
23 46
49 78
1 5
91 35
19 18
44 87
14 1603
72 52
65 70
16 58
33 42
56 61
8 59
69 70
7 84
50 12
49 17
79 54
72 29
13 94
74 28
51 25
95 11
14 83
3 85
71 82
43 70
82 10
19 78
59 100
59 4
93 24
59 29
60 60
83 58
29 98
3 47
20 73
100 49
19 68
35 82
33 90
75 28
94 92
1 12
33 63
95 3
50 28
10 1798
67 83
62 21
36 96
69 7
8 84
50 30
71 43
78 17
44 100
4 4
48 46
2 51
63 7
20 624
12 31
22 67
27 79
40 28
76 13
98 51
39 28
94 80
13 1217
23 69
68 60
77 75
24 32
52 22
71 77
25 11
63 90
89 59
38 84
98 37
57 17
97 67
99 66
28 11
26 35
42 17
31 14
26 80
95 67
93 21
17 49
6 49
66 39
95 79
97 28
41 51
92 29
36 55
35 82
75 12
58 76
54 41
51 38
33 7
6 15
74 14
9 18
20 56
62 24
98 1
17 92
19 92
94 19
68 9
98 54
20 5
5 898
80 67
97 84
56 44
25 39
13 84
13 93
90 77
60 62
10 20
83 79
51 42
97 27
69 61
26 5
6 2
22 53
28 42
39 60
79 19
1 7
99 77
98 26
18 1742
97 29
67 17
33 73
90 99
86 26
82 26
61 3
46 3
61 45
57 87
1 46
85 83
22 22
14 38
27 12
81 36
75 10
9 90
83 77
71 88
29 2
8 34
8 1216
2 7
88 75
66 52
81 25
88 34
65 81
30 51
50 15
9 1665
48 19
34 88
54 8
33 96
15 65
15 62
79 98
76 9
23 100
79 44
12 92
96 22
44 33
90 55
28 9
19 1778
50 44
11 85
88 33
78 98
70 70
64 25
80 56
18 1423
81 77
12 80
97 78
45 57
41 82
98 92
9 17
41 53
32 31
63 24
73 48
98 96
29 38
3 98
25 4
51 37
34 93
37 47
99 58
77 77
78 1
78 66
95 23
28 97
88 3
34 55
57 94
10 72
49 80
88 49
18 68
30 8
99 80
66 97
26 64
16 1627
64 41
35 80
32 66
47 23
97 56
56 65
44 18
25 93
59 62
69 74
27 29
18 1480
57 20
77 39
20 83
34 73
55 56
66 5
13 69
94 10
100 59
70 14
55 34
9 941
9 14
25 53
29 49
8 45
16 1739
7 12
99 10
53 42
93 44
82 75
99 64
89 51
4 717
95 34
65 43
47 5
63 7
43 23
38 11
71 78
20 13
10 93
56 2
26 21
75 49
69 22
19 82
9 506
90 35
26 15
26 1
98 100
50 20
6 49
57 97
39 21
12 61
55 6
44 62
4 56
88 33
94 77
44 6
77 76
88 10
60 100
23 80
2 68
3 74
13 42
72 98
74 87
22 86
9 1364
51 59
96 34
48 21
21 40
22 93
89 7
46 7
47 93
86 59
95 78
52 41
43 55
34 98
16 53
49 12
29 11
71 60
37 96
22 39
15 65
13 71
62 49
26 64
87 3
63 68
80 90
99 44
87 65
53 76
20 30
66 16
55 86
68 15
13 36
76 77
89 7
1 42
21 83
35 51
38 52
16 12
38 44
80 6
1 9
5 48
81 70
29 19
76 8
69 65
2 58
42 24
33 88
63 58
6 1544
19 90
78 77
47 29
18 85
64 42
51 56
89 66
29 9
6 41
56 81
93 44
33 17
20 1954
93 37
53 52
30 90
30 89
68 63
68 85
62 46
20 72
24 84
94 67
48 42
99 91
62 32
2 51
40 15
94 71
64 60
59 54
12 60
41 37
5 82
81 96
56 30
7 37
70 62
84 38
64 29
25 42
5 1658
96 45
69 80
20 69
20 732
98 21
50 9
68 11
17 57
63 7
88 34
41 41
13 1133
87 27
91 31
17 4
88 78
83 97
62 26
4 89
41 2
73 37
44 77
19 1809
54 33
100 58
3 23
75 94
35 47
19 51
99 87
63 79
14 48
67 66
82 100
14 95
17 39
83 8
82 57
85 95
45 14
21 90
77 87
52 87
59 17
68 18
20 42
47 46
2 66
81 20
2 86
42 68
6 56
45 63
38 54
11 88
96 72
92 77
85 33
83 19
10 79
83 19
45 97
76 26
2 37
26 96
89 73
70 75
9 56
70 29
6 21
5 21
42 71
83 8
9 59
1 39
2 77
80 53
99 84
3 42
61 72
100 21
96 61
18 27
96 35
85 15
80 67
92 7
76 43
16 99
10 1752
38 21
98 18
70 21
13 99
51 54
95 69
1 71
14 1566
55 76
23 51
78 100
17 1407
64 21
60 7
20 7
16 59
13 83
99 59
14 94
15 77
11 30
13 67
62 37
80 8
9 1
46 3
11 74
52 7
21 97
26 73
25 31
10 70
76 90
94 4
22 68
26 95
40 24
75 90
98 74
47 51
97 92
75 73
58 98
12 13
86 80
29 4
28 23
98 62
79 62
41 69
64 90
42 43
54 35
25 27
73 51
14 35
70 81
84 24
65 94
42 78
9 96
89 24
52 47
84 37
34 79
73 66
4 1049
25 54
47 7
11 56
71 4
95 98
37 29
80 2
7 10
22 60
60 5
34 85
71 73
39 19
26 53
86 63
32 61
79 87
10 89
4 63
44 21
31 21
87 87
8 14
24 98
48 34
17 932
75 96
31 71
33 20
100 61
44 53
58 26
98 19
54 9
80 29
45 17
90 89
60 30
51 26
63 48
19 87
36 62
85 20
9 57
61 14
70 82
40 17
92 100
31 22
96 32
35 73
13 43
34 18
7 523
37 92
81 3
42 79
63 88
64 25
75 51
62 100
7 30
84 76
12 19
13 90
63 4
56 35
54 78
74 86
18 629
69 77
45 24
93 74
53 96
53 80
5 39
75 30
45 48
48 39
5 51
40 79
35 63
18 45
73 48
29 100
6 37
6 51
70 79
68 76
1 1368
96 29
30 75
27 4
79 56
93 45
91 45
42 59
48 31
45 22
15 96
5 95
13 98
59 19
97 68
17 46
64 98
53 6
91 75
8 98
1 96
48 25
99 76
87 58
17 70
23 24
15 58
74 58
80 26
36 88
41 33
48 52
84 68
22 7
27 8
62 23
14 4
17 52
55 33
61 34
13 74
22 29
17 28
77 23
32 99
13 47
94 68
95 97
18 5
36 42
54 94
70 100
35 19
4 21
56 10
3 40
79 96
22 19
76 97
58 73
9 58
17 29
6 25
92 25
90 87
84 32
54 99
4 42
100 35
60 31
16 76
65 60
81 11
33 55
41 83
13 10
97 54
86 2
7 6
14 58
74 44
13 51
83 9
8 14
16 23
90 70
11 53
94 71
11 88
38 1
2 561
20 45
54 29
9 67
63 21
44 67
44 50
68 19
99 9
43 37
28 2
66 36
59 96
8 12
98 42
100 30
20 21
47 95
85 32
79 78
12 4
58 27
91 80
47 65
18 40
58 3
36 34
80 44
4 73
99 74
17 44
55 67
70 18
23 24
15 86
14 1855
18 42
58 87
100 9
16 2
52 23
79 10
81 37
11 19
86 22
31 79
62 100
6 42
29 25
98 31
36 72
40 29
8 9
26 51
86 45
25 100
83 53
74 78
14 1312
86 77
72 51
72 38
92 44
93 21
94 13
58 29
76 11
19 1087
15 15
75 71
78 56
19 90
5 33
11 45
81 60
91 54
93 75
42 59
48 47
21 99
39 42
83 18
60 79
46 50
14 885
98 75
22 50
94 25
71 53
77 44
80 2
94 55
1 34
23 97
86 27
94 46
33 77
61 89
57 52
99 91
88 60
86 60
17 32
92 92
96 4
49 91
34 97
88 78
90 50
81 95
60 28
81 91
63 65
72 59
78 92
74 85
69 33
52 93
68 9
91 85
28 89
99 62
19 1875
28 22
21 58
21 70
74 19
5 86
33 59
82 71
4 77
72 70
67 82
20 8
6 1295
15 85
69 51
49 61
54 14
10 100
82 55
14 41
42 42
96 71
85 99
20 33
70 7
53 32
71 78
37 16
95 68
50 66
35 29
30 11
30 39
7 39
2 81
55 57
12 24
34 91
36 79
15 52
58 60
54 60
86 12
25 24
68 96
20 1161
73 84
22 9
16 61
6 38
35 50
9 54
2 61
19 100
28 38
71 67
23 83
50 15
59 34
17 51
17 1256
93 63
98 13
81 70
99 53
99 93
35 27
10 76
84 83
4 1089
76 80
41 94
23 69
62 91
65 17
43 64
67 52
90 100
64 73
34 64
95 90
50 74
43 17
48 50
20 25
22 6
18 68
42 8
72 21
76 2
10 58
23 52
17 1046
7 70
55 22
71 68
57 15
89 100
32 43
40 49
10 8
8 22
14 741
84 76
21 64
97 11
26 40
39 15
11 722
41 64
73 30
12 1299
90 37
67 98
80 53
9 61
88 4
50 20
2 20
11 76
77 21
63 29
85 27
97 36
21 51
39 100
19 55
15 1881
79 99
50 98
9 1651
88 7
57 71
49 7
24 34
29 87
45 70
49 73
68 53
83 32
42 36
40 83
67 83
31 24
58 32
15 864
92 37
97 35
47 6
93 8
60 10
76 79
8 37
44 89
24 66
28 87
35 88
42 21
57 51
13 39
91 70
25 15
53 97
100 92
73 74
76 30
28 78
69 43
76 3
95 31
3 74
17 90
86 65
69 8
100 66
43 96
67 94
91 54
92 83
65 51
35 61
51 92
17 1319
94 49
46 32
63 47
22 35
80 20
4 67
20 1727
45 58
95 88
54 4
49 6
46 79
78 77
76 35
73 57
46 71
3 89
68 39
1 44
72 31
5 3
69 3
71 48
100 50
87 48
17 1729
4 1209
52 98
99 13
41 76
91 79
93 62
86 7
54 77
66 48
18 26
9 95
95 85
14 35
55 82
100 88
14 92
100 12
29 16
89 27
73 20
74 86
43 15
92 58
26 81
14 97
48 12
95 35
36 44
47 62
81 82
100 96
37 45
84 31
99 61
77 20
75 61
43 74
15 27
80 37
8 21
84 4
88 83
54 57
49 91
43 64
5 96
7 1888
42 28
33 11
2 8
66 47
58 48
44 75
9 57
84 28
58 71
57 68
20 709
45 67
3 81
10 95
7 854
40 26
94 26
95 74
68 45
20 38
37 47
34 23
99 75
44 20
69 27
86 57
49 28
17 17
80 73
53 24
30 98
22 100
37 34
31 58
39 98
94 34
27 32
48 54
29 13
84 54
4 74
58 27
80 72
6 6
20 21
24 86
97 83
13 98
70 59
17 80
84 36
6 58
50 2
82 62
1 29
71 80
19 70
49 56
39 96
99 42
53 79
69 46
20 93
41 65
99 3
9 772
35 98
25 86
57 96
15 10
60 91
60 21
73 88
92 63
18 27
92 9
15 48
66 61
56 58
37 58
82 40
39 45
42 67
84 94
20 6
43 95
54 73
90 76
43 3
92 21
88 69
48 81
12 66
59 62
88 97
63 20
69 4
74 46
87 57
25 51
89 56
99 47
37 72
61 43
90 61
6 50
4 3
56 60
71 62
59 13
92 18
53 2
97 57
86 84
88 95
68 15
80 31
93 19
57 42
22 33
36 39
97 10
21 65
48 56
20 1131
61 62
10 27
75 78
34 7
48 83
7 1144
74 14
46 82
40 52
86 9
87 42
45 53
89 63
95 2
15 14
99 75
38 71
19 67
95 84
23 6
6 13
14 98
2 36
50 32
23 91
76 68
86 22
17 714
96 85
33 78
77 75
56 46
42 4
4 52
42 4
41 39
15 1887
67 18
39 72
94 35
5 78
25 13
38 87
45 40
71 66
4 53
44 67
9 88
23 71
90 2
83 94
80 84
4 51
37 29
30 15
8 1364
12 49
15 36
96 40
59 33
99 65
24 66
67 30
92 21
27 18
60 33
32 11
33 49
17 1531
70 82
26 36
82 79
47 46
15 74
27 71
17 64
71 26
70 89
77 51
13 765
59 90
60 44
24 32
62 40
16 957
53 46
15 679
59 25
19 33
86 71
17 57
17 50
10 37
35 38
8 22
88 6
94 70
92 32
21 6
72 24
61 65
46 41
53 54
7 10
13 15
79 76
24 73
83 92
48 64
100 24
27 40
59 53
11 19
50 71
72 44
6 95
55 68
11 23
16 19
13 660
48 46
33 27
90 2
9 34
67 64
49 23
97 39
16 1803
14 1256
17 96
84 61
53 70
14 37
36 14
59 79
26 3
67 90
82 4
60 94
14 53
34 79
86 34
24 58
44 49
88 4
96 1
2 44
42 72
58 76
17 62
14 24
5 73
1 89
55 77
66 6
20 4
56 51
62 96
32 41
47 56
30 91
15 1
20 1912
43 27
2 15
58 55
21 29
68 56
91 10
80 75
34 8
76 88
18 8
57 17
72 37
57 63
52 18
73 32
98 34
61 45
41 93
63 9
18 17
94 33
70 37
83 74
13 89
25 87
96 69
44 29
23 94
25 11
10 30
22 70
67 90
11 44
79 77
87 70
79 99
21 86
19 44
12 58
