2000 50508
14 68
82 35
66 58
21 8
45 95
54 26
50 27
39 30
31 32
13 63
3 51
14 100
53 75
71 35
7 23
33 78
24 32
34 44
14 31
54 96
16 26
19 46
19 17
65 44
4 88
37 89
26 50
65 87
68 45
66 60
38 94
33 64
99 46
55 3
53 71
43 41
60 80
3 97
81 70
90 11
15 59
35 73
55 63
67 34
58 59
62 85
52 63
81 42
95 80
17 45
86 37
63 6
35 90
5 53
79 1
91 77
93 94
4 50
55 15
61 38
21 61
44 8
93 53
19 7
51 63
98 23
13 47
10 42
100 71
94 68
52 5
66 81
80 92
6 67
84 14
37 50
19 3
35 28
18 91
14 83
51 73
3 28
28 40
38 62
59 32
58 40
28 91
52 77
13 89
34 5
12 66
34 1
29 65
56 18
52 7
79 27
5 92
17 5
41 20
56 62
10 73
92 24
21 43
89 16
49 42
57 8
78 18
68 45
91 36
95 8
33 27
94 8
49 87
60 18
31 21
8 71
69 57
10 11
59 99
81 97
95 68
22 65
14 97
23 84
29 34
18 56
54 62
34 26
34 60
94 81
89 39
95 84
37 57
62 81
35 100
85 98
18 41
12 17
4 94
8 76
58 76
36 72
53 35
7 15
47 89
35 55
14 37
15 97
44 18
72 35
48 45
38 37
45 51
61 42
13 20
73 37
30 97
66 33
58 14
15 56
11 13
47 52
9 92
99 21
8 85
44 91
35 71
25 25
7 59
39 64
84 52
65 86
26 88
37 86
71 100
25 76
23 92
84 36
91 25
67 9
7 23
38 69
56 97
3 25
51 10
20 16
75 61
80 58
37 48
33 74
95 66
47 13
31 78
55 57
97 85
90 62
50 99
84 55
66 38
57 57
22 71
49 41
21 94
99 58
37 26
91 94
23 85
60 69
26 81
14 9
78 30
84 3
3 78
85 26
86 80
53 39
5 94
12 40
85 49
41 93
44 66
31 14
40 5
26 43
85 22
36 42
15 56
35 20
19 48
80 93
91 28
92 18
81 33
11 21
43 27
69 10
53 66
65 12
80 78
30 47
30 72
57 59
13 1
33 1
42 85
50 80
85 40
98 78
61 72
21 88
38 70
5 37
51 53
77 27
82 79
36 26
65 20
97 34
70 45
35 67
28 78
12 24
27 85
8 62
74 96
21 63
29 71
78 62
85 74
8 100
7 60
67 98
65 59
71 12
99 98
58 95
20 92
35 89
55 72
80 15
56 28
44 93
36 51
6 80
21 71
18 81
41 5
37 90
14 66
62 1
71 57
41 43
25 76
49 93
1 4
50 24
69 55
29 26
27 85
54 81
88 25
85 96
72 78
52 35
55 7
70 75
61 29
74 50
4 64
67 52
54 64
11 91
11 45
41 66
17 23
83 67
58 46
9 79
71 57
71 11
23 32
41 65
64 5
99 59
90 57
16 8
49 82
58 63
96 85
75 18
63 43
83 62
60 65
86 20
87 96
66 72
55 47
99 77
40 73
11 62
66 28
45 37
73 4
28 24
85 54
89 26
62 43
43 100
50 57
32 99
65 62
24 40
72 15
80 67
22 98
13 23
47 26
70 32
23 85
42 11
97 49
37 28
77 72
8 14
23 99
63 19
73 37
29 45
61 47
12 9
91 58
78 75
8 97
64 62
57 50
93 51
52 87
18 92
87 2
53 95
49 42
3 63
76 34
73 8
35 29
50 84
37 30
81 7
71 15
59 15
75 17
67 15
48 94
51 40
74 80
70 44
65 10
47 16
50 41
77 57
10 77
41 98
7 83
70 73
4 59
63 84
14 75
7 98
81 28
100 76
60 92
81 69
54 39
87 78
53 29
88 19
88 61
42 58
69 25
59 27
100 24
95 93
25 41
99 69
45 32
51 21
20 13
61 94
97 88
70 53
89 50
58 16
10 50
95 84
27 41
13 9
58 67
40 15
71 58
38 94
91 91
82 49
70 15
45 81
21 78
75 43
84 99
8 38
16 52
4 24
66 16
67 76
98 16
91 57
66 44
94 100
41 29
85 8
54 93
89 68
54 12
43 94
98 84
15 14
89 77
77 24
79 74
46 43
16 90
50 31
35 89
59 80
31 79
5 3
55 12
51 9
79 45
38 11
11 46
46 96
42 86
76 14
12 23
91 53
66 70
29 19
85 4
58 50
14 26
90 48
98 69
19 90
84 41
48 4
34 3
73 17
24 27
12 76
18 12
91 69
13 6
5 100
1 48
96 36
61 2
55 12
98 44
91 98
45 74
8 42
36 45
86 11
84 55
99 68
28 63
1 76
28 86
12 19
11 25
41 63
54 66
60 45
11 52
37 7
7 49
44 54
61 75
30 27
8 81
31 86
73 95
72 86
35 85
73 95
67 22
95 86
28 6
17 65
85 35
72 79
24 58
72 80
9 89
59 12
70 47
36 3
60 87
97 84
100 21
22 63
89 46
53 87
81 8
100 50
41 45
88 8
95 55
2 19
69 34
54 36
32 5
41 29
26 21
18 41
66 23
44 94
12 27
93 28
60 11
48 13
16 6
36 68
19 92
76 46
94 32
88 38
63 48
53 18
85 73
14 21
26 33
25 19
66 59
7 92
24 20
59 3
46 99
19 26
60 73
14 32
72 61
43 77
7 60
49 34
60 70
72 34
93 79
23 96
16 61
4 89
70 8
83 18
39 9
88 52
10 15
33 40
27 89
72 63
37 9
63 62
86 83
63 93
88 32
3 93
21 84
11 3
61 95
66 34
81 28
20 67
79 66
5 41
14 96
37 77
53 74
73 65
8 63
97 52
95 12
75 23
1 93
64 71
57 93
91 53
3 74
66 7
75 44
82 15
90 21
12 4
44 28
75 55
26 97
31 59
29 47
46 32
94 13
90 93
63 66
26 40
61 12
93 83
30 80
75 59
30 11
35 5
99 75
37 73
31 9
94 38
64 48
83 53
9 8
20 92
74 5
64 34
38 50
48 48
45 48
27 71
11 51
88 75
53 77
88 99
71 33
81 76
85 31
16 97
22 68
47 48
41 88
83 31
40 30
23 20
9 89
69 92
57 24
7 63
57 65
39 84
100 100
20 12
22 36
61 60
92 3
47 92
24 93
29 52
46 39
68 40
7 74
57 42
7 14
59 3
96 92
29 98
91 78
81 74
96 46
13 97
79 21
89 33
95 28
70 2
11 52
55 16
90 94
19 28
61 31
99 10
57 11
13 82
18 21
78 47
25 93
61 75
76 38
48 37
41 78
22 29
67 28
47 4
30 22
25 93
57 6
25 13
6 90
48 83
57 39
1 87
60 31
88 59
41 20
6 58
57 13
3 23
60 26
99 58
21 50
72 8
97 67
78 61
36 89
66 39
7 59
60 34
79 13
83 96
59 70
19 90
4 76
25 98
66 93
85 97
2 90
74 50
9 62
7 32
21 84
18 100
59 18
32 15
57 10
100 89
37 72
65 22
2 12
48 49
63 31
75 61
72 56
11 97
52 21
7 97
77 35
10 79
19 30
55 47
92 27
77 99
25 89
47 2
2 96
90 33
31 51
3 38
64 83
92 64
61 69
36 66
61 63
19 86
68 32
17 24
70 75
56 56
81 46
24 86
56 4
44 76
98 98
27 12
54 25
1 19
33 8
82 59
10 49
51 37
88 58
54 27
28 87
13 98
52 29
81 35
54 30
35 31
35 72
69 64
26 94
47 40
5 82
38 8
17 77
24 13
54 31
87 3
79 68
34 28
62 40
34 24
29 56
11 38
12 35
35 80
11 8
97 42
68 90
72 8
99 30
56 47
77 35
78 68
20 44
81 15
58 2
73 26
15 45
44 25
42 41
92 90
90 64
98 74
29 49
7 93
21 87
34 79
45 47
51 6
19 59
6 87
37 29
48 66
68 76
48 15
34 45
30 83
96 8
53 86
1 90
95 37
60 85
30 24
72 57
79 80
10 38
82 58
52 5
76 34
25 83
45 98
67 75
67 98
94 71
47 23
73 42
66 9
80 54
69 89
68 15
98 12
26 75
4 95
97 77
93 50
4 10
82 73
22 84
99 69
35 58
74 25
45 6
94 42
55 1
17 62
25 22
64 90
98 71
76 78
91 76
22 5
72 75
57 50
40 3
17 98
55 73
64 44
82 6
34 26
32 32
49 20
84 89
57 58
5 67
32 17
1 59
60 28
14 89
22 94
10 96
100 98
96 19
55 53
93 92
50 71
71 66
17 13
66 12
20 37
44 42
8 87
93 93
67 69
17 37
33 47
83 66
71 61
96 43
16 71
57 38
28 26
17 43
40 26
36 84
21 9
71 94
37 94
32 88
36 82
10 88
41 83
35 31
57 58
47 36
28 22
59 80
69 53
96 86
76 91
88 41
92 80
83 78
81 34
58 48
99 66
13 80
93 13
70 26
8 74
8 83
78 63
87 100
24 77
17 40
23 35
96 37
39 33
11 28
79 24
75 66
72 67
72 7
9 48
29 24
18 94
88 70
87 55
87 98
84 7
62 46
26 39
75 86
44 23
6 72
84 33
95 40
18 3
76 97
16 65
78 77
36 32
93 79
16 76
11 8
61 70
90 10
59 45
99 54
100 89
37 68
73 19
72 56
8 26
34 18
52 31
78 71
21 39
38 86
16 69
56 46
51 83
41 7
82 31
46 57
47 30
18 16
40 96
16 32
45 12
55 60
45 60
80 95
99 90
61 87
43 3
59 59
50 48
1 99
58 12
2 37
89 18
82 82
25 92
49 44
67 99
76 74
78 66
88 38
13 59
93 86
95 83
15 41
33 92
29 65
60 97
31 73
46 32
52 44
99 57
90 44
6 3
95 16
22 38
57 92
55 55
64 92
15 50
5 2
16 90
72 13
58 38
56 8
6 94
82 29
4 3
72 93
57 55
33 20
11 82
21 13
25 6
58 64
35 6
10 49
86 80
46 54
92 22
31 12
97 98
90 78
72 7
55 52
37 45
93 96
11 96
91 99
8 88
25 97
47 1
23 29
49 10
4 38
79 88
6 3
85 19
34 42
29 47
93 73
67 62
40 28
65 37
43 67
49 43
99 94
52 15
34 23
97 100
96 88
16 86
93 49
37 65
87 92
99 100
73 10
32 87
9 47
64 60
39 26
86 44
62 60
62 7
34 53
66 50
92 94
91 7
2 68
77 88
19 54
47 92
43 49
58 33
11 28
38 67
6 76
62 74
89 33
91 50
58 73
84 21
58 35
50 21
21 37
45 78
49 72
93 98
28 64
9 19
8 58
66 42
94 14
70 69
79 48
79 18
87 18
22 93
69 24
88 85
99 32
88 29
34 28
93 80
97 14
97 56
30 98
55 89
58 81
71 83
97 90
15 53
6 55
55 24
16 25
26 43
51 53
16 96
71 41
78 16
25 66
30 50
95 9
70 79
99 18
74 8
49 96
85 36
47 53
69 72
25 72
45 84
56 100
10 100
90 16
5 13
6 7
71 13
59 53
63 87
41 47
55 42
77 91
47 1
9 17
45 15
24 44
59 69
60 62
46 36
88 37
36 28
76 85
83 97
6 58
74 54
8 5
54 6
11 41
54 57
22 77
35 13
51 92
30 28
44 64
40 7
34 41
50 22
10 72
44 45
64 8
3 18
98 39
93 98
49 71
59 7
37 64
72 14
69 28
96 25
70 1
57 64
32 4
45 85
91 12
89 62
18 90
98 16
94 67
28 31
3 24
67 43
14 95
53 16
96 70
58 10
44 22
81 62
59 31
6 93
24 59
74 90
8 63
74 97
66 39
8 33
84 3
2 2
31 98
52 30
98 26
100 98
60 45
81 30
44 34
50 57
21 43
14 23
99 24
14 9
41 5
2 100
80 3
7 51
54 15
28 24
16 60
50 88
8 86
74 90
55 33
84 44
99 31
62 95
57 92
65 69
21 79
40 46
66 70
51 76
43 28
15 48
51 25
55 72
47 77
94 58
4 80
67 71
7 32
55 56
80 79
100 89
56 55
12 81
6 39
61 21
39 4
21 99
10 8
98 41
46 40
16 92
81 36
96 71
29 38
37 27
60 39
49 16
28 25
26 9
100 43
23 52
92 8
2 67
77 75
39 36
95 76
32 7
5 6
54 8
86 62
37 84
5 96
93 68
48 16
10 86
6 88
86 71
82 84
67 47
83 64
79 24
83 39
16 99
74 94
63 28
4 78
86 84
12 96
84 54
11 44
63 38
6 5
2 51
64 5
34 31
92 86
10 80
65 37
49 91
63 39
3 50
85 26
67 86
47 17
84 93
28 72
52 4
21 16
61 7
19 3
55 79
91 30
53 93
70 29
65 75
15 20
74 58
50 59
78 15
57 11
12 54
40 53
14 67
65 5
55 9
47 98
57 90
65 40
11 34
57 33
27 31
65 84
41 58
46 16
12 100
24 3
73 39
63 56
96 18
86 46
33 58
50 96
76 75
37 50
20 76
92 2
4 21
45 34
93 12
81 36
53 96
4 65
73 40
66 63
21 21
27 48
64 12
29 63
91 39
26 45
85 95
70 69
91 80
77 4
15 37
2 32
52 6
39 75
16 87
47 23
24 20
1 96
96 70
100 47
89 97
67 46
91 48
92 17
63 31
36 11
73 52
15 78
39 27
97 43
32 92
11 48
23 42
95 3
39 10
14 81
73 48
23 4
83 49
63 79
99 7
49 85
16 10
50 13
87 12
83 96
48 87
63 31
35 43
44 57
14 77
24 39
62 54
4 76
15 56
25 84
91 38
39 59
91 13
30 65
35 2
75 5
40 12
58 43
21 7
31 21
23 75
93 6
5 76
57 76
55 85
4 34
5 12
22 94
5 98
43 23
5 42
53 85
5 54
39 84
48 93
18 82
62 23
9 46
74 10
77 30
85 81
64 47
67 88
76 93
45 11
2 41
50 97
37 74
59 84
70 4
67 46
33 10
15 9
71 21
89 85
69 45
26 7
93 97
91 39
31 56
35 19
47 32
35 40
40 24
37 67
82 32
9 58
99 89
42 29
82 67
27 70
27 9
46 65
93 58
54 2
90 76
46 98
55 98
26 49
56 33
76 53
44 47
88 95
90 62
15 19
76 79
11 58
92 25
68 75
53 96
74 81
3 46
51 79
8 72
94 21
87 46
41 56
2 78
85 34
35 84
36 44
63 56
13 93
81 61
8 13
66 94
22 36
53 62
72 43
100 36
9 47
99 96
95 82
96 41
41 9
9 53
24 71
51 66
53 77
91 46
3 62
26 9
45 43
53 92
34 33
90 63
91 37
26 88
44 41
76 23
60 71
79 36
90 78
72 15
11 96
49 42
89 8
32 83
2 55
12 3
83 71
62 1
11 98
78 4
9 93
51 6
38 56
32 64
1 71
90 85
75 61
55 84
16 45
19 55
59 76
1 77
61 69
1 12
26 64
4 61
28 34
86 87
82 49
18 63
9 1
92 44
66 4
98 9
75 79
19 59
9 11
58 1
32 11
71 60
87 4
93 56
21 65
24 12
24 71
73 87
14 96
50 83
79 23
81 40
21 37
89 98
81 17
81 5
90 61
6 32
84 66
17 47
43 18
17 14
86 9
52 19
8 9
4 65
1 79
34 39
74 75
61 41
91 39
6 85
32 100
77 95
98 92
4 16
53 6
73 62
77 2
18 53
75 44
7 76
98 44
95 80
48 25
78 12
27 37
89 86
35 44
10 54
57 84
78 61
78 19
43 44
29 31
37 27
46 60
29 9
70 18
19 34
41 49
61 56
76 19
72 100
89 2
25 10
76 15
93 7
98 24
4 69
10 11
72 67
62 44
7 55
18 99
9 69
36 66
44 87
49 6
71 9
5 40
6 41
48 22
82 58
48 84
28 52
18 36
45 44
8 13
87 53
15 77
48 13
99 61
91 47
72 13
40 14
15 9
47 79
32 21
64 32
2 47
94 31
87 50
63 43
100 37
56 48
24 11
88 3
99 34
72 68
58 63
55 25
77 8
57 84
88 82
76 43
84 88
5 70
20 86
43 100
44 74
87 15
42 12
94 34
77 13
13 76
33 48
43 73
59 55
17 20
59 4
12 1
10 2
97 54
27 43
61 39
53 53
50 5
48 93
3 87
73 72
57 55
58 11
50 31
13 91
45 45
77 74
48 30
2 14
97 59
42 81
97 87
83 25
84 44
90 73
11 90
96 20
75 72
5 62
7 74
43 43
15 18
18 26
4 96
12 23
44 21
64 34
16 75
45 77
64 78
70 13
18 49
72 85
27 76
19 79
85 27
24 20
95 52
84 56
77 85
43 63
26 88
25 23
77 39
61 31
66 47
39 80
56 50
92 18
96 42
62 75
34 60
10 59
32 53
37 56
73 81
27 73
53 41
40 7
24 49
68 71
10 20
41 49
39 7
88 95
11 80
75 33
63 66
57 83
59 40
39 2
52 97
36 27
15 24
80 88
96 9
81 71
19 67
3 59
72 40
66 60
17 85
6 52
75 70
100 37
94 59
100 2
26 61
46 51
39 9
49 10
65 73
100 80
41 10
4 79
88 74
3 41
78 11
50 91
60 24
88 2
41 92
11 72
75 28
55 67
90 59
70 37
87 89
60 78
25 47
59 81
25 37
93 31
16 32
52 7
92 20
9 42
3 8
17 80
7 92
41 68
18 41
71 65
93 47
58 3
74 43
32 72
61 43
4 6
81 62
72 18
91 7
73 5
34 90
66 87
80 24
75 100
87 75
66 12
87 77
63 21
76 92
11 14
55 3
91 75
14 72
46 74
52 16
16 31
15 54
58 60
9 99
32 94
80 24
1 97
41 48
6 18
32 69
53 91
9 75
64 82
24 8
51 82
89 87
9 49
68 68
68 10
36 49
55 94
85 73
22 25
17 14
13 65
32 90
24 68
3 39
98 61
69 42
54 7
13 92
83 95
63 66
21 42
66 40
43 41
73 38
7 40
48 58
4 6
59 30
8 33
