3000 45255
2 36
72 3
39 89
12 52
49 16
79 4
53 15
81 11
17 58
57 20
60 25
18 25
2 48
93 80
48 35
54 3
13 76
27 76
16 55
98 87
60 20
31 41
35 30
56 93
43 53
47 82
25 10
28 33
13 83
91 51
58 79
66 70
63 53
96 20
78 21
11 21
26 23
82 87
91 31
42 32
38 58
2 8
59 57
39 5
46 39
59 43
45 59
58 14
85 70
60 13
7 100
44 42
42 5
94 29
52 86
36 57
40 62
28 95
63 42
4 96
18 97
20 72
70 65
80 2
67 91
99 37
90 22
92 66
80 23
32 4
85 49
69 81
86 63
44 5
59 37
31 1
2 48
3 96
41 14
38 69
14 8
99 66
33 10
55 65
92 46
84 95
90 73
83 60
11 42
5 14
87 55
29 38
24 86
8 72
60 91
43 28
6 60
50 64
86 45
85 83
33 68
71 94
5 15
70 30
66 98
63 51
1 83
19 97
66 46
93 96
56 18
79 6
91 13
88 27
86 22
35 11
24 74
75 94
17 70
34 15
31 8
55 76
62 4
55 45
14 99
74 95
49 24
19 59
23 58
34 69
55 41
7 77
56 62
11 7
77 59
21 59
74 57
29 41
91 8
91 55
21 88
98 25
21 12
63 53
86 3
6 33
97 63
9 76
33 26
66 84
94 90
63 85
72 59
8 94
69 81
86 58
81 40
17 5
56 16
3 49
51 73
63 8
61 26
6 34
73 14
37 36
79 44
46 22
65 28
69 3
36 28
37 15
67 79
9 39
100 19
4 82
14 23
48 81
64 57
98 1
65 64
57 99
61 37
37 75
64 44
29 18
74 84
96 83
98 22
81 51
50 83
48 46
43 58
11 60
5 31
16 23
47 95
35 26
13 96
64 22
4 29
1 24
52 89
22 59
9 14
51 7
77 40
74 89
51 88
40 49
72 89
15 3
48 99
32 25
3 29
64 42
12 94
28 12
59 76
9 15
9 62
9 58
8 12
51 71
19 18
65 42
18 45
17 64
99 68
31 93
32 86
54 48
31 68
84 26
27 6
91 33
86 32
3 98
64 21
36 71
94 98
35 61
3 26
42 96
66 86
57 54
57 37
30 79
85 66
15 64
38 46
45 79
75 21
98 9
95 2
93 90
62 3
13 98
62 54
60 70
95 90
93 39
66 69
77 57
76 16
92 26
67 90
62 47
95 75
30 62
49 18
40 72
65 23
3 43
33 19
82 8
60 48
89 7
11 38
96 13
56 70
1 35
92 44
30 43
98 44
86 97
75 32
11 46
50 94
88 85
22 67
96 84
80 75
87 87
72 92
8 90
31 64
38 33
21 89
77 39
68 95
69 58
16 62
84 17
24 100
1 33
65 76
35 47
89 39
28 13
82 12
96 61
28 100
73 7
78 3
77 95
58 3
52 86
39 92
60 48
39 23
60 58
55 31
70 49
99 96
27 75
77 91
81 59
16 7
97 79
57 49
35 53
18 36
24 63
18 69
41 87
24 95
83 44
27 85
65 85
10 9
8 96
60 45
89 60
80 54
37 99
17 54
89 8
40 37
55 45
48 56
30 59
66 54
55 38
100 59
16 1
33 12
28 49
96 59
48 71
77 79
4 60
83 23
46 14
28 74
100 92
38 52
3 20
34 87
64 37
67 4
95 47
71 84
79 1
35 6
50 90
15 51
51 59
38 97
7 87
57 55
38 52
36 97
23 60
92 90
87 56
90 60
24 53
15 4
38 71
23 75
43 83
41 30
5 98
88 48
20 3
57 41
25 52
23 22
42 27
40 88
41 77
37 26
10 23
19 29
23 31
11 12
86 80
74 42
100 9
92 18
82 96
37 12
79 15
4 8
28 53
66 70
46 67
3 6
32 25
83 37
78 80
74 59
23 66
82 29
13 59
43 20
90 69
89 10
17 93
32 48
28 49
57 22
20 73
89 23
76 50
42 3
99 35
61 81
67 96
50 95
4 99
49 44
87 6
82 13
4 51
66 11
99 34
49 17
21 16
30 10
83 54
98 47
55 21
6 71
31 76
67 79
100 43
21 96
7 40
16 87
4 43
34 40
72 8
75 67
22 62
99 58
68 22
72 96
11 38
35 17
22 42
14 88
35 60
60 100
48 52
38 62
25 10
46 37
39 79
45 25
28 47
21 84
42 23
82 67
78 6
73 50
1 97
29 100
45 46
7 88
44 87
100 40
93 27
68 94
74 59
14 88
18 3
41 80
38 36
29 93
27 48
11 77
94 80
61 60
70 76
93 32
99 21
46 85
39 68
89 51
43 61
18 66
9 86
36 84
51 84
39 92
60 85
51 80
67 43
4 82
10 19
63 29
3 22
2 45
82 23
28 32
67 33
99 77
69 11
4 20
79 69
95 10
66 96
73 1
8 69
87 24
65 84
6 90
33 8
55 51
46 92
75 21
72 69
6 78
10 4
75 52
44 21
70 40
25 84
11 63
25 22
34 2
73 44
80 95
35 99
54 18
7 26
54 31
4 94
27 88
9 50
83 15
74 97
75 97
55 15
81 66
61 20
71 98
86 7
45 80
78 100
83 50
19 100
1 68
88 79
81 55
75 72
32 51
2 94
100 7
94 66
26 15
85 60
66 9
5 61
72 58
71 26
64 86
25 40
74 19
90 73
33 41
8 85
63 22
59 38
14 99
43 39
72 9
85 48
80 45
16 88
14 48
62 46
35 39
14 67
50 25
67 93
89 90
33 75
68 87
40 96
26 40
93 53
76 8
91 100
50 14
99 65
13 25
13 51
23 5
38 96
54 76
8 45
46 80
17 97
18 34
59 31
11 35
89 43
95 78
91 31
5 82
8 25
4 76
91 21
22 44
53 100
57 13
62 33
37 27
24 51
53 81
62 18
68 56
28 88
4 18
69 69
27 4
16 94
81 71
1 60
6 41
87 46
60 5
51 73
55 42
78 90
61 3
65 28
66 84
56 32
7 58
22 66
15 9
11 34
12 86
36 52
15 85
20 50
49 36
52 63
95 53
1 68
13 81
63 8
29 7
17 50
31 28
7 11
84 95
64 98
7 70
89 36
2 96
67 26
39 60
56 37
44 68
100 14
20 17
61 51
7 45
27 74
83 16
21 53
37 59
46 53
9 56
51 96
66 55
9 44
54 58
60 7
10 11
67 90
74 66
90 70
35 91
57 93
96 80
18 86
20 42
2 1
7 21
73 37
20 79
97 32
28 26
63 46
48 45
47 42
76 48
6 89
73 67
58 16
27 94
61 26
55 20
87 1
64 73
72 74
95 44
69 30
32 80
56 7
35 72
57 45
45 76
21 62
13 89
40 7
39 47
84 31
94 59
97 19
56 19
13 89
45 50
83 44
28 86
45 94
82 37
3 34
50 35
6 4
12 49
28 28
67 81
66 68
14 28
82 53
38 94
61 24
50 34
21 25
16 30
37 5
29 22
61 57
57 67
42 10
52 63
47 65
25 92
45 73
95 84
33 11
10 62
40 85
15 6
37 47
36 31
96 43
39 80
85 65
2 98
2 80
13 92
20 78
67 100
78 71
53 30
56 93
38 94
2 63
28 17
6 75
38 20
57 38
66 83
47 86
50 100
17 97
45 2
74 91
14 70
40 37
58 53
23 31
31 22
25 11
11 29
66 52
20 5
49 61
50 68
73 2
2 40
14 11
44 31
20 91
44 81
96 12
76 83
81 27
50 74
55 52
86 53
39 45
63 41
3 36
85 82
12 40
72 32
30 84
38 31
37 1
21 20
95 35
59 83
51 93
19 45
21 12
16 96
91 49
21 72
17 63
15 2
22 63
83 73
11 32
41 6
26 6
6 43
68 40
58 32
7 69
23 91
96 36
46 13
37 32
98 71
30 47
49 71
69 3
11 30
86 53
57 55
31 1
32 40
15 90
33 94
3 84
87 1
48 89
93 85
7 24
17 4
59 86
28 38
99 76
69 70
69 43
76 33
27 64
88 83
33 16
33 84
10 25
28 52
78 49
99 56
78 22
60 95
47 79
98 76
70 24
84 83
55 83
53 24
67 22
21 72
85 69
69 6
8 24
85 58
13 42
14 47
53 61
24 79
42 36
51 88
92 48
62 79
78 21
70 12
49 13
10 88
3 95
11 37
90 39
32 43
9 45
67 13
91 89
7 23
16 88
13 12
42 5
70 22
17 88
8 79
91 93
53 56
29 36
98 16
37 13
41 77
63 14
89 25
16 55
56 50
91 65
8 55
17 80
68 37
29 66
66 44
30 24
83 12
28 32
71 15
15 7
88 76
89 27
57 95
94 50
4 66
21 59
35 7
74 88
37 46
94 85
16 80
90 1
22 20
13 48
78 66
15 96
27 61
67 90
30 2
83 62
9 6
89 56
99 93
29 94
18 73
16 36
58 18
52 37
95 68
28 32
66 95
82 43
16 58
75 89
75 45
71 23
95 99
61 51
44 62
32 44
7 35
59 42
73 97
28 6
23 89
50 62
94 53
50 1
68 3
76 54
32 15
77 9
64 62
82 7
5 2
33 34
98 43
14 71
85 70
92 62
93 54
2 64
26 56
60 63
76 5
52 100
30 38
71 3
13 2
26 99
54 99
71 88
84 40
78 95
50 93
59 80
79 8
44 45
8 33
99 10
19 51
91 47
27 18
34 12
24 53
83 72
19 45
21 47
96 94
55 67
65 60
40 48
56 82
42 16
99 10
84 86
93 67
80 47
6 41
5 69
5 46
59 91
75 56
41 37
88 37
77 1
99 17
66 44
20 97
58 1
16 53
90 47
100 47
42 23
23 10
23 51
24 94
93 55
96 50
71 87
47 73
12 9
10 86
55 54
53 76
60 96
38 40
45 43
40 42
43 32
2 63
96 39
53 22
28 18
88 76
40 10
4 70
38 44
57 53
75 67
95 44
73 5
64 13
46 42
14 27
39 23
21 44
90 72
31 29
16 93
60 11
30 53
27 2
70 96
84 6
31 77
29 43
21 97
75 71
20 37
15 80
28 33
16 75
67 53
8 3
3 50
58 62
11 72
93 93
14 14
86 38
87 88
38 19
1 3
85 81
4 97
39 77
5 25
93 21
22 5
72 17
52 83
51 9
98 70
73 30
34 14
80 99
2 25
6 63
6 69
73 61
20 42
34 54
88 35
86 95
41 56
43 37
43 56
3 79
35 81
8 70
40 17
73 69
98 40
41 19
9 1
1 88
79 95
13 25
45 60
100 51
84 94
96 42
50 59
33 63
69 24
35 24
12 13
22 48
40 86
70 34
94 8
59 28
3 87
34 42
96 22
95 94
28 78
90 29
49 72
14 59
98 98
89 40
86 79
47 89
29 58
47 79
47 77
59 4
11 56
91 36
11 6
95 49
38 30
60 64
79 63
58 53
47 40
43 76
31 100
86 25
12 9
25 7
97 52
66 47
58 100
92 25
12 40
37 30
82 54
60 63
50 40
31 3
48 3
87 18
77 92
28 12
33 48
75 68
87 68
44 3
17 55
97 73
90 3
6 84
8 89
68 66
64 36
6 28
62 41
94 35
92 52
25 1
70 93
88 56
42 99
79 45
31 80
53 90
15 74
12 85
65 52
64 13
94 88
64 54
51 82
22 31
92 18
83 29
96 98
30 85
78 84
64 52
78 57
67 86
70 88
37 45
87 3
85 23
43 72
100 95
30 10
86 76
25 95
100 2
73 31
66 45
78 46
55 62
71 34
45 71
19 47
35 86
8 83
12 86
98 91
58 16
34 16
41 8
93 97
81 65
70 92
70 32
45 68
99 1
89 17
66 55
36 97
75 72
2 78
78 21
74 66
31 87
63 96
50 13
82 40
87 78
16 57
60 38
93 39
86 91
4 8
11 37
72 76
63 43
75 74
69 18
21 10
8 89
10 26
65 6
40 53
31 69
34 37
36 73
30 21
74 6
53 27
17 18
48 77
54 4
94 38
74 42
85 42
8 85
23 54
66 34
46 62
90 63
77 23
38 100
27 53
32 82
1 89
98 80
95 24
75 62
19 97
67 86
34 51
80 74
83 91
25 55
62 95
16 80
61 27
91 15
42 37
13 54
7 32
89 13
67 9
52 21
14 6
3 3
11 5
89 12
68 88
8 66
30 74
97 10
98 18
57 26
80 91
98 6
6 5
74 67
24 67
76 53
92 52
57 17
55 27
74 94
81 24
69 21
42 25
93 2
59 35
83 61
58 7
18 19
23 73
24 16
21 91
37 31
78 70
84 96
77 94
97 9
43 13
6 67
93 18
40 30
62 44
73 60
89 35
20 100
98 26
64 2
95 52
90 29
72 70
2 30
15 75
53 45
70 50
8 99
97 47
80 37
90 60
54 53
49 55
65 84
29 20
22 45
1 66
6 41
57 92
29 59
3 49
99 5
34 25
47 66
91 34
48 20
19 26
31 21
67 71
69 3
95 74
13 23
10 32
66 95
66 4
24 6
70 40
87 54
84 56
19 86
19 90
73 15
72 90
19 96
37 99
53 10
92 92
89 64
58 50
48 36
17 75
12 51
99 40
3 99
11 16
89 25
50 71
81 93
71 97
68 41
49 96
17 70
32 15
58 79
83 17
98 19
34 36
4 56
36 72
17 91
22 93
54 13
41 58
46 34
73 60
30 8
98 43
16 3
70 23
7 45
64 38
87 97
71 95
62 29
41 96
81 62
2 54
90 18
61 7
24 2
57 58
10 2
41 24
88 25
19 32
75 40
37 43
4 19
78 47
73 66
72 61
52 39
78 30
13 18
49 72
2 89
94 25
98 67
18 91
63 48
4 63
81 29
1 44
26 9
94 57
41 91
6 70
47 62
30 60
19 76
70 64
38 70
80 29
10 39
78 94
50 12
84 78
66 36
54 82
14 24
90 53
77 43
17 14
68 82
89 12
65 85
69 70
82 89
62 3
38 12
45 36
17 17
70 40
45 31
95 25
15 49
38 74
100 47
61 62
19 85
70 74
83 77
57 54
49 55
44 15
86 47
99 66
80 92
3 34
4 100
93 67
93 86
80 42
61 80
60 19
21 53
25 17
80 88
54 41
38 71
70 52
98 28
6 88
39 43
95 11
100 12
54 91
84 36
52 58
66 5
2 20
21 84
48 81
10 26
22 38
92 96
95 72
72 3
71 39
98 58
75 2
15 6
42 43
6 95
75 37
1 62
26 100
51 53
32 1
32 92
88 76
1 52
81 72
45 63
92 95
75 34
45 74
45 37
58 69
96 84
10 41
12 40
68 67
10 22
21 65
89 56
1 69
16 89
12 58
23 59
65 46
38 12
37 64
6 40
44 58
11 53
58 53
21 57
13 57
41 54
52 1
100 32
94 57
33 72
44 94
85 3
59 5
40 20
81 92
69 25
35 55
90 84
80 64
55 73
99 57
100 81
95 28
51 25
67 69
7 37
73 84
83 14
44 100
9 99
40 53
39 58
71 3
49 6
12 66
83 60
90 11
63 18
34 91
35 19
47 89
30 37
19 22
58 45
69 56
99 65
26 69
56 62
40 48
57 85
10 34
91 5
56 65
56 13
41 29
75 33
62 49
66 64
57 98
58 1
74 15
97 2
96 10
97 17
45 59
7 27
31 76
86 21
22 45
65 19
20 40
20 33
94 55
90 13
77 78
14 62
40 77
54 98
69 75
32 24
10 82
30 8
74 80
18 46
86 72
14 61
92 30
99 72
31 24
100 79
56 72
57 90
48 81
4 81
53 7
45 39
62 60
83 34
30 12
35 4
99 52
2 51
55 36
44 58
43 63
31 65
58 71
83 91
37 63
78 45
66 66
46 44
60 52
39 46
15 42
97 75
4 6
58 71
47 47
35 81
58 50
3 70
91 71
57 30
58 3
95 29
1 20
71 62
29 62
83 83
6 65
28 66
84 33
60 100
23 23
26 47
42 17
32 94
60 37
30 79
62 38
77 55
28 74
21 42
15 52
42 15
69 16
19 57
100 86
15 14
53 89
9 87
69 84
95 59
65 68
26 86
41 87
18 87
49 47
69 49
100 70
54 11
48 14
83 54
65 62
71 88
60 1
58 78
2 81
72 89
88 8
15 71
48 95
15 82
35 64
63 46
8 96
3 79
33 54
59 33
70 45
37 43
19 19
38 28
83 1
36 86
16 65
23 40
53 25
64 11
91 88
52 46
69 73
39 53
86 51
33 34
61 92
97 3
42 64
14 73
68 44
81 23
29 95
68 38
95 4
15 58
82 36
55 52
70 88
14 89
13 36
39 32
2 31
32 7
28 11
84 32
19 44
43 75
6 71
71 68
58 37
96 10
74 65
26 9
86 14
59 68
10 95
98 5
7 70
52 10
64 29
27 13
32 32
92 75
94 3
79 88
58 32
27 38
85 91
27 72
40 26
97 26
17 3
41 57
80 32
45 66
24 40
98 28
39 40
81 62
20 47
97 77
28 23
93 12
22 37
14 36
3 79
84 31
63 92
10 100
87 40
26 73
36 13
18 72
69 47
81 67
48 59
27 31
7 4
32 49
53 2
46 29
81 26
70 56
38 37
12 10
66 21
13 76
62 37
4 13
45 89
81 83
100 41
72 11
74 46
74 77
37 98
76 76
57 8
100 42
37 76
95 99
25 14
72 40
64 70
46 12
52 6
12 80
72 94
58 61
95 80
76 95
55 41
27 58
45 3
44 78
91 67
62 75
8 5
52 55
66 87
52 94
84 89
17 27
24 56
57 35
90 4
60 54
85 62
98 63
11 95
21 89
92 61
36 60
45 80
56 83
81 23
48 37
19 62
4 17
6 97
65 94
79 11
12 38
92 51
76 65
8 67
34 69
37 40
15 71
85 23
2 26
19 16
68 11
71 5
42 72
77 97
60 8
53 77
13 59
10 22
64 23
85 99
53 82
51 34
29 79
8 64
83 56
77 15
78 78
86 72
34 12
43 71
64 35
97 1
86 21
91 51
4 67
19 41
28 90
71 89
3 63
81 68
89 5
22 25
51 72
82 28
98 22
63 79
86 56
62 32
72 100
49 78
47 30
24 33
51 63
75 60
84 97
33 18
3 75
61 26
70 42
36 86
55 96
86 28
33 38
40 68
76 78
88 4
10 8
55 68
58 92
64 22
88 35
46 48
86 46
38 6
79 27
35 19
52 36
65 82
97 2
75 87
65 11
43 84
51 19
16 73
69 43
34 67
100 43
72 17
46 92
22 84
7 54
53 39
7 11
91 91
92 6
34 40
79 46
54 65
89 59
36 38
17 86
76 93
34 37
2 84
65 50
64 64
89 2
17 37
28 97
85 56
91 75
45 8
79 39
93 46
12 32
47 81
26 12
11 74
18 98
24 56
32 57
77 3
76 94
90 19
67 94
19 52
24 11
97 91
72 68
12 69
33 28
41 54
39 14
18 17
94 89
3 63
81 32
82 42
71 52
61 28
18 97
14 26
5 87
96 35
6 71
16 19
95 16
84 35
78 92
64 65
7 42
62 1
40 67
34 87
51 19
59 12
4 90
26 29
55 3
28 58
37 50
39 82
68 63
27 63
56 50
61 51
30 77
89 81
95 92
52 28
1 61
12 89
65 6
57 47
60 75
23 28
72 65
54 42
6 62
1 57
69 6
12 55
14 9
9 25
97 42
65 27
67 88
100 31
90 8
73 42
27 88
79 9
12 24
94 50
57 71
19 25
7 52
38 47
59 58
1 96
90 27
59 18
64 36
6 32
15 64
23 10
28 59
38 81
28 52
33 73
91 89
97 9
96 79
4 97
57 33
92 20
20 75
75 73
44 3
10 34
47 14
22 42
40 42
58 89
68 44
96 64
29 14
74 95
34 11
87 71
26 90
75 37
98 88
89 25
80 20
12 3
64 87
8 30
2 35
91 38
40 54
92 23
39 46
88 33
95 71
95 31
31 4
15 46
21 3
74 58
76 31
68 16
96 100
67 73
77 57
63 43
62 36
5 70
88 89
47 98
44 92
13 31
21 86
41 31
1 7
1 57
4 33
64 45
8 87
5 20
7 82
99 40
48 42
97 80
86 24
95 13
92 62
17 80
61 10
12 64
42 37
36 40
31 31
37 36
54 64
8 39
51 30
15 52
64 8
38 71
14 49
59 99
50 53
34 35
99 81
3 11
86 91
55 66
18 56
45 29
11 85
24 89
96 21
11 78
21 68
81 44
5 42
64 29
49 75
65 51
27 44
43 12
52 43
10 27
31 99
5 6
17 65
82 29
71 57
32 25
71 51
84 58
91 75
21 3
70 44
41 56
75 13
7 86
47 21
92 20
52 15
58 5
68 9
47 35
68 82
40 76
79 30
24 24
55 57
80 5
88 26
81 52
22 68
91 20
90 30
52 66
95 26
58 95
85 94
17 34
42 71
56 96
1 43
32 45
28 50
22 86
24 52
2 15
80 72
71 72
45 34
31 86
80 28
12 42
29 72
99 62
3 70
60 53
22 37
57 26
91 9
61 14
38 29
12 76
51 34
79 59
15 42
97 11
89 5
100 87
13 44
30 75
7 35
65 87
13 71
34 84
86 24
88 23
87 98
66 95
10 46
31 32
48 32
41 26
95 73
29 55
39 39
97 42
88 60
12 27
54 19
78 68
72 40
43 100
41 96
74 73
73 10
7 89
70 83
61 14
58 27
83 79
42 40
64 61
47 17
6 10
97 45
85 92
94 84
35 42
50 87
3 82
66 73
49 70
44 59
12 98
77 77
34 97
8 91
16 36
46 23
13 62
45 55
69 62
7 61
85 50
43 87
32 70
92 38
12 21
44 35
1 65
94 51
86 74
65 25
41 19
43 35
13 21
77 11
36 71
48 63
78 49
91 52
65 87
26 18
86 10
76 36
55 94
71 58
35 79
70 81
16 80
48 40
15 36
37 93
6 52
51 85
79 31
37 73
94 75
90 4
81 7
95 91
36 54
18 32
59 67
28 73
60 66
23 88
4 83
48 88
70 2
81 31
38 39
34 40
6 100
75 100
9 76
12 46
45 9
96 54
82 26
13 40
43 45
48 61
49 33
100 96
98 98
27 15
37 68
44 24
68 18
69 74
38 14
3 72
86 57
48 32
30 96
97 22
70 19
33 30
44 10
40 72
13 12
81 100
25 12
71 11
7 52
34 87
82 56
52 60
29 92
15 34
16 100
23 88
62 46
64 84
74 83
12 95
42 50
62 2
55 18
9 68
30 27
92 83
64 91
67 83
39 15
93 38
64 56
8 85
78 67
59 65
99 57
90 78
92 17
24 68
12 40
98 20
9 6
94 48
1 31
89 49
60 81
16 82
63 36
22 78
31 17
36 18
85 73
24 67
50 71
39 42
33 86
31 97
82 25
48 28
98 79
72 91
40 65
13 34
31 75
17 83
71 51
30 83
59 60
62 19
5 50
22 99
12 38
13 7
67 46
12 20
53 55
27 78
80 2
15 42
100 56
10 70
2 59
84 80
34 36
51 81
74 21
18 73
82 77
7 97
65 100
31 55
78 87
56 64
43 41
60 14
25 46
65 43
41 48
35 57
79 61
45 98
56 8
90 50
9 56
23 5
53 69
61 63
1 83
32 22
27 4
100 90
94 92
29 15
35 69
79 79
31 95
8 89
48 52
12 72
14 38
12 3
42 78
43 24
19 19
36 18
2 89
43 16
53 60
43 37
77 73
83 72
39 86
85 32
24 21
100 93
59 36
76 42
60 55
59 70
60 15
87 59
10 59
5 58
67 73
44 27
83 37
97 67
3 68
82 40
61 38
68 5
45 94
54 68
10 80
63 12
90 85
63 21
6 28
94 97
57 9
34 52
76 20
48 94
70 35
99 41
47 38
28 70
26 34
58 93
38 40
37 48
44 3
47 98
41 58
62 75
42 77
75 46
11 93
96 44
56 85
71 83
63 100
52 30
24 50
24 79
15 42
65 86
39 51
72 21
58 34
95 59
57 24
85 54
94 4
27 58
35 46
40 42
6 79
61 79
98 34
44 70
49 78
93 36
42 20
90 35
7 62
36 96
16 80
17 54
31 91
24 16
87 36
94 90
75 46
62 85
69 20
41 39
27 23
7 71
12 11
84 56
54 29
69 86
21 9
47 33
95 43
55 54
39 26
52 73
15 84
36 11
95 43
64 14
80 98
89 62
5 48
86 59
24 9
72 80
2 64
6 99
47 47
40 100
99 40
22 44
2 36
68 11
62 34
80 10
26 81
26 44
63 66
79 62
94 29
83 74
78 46
40 23
38 80
16 71
43 96
4 63
51 81
38 38
19 76
82 30
78 51
75 76
68 88
1 59
47 7
21 51
6 57
93 5
13 2
57 48
66 49
66 90
76 58
80 82
45 99
53 91
5 26
59 16
32 52
50 6
94 90
9 49
41 29
83 69
24 71
83 76
86 83
26 3
72 65
57 11
7 32
49 15
31 86
26 19
1 25
29 44
99 21
59 81
74 48
11 75
67 80
39 96
28 64
94 37
70 30
72 14
46 27
26 7
30 30
77 30
27 12
75 71
37 30
67 92
57 91
12 100
2 67
95 73
37 2
73 31
51 35
96 33
74 45
33 20
21 3
26 21
62 15
71 24
84 53
35 63
33 50
2 32
25 10
60 13
95 21
95 39
31 78
93 99
72 45
13 59
69 29
99 57
87 29
58 10
17 100
44 19
69 10
18 67
90 44
58 11
43 97
40 78
53 96
16 94
24 50
25 98
41 14
37 64
96 73
77 67
71 26
28 22
30 50
48 36
40 86
77 70
94 26
70 16
69 69
65 71
34 74
89 49
15 79
21 55
46 58
32 78
16 25
67 67
49 96
5 68
24 30
91 93
96 98
76 77
58 38
19 99
52 26
51 3
8 62
99 51
79 21
30 40
79 72
8 71
77 27
18 10
84 40
22 4
39 77
52 8
87 74
73 2
41 8
1 4
93 56
38 66
32 34
8 81
4 84
33 29
64 100
27 13
23 73
59 49
54 41
81 10
29 47
58 67
83 65
36 61
56 17
61 85
66 52
34 40
68 55
94 30
3 1
52 95
16 33
42 77
55 54
54 59
14 79
47 62
54 62
6 34
37 79
38 47
65 66
40 62
70 76
80 18
19 27
44 48
38 66
24 67
76 10
18 65
81 33
58 74
6 25
37 1
18 58
71 28
22 41
38 65
16 57
25 41
41 11
31 89
66 70
95 64
84 99
31 48
94 77
90 61
36 33
30 55
79 7
52 51
69 69
48 34
31 68
39 95
43 34
20 85
63 13
19 43
37 49
43 98
28 68
42 25
31 98
98 77
64 52
53 90
35 41
80 8
77 83
75 51
62 49
94 52
21 67
46 47
24 51
14 43
87 59
11 35
43 50
65 18
14 85
64 18
64 3
96 4
54 64
6 36
15 89
16 76
76 30
3 89
11 25
4 97
97 14
41 23
53 74
60 65
93 64
87 66
91 25
21 46
61 17
53 25
66 49
81 83
50 71
41 51
95 77
