3000 44992
31 43
18 72
34 41
1 34
85 29
90 42
35 96
89 87
16 25
29 2
24 80
34 1
54 26
6 69
83 7
27 56
98 13
30 8
84 100
5 13
71 36
3 18
15 94
85 42
38 5
8 97
22 16
26 66
31 70
75 16
100 49
61 65
93 39
33 89
13 98
29 68
23 30
99 93
17 54
90 6
79 46
40 86
76 58
32 23
46 54
10 64
59 78
95 18
39 23
94 29
100 30
9 59
96 47
14 75
94 52
85 51
73 71
15 67
63 68
55 41
42 83
62 16
15 5
34 21
47 56
27 54
14 40
69 37
25 98
83 94
10 42
3 43
22 31
85 99
87 17
19 36
47 14
45 94
14 53
85 89
90 74
65 34
94 99
86 20
78 8
39 50
22 70
3 79
5 16
84 90
57 71
46 50
98 57
24 27
31 23
44 13
2 32
45 62
64 49
27 81
27 7
25 43
81 23
100 37
10 93
19 91
71 24
56 59
63 36
36 76
92 47
53 9
100 9
37 45
90 29
29 69
75 94
63 50
83 99
32 61
99 39
92 69
77 63
96 48
15 47
8 85
91 12
16 30
4 98
6 60
94 10
82 5
30 54
27 84
33 93
91 47
45 74
3 17
98 57
60 9
90 92
90 3
64 17
89 53
26 99
53 45
70 21
53 44
67 95
52 19
84 56
65 85
43 39
12 18
12 32
9 85
71 2
2 43
25 14
26 100
7 55
70 23
7 56
37 60
96 58
92 48
79 58
93 31
94 64
77 14
52 39
36 8
66 68
15 55
76 60
43 18
19 52
45 80
47 61
85 46
49 50
30 17
50 82
43 88
94 86
61 66
4 24
64 88
15 60
28 89
42 39
73 66
49 63
48 94
61 26
45 20
39 93
40 83
37 50
85 57
16 49
40 88
72 64
81 68
54 94
47 75
75 86
24 45
44 54
22 46
8 42
92 55
3 14
9 76
86 42
96 100
22 41
89 65
12 39
36 100
68 53
53 29
60 18
17 67
52 74
21 43
13 86
43 66
60 77
1 35
79 74
75 77
40 74
50 37
7 45
45 67
96 11
81 30
68 64
39 16
54 27
27 5
82 70
57 93
88 80
20 63
4 92
9 72
8 27
67 82
96 24
28 31
71 10
55 41
44 97
75 83
75 83
8 34
17 100
86 11
8 68
95 74
60 88
47 41
44 10
66 32
43 60
91 73
99 61
10 23
30 40
52 39
36 79
63 10
60 31
23 11
82 24
64 74
83 82
42 3
82 55
30 5
69 85
53 16
37 45
64 34
27 98
63 79
71 67
95 50
49 90
30 35
89 23
8 29
28 27
84 84
26 60
70 38
74 8
76 72
79 12
55 48
27 62
66 91
18 9
39 93
41 1
99 32
54 66
75 34
40 34
35 21
5 39
8 19
39 36
41 35
23 52
17 86
3 14
45 18
11 35
51 55
74 4
51 9
11 83
1 83
34 92
88 94
70 72
60 100
63 17
100 84
14 47
41 78
66 74
31 7
79 70
58 26
82 38
32 88
32 59
21 24
67 8
36 49
81 94
57 95
28 84
55 45
74 32
31 97
100 14
84 18
33 3
73 70
87 26
43 85
74 4
72 70
30 78
95 75
31 69
92 94
95 58
97 67
33 23
12 83
27 25
63 93
69 8
60 14
95 80
100 19
81 37
13 39
88 67
13 30
69 85
15 50
67 26
42 69
97 98
66 92
78 86
30 100
91 61
16 64
24 36
16 16
87 85
54 13
10 90
70 53
97 58
56 48
66 71
81 33
19 30
44 47
44 25
39 90
4 60
90 56
91 8
36 97
2 46
78 26
48 78
22 30
44 76
66 4
64 98
41 25
84 47
93 36
22 77
74 7
8 51
45 12
41 22
46 35
50 77
50 63
15 39
99 86
58 62
32 61
31 18
28 92
76 7
26 42
67 33
31 66
15 49
57 92
66 14
68 94
86 17
65 92
90 76
29 44
30 47
5 73
21 69
65 93
49 60
42 45
38 51
8 10
87 56
78 24
53 44
88 84
80 86
20 34
86 70
89 48
51 94
17 87
16 91
78 100
42 81
34 75
8 18
9 29
90 66
73 31
76 75
27 34
37 22
17 50
56 78
19 20
21 74
76 46
83 64
69 34
18 42
73 14
28 95
56 49
2 89
81 91
43 33
33 27
52 24
29 2
21 26
54 18
97 40
89 68
32 69
90 20
74 42
39 86
98 1
64 59
64 17
74 75
90 92
52 90
42 24
97 69
22 62
63 97
73 66
57 25
83 82
42 59
29 91
11 77
49 8
82 79
43 67
91 92
15 5
46 90
71 45
87 82
99 59
67 84
27 49
30 80
9 56
1 42
21 65
6 8
16 100
84 33
31 82
57 44
87 75
73 57
54 12
9 36
87 5
78 30
65 60
21 87
71 40
45 50
83 15
19 47
26 81
77 33
9 90
40 37
22 74
32 86
79 19
21 33
50 22
5 67
50 12
58 77
5 61
70 28
64 84
72 60
5 13
94 17
29 55
92 87
18 25
34 67
52 22
4 29
11 48
16 33
77 67
33 87
60 35
59 33
51 86
37 15
36 65
11 27
29 51
57 39
42 13
7 21
77 71
92 34
63 40
79 34
49 62
68 100
48 13
64 97
91 11
5 25
10 13
19 66
48 11
27 89
52 84
99 84
83 69
14 31
66 17
59 36
46 69
77 3
69 68
48 6
13 17
4 85
59 33
41 19
13 23
100 45
47 40
89 45
43 30
10 79
19 78
44 91
29 78
19 42
7 39
19 88
23 67
16 3
90 53
70 29
43 91
93 36
20 65
77 59
59 18
85 33
35 46
56 87
61 35
3 66
4 44
73 51
59 50
14 76
66 69
71 72
13 72
12 8
11 16
8 1
73 38
30 45
51 43
53 15
48 86
57 81
24 55
22 4
73 83
13 7
43 85
67 25
57 95
62 49
43 84
15 12
98 81
77 81
23 50
58 67
31 46
26 94
82 17
89 95
39 21
47 37
11 66
3 93
11 97
22 33
10 45
83 34
3 77
12 40
36 1
2 15
69 20
59 55
23 18
93 55
23 13
65 54
59 31
31 7
78 2
1 14
46 19
75 34
29 95
20 20
84 100
11 92
45 13
65 68
52 87
35 34
64 57
62 4
89 78
74 5
35 37
51 22
8 90
37 65
62 61
95 90
38 79
82 33
53 44
12 49
74 39
27 9
28 2
84 69
58 15
5 56
36 35
55 33
31 41
16 81
74 5
14 93
27 72
70 17
31 12
78 58
4 2
94 68
39 14
44 79
67 24
26 2
94 53
74 14
62 66
56 13
69 3
52 97
89 97
73 99
63 97
63 35
52 7
43 98
98 56
61 21
99 5
34 90
15 6
30 98
49 70
40 62
95 90
27 41
9 78
25 53
56 51
64 32
18 21
47 64
7 62
36 96
72 17
53 14
62 9
33 82
60 79
82 12
84 30
48 75
6 62
99 26
10 62
9 20
93 76
60 17
69 40
91 80
93 6
35 97
20 77
93 27
74 58
67 18
20 19
34 88
91 71
27 69
49 71
61 43
73 84
8 32
48 38
44 100
60 46
61 99
77 34
19 76
42 10
12 63
18 2
100 23
62 41
80 63
8 42
54 16
39 31
77 33
45 47
83 88
11 82
16 76
75 14
37 91
82 93
46 33
22 78
25 15
73 53
23 48
37 9
45 89
30 32
84 99
89 40
41 29
45 97
17 73
11 4
38 58
80 88
28 5
37 80
94 28
59 20
45 73
47 95
97 2
21 5
43 41
79 90
83 86
11 16
54 55
19 77
44 9
51 39
93 6
68 75
75 44
15 6
4 84
20 32
96 89
40 34
60 71
88 17
84 30
28 96
50 20
21 87
59 35
29 76
58 18
52 14
88 47
2 90
51 8
84 49
74 46
45 48
63 90
56 84
55 64
68 44
27 60
99 24
70 35
71 17
18 50
45 78
37 74
74 85
16 9
32 62
13 18
27 31
71 78
96 47
6 26
20 49
68 85
64 60
48 77
77 54
68 73
35 75
30 43
70 32
71 23
3 41
14 80
85 64
11 24
21 95
4 60
89 35
71 70
73 94
11 51
88 19
69 71
47 77
13 4
84 31
30 38
25 21
62 61
100 68
72 20
67 39
19 16
40 4
83 50
66 44
68 58
50 23
53 19
98 52
19 6
23 93
52 92
84 85
59 57
14 15
4 31
62 16
54 49
26 100
34 9
64 52
66 19
55 31
10 28
78 22
90 61
91 17
3 94
52 73
90 84
74 13
70 11
8 52
65 69
52 61
26 95
33 26
53 35
30 13
82 29
23 40
4 6
33 73
7 77
62 14
47 39
62 7
75 29
100 40
40 59
60 89
16 91
5 77
14 19
77 70
82 50
4 31
68 86
36 43
7 55
57 22
62 56
76 66
17 73
26 24
80 78
94 67
10 1
84 12
75 32
91 81
7 3
78 37
76 53
65 31
91 50
22 92
78 38
65 30
73 31
17 48
24 18
40 73
73 24
90 88
17 42
7 73
93 70
36 79
42 67
51 24
44 100
3 74
78 41
12 72
81 49
57 18
57 91
42 49
93 81
31 22
33 82
51 84
60 10
8 34
67 14
2 11
81 77
96 3
66 40
5 7
13 50
42 9
45 31
37 25
31 48
13 24
43 49
75 17
48 3
85 16
25 92
43 54
39 89
2 33
55 78
71 38
11 50
11 20
13 38
3 83
42 41
97 19
5 66
53 2
56 5
71 31
55 12
88 81
66 86
72 3
92 40
30 87
65 11
88 22
67 64
95 10
52 46
9 12
21 78
51 100
45 79
45 69
94 53
36 20
99 1
48 82
6 9
9 3
10 1
70 98
63 85
3 93
18 69
67 2
56 94
73 73
89 84
62 5
12 5
54 69
33 59
4 96
36 8
50 21
43 18
2 71
96 30
95 15
62 34
17 7
97 14
59 65
13 76
90 18
94 36
11 28
89 100
51 44
71 30
99 52
73 93
85 66
1 97
90 61
51 67
56 90
15 85
91 51
17 47
26 42
45 71
2 5
81 89
32 78
51 26
24 6
85 100
46 7
70 20
46 86
14 14
18 85
56 50
27 41
8 3
1 85
89 20
96 54
52 80
60 2
94 57
76 72
44 67
47 53
17 85
47 34
2 95
31 69
37 36
71 93
57 62
33 6
24 49
89 51
64 36
26 26
64 8
48 87
23 33
85 80
46 72
37 98
3 64
1 73
15 90
10 18
2 9
3 9
57 71
5 40
62 10
3 80
80 64
58 29
49 84
48 48
4 62
2 78
79 68
92 49
24 22
87 30
77 54
99 71
75 32
40 41
24 96
39 39
40 28
99 80
23 70
37 51
35 77
77 34
37 76
1 18
86 3
90 84
3 27
95 74
94 76
17 88
97 5
25 39
74 16
45 88
73 86
29 29
46 66
3 5
72 77
22 87
89 86
48 83
20 9
15 17
40 23
96 5
5 8
79 2
94 84
80 77
15 53
28 13
56 62
3 28
28 30
94 65
93 63
82 8
88 90
38 38
98 96
84 94
15 76
23 63
80 81
39 13
3 92
77 98
41 18
75 68
98 85
81 55
22 50
18 45
47 72
61 25
13 49
52 31
91 26
6 85
83 7
5 30
85 49
38 21
60 57
64 30
31 85
52 72
97 38
18 74
41 9
95 85
53 67
55 37
69 47
32 99
93 1
72 90
9 97
85 70
98 58
6 33
65 25
19 59
75 77
12 48
32 35
39 26
15 78
74 61
96 62
97 36
31 90
80 10
86 56
90 99
95 91
17 40
93 70
92 28
86 65
33 30
38 64
91 83
88 18
6 11
22 82
32 19
29 100
82 78
17 88
26 9
88 10
33 12
97 20
14 86
44 11
80 6
53 63
10 88
53 66
100 76
6 76
83 8
32 37
44 31
72 58
26 28
12 23
64 79
69 55
97 39
49 60
58 19
39 22
36 78
16 81
61 3
67 96
44 32
42 80
35 35
22 93
81 41
68 99
18 64
47 26
63 9
49 69
51 41
73 97
1 87
50 16
30 24
36 46
81 53
73 6
7 3
59 80
84 80
23 33
79 86
33 19
71 92
37 56
71 40
58 21
52 88
83 94
76 68
47 20
77 25
11 3
68 64
57 65
30 1
37 27
55 42
92 9
85 95
5 82
64 57
38 81
7 98
46 80
73 78
87 50
70 38
31 80
97 81
54 17
5 64
76 66
38 35
27 8
12 74
60 26
84 28
15 61
43 71
12 96
61 80
19 95
74 50
81 95
27 11
3 50
17 21
82 53
46 10
54 68
38 34
62 19
91 100
44 31
7 50
15 78
31 32
76 87
97 57
79 12
81 4
2 73
54 30
18 90
28 80
17 3
30 68
64 7
83 15
72 38
27 54
96 47
90 85
100 3
76 41
68 95
54 4
44 62
49 47
99 66
97 29
87 81
60 84
39 28
30 63
18 33
53 57
12 47
94 72
50 14
43 10
26 75
3 38
48 39
96 16
82 17
17 93
25 83
45 23
99 8
96 73
71 29
94 54
37 57
22 31
21 46
4 51
27 87
65 7
5 50
26 52
61 87
91 30
37 87
52 67
72 44
55 71
56 23
36 90
100 42
57 88
78 100
25 16
59 25
25 90
20 84
41 41
41 35
44 66
37 16
92 94
91 38
60 44
37 99
27 46
81 26
58 44
83 97
8 12
74 3
87 46
85 15
34 89
29 27
21 1
37 7
100 22
27 72
93 30
87 12
26 65
49 69
64 63
51 33
60 94
41 4
22 16
52 86
33 90
18 81
88 53
76 83
8 71
47 96
13 33
87 16
80 74
22 29
69 64
39 37
95 31
7 61
23 52
80 71
35 87
95 4
17 78
86 61
22 27
61 59
25 72
99 92
61 27
40 86
49 24
20 72
80 41
23 39
23 10
65 31
40 71
11 62
40 65
47 93
9 58
4 98
85 9
40 83
25 26
5 72
78 19
19 8
11 33
52 70
99 78
97 71
99 26
67 55
35 31
72 4
27 65
59 54
70 95
39 92
98 91
19 70
59 15
30 32
41 60
33 24
94 62
32 83
43 86
85 78
78 75
4 95
89 27
15 83
43 77
13 4
19 7
73 95
84 11
82 91
76 17
34 89
30 13
74 94
100 95
64 96
45 97
78 60
74 49
15 44
16 3
72 92
85 13
26 17
1 23
77 25
59 41
46 36
8 7
53 78
30 13
37 81
8 72
70 92
51 16
3 100
83 95
22 22
27 46
18 6
3 64
2 14
51 94
32 76
76 7
2 88
48 71
72 4
31 99
21 72
86 47
98 1
44 63
22 11
24 18
96 85
98 35
34 10
41 72
5 93
38 87
23 36
42 74
98 10
92 27
44 89
100 61
26 22
65 62
26 6
43 27
67 25
27 20
45 72
51 52
54 26
98 11
50 23
26 81
28 10
70 46
63 79
26 10
14 8
85 42
1 79
9 44
34 76
86 88
2 15
39 69
75 26
24 2
32 94
72 35
67 29
75 34
23 47
93 2
40 95
48 53
87 28
58 71
27 72
32 51
60 22
32 49
29 61
9 96
9 82
57 22
31 41
24 12
34 32
44 100
8 53
34 62
4 43
41 29
71 50
5 9
31 49
45 27
28 11
62 94
17 14
95 39
89 27
39 60
39 40
80 21
39 12
25 19
37 43
17 35
56 21
49 16
100 36
37 81
9 64
9 69
93 3
39 4
32 80
78 86
82 56
91 33
63 99
86 98
83 13
33 100
42 59
14 13
77 27
70 69
27 6
45 40
16 59
15 32
84 51
54 50
94 4
74 63
78 20
83 46
42 49
86 40
83 13
41 36
22 20
91 76
49 4
66 74
30 32
32 84
43 11
63 87
22 68
5 10
100 36
57 80
37 9
42 94
70 92
65 87
63 14
48 97
10 26
78 72
63 80
45 29
83 73
8 83
18 91
12 92
42 80
59 91
97 31
24 92
99 27
18 3
67 20
100 30
83 28
48 51
31 65
77 39
10 89
5 32
81 100
62 24
61 63
69 8
55 18
82 54
34 47
69 31
29 2
43 72
98 55
43 81
87 100
80 27
3 15
56 42
91 19
44 94
14 85
40 1
20 38
64 11
57 3
86 57
15 92
92 31
33 59
46 9
68 21
94 47
2 40
1 20
7 70
62 3
69 79
13 39
43 8
2 25
81 22
23 62
96 49
78 28
66 42
34 100
57 54
68 9
89 94
100 24
63 2
54 78
39 25
82 91
70 40
47 79
67 47
84 31
38 61
51 5
81 91
6 81
97 3
82 31
6 52
55 25
95 85
26 31
68 63
89 44
28 7
48 36
12 5
75 55
26 63
29 99
9 7
34 69
48 7
97 100
33 92
10 60
3 29
23 68
92 51
72 68
70 47
10 49
55 50
7 7
13 6
36 41
64 40
61 8
17 23
21 91
15 32
12 59
47 73
82 47
52 2
26 80
30 82
63 59
100 86
55 97
43 9
60 92
40 65
90 67
57 43
73 8
100 26
59 71
47 76
43 28
30 90
16 74
52 77
36 40
23 32
16 82
71 80
38 71
76 41
40 54
59 14
91 25
3 12
57 86
72 71
54 65
82 17
53 4
69 75
33 55
59 100
11 83
93 98
99 16
1 1
1 41
23 24
100 27
11 63
69 99
42 6
40 53
85 24
45 82
27 92
59 55
61 15
98 23
96 78
36 8
89 76
6 91
78 32
91 39
62 28
50 2
96 3
43 45
2 57
64 78
28 99
61 57
75 12
20 48
11 72
75 13
20 88
33 95
26 91
30 3
1 45
19 96
21 55
37 68
63 30
47 98
95 75
75 96
96 20
43 52
63 55
84 47
48 42
40 86
26 85
10 69
89 39
22 39
4 65
43 96
85 68
31 15
55 4
11 80
50 63
65 75
85 44
21 2
49 22
62 34
2 4
1 18
80 81
22 58
38 38
95 62
21 7
84 12
69 10
68 26
26 15
31 64
4 72
26 56
23 50
29 8
35 76
11 40
2 47
90 93
5 35
87 14
21 7
11 38
97 45
22 21
27 65
34 88
43 75
75 86
47 73
96 78
76 55
79 6
18 88
65 92
73 67
90 94
48 55
93 76
57 72
26 69
76 40
60 95
51 76
98 41
41 3
37 4
60 32
42 1
26 96
65 67
80 66
46 54
75 56
77 11
20 27
2 20
62 50
14 1
28 57
8 23
9 78
55 64
86 80
78 17
19 7
10 46
67 63
19 62
3 74
76 34
96 82
78 65
35 28
98 10
75 57
27 82
34 13
34 88
69 34
59 8
50 6
48 100
57 13
77 62
76 10
76 39
30 33
89 59
41 39
57 42
49 33
49 69
64 5
86 12
27 85
82 11
96 10
93 47
52 24
50 35
20 32
99 58
79 51
7 12
96 67
5 7
33 93
29 79
38 46
1 27
40 38
40 52
1 26
48 2
16 65
28 87
75 41
97 97
17 97
15 31
53 38
65 82
15 99
16 94
50 45
41 36
50 57
97 54
86 34
53 80
46 40
5 66
52 37
24 90
11 77
99 55
28 48
44 21
28 33
18 94
96 99
19 22
9 97
48 24
18 24
76 61
76 62
92 16
72 9
92 59
58 46
24 99
8 40
72 97
92 92
9 84
13 32
93 48
6 90
50 65
97 80
51 81
54 30
48 68
27 23
17 58
47 23
6 22
12 79
26 55
23 15
59 77
96 29
83 63
7 53
13 4
58 75
34 66
56 19
29 84
77 24
13 16
5 82
84 15
84 12
48 25
92 51
48 43
40 25
49 92
97 8
36 56
100 24
3 89
36 23
78 46
19 47
34 45
83 68
82 77
11 52
58 34
40 53
58 80
40 49
46 57
70 35
50 23
31 23
77 53
78 58
7 98
41 68
82 39
42 13
24 80
29 16
86 15
24 22
20 92
34 58
72 81
8 47
85 81
26 22
43 21
62 79
96 68
28 66
97 46
77 44
38 17
54 31
17 48
47 48
45 79
14 5
68 82
94 54
45 79
44 86
24 11
3 76
84 53
5 2
45 40
59 84
86 17
82 54
34 58
5 60
15 11
6 90
12 58
100 44
83 11
6 78
13 22
79 78
33 43
9 19
55 73
22 11
14 49
23 73
20 10
59 80
89 29
87 43
4 33
85 7
30 28
27 43
87 34
65 33
84 96
83 74
24 68
21 64
64 27
57 25
25 23
79 90
14 15
89 80
30 85
97 77
46 10
42 6
75 7
31 52
51 24
81 31
4 15
64 24
4 3
24 24
74 3
92 83
10 19
30 87
76 89
92 46
56 82
14 23
56 30
91 77
97 48
79 98
11 41
12 26
88 74
88 63
42 67
53 40
28 95
71 51
49 17
25 4
13 56
75 23
55 7
15 31
8 53
59 73
78 55
63 8
34 49
4 57
6 90
43 67
33 96
33 31
86 64
40 77
46 5
42 94
31 53
94 52
72 43
93 93
58 77
11 16
32 8
99 44
64 56
11 54
70 46
64 24
36 9
34 2
39 98
90 15
48 32
98 2
100 88
77 38
60 9
33 36
80 95
65 51
28 54
64 42
97 81
13 17
4 18
94 37
54 10
86 22
88 88
78 4
30 67
45 16
88 20
62 74
43 11
51 27
24 79
64 57
67 2
59 87
49 10
5 99
49 1
96 93
2 100
48 40
25 31
13 61
33 27
56 77
77 11
60 80
20 18
73 43
24 49
75 87
66 79
30 10
12 8
5 18
7 14
41 74
49 85
94 33
54 99
44 96
97 11
78 77
59 4
63 12
36 63
8 65
19 10
36 64
55 57
72 61
36 55
79 39
84 21
68 82
87 15
60 83
79 13
6 84
84 77
2 61
32 70
1 55
31 71
43 78
6 24
89 84
83 3
6 9
83 68
89 2
1 56
31 30
18 30
12 11
45 41
53 93
19 75
15 2
41 8
25 83
86 62
76 62
4 22
21 35
95 95
90 36
32 69
25 60
47 20
15 46
26 72
78 41
67 52
9 42
72 70
72 28
97 77
54 73
30 36
31 96
94 26
82 43
13 25
11 7
93 53
57 17
16 99
63 27
71 18
56 58
88 9
8 32
83 72
43 30
28 18
29 66
84 18
59 86
53 77
30 89
25 83
78 49
59 29
92 87
38 42
30 51
15 14
35 19
35 75
96 49
65 66
29 52
78 43
30 43
91 58
22 95
86 59
6 57
85 21
9 29
13 14
72 81
16 60
95 85
14 63
44 77
75 3
97 80
54 14
27 79
78 20
79 49
5 79
36 100
22 35
94 21
17 50
88 48
28 91
51 24
84 48
45 56
31 75
13 90
74 50
22 85
34 84
11 9
27 41
18 56
19 37
92 6
41 88
35 48
38 43
6 50
30 76
13 97
54 81
83 89
39 27
31 100
13 37
95 6
18 52
86 23
89 78
34 1
74 70
68 68
37 77
9 69
12 75
67 3
21 10
37 25
88 87
6 45
48 85
67 79
76 100
66 21
10 37
16 40
52 20
47 79
22 89
81 95
59 27
27 22
16 35
50 5
58 73
80 72
96 10
27 24
66 46
84 39
13 25
91 68
52 6
49 1
99 36
15 33
15 55
71 46
52 9
55 42
76 90
99 93
73 20
51 42
16 65
82 56
67 81
68 84
80 86
40 21
100 78
91 64
66 94
15 12
40 69
75 67
47 35
35 30
54 90
12 81
71 69
66 66
54 48
22 26
66 18
52 35
36 10
32 73
22 32
39 18
86 14
97 22
37 10
10 85
48 15
53 74
91 93
66 95
72 9
23 78
57 67
71 38
13 94
74 61
38 50
4 62
49 27
84 36
38 91
54 68
47 68
60 11
19 34
100 67
33 37
84 3
3 2
21 46
15 75
24 33
59 16
53 40
72 6
96 25
14 77
71 20
100 51
57 69
88 66
71 11
79 98
44 33
41 49
91 91
18 45
78 98
94 52
18 71
13 85
83 95
23 90
59 53
43 5
41 75
10 19
75 93
76 78
12 20
95 91
42 4
87 5
6 6
46 44
11 10
53 30
60 20
33 30
52 32
16 40
21 95
74 43
94 37
16 79
14 91
36 80
85 23
44 40
81 31
54 45
8 24
63 77
76 35
67 28
57 82
16 9
28 47
84 26
43 38
40 18
30 16
37 42
78 22
35 21
82 37
88 32
87 3
93 8
21 13
38 34
8 47
93 59
63 28
53 35
8 38
77 18
40 14
45 12
72 9
20 97
98 57
79 85
83 73
74 43
97 12
39 6
41 3
25 58
74 32
36 41
16 28
4 99
72 34
93 49
38 20
5 70
33 32
25 22
98 77
53 44
14 7
57 75
97 55
77 35
62 9
56 44
5 4
1 75
100 55
28 13
21 71
98 11
58 49
3 95
23 5
55 60
93 1
63 8
31 70
19 84
98 100
46 97
22 82
21 33
38 45
11 53
26 2
70 29
87 26
75 30
74 24
1 33
31 4
22 78
29 19
92 64
78 21
85 22
93 38
77 76
64 86
65 60
26 38
21 34
19 55
48 43
27 46
63 7
63 2
57 15
81 42
12 1
2 11
2 75
33 33
92 7
13 80
10 86
61 35
99 5
84 15
87 59
51 89
66 70
8 88
31 7
58 85
85 9
67 81
2 75
14 36
30 18
18 34
91 25
3 52
36 40
39 19
29 97
98 98
53 20
86 63
79 39
64 20
87 73
32 66
48 4
30 31
96 45
9 89
91 66
47 49
92 3
29 76
49 90
58 24
36 15
32 96
67 9
73 75
98 28
20 83
38 62
80 46
37 68
28 87
82 49
24 60
18 5
10 97
21 57
70 77
47 59
51 48
86 48
86 83
35 13
85 52
15 13
30 57
94 40
5 30
76 57
37 95
85 57
77 46
46 70
73 72
8 94
64 78
45 46
57 21
35 12
34 8
36 66
23 32
61 46
69 14
46 91
79 2
31 10
67 47
100 78
77 68
69 94
37 26
62 2
3 58
74 29
77 15
33 14
19 68
33 96
60 71
55 14
18 53
88 68
53 84
90 76
95 61
68 13
86 21
52 82
3 77
19 80
39 99
25 8
31 25
8 13
71 50
61 27
38 74
89 96
13 56
66 94
57 42
49 33
28 95
60 99
74 61
56 61
44 65
92 81
88 57
55 87
99 94
57 61
43 54
51 29
98 36
89 15
18 94
83 8
92 48
20 70
53 40
83 46
97 77
84 16
42 58
67 78
44 94
31 84
55 25
56 50
96 77
63 66
57 82
75 23
74 17
30 95
30 84
69 33
22 75
18 92
76 19
20 20
74 52
70 24
22 1
72 39
58 38
39 94
6 46
2 85
11 63
59 37
84 83
7 91
94 53
25 40
25 68
37 46
55 75
79 92
45 95
2 51
93 10
1 29
77 74
67 78
30 75
6 9
87 10
3 49
75 100
62 80
22 20
49 51
31 3
