2000 82478
22 28
7 24
5 39
25 16
11 12
10 39
7 21
21 39
24 30
24 20
19 26
16 18
18 33
16 16
20 19
21 16
24 15
6 14
10 29
25 12
10 37
6 23
6 15
12 23
11 32
20 28
10 26
6 18
11 23
23 29
21 19
13 24
12 22
15 24
12 39
25 29
18 23
21 38
24 22
12 20
8 39
24 17
10 30
7 31
13 36
13 32
16 13
22 28
5 32
12 25
18 24
20 20
13 13
20 22
13 23
9 25
7 24
21 34
24 15
20 16
21 35
13 12
21 40
6 20
12 27
5 16
18 36
7 35
8 29
5 18
21 33
24 21
8 23
6 20
15 27
11 27
21 21
14 16
21 16
5 40
18 18
24 30
19 30
5 38
19 27
8 18
6 37
9 24
18 31
9 35
23 16
9 27
6 37
24 34
25 15
22 33
23 36
18 22
15 35
8 30
19 22
15 29
7 26
23 25
22 33
21 22
15 30
8 22
15 31
12 27
25 36
22 15
17 32
8 12
5 34
9 34
12 27
10 20
10 21
7 16
7 11
17 39
18 26
9 14
19 23
13 40
15 37
9 37
15 30
6 10
15 26
7 26
20 14
8 12
13 27
21 25
24 34
7 14
23 31
19 23
18 37
23 19
6 23
5 19
12 39
5 21
8 10
16 25
13 28
19 27
21 33
8 29
17 21
10 35
13 10
21 13
19 23
23 27
18 24
9 36
23 10
17 36
10 10
19 10
15 38
11 29
17 24
23 13
16 40
15 37
22 10
22 32
22 17
7 18
15 39
7 12
12 17
10 36
17 15
7 31
7 20
10 29
19 24
23 29
7 28
6 18
16 18
11 39
15 11
15 15
16 15
9 37
8 10
13 23
8 26
19 16
20 19
25 28
24 26
16 13
40 51
37 51
26 39
31 43
27 51
33 38
30 51
34 64
21 55
23 56
31 48
28 62
34 54
32 48
40 51
29 38
28 59
25 59
24 36
27 36
35 47
27 39
32 37
36 48
20 45
36 58
34 63
33 46
26 64
35 53
22 40
40 46
29 43
22 58
39 39
22 59
23 62
35 45
26 60
26 54
25 59
32 59
20 63
22 37
26 59
29 42
20 41
34 61
31 56
39 54
40 45
38 43
24 40
35 36
20 44
31 36
36 64
21 54
24 61
40 52
39 39
34 51
35 44
24 57
38 63
30 55
38 55
35 45
39 46
28 58
24 63
40 54
20 52
34 54
40 58
32 64
38 62
33 43
27 58
33 35
33 42
37 59
29 48
31 54
36 45
20 47
38 36
40 36
35 40
20 61
21 59
30 60
32 40
28 56
35 63
37 48
20 41
38 62
40 42
33 47
27 59
33 61
26 57
40 44
20 50
33 57
26 60
39 59
22 50
32 58
23 35
24 48
37 47
31 60
28 59
28 40
30 62
37 42
30 58
37 47
30 54
28 46
30 54
29 44
26 51
27 47
24 40
31 57
31 38
34 38
20 51
31 44
39 37
25 62
37 35
35 64
28 46
40 61
22 48
26 64
24 37
38 47
22 37
26 56
25 48
29 63
38 61
33 45
22 53
21 56
34 48
23 37
32 62
36 54
29 64
22 39
33 62
40 39
23 51
26 36
21 48
33 61
31 35
32 39
39 43
31 39
23 46
32 46
35 35
29 48
27 52
36 61
28 64
33 44
20 54
37 44
31 41
39 44
30 41
33 60
39 40
40 35
34 64
37 55
37 44
30 60
33 50
39 42
20 51
30 61
27 60
39 38
32 42
37 42
22 57
29 56
29 61
40 44
37 35
27 56
52 88
45 60
35 61
45 83
54 82
52 77
38 81
37 74
42 88
50 64
39 78
40 74
42 75
47 65
52 78
48 80
49 65
37 85
45 86
45 79
41 64
46 89
53 83
35 76
42 61
44 67
50 74
36 60
52 71
38 68
41 86
37 73
51 75
44 64
47 82
44 84
37 86
36 77
41 60
35 63
46 81
35 80
36 89
39 88
44 80
42 65
54 62
47 73
44 81
50 83
54 65
50 65
54 64
54 76
49 81
48 64
42 88
42 71
46 68
39 61
49 73
49 68
51 80
38 88
38 63
37 82
54 64
35 66
43 75
52 70
51 66
39 72
37 62
44 86
52 89
46 63
55 61
36 82
41 90
50 61
36 64
44 68
43 76
47 72
41 63
51 62
51 63
39 71
41 64
42 72
36 61
48 71
36 85
46 81
52 79
50 85
53 73
47 88
46 75
36 86
45 90
52 84
49 69
36 62
44 67
55 75
39 87
43 66
37 86
44 71
55 77
47 62
38 63
37 85
40 67
44 62
52 74
54 65
36 85
42 63
39 77
55 64
51 71
45 60
36 68
51 78
53 74
51 81
43 78
51 61
53 60
42 88
41 83
38 63
55 65
53 76
51 83
44 60
35 89
42 68
48 69
54 88
40 73
47 64
44 60
40 82
42 64
55 73
48 77
35 72
45 82
48 69
45 76
47 76
54 68
41 77
51 77
35 64
53 61
46 88
52 73
46 90
40 63
50 71
47 88
43 67
43 79
37 60
35 86
39 75
45 67
42 76
47 75
39 81
54 88
46 75
43 63
49 85
45 85
44 83
54 88
55 68
50 76
35 77
50 84
46 70
45 62
44 82
39 74
41 60
41 88
48 80
52 87
40 63
44 76
42 69
39 85
45 88
41 85
48 77
58 100
52 99
69 106
65 86
51 100
50 98
65 97
70 94
65 96
67 111
65 92
57 93
57 108
67 93
52 100
64 114
58 105
53 97
56 100
56 95
62 95
62 92
65 105
64 111
63 113
59 110
61 112
54 87
60 88
62 86
55 87
70 98
68 94
67 113
64 88
58 104
54 110
59 85
58 97
56 99
63 103
55 95
60 94
50 85
56 107
59 114
65 112
50 99
56 89
64 112
66 98
52 104
67 93
67 104
64 98
52 113
65 91
57 97
61 104
51 109
67 94
55 115
66 85
70 93
67 104
67 95
62 100
61 91
60 96
60 96
58 106
56 106
65 98
55 95
66 96
51 90
65 108
70 109
55 101
58 109
58 89
63 88
51 111
55 96
56 113
62 114
52 114
63 100
57 108
51 94
70 109
61 107
54 104
50 91
57 99
59 88
58 114
61 88
52 97
70 85
57 89
50 111
56 103
54 96
58 114
62 93
53 87
70 90
59 96
63 105
53 92
57 94
53 114
69 113
61 110
62 101
56 110
55 114
51 103
50 102
63 113
64 91
60 107
70 101
59 105
63 111
61 113
70 85
65 100
66 86
63 109
51 90
66 113
56 112
63 95
53 113
63 92
66 87
57 97
70 115
52 106
52 111
57 111
53 96
66 108
52 102
51 113
52 87
55 108
61 89
61 94
70 91
56 88
52 95
57 109
55 99
59 86
69 115
54 89
63 90
66 105
54 95
65 97
58 93
61 91
66 90
58 97
51 114
56 102
53 112
50 102
69 105
61 105
52 97
66 110
61 103
57 92
52 111
50 91
70 106
55 99
59 109
56 91
53 92
59 113
52 85
62 98
66 113
66 89
65 110
60 108
69 91
70 92
65 101
58 91
58 107
54 85
54 97
52 91
70 112
78 132
81 123
85 122
69 113
71 125
69 120
67 117
76 114
65 129
84 133
82 133
85 118
85 137
72 140
73 118
74 113
70 129
84 110
79 134
83 123
84 138
79 124
68 117
65 124
72 114
75 124
67 128
65 129
73 122
66 124
77 120
75 124
79 139
85 135
75 124
72 138
82 139
68 124
68 138
85 138
85 112
75 136
79 111
65 111
83 139
78 110
76 140
66 110
73 137
74 125
80 110
67 131
81 130
72 140
72 110
70 124
77 114
70 129
70 130
68 127
69 113
72 132
80 140
80 137
71 124
84 113
83 132
74 120
67 137
73 137
66 114
77 135
71 128
82 122
84 111
75 133
78 122
80 114
67 140
75 114
76 120
69 136
70 139
83 121
70 126
78 127
81 127
83 133
80 133
75 120
75 139
79 136
78 121
75 127
79 139
84 132
67 136
74 116
75 134
76 125
74 133
85 133
68 120
67 122
73 127
75 133
75 128
84 132
71 126
81 115
69 138
65 129
78 122
77 124
78 120
80 120
67 139
67 120
73 126
65 117
80 117
78 127
74 123
71 130
83 125
75 120
77 129
70 114
81 130
67 114
82 124
71 140
74 124
65 127
73 139
76 110
71 129
69 139
78 134
72 138
73 118
74 129
69 111
83 134
70 118
71 128
80 117
82 113
81 135
79 130
81 120
67 135
69 115
80 139
78 116
67 113
81 110
82 115
66 123
83 129
77 133
71 119
76 131
68 128
82 139
71 114
65 135
77 116
77 128
83 135
69 139
69 114
74 127
83 140
76 116
77 125
78 133
70 135
81 112
71 137
69 128
65 116
85 140
69 120
82 123
80 118
66 138
83 119
80 130
81 120
70 136
70 130
68 126
83 140
80 135
72 126
81 137
84 133
83 110
68 119
82 137
90 158
94 163
89 146
100 144
88 143
90 148
98 155
100 143
87 150
100 150
89 147
82 154
84 139
86 135
90 135
82 164
88 165
85 158
99 145
98 163
84 137
98 149
98 141
98 146
88 157
98 153
85 139
82 139
97 161
95 153
93 140
86 152
87 145
97 144
92 141
90 143
100 149
98 164
81 146
98 143
85 135
86 137
92 136
99 142
92 141
91 154
84 144
84 147
84 145
95 143
90 161
91 158
85 141
82 162
98 162
94 151
91 163
92 161
83 155
87 158
80 161
98 140
93 147
95 155
100 138
90 143
88 145
97 139
86 155
100 164
93 137
82 145
88 163
83 163
83 141
83 146
87 163
85 136
80 162
95 165
84 150
88 162
81 138
83 145
98 164
87 141
91 154
91 165
83 152
87 136
99 147
84 155
89 159
81 148
86 146
86 153
96 150
99 156
94 146
82 140
100 140
97 142
97 158
88 144
98 164
81 164
81 154
100 151
93 143
96 164
92 141
86 149
93 161
82 140
82 136
96 147
92 153
92 162
98 159
85 151
91 145
87 136
91 136
100 141
84 145
99 161
95 153
80 140
85 145
93 152
84 151
86 148
97 151
82 149
92 144
85 164
90 145
90 152
96 147
82 153
82 161
93 141
81 156
83 161
91 154
89 142
81 143
90 143
89 161
91 135
96 150
99 159
86 161
84 139
95 135
100 161
82 138
91 142
81 145
83 155
87 145
86 135
83 150
82 146
84 159
88 148
85 144
83 139
92 151
90 142
91 162
81 144
100 136
93 153
81 150
91 142
84 137
93 147
87 147
95 159
84 136
87 148
84 148
96 145
95 156
100 145
93 153
95 149
91 139
90 164
99 142
97 147
92 146
85 158
80 151
88 163
98 158
87 158
83 158
110 160
100 176
96 187
109 188
104 180
114 170
108 179
109 182
111 183
112 185
99 184
114 161
112 182
100 189
109 186
98 173
102 160
96 163
101 188
95 165
112 160
106 161
105 190
115 176
105 183
100 166
104 176
98 167
109 190
102 178
111 183
112 178
112 187
101 178
105 178
112 166
96 165
111 163
102 188
108 183
102 187
101 167
113 164
114 176
110 174
112 184
109 161
105 186
101 188
106 177
95 163
97 162
103 189
103 169
104 185
103 175
112 189
104 161
95 161
96 161
104 181
97 181
102 161
103 176
100 190
104 172
97 185
97 167
97 178
101 175
105 175
97 189
101 179
112 171
110 176
114 166
106 160
98 185
103 172
104 187
103 172
112 170
99 179
96 183
103 160
109 174
114 167
115 185
100 170
102 177
104 172
95 189
97 177
111 172
107 190
97 166
115 172
104 173
111 160
103 160
108 172
112 173
110 183
107 173
105 169
110 185
98 178
115 160
111 171
109 190
113 176
101 180
106 177
114 183
97 165
101 173
98 165
98 163
112 190
109 187
108 172
101 185
96 171
112 160
111 165
97 162
97 162
103 177
95 182
113 161
105 161
110 173
98 166
101 162
107 160
100 167
99 177
111 171
107 186
113 175
95 169
112 180
101 166
107 185
105 174
100 182
103 166
103 180
112 176
105 173
107 174
105 186
96 181
114 184
110 173
113 173
111 184
110 190
111 166
100 183
109 177
95 161
103 176
106 160
97 166
107 177
106 160
102 178
97 174
97 161
95 176
104 177
107 176
108 165
102 167
104 168
100 172
95 173
113 187
113 188
103 185
104 181
100 182
104 172
95 176
98 160
102 187
107 169
108 189
98 190
115 169
114 185
115 172
111 175
102 179
108 167
115 185
105 163
111 163
107 178
117 211
124 202
112 187
122 213
117 190
121 186
114 186
120 186
115 186
130 204
128 211
113 214
120 208
110 187
119 200
110 193
113 190
116 214
125 201
127 188
120 206
115 215
124 211
127 185
129 199
117 197
113 199
120 213
129 195
128 211
128 200
129 185
117 212
112 208
110 210
129 215
114 211
111 188
126 212
125 201
121 206
116 202
117 191
115 191
111 196
118 191
126 190
127 198
120 190
130 194
127 212
129 195
110 187
129 198
125 200
119 189
121 209
126 193
115 188
130 196
130 201
114 191
123 207
126 203
129 206
122 207
123 186
123 194
116 198
117 214
111 201
114 185
117 209
116 192
127 208
129 193
124 188
120 212
130 186
116 204
110 193
118 193
114 195
113 194
119 192
122 203
114 192
128 185
122 212
111 210
118 210
113 210
126 199
115 204
125 185
119 189
116 201
113 197
125 214
130 201
125 211
119 210
112 204
114 186
116 214
130 215
129 211
123 202
122 193
118 207
116 195
129 198
120 192
130 206
115 198
113 190
115 192
124 195
125 205
130 192
130 188
123 192
130 210
122 188
130 212
125 194
123 203
124 187
120 199
115 209
115 211
121 187
129 209
126 211
129 204
121 214
119 188
125 202
115 213
127 186
112 197
117 214
128 185
126 205
118 206
110 192
116 195
113 200
120 203
125 199
119 194
115 212
115 200
114 195
112 215
124 189
118 205
126 194
129 186
121 215
117 193
128 191
129 199
124 206
124 215
126 191
121 199
130 205
124 196
114 192
110 194
128 203
125 196
121 199
129 206
126 187
121 203
125 201
120 211
125 186
124 193
115 185
114 188
126 201
113 201
122 206
126 186
121 205
127 187
111 207
112 203
130 205
117 214
128 190
130 194
128 201
126 194
123 187
112 188
124 207
131 217
134 221
134 230
134 228
144 212
145 223
129 210
135 232
134 214
128 230
139 239
140 235
125 229
130 225
139 221
132 216
125 227
144 234
139 223
137 237
139 230
137 211
132 215
130 227
130 223
125 231
129 218
130 224
125 219
129 225
130 211
134 215
129 215
135 232
134 219
133 210
137 233
143 226
143 229
136 215
132 217
143 221
128 216
139 219
136 230
137 212
133 221
144 216
127 215
130 211
132 224
138 220
134 210
138 214
136 235
132 231
137 211
133 224
130 232
137 232
143 223
136 238
127 239
138 219
140 211
140 223
135 219
143 229
140 224
126 237
135 240
125 217
133 224
137 218
132 222
133 223
130 231
133 225
128 224
134 230
143 211
140 236
129 233
126 226
144 215
126 225
133 235
133 215
132 221
134 219
145 221
142 224
137 210
133 229
127 231
134 235
142 221
127 239
137 211
144 218
129 234
142 219
142 222
131 234
145 234
138 222
134 233
125 213
136 230
137 214
128 239
135 239
126 224
145 218
138 216
126 228
136 216
132 225
143 217
131 216
129 216
137 210
129 221
135 229
144 234
128 217
144 227
126 239
129 238
136 224
137 230
137 239
132 235
132 219
135 227
142 239
135 211
130 230
144 211
130 219
137 240
144 225
126 230
131 225
140 226
144 227
131 235
132 237
132 235
140 227
132 227
134 213
144 223
131 236
127 240
137 216
143 228
125 224
130 210
143 231
128 232
129 230
128 232
125 214
127 228
128 236
130 213
128 226
126 230
141 238
142 222
140 226
140 231
131 215
127 235
141 214
144 211
136 211
131 216
134 215
130 233
141 234
126 236
134 219
130 226
126 211
137 214
137 236
133 223
125 221
145 233
136 231
137 217
140 223
137 234
128 212
139 224
129 218
141 210
137 232
157 255
157 247
146 242
149 249
141 239
141 263
143 244
155 254
152 241
150 260
152 252
160 244
149 253
157 241
154 235
141 237
159 252
155 244
141 253
158 247
151 250
140 252
148 258
145 241
144 239
141 261
143 261
158 253
140 255
156 265
159 254
160 240
151 246
140 263
154 239
151 257
152 251
154 246
144 245
157 240
150 250
142 236
153 237
144 255
151 245
144 243
150 253
144 235
155 259
149 261
159 240
148 250
147 257
147 262
160 245
159 248
157 264
159 236
156 235
160 252
156 244
155 240
144 238
144 256
160 238
143 260
149 236
145 262
153 235
146 257
151 257
158 237
141 252
153 252
153 259
160 259
153 261
154 260
149 239
152 261
149 235
144 247
143 260
153 256
159 264
142 237
160 248
153 244
152 241
153 251
156 265
152 235
144 243
143 259
142 240
160 250
145 238
147 237
149 238
140 256
155 236
153 256
140 262
152 247
146 260
154 235
157 240
148 252
148 256
150 256
141 259
159 264
149 264
152 259
143 253
142 235
154 238
151 235
158 253
142 264
144 245
143 239
158 261
157 259
158 262
155 244
152 253
142 251
157 237
156 249
143 254
155 243
151 237
148 251
145 256
148 235
144 244
147 247
140 258
145 252
147 251
155 240
149 265
157 251
150 261
143 254
150 245
147 238
143 237
144 235
141 236
155 254
142 237
142 245
140 237
159 242
145 254
144 255
149 265
160 250
151 238
147 243
141 263
157 258
144 265
147 254
151 256
146 241
159 241
154 248
156 244
144 260
145 236
153 248
144 253
148 259
151 264
151 265
146 245
153 259
144 248
150 241
160 253
146 258
143 261
155 263
151 258
156 235
140 242
146 255
158 242
156 247
147 250
157 263
150 238
159 236
147 264
148 250
144 253
160 240
