3000 75028
87 9
77 82
64 8
2 87
55 43
85 39
5 32
4 96
16 49
54 31
56 46
69 91
86 95
4 11
19 78
72 62
68 39
63 6
77 45
91 76
71 82
66 81
43 51
77 42
41 70
92 36
84 73
46 47
54 59
30 88
49 56
40 19
58 69
64 15
41 5
12 63
49 53
97 89
67 58
64 54
50 71
75 55
85 44
87 65
78 66
55 73
11 27
98 56
18 78
87 23
88 83
40 11
5 3
31 85
16 52
45 25
22 20
51 76
42 71
75 79
32 15
91 78
66 97
89 83
54 44
58 54
100 97
54 49
54 42
19 55
70 2
55 12
93 61
6 97
93 28
22 78
60 69
3 6
19 34
29 98
90 29
7 68
20 8
94 83
89 53
87 11
90 7
10 72
38 87
32 29
36 2
69 1
74 58
53 51
58 36
79 2
10 4
9 32
33 2
63 97
79 38
2 3
17 60
23 51
59 99
61 39
97 80
70 19
64 45
15 65
51 16
5 25
73 33
70 75
98 7
61 85
57 85
87 14
22 8
46 23
70 94
57 10
66 24
43 52
9 60
23 11
22 5
18 15
84 42
6 6
32 63
14 32
59 60
100 22
37 82
17 58
61 60
33 61
86 28
24 56
99 26
88 43
80 80
72 58
58 69
29 39
84 94
66 53
67 4
6 1
63 76
37 97
14 62
28 51
31 100
75 21
51 61
4 4
44 87
86 54
9 61
76 49
99 85
19 20
27 22
87 18
35 29
87 34
71 31
73 56
62 89
70 56
12 50
41 21
93 65
69 18
69 59
76 10
86 71
36 62
33 10
48 98
24 10
47 24
76 100
54 10
21 44
78 12
58 65
64 83
15 65
18 26
91 31
65 2
37 97
18 53
52 71
23 26
4 86
22 1
47 33
18 26
43 8
59 83
10 46
87 72
79 52
79 56
15 81
17 22
66 69
47 43
16 71
89 79
93 66
43 70
94 40
65 61
20 33
3 4
81 43
86 98
21 81
71 26
51 51
9 78
40 30
2 21
83 55
96 67
75 22
82 87
13 44
18 29
92 21
22 90
4 53
70 73
52 97
18 85
38 46
69 66
17 27
54 69
57 44
61 44
96 90
3 83
26 57
68 23
5 38
58 51
53 20
77 19
80 76
3 22
37 48
20 57
56 94
20 2
15 75
31 15
1 40
27 19
100 96
92 61
100 8
3 100
13 33
52 56
73 84
51 30
20 21
89 63
56 98
29 64
49 58
51 88
31 98
26 14
18 10
87 36
35 65
23 81
64 6
15 92
25 2
52 53
34 49
81 95
71 6
48 23
63 62
23 45
26 93
62 9
66 57
25 100
64 8
79 41
28 56
88 43
81 71
100 28
28 57
36 68
28 44
29 15
38 7
10 41
54 28
8 16
48 28
41 92
30 48
63 85
55 84
54 1
15 37
88 84
86 48
37 94
87 58
48 9
60 39
12 51
9 69
25 47
36 2
25 28
55 88
16 9
64 70
35 58
15 37
92 27
22 77
94 80
20 41
60 36
3 72
25 20
67 3
2 52
65 12
96 51
65 36
19 47
1 51
79 25
58 82
39 98
15 18
44 39
86 58
26 8
55 41
47 26
51 55
43 43
23 5
5 42
58 3
86 75
92 51
24 39
29 53
65 79
17 70
48 45
24 14
71 94
25 64
42 17
72 45
41 27
89 19
36 80
12 73
42 21
66 56
69 6
80 71
81 74
65 45
17 28
6 81
19 37
15 6
8 87
13 31
37 10
65 28
22 34
75 36
8 30
45 24
3 88
72 9
61 46
3 84
48 74
31 39
79 48
41 42
55 83
19 74
30 60
90 14
30 99
23 81
56 70
51 4
2 3
88 95
15 100
70 30
45 27
85 37
85 87
5 14
98 19
73 49
69 93
19 52
47 84
76 75
16 28
2 24
99 83
28 73
56 7
46 8
11 63
34 54
39 50
65 45
52 80
68 9
54 10
34 78
42 41
61 31
84 81
95 43
48 25
50 33
64 25
45 4
34 69
100 63
49 17
31 39
73 11
17 61
2 91
71 47
44 35
69 70
24 70
94 69
96 94
79 28
40 77
6 56
12 34
78 26
70 52
16 13
97 86
76 61
49 90
38 79
36 44
84 22
32 73
36 68
33 54
47 97
80 71
66 74
47 12
80 39
49 13
71 22
48 52
2 55
93 20
91 38
70 76
17 89
84 7
17 69
95 69
75 83
23 24
59 2
4 60
44 75
26 14
52 97
19 87
26 55
89 75
55 30
9 76
72 48
42 50
93 82
71 96
21 20
10 7
17 7
52 11
58 71
87 81
99 14
11 25
79 100
89 51
80 100
47 41
24 57
49 68
94 9
51 91
71 43
52 10
54 2
14 17
77 75
6 99
85 56
2 29
46 73
91 85
62 56
70 20
32 34
6 37
40 68
4 6
15 96
8 74
55 68
25 66
46 54
53 81
35 43
76 6
93 31
67 94
23 98
16 88
15 14
16 6
18 30
37 56
19 67
72 32
50 25
47 41
29 30
86 80
100 21
26 54
76 64
61 76
47 26
7 98
66 65
86 93
62 55
32 60
93 66
16 22
56 77
90 72
68 2
91 19
66 29
12 32
9 13
88 26
80 71
23 26
55 83
97 53
11 33
73 49
20 84
60 57
19 41
100 65
98 36
18 61
26 18
73 100
30 88
72 43
80 49
47 52
10 35
41 3
78 63
54 53
9 76
34 40
44 24
28 77
76 10
9 4
40 60
84 22
48 29
71 83
58 99
2 11
67 35
68 84
26 11
39 70
79 40
44 3
38 34
76 76
13 15
63 3
1 27
94 2
87 98
32 27
40 54
96 84
24 81
69 68
49 36
32 56
54 59
44 11
60 84
29 69
52 14
51 95
64 42
51 94
21 77
73 93
52 56
39 63
92 76
77 66
77 84
23 15
72 20
15 69
50 42
36 34
29 72
50 20
29 36
15 21
81 46
20 41
62 4
5 78
41 8
63 40
88 85
94 67
6 50
99 68
75 87
10 16
1 15
90 28
60 9
21 43
63 20
64 65
12 6
6 95
92 82
88 89
28 62
64 2
54 10
30 3
51 35
83 81
79 23
32 22
49 1
12 20
3 14
63 4
68 98
43 22
25 95
7 82
89 40
82 97
6 2
63 78
91 12
6 16
52 5
3 72
79 58
66 77
66 88
90 63
72 71
9 70
29 4
51 32
72 23
83 13
80 87
75 9
17 45
11 9
6 31
17 97
22 28
60 44
79 52
41 77
3 17
55 47
47 59
43 8
37 43
4 60
5 85
79 6
10 75
8 90
81 77
40 32
74 66
98 65
29 47
97 88
7 86
9 2
47 72
30 8
91 66
79 58
56 68
59 10
89 18
61 98
76 6
62 97
21 94
6 9
54 74
75 10
61 55
100 32
17 70
97 49
56 43
73 54
27 6
17 17
80 95
60 35
56 100
5 12
9 51
36 98
1 52
15 36
44 99
100 23
97 95
87 64
78 32
52 62
45 25
18 49
65 12
72 82
79 45
37 5
78 91
32 70
63 66
38 97
83 1
79 35
86 98
38 95
3 41
12 3
54 11
82 87
23 89
61 63
39 99
32 39
96 60
39 50
98 26
92 11
90 24
94 72
30 26
67 55
98 86
26 51
84 55
62 97
98 32
14 51
98 53
27 74
97 21
60 70
64 71
80 73
90 57
1 68
69 68
92 49
64 22
75 30
25 35
87 11
35 44
63 33
18 1
83 56
54 34
15 79
26 66
43 9
61 50
55 43
62 15
58 35
32 93
97 69
71 83
29 77
11 72
68 87
55 50
7 44
79 57
70 20
38 68
20 65
22 39
59 87
63 13
86 13
33 69
87 47
72 75
67 12
2 32
41 75
1 19
55 17
7 53
26 36
49 26
19 55
32 79
10 40
76 41
64 71
7 61
46 24
44 47
69 84
65 62
51 49
27 27
95 18
72 20
65 94
66 82
94 59
23 81
28 94
79 23
7 49
67 93
2 97
25 12
68 24
94 23
26 31
74 40
100 76
3 66
22 17
19 82
87 44
32 57
46 22
2 67
90 69
44 97
97 65
58 52
8 59
47 13
36 78
55 28
71 33
100 23
20 10
64 43
74 55
48 55
94 65
32 55
66 99
47 13
57 67
33 22
40 35
34 49
6 14
91 62
36 66
79 30
61 43
74 62
62 38
7 65
75 28
51 6
2 61
24 44
60 9
61 71
22 57
96 38
15 99
92 41
47 61
87 60
7 83
73 67
86 66
100 99
4 22
51 65
98 11
60 40
83 86
37 45
93 40
40 51
80 7
81 5
70 81
40 49
54 18
32 18
98 65
81 97
82 76
99 78
4 41
42 84
12 48
25 97
89 22
26 46
69 37
35 34
64 57
75 71
7 100
49 23
27 69
11 73
99 87
24 79
70 12
33 24
13 75
15 51
24 75
92 81
95 8
94 7
83 82
100 25
25 76
33 46
80 22
58 51
31 75
35 62
51 87
94 23
12 10
39 60
20 20
80 98
74 45
83 77
6 68
32 44
84 51
32 88
42 17
82 89
8 18
64 80
67 12
20 92
30 83
42 38
63 73
24 90
35 96
97 6
75 66
11 72
29 3
7 87
21 22
12 78
41 100
71 60
5 100
4 61
62 19
76 71
83 58
87 63
59 99
89 77
18 59
94 49
72 64
12 27
27 37
79 33
75 6
93 1
50 25
4 40
35 90
12 49
79 29
21 86
9 54
5 95
84 57
89 56
11 33
4 30
100 33
4 33
26 90
5 84
7 93
39 60
80 55
42 3
25 75
90 5
30 79
43 33
83 54
53 95
54 11
10 90
32 27
80 68
54 42
33 51
35 8
88 32
45 51
65 36
61 17
5 4
69 82
44 73
93 12
80 15
99 54
45 96
83 99
24 95
49 80
41 91
15 55
28 86
82 45
39 81
70 90
11 24
33 13
52 95
16 70
38 75
13 37
47 96
17 42
67 78
79 99
3 49
6 9
75 1
67 37
66 25
31 5
36 18
61 49
76 68
67 84
59 55
20 63
49 82
35 49
20 94
89 25
49 3
99 79
71 69
39 83
68 21
33 44
72 47
20 15
48 13
9 21
84 3
46 61
78 15
50 81
77 11
32 63
56 89
3 11
99 51
73 66
86 67
86 21
86 66
61 34
52 4
96 20
32 97
100 38
30 69
51 42
40 14
30 23
49 21
62 82
69 58
69 93
47 78
92 56
40 59
46 42
52 29
23 62
44 54
81 43
73 42
20 64
13 57
80 82
74 27
63 60
4 99
59 45
48 80
89 17
19 79
99 83
37 36
2 27
50 72
66 56
4 68
41 85
48 31
5 40
55 19
68 40
73 84
1 96
59 47
12 95
98 89
62 75
86 56
41 43
43 69
10 49
60 58
7 78
89 82
34 36
69 37
45 81
44 81
16 16
85 49
15 11
66 50
21 84
16 37
67 74
39 92
72 56
7 58
86 74
76 48
61 76
5 65
100 83
13 23
15 11
11 77
11 12
76 38
48 84
51 54
70 58
58 32
63 63
76 35
98 14
48 99
96 23
42 46
91 79
63 90
79 94
5 89
28 92
99 29
73 77
94 65
37 72
44 84
53 22
74 97
19 83
13 50
30 61
18 66
26 72
44 24
80 42
88 35
72 61
27 78
38 40
41 18
84 9
100 3
69 5
82 74
99 1
16 79
75 71
90 31
79 69
53 16
94 71
58 60
4 97
66 99
4 76
40 68
9 82
56 97
66 17
79 17
20 98
95 77
48 82
97 22
91 100
27 75
84 56
62 12
6 52
74 96
2 82
41 13
73 50
22 38
74 38
24 2
38 16
1 9
13 32
16 36
53 24
58 54
25 47
56 20
76 52
28 22
48 40
36 85
35 19
65 56
15 1
55 16
11 84
62 34
3 37
1 36
41 61
87 45
62 47
98 12
60 40
16 80
90 76
84 41
37 17
64 14
7 42
74 85
16 22
71 25
41 20
20 97
29 78
66 67
28 69
4 81
45 88
75 60
39 17
80 58
91 67
5 18
86 26
1 50
19 3
88 14
2 37
11 63
74 58
15 36
8 27
85 49
30 15
97 2
69 89
67 84
12 15
27 82
92 68
79 88
98 6
85 39
99 37
26 35
2 5
26 5
81 67
46 45
100 64
71 84
77 2
42 82
76 1
62 79
42 31
46 3
2 93
95 20
56 18
75 2
10 55
15 44
12 3
39 21
63 45
32 43
57 4
75 12
58 25
1 23
5 99
55 82
85 62
3 35
32 69
86 18
28 91
64 35
83 62
79 6
35 18
12 16
20 87
62 70
73 94
14 70
59 25
74 38
8 89
14 42
1 40
69 43
28 85
64 94
60 63
90 81
95 36
16 19
16 92
52 12
68 41
21 43
59 94
52 2
75 29
42 14
89 20
3 20
6 48
24 81
81 25
92 18
35 48
53 12
5 87
59 94
66 81
63 63
85 31
25 21
28 4
37 22
46 15
7 40
100 15
5 29
48 21
94 3
72 47
16 64
45 14
40 88
88 6
55 59
91 89
62 35
97 72
32 60
64 54
2 20
55 93
97 30
45 37
41 40
49 93
1 75
99 33
66 73
63 38
83 16
42 45
42 93
19 37
87 59
48 33
18 4
91 88
47 5
63 6
63 34
62 68
60 19
2 73
49 74
14 78
44 14
11 60
10 49
75 73
26 65
63 20
81 65
22 94
7 8
21 57
22 87
7 83
20 41
87 11
21 72
54 56
29 56
14 64
25 93
67 66
13 48
94 96
58 53
60 52
57 53
72 39
21 20
16 71
73 63
22 45
29 100
68 76
32 4
39 1
95 1
57 68
53 72
75 17
31 13
12 80
48 73
52 99
70 14
19 14
91 10
91 37
72 21
71 17
56 100
48 13
37 82
69 48
42 60
46 87
80 51
98 64
17 77
100 22
65 87
41 91
21 66
93 86
9 67
4 21
83 38
3 67
13 40
88 10
29 35
95 53
99 41
28 60
98 51
68 6
46 25
88 12
10 42
70 45
10 80
66 93
17 10
47 14
86 92
58 21
44 52
65 43
7 85
61 28
16 64
71 71
1 18
89 82
16 56
61 36
92 2
50 46
63 54
56 42
37 7
44 89
50 46
35 47
71 48
48 48
55 52
69 72
87 60
64 45
38 68
97 91
29 37
54 77
95 4
66 29
64 98
38 55
30 23
70 82
98 34
98 38
93 52
51 4
86 19
60 59
11 39
77 21
9 4
26 45
85 14
98 10
69 85
34 11
84 8
91 32
81 58
38 11
59 55
68 69
2 7
48 22
16 60
82 44
54 51
10 15
48 24
17 48
47 70
29 98
38 81
97 55
26 35
30 32
47 58
11 54
89 42
57 49
40 26
50 46
82 93
24 91
99 7
2 77
57 1
82 67
93 60
90 58
20 29
3 66
9 27
21 36
51 39
24 38
54 79
4 89
33 52
53 54
72 88
31 73
82 51
9 68
27 28
59 37
91 99
73 37
22 90
31 93
82 37
13 67
80 38
63 81
36 9
78 96
65 9
44 9
60 62
9 20
85 19
31 43
11 85
93 97
3 78
13 24
16 34
56 8
68 64
100 37
61 61
39 52
31 10
94 63
48 71
9 89
52 99
38 22
82 25
25 41
20 14
15 14
37 7
100 51
77 94
24 16
29 98
93 3
68 76
40 12
1 22
4 94
70 54
64 59
97 90
24 31
76 34
64 75
32 38
96 97
16 12
92 50
34 100
46 73
85 12
33 71
6 61
88 62
22 92
39 37
13 2
42 5
53 50
1 9
93 7
30 96
25 76
21 56
22 98
92 51
13 67
75 71
95 97
34 72
38 29
43 38
58 54
65 62
59 65
89 91
60 11
74 76
32 92
46 62
71 100
16 3
78 84
76 60
55 65
100 75
15 48
19 18
93 31
67 50
20 78
85 89
48 45
44 53
5 97
22 94
87 56
69 15
96 64
81 4
3 87
85 45
76 41
12 40
49 58
34 57
100 83
61 20
59 84
83 26
6 82
29 83
50 29
83 65
56 94
4 45
34 92
22 42
23 62
26 74
41 91
42 92
10 15
88 87
85 44
67 11
9 80
71 51
87 25
56 95
3 6
89 63
92 39
30 99
100 55
93 97
15 55
51 89
53 68
73 39
33 14
10 49
53 21
34 94
44 66
61 15
38 90
78 57
82 8
12 4
55 82
22 50
53 95
17 96
62 36
89 90
35 58
22 67
11 93
21 35
78 61
65 98
10 49
69 100
95 96
61 3
61 48
9 51
64 43
65 67
34 89
48 9
74 16
38 61
82 2
18 33
98 27
19 44
47 89
80 86
82 47
53 22
53 35
34 93
69 18
14 22
74 82
3 27
36 40
84 74
24 61
65 1
48 72
85 10
33 52
94 19
45 64
46 51
3 69
60 7
62 17
88 9
8 67
36 84
25 22
89 68
5 16
23 100
59 63
51 56
54 86
40 9
3 78
6 72
25 1
24 47
20 46
98 35
26 73
7 85
33 60
1 86
71 85
32 83
85 95
55 88
26 2
82 10
100 38
80 22
41 68
14 55
67 83
100 34
49 38
91 56
40 54
5 6
65 55
50 16
7 61
18 40
41 77
61 38
76 64
65 77
84 36
47 9
14 63
62 9
53 93
98 23
62 94
75 30
30 57
47 40
29 17
55 58
80 49
81 55
34 32
20 17
94 61
52 14
72 50
94 50
94 69
11 3
98 55
59 75
61 19
4 68
28 67
1 95
64 57
3 30
18 23
48 93
1 38
83 38
9 1
53 82
33 12
22 46
27 63
62 68
68 85
8 80
68 26
47 85
88 86
53 57
19 1
81 98
4 22
90 3
74 47
49 42
52 5
71 54
7 16
12 75
26 73
35 82
65 21
89 29
89 63
34 96
88 21
90 52
68 33
48 73
94 86
100 44
70 18
73 48
61 11
37 54
80 27
80 88
36 39
67 64
32 96
54 91
99 61
87 69
95 93
72 60
36 10
46 98
94 65
94 78
10 24
19 37
80 11
26 97
59 65
21 74
59 92
47 38
10 25
78 76
46 10
55 10
78 71
15 80
27 10
90 33
4 33
58 88
70 73
39 23
24 52
53 68
44 14
22 64
92 37
90 6
45 75
79 98
87 55
90 39
72 27
96 79
60 27
52 38
21 75
19 44
72 63
31 18
17 81
33 39
61 93
62 90
39 1
38 15
77 21
66 10
79 47
80 54
23 97
48 19
70 28
99 100
53 39
65 41
72 64
44 27
54 99
69 90
22 76
92 53
58 29
45 3
88 31
18 7
48 92
60 57
36 50
19 54
43 74
4 30
3 92
3 18
65 72
42 44
40 84
41 92
59 53
70 31
72 97
33 2
18 1
93 77
31 1
22 39
57 17
55 16
17 17
62 15
23 6
90 93
6 20
80 86
34 95
93 2
49 92
82 86
52 59
36 94
52 91
46 84
39 23
7 34
48 54
4 46
100 78
39 37
96 90
58 82
9 19
20 38
42 83
78 20
12 14
25 36
99 10
21 31
79 3
67 27
34 97
1 60
56 71
39 68
32 45
41 65
83 70
81 89
22 2
87 80
68 82
26 44
32 63
7 56
84 77
32 68
62 54
83 6
70 5
9 43
92 88
78 23
28 80
33 22
7 94
92 94
57 9
57 56
64 76
35 64
23 82
97 24
87 23
78 52
88 92
19 68
19 68
70 61
51 8
92 21
8 40
18 41
69 64
40 54
76 96
52 92
71 22
37 49
34 50
92 78
46 43
77 37
22 52
25 75
10 10
28 46
16 68
18 71
85 1
79 95
53 34
7 34
28 18
39 56
37 37
15 61
9 75
55 56
36 21
11 34
98 28
44 12
29 74
67 43
35 18
56 22
70 34
57 39
93 22
56 83
48 68
90 65
32 71
69 19
14 39
41 33
49 16
82 58
59 3
33 68
12 52
63 88
91 53
39 21
53 95
27 89
5 82
14 70
33 96
93 54
24 55
31 23
88 18
4 29
49 65
22 35
60 50
18 99
78 25
4 71
73 33
77 92
93 87
5 56
46 62
58 25
97 88
46 30
91 82
7 42
78 97
3 85
21 29
20 50
41 58
26 23
99 90
98 39
39 44
31 86
90 44
62 99
13 60
77 61
18 79
13 25
50 47
77 28
31 75
79 71
80 50
55 59
55 14
24 37
11 14
52 76
33 13
60 1
97 5
24 47
18 42
26 53
26 31
39 22
46 54
66 40
64 45
96 44
15 78
2 88
26 81
4 74
15 38
91 92
32 86
32 16
3 16
81 33
60 95
85 42
11 3
91 45
92 1
18 69
14 33
2 14
69 44
47 45
61 67
18 100
22 91
31 60
95 4
47 74
69 82
92 58
64 13
32 26
87 53
79 43
85 65
65 33
82 68
51 55
7 24
14 53
35 22
61 92
46 85
46 17
46 33
57 40
37 13
89 85
26 8
2 45
90 99
94 3
100 41
3 65
63 2
21 84
33 24
10 5
67 9
53 57
1 14
31 73
36 82
88 66
9 15
72 99
4 50
42 82
22 5
10 26
7 35
56 26
70 17
5 71
2 42
67 1
61 10
90 54
55 86
38 17
91 50
97 36
83 19
43 91
51 100
46 72
63 26
83 75
55 29
82 34
87 32
7 42
12 6
22 65
46 60
72 73
93 15
49 9
13 6
66 19
10 34
72 40
22 45
32 50
76 63
75 38
98 3
88 72
16 92
5 88
25 41
58 93
1 23
7 11
100 35
51 74
52 83
63 60
85 100
58 63
44 45
71 31
65 56
7 51
44 48
62 15
78 23
36 62
11 24
42 28
1 33
72 57
13 20
74 77
3 59
40 82
100 14
1 61
27 5
67 57
57 100
51 45
25 2
57 74
58 56
24 36
59 99
61 90
38 48
43 98
71 52
33 92
65 81
87 59
39 94
60 28
48 74
68 16
95 41
10 97
62 96
47 73
82 5
74 67
73 1
84 15
66 100
72 67
36 27
92 4
91 75
92 26
43 49
15 76
100 51
52 56
38 64
58 49
12 45
28 63
52 47
34 48
60 54
68 27
20 6
99 48
27 54
68 79
18 15
73 46
29 27
79 62
20 19
10 84
5 28
92 19
46 98
70 27
15 85
33 25
61 31
5 60
25 2
55 31
71 87
24 53
6 38
61 2
34 1
70 82
88 64
37 47
3 29
47 18
5 25
75 86
97 17
31 30
94 17
15 83
4 76
22 95
93 45
75 94
84 78
97 72
18 64
29 76
18 51
84 1
61 52
79 33
89 12
37 53
33 63
11 98
13 57
91 100
71 100
98 58
60 33
58 63
34 56
14 13
57 32
38 81
88 98
53 100
21 62
33 14
19 83
76 37
55 61
64 79
2 30
38 38
12 50
19 94
18 65
30 52
2 46
30 16
8 84
42 57
19 21
92 98
53 54
31 29
34 97
75 5
28 86
45 81
85 20
13 94
59 93
41 3
51 26
98 43
45 3
23 87
31 8
64 37
98 24
37 68
79 15
99 5
26 58
90 16
69 50
95 22
19 68
70 95
24 90
78 51
64 51
94 62
22 49
68 57
24 90
55 97
42 61
3 28
100 78
26 80
16 21
10 22
18 35
18 98
7 16
63 37
40 36
89 76
78 73
89 59
25 95
56 87
39 16
50 52
45 54
7 65
44 74
16 21
28 60
20 15
93 72
43 62
13 76
14 72
10 18
89 17
69 68
52 31
43 44
20 97
29 10
10 16
29 71
47 96
27 65
35 38
61 32
18 1
76 13
90 56
58 59
100 8
97 94
96 74
2 59
93 48
54 91
97 84
8 68
34 50
68 98
53 91
76 63
33 25
66 62
86 81
73 42
86 82
89 11
15 37
5 30
69 72
77 53
85 100
67 68
55 17
20 38
27 51
73 17
47 2
68 7
82 28
46 9
64 100
78 53
99 20
9 47
83 43
96 55
16 67
16 44
63 5
68 9
44 7
47 29
86 23
81 39
19 22
71 4
21 49
34 59
28 33
89 72
62 63
12 85
56 39
16 31
83 74
34 90
88 100
29 75
54 48
22 79
27 36
69 47
51 83
25 7
77 46
33 26
72 61
45 64
1 21
87 65
12 72
96 79
33 46
49 94
76 17
52 67
72 49
96 17
37 77
99 34
84 89
98 91
62 18
91 79
13 74
97 43
25 20
53 25
77 69
78 67
74 3
3 56
46 14
24 85
80 62
75 11
8 62
51 75
19 74
8 35
37 91
82 97
3 13
70 36
31 43
30 82
73 55
2 91
25 98
9 83
52 24
9 38
6 26
65 93
51 17
18 99
13 35
75 36
70 75
90 56
4 55
43 77
44 11
2 68
18 13
75 25
76 30
26 27
26 99
94 55
85 61
14 89
27 51
88 25
35 25
57 93
69 58
7 31
10 36
94 8
67 13
13 59
54 45
72 90
78 4
4 13
90 88
90 90
31 1
11 14
31 45
34 55
54 90
75 8
87 74
71 55
49 32
62 3
48 33
26 30
7 57
33 45
92 70
34 59
72 69
78 46
42 52
40 79
37 76
52 87
33 86
3 41
64 97
38 30
75 30
93 52
42 43
64 70
35 42
72 43
74 83
17 38
57 49
79 25
91 97
44 22
2 31
92 28
57 24
1 63
69 9
16 80
33 7
60 79
49 90
4 27
90 24
42 41
96 5
26 52
93 79
80 90
28 44
9 28
18 72
2 25
53 31
59 66
17 94
39 72
82 60
43 29
56 62
38 8
73 53
98 58
33 29
26 35
89 38
42 52
27 97
10 46
57 83
59 55
21 76
57 72
15 81
10 100
98 65
62 38
35 3
43 95
41 79
15 46
51 22
58 50
68 70
55 5
68 15
37 16
94 76
49 74
79 44
49 89
39 81
3 48
46 99
23 61
29 82
87 36
64 12
7 30
96 81
72 46
65 84
68 57
28 70
31 16
78 8
26 34
92 5
64 62
68 80
85 84
78 59
70 54
42 85
46 80
24 58
62 52
34 95
69 85
10 77
64 90
17 74
100 10
66 89
15 24
23 70
46 22
1 59
38 34
52 51
48 91
10 79
69 86
15 99
37 100
51 54
44 58
14 33
43 58
8 19
33 65
79 93
37 29
54 18
20 30
34 9
30 75
33 81
67 55
98 59
43 57
30 45
15 32
94 18
96 85
81 55
16 88
93 7
81 65
54 73
45 9
80 56
15 3
65 95
46 6
51 3
15 48
90 64
17 87
9 57
49 82
1 51
87 50
85 63
55 68
59 79
19 71
36 42
91 11
85 25
33 1
85 19
15 21
99 84
79 37
62 6
79 91
94 76
54 64
11 55
99 100
50 72
90 62
13 2
14 18
88 68
16 56
29 17
77 31
84 43
37 26
25 64
84 45
24 27
61 26
90 65
34 57
79 48
25 58
24 67
16 73
10 10
