2000 49297
79 6
98 51
68 47
18 45
12 1851
73 57
71 18
73 99
94 9
95 7
38 93
39 85
57 69
59 37
31 14
38 12
40 40
99 46
62 39
29 6
89 93
43 81
71 88
19 974
50 86
3 49
13 20
84 83
51 1
100 100
37 86
81 7
97 3
56 32
50 3
19 98
29 89
21 20
43 49
74 49
15 27
8 1241
64 85
23 47
38 30
47 50
60 58
77 69
45 95
8 754
58 74
6 663
6 1647
28 13
56 13
69 15
82 61
68 84
52 49
32 62
67 36
40 35
65 20
15 90
96 18
14 22
33 39
76 58
86 93
27 87
1 58
53 19
6 80
65 42
3 1568
44 9
12 660
35 75
72 29
7 85
60 75
29 54
44 75
27 4
57 66
100 87
95 18
38 78
67 23
99 18
22 39
86 58
38 4
86 10
19 1109
85 22
99 31
18 1871
12 31
37 24
11 24
13 89
89 94
69 55
29 82
63 63
12 63
91 73
49 38
83 43
97 9
8 12
64 96
93 84
86 67
20 61
92 22
81 84
9 90
10 44
79 54
30 81
95 53
68 57
67 90
47 99
53 30
18 73
31 36
64 61
54 48
93 59
28 1
94 41
61 13
56 82
56 56
24 27
46 54
57 45
59 21
95 63
64 56
22 16
87 98
50 75
93 28
4 906
3 1666
2 695
39 15
12 63
35 97
34 67
79 20
1 39
80 18
83 49
70 11
62 53
99 9
75 58
6 63
26 9
68 50
18 1072
34 43
76 5
42 5
79 96
32 49
52 25
25 10
47 57
25 92
11 59
48 31
4 1747
40 30
29 40
22 87
79 44
40 55
56 36
7 521
71 74
8 74
95 79
5 22
78 36
56 83
3 83
4 45
13 97
81 43
72 94
31 23
14 85
47 51
25 79
44 33
78 51
28 3
69 42
24 59
53 46
31 53
72 41
73 64
23 82
52 33
94 3
1 25
44 87
1 38
16 38
14 12
9 63
10 17
70 85
38 98
17 51
73 67
41 42
29 48
5 62
64 87
60 22
70 98
10 89
36 53
13 30
39 92
63 7
3 1263
63 50
67 53
16 28
86 43
40 16
38 9
89 27
33 70
90 33
5 1425
86 7
5 70
97 24
18 546
14 38
67 60
83 18
30 41
91 79
75 11
10 88
95 40
39 98
69 61
64 89
100 38
56 65
28 71
39 29
19 72
13 46
53 31
85 24
80 73
38 73
76 91
19 581
26 99
9 61
6 65
10 63
46 19
62 86
6 38
91 40
27 76
72 97
25 57
56 16
62 75
51 68
17 55
20 1334
89 17
86 67
71 55
41 54
41 32
51 25
79 83
11 3
15 22
31 13
48 26
94 94
20 37
23 16
62 74
97 35
83 28
19 90
6 49
28 47
80 75
12 86
18 86
6 50
83 34
42 42
13 65
45 9
93 61
29 71
11 833
33 77
66 38
75 32
25 83
59 69
77 56
2 1731
21 71
91 29
85 29
68 96
36 22
4 17
91 63
97 47
1 3
73 91
15 36
6 51
53 37
94 63
17 88
1 1725
51 64
52 21
64 15
15 81
48 81
8 76
95 51
99 7
92 4
61 88
25 90
17 86
71 56
1 46
71 2
91 78
43 26
56 82
59 73
78 48
59 98
1 88
74 46
11 100
25 78
88 34
69 50
77 66
33 96
85 89
99 39
35 59
15 1819
62 53
49 39
35 42
21 80
44 42
86 100
64 84
56 29
10 90
32 69
78 37
63 87
3 23
68 14
5 12
58 4
78 87
83 11
68 2
78 26
8 57
31 53
3 55
96 90
99 55
79 20
80 37
35 43
77 58
15 47
23 4
90 62
11 613
57 46
62 42
10 79
13 1045
78 25
6 1261
4 86
9 45
42 43
66 72
11 19
62 57
70 36
20 23
39 95
52 46
40 76
17 72
60 54
70 28
71 26
7 95
68 34
1 97
86 31
2 77
30 6
52 78
76 80
71 67
67 15
33 77
33 8
76 45
26 74
10 84
93 51
29 59
18 81
86 46
94 83
81 99
47 54
64 18
100 21
38 48
67 15
39 48
6 71
78 69
8 28
76 96
1 591
27 61
76 92
22 46
81 89
57 97
25 75
56 69
28 15
43 41
40 97
60 75
71 85
66 70
21 58
63 35
94 81
90 38
100 32
40 63
70 37
47 85
55 32
22 9
84 84
21 98
60 9
89 54
51 18
20 36
16 49
86 81
98 48
43 92
59 78
78 37
100 40
84 52
34 57
27 55
78 92
73 53
38 29
48 76
90 75
2 1330
62 62
36 55
47 28
62 94
75 69
69 16
60 78
29 52
90 24
95 62
1 49
49 32
20 636
2 1773
20 19
50 16
89 99
18 67
92 59
47 28
95 55
43 99
82 79
80 11
69 5
60 22
5 63
58 85
59 97
94 37
15 74
21 58
29 43
14 1
34 3
55 11
34 16
93 81
35 62
23 92
87 42
36 63
23 75
21 8
38 81
43 94
22 75
12 1721
12 12
13 34
25 58
6 66
8 84
19 886
38 76
28 40
11 1524
94 90
86 24
76 5
87 79
52 97
48 14
68 21
17 50
81 17
74 84
50 65
73 49
9 97
72 8
11 90
96 59
47 83
31 49
85 91
89 28
52 76
63 21
52 91
16 9
39 78
9 56
75 44
96 17
46 83
3 83
65 25
39 24
40 6
92 29
78 2
91 54
39 95
97 23
60 55
71 11
14 1871
9 72
95 59
78 54
33 79
5 100
25 13
79 13
87 100
10 3
19 40
90 75
24 76
70 30
57 35
62 5
78 37
32 78
15 754
76 71
86 60
73 46
66 95
6 812
16 27
43 48
19 23
6 21
39 70
78 77
76 83
9 27
39 48
14 758
38 81
23 79
12 871
63 45
53 91
64 43
24 99
71 83
5 70
47 26
92 64
14 4
60 31
21 1
6 1851
68 4
96 23
82 93
93 1
62 17
58 10
8 27
56 65
76 84
66 99
95 86
6 12
93 81
55 65
44 60
15 25
44 97
66 90
92 68
6 93
70 80
8 63
29 43
92 62
12 32
75 69
4 720
25 35
34 51
55 78
21 68
54 54
3 52
54 13
46 54
16 69
63 22
5 33
71 85
91 57
22 31
17 22
6 1143
15 64
23 86
91 79
29 88
67 34
8 68
72 56
72 26
77 100
31 18
53 21
68 13
95 1
79 89
50 90
71 35
13 39
56 67
44 55
18 44
58 19
97 67
15 49
73 39
20 1977
19 81
96 75
2 96
41 64
64 96
97 15
7 27
87 34
87 94
87 66
53 19
94 13
58 73
24 45
10 1078
41 42
28 65
89 25
35 42
7 5
90 14
5 29
71 95
45 33
48 83
88 38
55 3
97 1
15 1158
27 93
8 92
72 19
74 67
20 1334
64 82
38 62
57 53
70 60
24 47
95 98
56 25
76 66
40 11
14 98
51 62
61 22
54 39
79 78
49 98
40 81
85 82
38 12
44 61
7 28
34 96
44 95
94 65
88 98
40 95
47 2
67 90
99 38
18 72
40 56
7 76
82 53
29 69
15 28
51 12
52 68
61 26
7 89
79 33
100 36
72 86
82 46
12 9
77 76
60 23
60 7
16 56
96 56
49 70
11 68
2 83
34 65
54 62
47 99
22 62
45 8
93 52
88 51
43 45
62 24
79 58
1 20
43 28
8 78
2 827
46 40
11 45
27 77
52 28
90 29
78 12
75 65
5 1957
89 72
51 40
82 48
48 78
18 48
29 3
48 47
80 15
82 37
82 63
86 77
28 35
55 24
30 36
72 39
94 26
25 81
33 62
24 35
77 100
28 89
31 13
44 99
73 80
94 9
22 75
76 59
35 38
100 38
50 23
57 11
88 62
52 15
38 59
88 91
69 62
18 13
87 90
19 1082
99 50
68 52
85 56
78 36
74 76
67 92
49 74
67 53
91 72
33 87
91 88
19 23
60 76
73 52
14 74
32 7
12 701
36 100
59 66
52 97
87 90
8 40
8 60
74 51
59 54
97 70
2 1959
79 67
66 34
100 30
79 95
64 35
19 82
15 50
93 71
93 9
81 93
41 96
7 833
23 16
26 83
53 100
42 39
85 10
78 51
55 12
69 16
95 11
42 63
27 33
47 59
80 52
87 73
6 18
6 2
45 26
55 39
18 95
76 45
20 73
69 76
6 39
84 7
88 9
5 596
28 29
32 17
53 85
69 25
42 30
75 100
46 59
47 29
16 38
30 68
24 80
23 1
50 35
18 90
16 64
77 68
16 48
96 15
63 92
22 18
53 69
59 69
76 8
70 63
86 13
47 32
39 38
43 3
82 39
78 47
63 95
10 19
9 15
5 1003
30 95
2 44
89 78
75 53
48 25
57 68
4 72
71 4
31 68
6 59
89 45
98 31
34 78
56 44
93 98
48 69
77 61
97 66
58 89
4 21
67 80
44 2
3 52
57 69
86 56
84 42
34 67
7 813
93 61
94 82
66 28
22 7
95 77
7 58
48 60
43 1
63 25
4 83
65 4
45 92
9 41
5 48
42 75
42 70
61 92
87 24
89 38
37 4
83 89
46 27
16 1492
49 20
41 80
95 28
57 88
27 35
30 21
42 55
78 37
23 81
35 88
44 16
96 88
30 64
50 73
44 99
24 65
64 97
47 33
88 20
8 41
7 74
93 20
49 15
48 43
53 63
35 38
88 33
41 18
70 78
33 11
8 1205
70 97
74 42
31 21
27 36
52 28
61 41
68 42
29 64
35 74
3 29
24 80
82 13
84 45
3 1695
77 63
7 61
36 1
75 95
46 80
9 510
16 1726
15 1727
96 7
28 15
42 13
82 96
67 99
35 31
51 73
100 9
19 76
21 21
25 2
50 96
47 8
28 29
62 88
66 50
8 93
96 13
20 78
32 24
29 77
3 74
4 27
6 91
61 34
92 27
80 86
7 14
38 19
61 57
96 64
33 25
40 71
38 29
15 20
7 69
72 59
17 44
58 29
42 86
37 64
82 82
91 81
35 24
61 11
4 20
1 73
68 55
51 85
72 2
99 30
80 13
75 76
55 56
85 4
87 9
46 83
16 41
93 74
83 1
76 97
41 90
68 78
68 68
78 18
82 97
74 88
1 28
98 41
31 69
42 13
87 56
64 50
85 45
73 79
24 12
40 16
73 3
91 66
91 52
97 5
42 95
70 65
11 536
96 51
6 20
57 92
41 85
73 60
2 66
75 37
49 56
42 7
94 14
7 1866
71 24
27 63
41 15
71 3
77 55
23 35
64 67
63 10
38 84
100 11
35 41
61 48
40 78
60 95
11 1617
30 30
56 51
44 60
51 46
78 82
39 62
8 65
86 74
31 98
80 24
39 91
58 34
80 31
80 97
51 100
47 58
2 72
78 62
39 72
24 26
54 16
13 6
88 92
16 77
50 41
39 54
2 69
10 88
78 31
61 64
65 53
7 12
68 14
8 64
9 57
97 48
99 25
68 73
83 73
29 22
48 48
21 15
86 7
79 79
53 63
89 6
78 88
54 34
66 19
16 59
30 11
19 86
29 16
17 2
86 63
78 8
55 7
87 83
40 48
85 37
100 46
56 52
43 1
19 12
15 15
52 9
16 59
13 39
19 82
50 83
94 12
18 29
70 97
79 18
97 59
74 59
67 76
19 1021
80 44
18 1981
41 56
9 54
2 32
21 23
77 7
39 46
51 83
83 65
78 28
42 30
67 53
77 26
97 81
10 53
47 89
11 47
13 62
62 99
24 85
83 95
11 81
17 48
53 23
33 77
47 65
1 34
58 87
66 92
26 31
37 82
49 38
66 87
97 35
5 1772
87 61
73 93
2 1880
89 43
8 57
18 45
30 24
74 9
46 70
26 56
35 14
2 1903
88 2
99 75
6 56
63 38
13 577
69 88
79 85
86 43
53 16
78 2
86 28
10 2
95 45
11 59
99 83
43 82
28 97
47 69
97 2
66 57
20 13
90 19
54 100
79 21
59 64
83 23
52 82
5 33
60 31
39 95
49 43
48 32
37 21
6 50
10 70
70 41
74 38
41 6
55 35
78 53
16 1517
92 63
40 7
64 52
2 73
38 41
6 85
30 69
84 10
55 39
95 25
55 74
44 57
49 76
85 95
54 20
83 51
37 76
10 53
43 81
27 22
58 47
42 12
15 94
16 96
51 33
85 34
41 85
43 39
91 20
19 90
12 97
83 34
58 96
75 48
84 6
47 36
33 85
65 74
82 97
87 23
12 51
89 71
82 79
60 78
73 65
35 99
94 28
61 92
97 3
88 8
87 65
6 49
29 72
2 58
21 96
32 56
38 43
62 81
74 94
28 62
32 70
38 43
10 96
8 1697
12 90
46 53
35 4
44 26
62 79
68 1
82 48
73 81
56 71
15 27
84 58
29 87
2 77
78 86
89 30
98 79
65 45
28 94
3 79
46 68
29 3
76 74
7 1738
66 45
37 6
2 69
45 6
68 27
39 11
2 629
8 95
3 53
4 58
94 99
98 78
65 36
61 99
80 78
90 68
17 21
46 4
73 25
45 7
47 32
17 504
85 88
1 1488
19 7
12 81
99 88
64 26
40 35
74 13
92 49
57 79
62 71
93 70
2 36
29 97
84 32
8 41
88 44
86 84
11 98
81 42
83 14
27 85
41 40
14 91
16 52
4 1941
60 46
41 76
53 18
58 77
42 38
38 5
54 38
60 96
1 37
52 77
23 21
93 71
77 89
66 22
49 1
38 11
59 43
2 36
18 8
94 74
61 76
5 3
79 10
23 25
37 44
13 23
50 9
77 35
79 65
17 12
34 94
38 62
57 40
19 1711
95 90
99 29
27 19
48 79
10 24
28 7
51 55
85 96
20 29
27 95
50 69
20 29
16 6
60 11
74 16
85 65
53 85
2 1836
89 67
83 94
9 68
25 10
96 68
10 29
54 44
74 84
26 40
39 89
63 97
83 79
76 3
9 86
33 7
3 21
9 64
94 82
82 79
59 70
78 78
53 7
38 64
10 1707
24 87
53 69
39 9
97 54
38 33
92 93
83 97
78 99
74 38
91 17
55 60
21 57
100 45
3 1407
46 40
25 36
46 43
60 36
59 67
73 45
69 73
43 25
27 17
77 88
37 7
60 95
87 57
16 1281
12 53
24 20
93 33
36 91
29 41
32 93
84 45
18 73
75 37
66 41
95 24
100 74
8 57
1 35
21 30
7 53
8 90
18 21
84 89
5 84
78 56
94 7
30 29
98 80
89 31
56 97
26 67
25 37
16 92
12 23
90 24
79 96
36 95
35 9
66 87
16 35
66 1
50 31
33 7
2 536
67 23
27 82
91 63
75 32
80 17
63 45
33 36
87 58
33 65
68 24
44 41
10 73
62 82
25 21
59 52
2 13
80 18
84 19
26 1
47 61
95 93
67 25
26 56
82 87
1 85
43 94
97 21
14 644
92 76
7 704
9 74
13 1724
8 13
52 37
85 82
87 81
14 33
3 1689
25 38
46 97
37 93
20 79
7 21
50 74
44 99
65 73
51 86
24 68
100 43
28 87
22 28
95 87
94 63
99 36
76 74
47 47
42 29
25 46
64 83
85 57
53 77
25 57
95 7
60 90
76 45
12 1786
98 70
41 77
100 56
23 60
39 25
88 48
42 38
45 46
89 74
86 88
62 70
39 59
61 56
13 64
18 97
34 35
7 50
11 11
33 70
4 998
57 9
26 51
59 73
73 92
10 7
63 49
49 100
57 13
75 38
76 96
39 52
72 60
16 72
90 7
46 19
15 800
29 7
2 1130
51 45
17 80
25 95
64 66
55 90
37 2
76 29
24 39
70 89
35 31
35 49
54 10
9 623
43 58
31 12
31 29
67 1
93 70
93 30
15 100
49 82
9 993
90 95
39 85
43 78
58 18
29 44
88 96
63 65
57 50
27 3
65 62
74 81
3 50
18 770
80 70
2 1295
56 8
56 60
13 43
90 90
90 9
18 53
62 98
84 18
49 64
92 27
3 18
41 34
36 8
69 69
41 67
55 26
11 63
79 4
49 4
68 32
59 47
88 51
11 736
68 48
67 6
47 9
41 28
21 7
74 88
72 49
12 9
81 95
27 61
76 52
22 36
68 69
93 56
83 33
4 38
93 71
26 11
58 7
33 4
62 18
26 75
25 23
68 44
36 89
4 26
12 1641
55 20
14 24
3 49
37 19
81 71
21 54
35 28
73 50
42 12
60 67
97 50
53 21
18 1717
23 10
80 24
62 96
43 30
72 31
97 80
98 67
17 1
22 91
55 25
49 57
35 8
80 99
26 79
2 51
68 39
29 4
69 49
74 10
94 79
24 50
62 29
75 49
44 55
96 8
47 50
85 67
56 74
43 99
89 39
48 86
18 61
68 14
61 33
12 90
92 44
57 12
9 9
8 44
31 2
63 85
8 52
65 10
94 84
33 30
19 12
13 74
13 85
87 13
39 84
59 63
10 62
100 12
33 63
6 16
48 71
31 12
90 34
55 44
26 11
31 72
2 29
95 23
50 85
62 61
6 64
41 80
71 72
14 24
100 76
1 26
28 9
60 27
65 35
73 92
44 9
83 46
38 17
9 93
22 10
76 100
67 56
83 71
27 63
51 18
88 39
26 33
81 82
30 24
80 76
58 44
60 96
33 56
52 66
9 32
95 68
9 29
2 64
65 92
74 53
53 91
17 17
53 61
64 17
33 51
26 4
8 25
68 48
63 20
16 70
89 58
90 72
34 77
71 80
16 34
84 46
11 70
42 67
16 27
40 94
73 94
74 70
99 41
6 50
77 35
14 615
100 17
38 16
12 87
16 8
11 68
17 77
84 24
16 80
80 46
16 26
41 35
39 22
83 26
55 54
6 91
71 35
44 25
39 67
94 14
59 59
22 13
4 36
52 77
38 39
43 29
25 70
63 9
93 69
30 71
91 95
3 92
81 88
28 10
15 31
48 47
91 29
31 7
31 23
6 8
62 4
46 100
98 42
1 26
81 25
52 48
